33875115.724723086 2469529.2501253276 2209238.1779562826 -1266882.5271129876 -2774282.3512047594 594853.3934704306 -1068012.0189099826 1036090.4486038637 1240480.3811182207 692558.0802428189 2004624.8536226624 462392.73047951143 -572372.0181972525 1375786.0977444167 11327.10706299528 1957372.4781691125 -61442.727015492084 -1863859.174257721 -519740.8999514286 1428354.6779272708 -71511.10990465074 -862784.8726436276 -698934.2366948925 456192.2943722943 -364593.9696638249 -337308.54409571463 115736.3813088189 3427883.7568992185 -1708344.9952662087 -1512676.4138417344 -694569.7359416679 2210702.176468696 1904913.8574510445 408062.9640851429 -390035.833160285 -46625.69987291678 2604726.390626319 1808660.0306499507 462592.98024648573 299060.02194812644 2668521.448771085 2769409.866700273 715040.6643793648 2240398.174130209 -1339985.1470668213 316887.4977176663 978312.327093497 843828.8835779463 -363296.3259272482 734013.9020227374 -967255.7149988178
2469529.2501253276 32948065.174528647 2888886.677144619 -2335665.942989396 842548.2288483145 2604002.5238916543 99806.47837128134 2178770.2663174877 2075022.9013097554 -1924651.880971216 -1309517.3288018752 -1806779.9886497306 699111.2393588634 3958014.2669209535 475951.66695619683 32981.34211753783 767241.5474932188 -498940.5823616998 1363652.6728645174 -3101370.772717367 1965833.1965660371 -1792201.4075890128 64775.11839854308 525282.7131371764 -1674566.8622971955 195421.980804538 -2364698.943294154 592196.9955656996 2672276.187299097 -696685.8428741805 -408321.57573942543 245563.13495613929 -1008053.8400059937 958951.1018537261 -568661.3435249034 2761710.6682380154 1517727.0500245816 904800.3980171207 181760.8643548568 -2327312.1954375505 943516.9090016348 64687.32643190111 1901371.8498702166 843343.0860084601 266949.48250484886 -677491.1470031774 2581800.263815771 -1428259.6370023654 1380764.841964871 2552876.628982882 626808.4361974443
2209238.1779562826 2888886.677144619 36273542.07049418 -1654539.9245829794 -132859.0793759167 2448211.152438662 266852.0546113727 -907908.8141096077 -892495.7917528417 1714505.6674095562 -132131.68441496277 553841.775194111 -2230724.4081217875 -41659.81574041023 -2033589.9710210504 -1166695.7976403106 1414739.8679048955 833795.9953931018 1883578.6740177071 2301681.724271066 -95899.19962003166 4276123.0638144575 136092.56672714773 -516079.38036476687 970739.8203377073 2039443.8235026714 -172061.39500675682 -594886.4236813328 1950303.4557768106 1031849.8119400364 2935450.506512205 2264933.994224081 -383274.68725349003 -277147.8089269884 -1528482.8923410145 -371620.7031978893 483455.62210528244 2524780.2051656074 740149.4927553729 -416650.8267413123 2378686.5934256394 302424.7008115708 2780491.8703415454 2779553.7121848124 -776237.7252878571 785628.434750032 11172.635227638371 -685370.3489384989 -2150908.73718061 3678991.007771327 -597677.7916907641
-1266882.5271129876 -2335665.942989396 -1654539.9245829794 32267637.59476928 994430.3923972171 -663343.4850185821 710293.8805567559 -506465.1421154422 2982.058457531534 -1719470.4988423209 1736729.125992733 -654812.1624505776 1542710.4557201783 -419489.00473469583 447435.9668796699 2605320.4685071995 2840645.2918056455 -1693085.2159339744 2391249.0550632244 2019042.0828547268 95414.87401801888 -989512.9960980349 1843161.3493949282 -22395.714810883044 -1329998.9238035528 -2558368.368998296 875809.2718396528 -96417.93686445971 1120354.0095823642 256212.49431391057 340328.3521980046 4269035.4645333 -2098632.6173240924 198525.73972030208 145789.27535425176 -553551.240921999 -581623.4772074095 1549271.2363834642 215797.12572082065 946433.0118240983 702655.3588055847 -752494.8216656864 -1851754.9217077522 -894514.8600864013 1171722.7671873255 -1053972.832616844 -1012599.0597837879 2440387.1519175614 439727.62505075557 -681965.9425343539 564238.4902700998
-2774282.3512047594 842548.2288483145 -132859.0793759167 994430.3923972171 33994674.706462204 2223963.7099801744 -210014.82629015934 1863134.2748962839 -2970389.039473055 20935.780273651548 1357289.3657288873 2579291.574673976 1318841.89567806 -1031832.6037649699 1795688.5171909297 1059145.0935073565 -2797909.575528952 -1866565.9928245302 -493283.7476626778 89067.37691866032 -699393.9122952466 551450.6479463454 -1725653.2622601793 1527393.6832356236 -568203.5695695087 -1162154.551622996 -725221.7782739602 919776.4850670671 2299160.310420806 -2632349.985494445 629792.461465293 -418167.32147515274 475357.0028597987 -493503.13522503746 -1534818.921035385 2214723.910383805 -687474.3908472167 -326786.6872213 -666737.938843112 -407600.16308608465 102060.85410536785 114591.76004484209 3234552.7459348897 -18776.205449549212 1028862.2535894436 -1811866.921523906 788016.6481367148 363626.73757881427 -824811.980819187 -406414.69636429823 2992205.5429741936
594853.3934704306 2604002.5238916543 2448211.152438662 -663343.4850185821 2223963.7099801744 32324734.16516055 -1134283.7850623487 895866.5247488015 1821034.038388949 503236.7743303165 2241382.4159382693 180971.23366789072 -2183705.3618815457 -28664.895040035404 -1379321.7961385022 3345017.561768341 -120356.35206284863 -1225804.9794221343 -570268.7332095901 -314701.98265944776 -340069.51328455796 614608.5567714389 2069795.4042889886 -462741.7032311064 157952.05828377343 -389267.39082375297 -1879299.9769662367 409084.89557395584 293268.07206554216 -3697471.319380488 -478533.28440436104 2276095.912327987 657105.6171194798 2567713.41460278 -932820.7238111028 963625.1547869234 -697517.198280016 1785745.5549420575 3512294.272289825 -1257729.2716126472 -447213.65843314835 77559.69610880535 758191.2586891185 3048644.8767975303 360535.7677196052 1285449.2213437434 -1643422.1668920745 -587158.8508709003 -2884761.773973957 2216390.559826594 703179.7136212424
-1068012.0189099826 99806.47837128134 266852.0546113727 710293.8805567559 -210014.82629015934 -1134283.7850623487 34963087.23419857 -183887.02669006118 -893417.0515726623 -1371806.4120342568 -3106493.0808427674 -772594.995828439 2270519.779844798 1413503.256166202 -2204293.8164113606 1307502.7334145247 -887205.5995697397 -720356.6845652852 1628911.003967427 -722333.845427297 -710025.5951226022 2203160.9856294934 1945429.3493630302 3392930.9460195857 -1699711.0296610198 -639301.7597845888 -2142602.6469812067 -350787.0410236589 1358523.4391194563 -543975.2974108688 -1458921.666109917 -2178874.7834865474 2697518.8650090005 -459136.4631897251 -483650.647332808 1909459.6053437523 -1353083.7489416143 668967.4878969388 -1546681.0444328513 1169225.0599331628 -846442.3964314944 -903038.2199592954 337133.0767235021 -1198359.7933106737 -439022.9580502187 -876653.6234047121 1794819.3687051942 -813847.3532607515 -206466.18299511948 1803677.3091284703 984888.8437273682
1036090.4486038637 2178770.2663174877 -907908.8141096077 -506465.1421154422 1863134.2748962839 895866.5247488015 -183887.02669006118 32816946.979071636 -1613490.767655522 2646060.75540028 -1736516.8714345016 -1435580.1997995242 -2498859.035039139 1993589.4415069702 -2229897.584533473 3165665.9157189867 -804744.3989092141 645126.5141695491 1724717.5454061981 758171.8028504692 -947487.172190306 325247.95999337 -806148.9987036576 856009.0437575787 830958.1135499874 -1611139.1879296708 -1167874.8786869128 -3846157.698907728 382023.0210930832 -132850.28468411198 -529652.4807170009 -939046.114772395 -1069984.5921588042 2086537.2260374054 1244523.6640938728 -168590.28479430272 1958159.6986803024 1467352.3045397035 -853052.3566639086 539284.5237374016 -2473724.765991359 787539.1504305678 -212714.29538216436 1311246.9495242354 892219.9226038967 385966.8899844584 -859663.1906272693 -773335.0752684888 268275.1847263858 941615.1088993662 -713651.3986947475
1240480.3811182207 2075022.9013097554 -892495.7917528417 2982.058457531534 -2970389.039473055 1821034.038388949 -893417.0515726623 -1613490.767655522 32094265.10953023 -1780953.596873823 -1689641.8527712987 -1023819.308033591 2078107.0273834271 12924.643929627215 -288697.3937340331 1670512.720899581 1906965.8827573715 999275.7296409878 -1886507.3561346305 -165537.67654050625 355526.56853189686 2607416.7257148786 -377109.4405535735 -206232.38643566356 2247530.9372895416 -1543512.9998880061 -969651.7350692793 976746.8900151699 -607865.1902405075 231035.0132376079 665543.2897054531 -229241.68111293152 -2724090.011304635 1589957.4506648853 1309579.6255229446 25355.95228797421 2002734.2445721005 -970067.9952782942 749686.6002270195 -2092749.4139146614 -1376597.9627451876 -1938416.5836964673 -448607.33598813077 -183727.74433083247 -1367853.846024236 -534360.841813374 -514960.45452431403 665998.9529570565 354750.223493127 -1113459.6600060444 -1246990.117235797
692558.0802428189 -1924651.880971216 1714505.6674095562 -1719470.4988423209 20935.780273651548 503236.7743303165 -1371806.4120342568 2646060.75540028 -1780953.596873823 33384152.989899598 -2428661.8984560035 -914407.4978337925 819042.1370083685 1313015.9048552269 -1546220.3731011623 1252750.9996559317 -987946.3877206013 -575775.9260041829 -276794.925795557 -2283477.159767524 271207.6818668104 2943012.419771339 -348502.9205549705 891883.8394441543 -254978.00643377262 -1065464.3431470157 537120.5414190725 218443.45420394477 -984596.4114870115 265367.74881104985 -2866900.621461836 1230162.9376338364 2615559.4500955497 -1873673.300627438 919922.0632362101 2009968.9629914626 -790498.2193193006 -2318153.9967554426 139617.95942638585 467358.7024584647 -1292579.2583496775 2027846.8553206564 -9226.168253791431 1212218.9010622457 -2619994.1665289984 1460303.3660622214 -323651.8747216758 440902.55352890183 -489883.3350089921 -1388175.9745965544 389054.7530657206
2004624.8536226624 -1309517.3288018752 -132131.68441496277 1736729.125992733 1357289.3657288873 2241382.4159382693 -3106493.0808427674 -1736516.8714345016 -1689641.8527712987 -2428661.8984560035 33168259.971136242 2970028.7965414645 -950342.986224681 969251.280632125 416698.5113993096 463860.8099189319 603465.9198079503 -1801249.0618004946 527561.0468023757 454205.6331511691 -210290.46029052674 -420186.9946761737 -563705.793412901 -725067.3602228751 -288577.19058088044 1303360.0206577599 -1398101.8874222704 -616367.7792587902 903008.4883998702 552260.616531461 -1422384.8496725447 1210118.614798574 409913.9083344275 1443658.930481363 988166.0904203394 574652.0800283924 -153878.39328052397 -210890.87918378576 -1563240.5947524216 -1613708.748471132 -530161.7503313418 1452729.3804980663 1762476.8330749494 -965854.147526003 601176.3128702089 -4979360.43712561 779079.1795619436 949955.7236159588 118834.94310702804 -800030.6678715211 -3955280.857925684
462392.73047951143 -1806779.9886497306 553841.775194111 -654812.1624505776 2579291.574673976 180971.23366789072 -772594.995828439 -1435580.1997995242 -1023819.308033591 -914407.4978337925 2970028.7965414645 32567791.42278368 1615989.5756766754 -1443027.273435672 -211997.76814080018 2217613.642754984 946226.129672408 -2781392.9108564924 858030.2392875047 2312735.8685654127 1707408.4273634518 -2631232.1961609176 1556356.8325225315 -1933152.140374683 -687435.4494939494 -3844470.058406865 -3305300.3143051644 -3376223.245329595 -767692.8625185734 -280491.3342526045 355387.2006829191 290741.1957764221 1500012.5636506234 -1906001.2107059006 1173501.8595569038 984249.9011558165 1254860.0250612507 -1104890.6732306667 1539829.5966742157 -349152.23262822576 2183876.30586169 3578528.3445462896 172482.74541894448 -1583296.1596085706 453575.17294035427 368131.81100800604 -898914.6859723171 -1546450.8250992284 -683905.9081430433 -1521820.0659926771 713651.3456652996
-572372.0181972525 699111.2393588634 -2230724.4081217875 1542710.4557201783 1318841.89567806 -2183705.3618815457 2270519.779844798 -2498859.035039139 2078107.0273834271 819042.1370083685 -950342.986224681 1615989.5756766754 32773755.03206283 1195225.9185251866 -412599.9522445999 -717455.7703746273 -184263.4054648375 -1770483.7902365546 554802.8089987467 -757638.3953720825 -854904.4011582676 1194997.843464946 2857633.145033846 874664.0847310311 -2041578.7311013283 -1756069.9440190024 2319814.3641540385 -1432035.3247793517 -906285.7417854124 2608918.597779395 9572.528990893774 -1115840.9238992734 90308.5642043373 570795.9845963367 406142.3844887475 -3665170.4711378342 2030482.2566976568 139726.2114222784 -621516.2440902812 -876408.2468033616 -410093.5346436169 -1135062.1567541654 -519893.17633978603 1117284.740376118 -3442667.347593401 1544342.6558228643 295662.7514913302 2328783.28984868 3209362.6609901767 -1979895.333475573 -638577.9681670442
1375786.0977444167 3958014.2669209535 -41659.81574041023 -419489.00473469583 -1031832.6037649699 -28664.895040035404 1413503.256166202 1993589.4415069702 12924.643929627215 1313015.9048552269 969251.280632125 -1443027.273435672 1195225.9185251866 34138505.14074867 580064.766901972 -1875177.675981876 -236672.32898550248 -2296384.043994103 -1583345.9056763002 -2590842.5629922347 900093.3281487748 -850780.5243299302 -1529777.5360386323 1762529.598373261 127821.44580943979 -1191192.0054506299 -2896672.368597817 -1625793.1088011237 1457710.5626515062 270366.9150075997 1092016.4372341335 -901908.1877406911 159608.89477184686 159925.30240942974 -52623.60895080135 -539779.4090910953 1519270.7036288097 1463888.5652371254 787732.3885807229 3410233.446939273 -1242348.4938591996 -597140.134936875 -182647.71553710522 449033.95857208804 153009.87378333407 -706692.9480471839 -1263657.8120986565 414244.50394097186 -2235926.070766924 -1697007.387648228 1453869.0426020971
11327.10706299528 475951.66695619683 -2033589.9710210504 447435.9668796699 1795688.5171909297 -1379321.7961385022 -2204293.8164113606 -2229897.584533473 -288697.3937340331 -1546220.3731011623 416698.5113993096 -211997.76814080018 -412599.9522445999 580064.766901972 33881091.90134462 -1079991.6468753903 -756551.4564493524 -193230.87199457877 -2897907.2285933234 417281.2239382291 -496779.97527420154 -2702692.254048113 -1669474.8410129 -506789.72382317757 -435400.3450006255 -1872258.9952062569 1266631.82641118 -279191.3567528541 1559575.0028920185 -2104009.883102291 1809027.7847365371 -339873.3860245137 1616513.8041536459 394616.70043175097 3803316.5927161206 -1069068.837143207 -2065036.1255687259 -2563059.4156429474 1597611.2057734737 -354473.87550147955 111379.77353381495 -893291.2317702408 -1256393.953899479 1337802.172292553 34481.322179917865 2007430.53190802 -1864382.4767772325 193165.83862691192 -1144663.965186855 -2375757.099975854 1769895.5266201817
1957372.4781691125 32981.34211753783 -1166695.7976403106 2605320.4685071995 1059145.0935073565 3345017.561768341 1307502.7334145247 3165665.9157189867 1670512.720899581 1252750.9996559317 463860.8099189319 2217613.642754984 -717455.7703746273 -1875177.675981876 -1079991.6468753903 31962904.76273238 2238552.428983276 -3490618.875607639 2122974.966133428 154206.85931245665 -46466.13583244759 67755.42434846419 -377040.84592584637 236085.68511735502 1483486.9126103292 156324.89171808434 330478.57072648586 814505.4146586537 475382.99846779846 -1808177.1281047787 -204715.87086247245 2199001.268428651 2672253.8199438513 2337817.8274569567 2042506.8962968804 -964921.1087430066 -849743.9637348175 706671.4407868881 -2131957.160966139 -2504857.812643687 -3079908.843550208 659894.5045878547 465064.80628495855 -411191.6304127006 -748657.6058397461 2773087.2231014427 -1653649.239789466 635265.2463672614 -1757662.4502159625 572609.8063890793 -702562.921077802
-61442.727015492084 767241.5474932188 1414739.8679048955 2840645.2918056455 -2797909.575528952 -120356.35206284863 -887205.5995697397 -804744.3989092141 1906965.8827573715 -987946.3877206013 603465.9198079503 946226.129672408 -184263.4054648375 -236672.32898550248 -756551.4564493524 2238552.428983276 31168487.75883074 -1630526.804489261 1384759.37909863 320308.2055308341 -1152573.3227728093 1581433.6652196385 -582914.1239378775 -1326120.5726180247 88232.65990909302 -1487946.380319711 -1390982.0307934508 -2549765.7802163204 -3250988.6323400275 939581.9295013851 -538638.4463100866 -649510.4126124071 -625841.1118478382 734120.0156484761 -6554.93351504291 -2989800.5539354924 -878233.6430402652 151135.89437871968 1590932.0161696668 -2691915.660552282 2215444.1875266708 -632306.8082905115 816621.8135533176 172461.48834202107 -1304707.2775646204 310521.1091622175 -362538.2036544481 -725819.4133229906 815298.7199005532 626872.0537237922 -2153147.4185047764
-1863859.174257721 -498940.5823616998 833795.9953931018 -1693085.2159339744 -1866565.9928245302 -1225804.9794221343 -720356.6845652852 645126.5141695491 999275.7296409878 -575775.9260041829 -1801249.0618004946 -2781392.9108564924 -1770483.7902365546 -2296384.043994103 -193230.87199457877 -3490618.875607639 -1630526.804489261 34264957.5144364 540082.9917691819 375516.6004830083 -753844.1206810247 1302574.6272772066 -1713475.7359433824 -915903.7869124255 225284.76916095073 4797052.02013306 -632141.27922642 -1570128.5814137454 -753940.8681512737 277498.5182293304 254953.3208699022 -1078332.317406846 1173443.2741655952 -1618096.419531824 527626.252905119 114650.75822074042 693545.6047792773 1552964.337402802 219374.9259116176 -867736.993076172 -314997.833346947 1566889.6517091203 1651654.5811934453 257580.63944380006 423730.68480775954 118612.81373377543 -1625014.6551334811 -1069533.7604110446 -2355357.7333644507 287480.4783465724 10138.148761615514
-519740.8999514286 1363652.6728645174 1883578.6740177071 2391249.0550632244 -493283.7476626778 -570268.7332095901 1628911.003967427 1724717.5454061981 -1886507.3561346305 -276794.925795557 527561.0468023757 858030.2392875047 554802.8089987467 -1583345.9056763002 -2897907.2285933234 2122974.966133428 1384759.37909863 540082.9917691819 33328631.01017681 -1768674.5408454707 -388298.5138057074 -2019378.4853969219 450344.91827950935 1010709.1649696892 704604.2210076124 -556673.9884764622 -1100438.0424295482 -191320.23349900046 -313835.3210136335 -659407.8879212005 1123056.1064052358 -1727477.4221308727 -3534973.9607149046 352251.02500071883 -1290767.8241452281 58862.18937849828 -1051487.8659439518 -380289.8808897805 -351110.0329432279 -1053784.3306930196 2101178.18021727 2498928.464321734 978860.7646798695 -656.1489610875554 8237.836929424333 222160.54744913775 1756261.2561652544 -291584.5422640932 907218.4318099512 2922530.983273768 -1599924.6908663812
1428354.6779272708 -3101370.772717367 2301681.724271066 2019042.0828547268 89067.37691866032 -314701.98265944776 -722333.845427297 758171.8028504692 -165537.67654050625 -2283477.159767524 454205.6331511691 2312735.8685654127 -757638.3953720825 -2590842.5629922347 417281.2239382291 154206.85931245665 320308.2055308341 375516.6004830083 -1768674.5408454707 33052696.69288399 991398.9684125176 -778378.888544019 2534594.4220729154 2598124.8475173526 2525073.6314241765 698801.7816041725 1670550.4315921934 996957.0265899594 1692808.997956562 807063.2173147216 2873328.9225856196 2493947.090821548 -2042405.2478201555 1245084.07365741 -579909.1271002777 1622920.2368744812 -254784.3397212397 -1432162.8236298955 676543.7214738991 178898.4045465281 -346751.1372685885 45652.307767815764 1327298.3584606869 290245.79706516996 1456169.312796318 -1981039.0266504926 194578.27810262458 -2071925.0943040336 -1045411.7458539809 2208647.316869386 1147327.4762589158
-71511.10990465074 1965833.1965660371 -95899.19962003166 95414.87401801888 -699393.9122952466 -340069.51328455796 -710025.5951226022 -947487.172190306 355526.56853189686 271207.6818668104 -210290.46029052674 1707408.4273634518 -854904.4011582676 900093.3281487748 -496779.97527420154 -46466.13583244759 -1152573.3227728093 -753844.1206810247 -388298.5138057074 991398.9684125176 31396971.963164892 1628438.5748744612 368553.65348226164 -698985.4957613178 546204.3858007719 -365650.07992743404 377086.81932344125 -312298.3414672821 404808.5326407085 588157.5580988171 2366250.913316719 706396.2458442684 1382934.7997244108 -1439641.3571129253 -75751.42143678023 591645.4416974632 129145.23138730283 -2630970.631095753 -346004.0603803106 -1152408.8051991952 -869508.5311810441 -2185358.661006992 -2224530.3732917034 -339529.41955809534 2831064.9487277977 -3718064.541673762 441713.46527831355 1374598.6707340868 -1207007.9330694492 -857410.1670656886 357079.8468769911
-862784.8726436276 -1792201.4075890128 4276123.0638144575 -989512.9960980349 551450.6479463454 614608.5567714389 2203160.9856294934 325247.95999337 2607416.7257148786 2943012.419771339 -420186.9946761737 -2631232.1961609176 1194997.843464946 -850780.5243299302 -2702692.254048113 67755.42434846419 1581433.6652196385 1302574.6272772066 -2019378.4853969219 -778378.888544019 1628438.5748744612 31271274.20911664 1346208.2216530407 116030.86971982245 769245.174116967 2504329.8733758493 1581233.1756128508 -1164049.8757522756 -836047.007435683 -286868.7662299156 936923.8064727453 1106944.5988268028 -70686.96807044247 708555.2859778162 -3871485.6698623006 243292.8736187899 2876387.1020345967 1078957.9883874517 177664.63937851522 1694696.8537003226 -1623881.4927926308 -512242.85216027126 1242323.428689143 -155483.65061498393 623788.3126213067 3315.4352223569263 445544.06997389783 4511079.667218077 1661400.935616155 996268.6060749108 197889.0078520939
-698934.2366948925 64775.11839854308 136092.56672714773 1843161.3493949282 -1725653.2622601793 2069795.4042889886 1945429.3493630302 -806148.9987036576 -377109.4405535735 -348502.9205549705 -563705.793412901 1556356.8325225315 2857633.145033846 -1529777.5360386323 -1669474.8410129 -377040.84592584637 -582914.1239378775 -1713475.7359433824 450344.91827950935 2534594.4220729154 368553.65348226164 1346208.2216530407 33694172.26766145 885534.0291690737 -170969.64853478328 955046.3442421276 -1460678.828836194 -1326552.1141340523 -221578.2924672058 901430.5034781803 -296539.04315577075 -608242.4547082585 -2303333.204531283 2245999.413497869 -1277964.4058269393 2683895.508101727 -1043955.7827188794 926971.046824522 666032.4658784106 -2962314.158112699 1587525.3056779325 1342850.4131424653 -1174060.5354368384 -1725466.9452273923 1018380.0652382467 1119100.5642285282 -434970.06931153644 1591075.9628743224 1018920.5790437057 -2316870.799498449 564347.5081603397
456192.2943722943 525282.7131371764 -516079.38036476687 -22395.714810883044 1527393.6832356236 -462741.7032311064 3392930.9460195857 856009.0437575787 -206232.38643566356 891883.8394441543 -725067.3602228751 -1933152.140374683 874664.0847310311 1762529.598373261 -506789.72382317757 236085.68511735502 -1326120.5726180247 -915903.7869124255 1010709.1649696892 2598124.8475173526 -698985.4957613178 116030.86971982245 885534.0291690737 31723268.534283802 2019681.6496550972 1391620.5745673215 -316264.4596638313 -2218414.1707250164 391466.3558844207 1640096.197549835 516437.03402781306 -1772146.6670721604 -5537166.6157616805 -2576008.5104120504 -641377.1356327578 2730118.528593048 328103.26122250047 -1598887.2036771793 46998.48795248383 637684.3428290563 -195166.52560443274 1868159.088525623 -164530.02798337777 903447.5651551976 2671138.768428566 230029.33262708026 1085344.946152781 383680.8807234389 1036836.9879823581 -449752.16593409795 2494719.766747278
-364593.9696638249 -1674566.8622971955 970739.8203377073 -1329998.9238035528 -568203.5695695087 157952.05828377343 -1699711.0296610198 830958.1135499874 2247530.9372895416 -254978.00643377262 -288577.19058088044 -687435.4494939494 -2041578.7311013283 127821.44580943979 -435400.3450006255 1483486.9126103292 88232.65990909302 225284.76916095073 704604.2210076124 2525073.6314241765 546204.3858007719 769245.174116967 -170969.64853478328 2019681.6496550972 33557058.06151154 3652402.5587071334 -443657.11935489124 1397227.1265979942 -1564428.5744814072 -387532.74908020726 429763.60965836584 23199.515266521674 -925884.8449662277 956199.7448235343 -542367.1948894566 2715608.1280564037 2200718.8032093323 -365106.0502642462 605095.3960527203 2538997.7198424493 -752678.2651638525 1578823.9569166778 407970.65460205666 736911.9803030835 823882.8753108719 -236071.0236210396 -214695.35973439735 -1025787.2639002131 644176.3686187285 -552384.7973754572 -853208.2763346372
-337308.54409571463 195421.980804538 2039443.8235026714 -2558368.368998296 -1162154.551622996 -389267.39082375297 -639301.7597845888 -1611139.1879296708 -1543512.9998880061 -1065464.3431470157 1303360.0206577599 -3844470.058406865 -1756069.9440190024 -1191192.0054506299 -1872258.9952062569 156324.89171808434 -1487946.380319711 4797052.02013306 -556673.9884764622 698801.7816041725 -365650.07992743404 2504329.8733758493 955046.3442421276 1391620.5745673215 3652402.5587071334 32532519.79693811 -278229.47661527985 1141261.5469286826 2192999.0308624147 -1343274.004068565 99778.76071717127 -963239.0620879837 28275.820917707257 876470.6831403376 -444532.87571936945 2898399.8740542913 1043369.7686055395 1828791.519891581 -2529121.5340407435 1383656.0921882868 -1980521.724607006 3017998.705309495 419797.4860803451 2183061.8454868407 -4379707.550459251 -685327.2895493086 2582415.77444248 -1455858.0822228051 -700580.7142582702 3119537.427977181 207181.2371203164
115736.3813088189 -2364698.943294154 -172061.39500675682 875809.2718396528 -725221.7782739602 -1879299.9769662367 -2142602.6469812067 -1167874.8786869128 -969651.7350692793 537120.5414190725 -1398101.8874222704 -3305300.3143051644 2319814.3641540385 -2896672.368597817 1266631.82641118 330478.57072648586 -1390982.0307934508 -632141.27922642 -1100438.0424295482 1670550.4315921934 377086.81932344125 1581233.1756128508 -1460678.828836194 -316264.4596638313 -443657.11935489124 -278229.47661527985 33287706.874256004 111387.94456630677 -414522.45981264533 -953482.630654353 1071069.5011076916 -807941.9100789557 752871.3629753363 -614083.4668902872 -2340768.0005855993 423614.91898577416 1267880.619296979 1299652.7632867978 694887.4205877247 1580465.8008582734 2089290.5077999092 -3253608.2297668224 -927977.1818679948 -323415.9920972443 380024.2295314076 -1421208.3144316566 389889.3018769907 -1328114.4102482523 623319.4544406065 -2942358.892502782 828060.0422016928
3427883.7568992185 592196.9955656996 -594886.4236813328 -96417.93686445971 919776.4850670671 409084.89557395584 -350787.0410236589 -3846157.698907728 976746.8900151699 218443.45420394477 -616367.7792587902 -3376223.245329595 -1432035.3247793517 -1625793.1088011237 -279191.3567528541 814505.4146586537 -2549765.7802163204 -1570128.5814137454 -191320.23349900046 996957.0265899594 -312298.3414672821 -1164049.8757522756 -1326552.1141340523 -2218414.1707250164 1397227.1265979942 1141261.5469286826 111387.94456630677 33258286.14064343 -565719.1095808076 -3423709.5232622237 1270022.3938917876 -1807942.1635177978 444693.9677206728 1245796.61884219 -864078.4497900229 -1738793.2635006185 -3184668.0037229727 -296625.53924530884 1779103.1583868915 -1816959.5579989152 -1743602.3653146809 962890.4637060589 -1728493.7806678389 -587967.3698869053 -976674.8725765576 1017841.0255121428 1598282.3258240896 678960.9316562575 -231879.25454429557 3277410.5164833004 -166918.25488497506
-1708344.9952662087 2672276.187299097 1950303.4557768106 1120354.0095823642 2299160.310420806 293268.07206554216 1358523.4391194563 382023.0210930832 -607865.1902405075 -984596.4114870115 903008.4883998702 -767692.8625185734 -906285.7417854124 1457710.5626515062 1559575.0028920185 475382.99846779846 -3250988.6323400275 -753940.8681512737 -313835.3210136335 1692808.997956562 404808.5326407085 -836047.007435683 -221578.2924672058 391466.3558844207 -1564428.5744814072 2192999.0308624147 -414522.45981264533 -565719.1095808076 35792893.085511185 827209.0403752148 2187149.130222956 -1008471.1943281991 -1654351.341417334 2378058.1305366405 -984704.0200574609 2789443.112097529 386038.80969095445 -411628.1833792823 2309243.5529856174 2168979.783763082 -4618163.836601882 -661829.7667889415 1832929.7827304266 1160400.2974707084 -1428466.660016655 -4133816.7508097184 4316952.766520734 957243.576145319 -2357280.924992426 2494887.550199197 -789937.813942482
-1512676.4138417344 -696685.8428741805 1031849.8119400364 256212.49431391057 -2632349.985494445 -3697471.319380488 -543975.2974108688 -132850.28468411198 231035.0132376079 265367.74881104985 552260.616531461 -280491.3342526045 2608918.597779395 270366.9150075997 -2104009.883102291 -1808177.1281047787 939581.9295013851 277498.5182293304 -659407.8879212005 807063.2173147216 588157.5580988171 -286868.7662299156 901430.5034781803 1640096.197549835 -387532.74908020726 -1343274.004068565 -953482.630654353 -3423709.5232622237 827209.0403752148 32492067.65081712 -409485.05518282054 1707171.2473300963 -1796269.233498275 1378465.2808074935 -2633228.747237939 -104022.75273191808 1341290.6099128865 312210.43350491684 873927.4013593654 -1017436.0082482218 4688537.990157842 47218.44927531786 -1099353.7772704777 -1277989.513655129 -772916.5764341006 -1036613.9142521934 3191987.282013358 450719.47617335385 1919523.4676913426 -3206075.202682645 -2069522.5466601413
-694569.7359416679 -408321.57573942543 2935450.506512205 340328.3521980046 629792.461465293 -478533.28440436104 -1458921.666109917 -529652.4807170009 665543.2897054531 -2866900.621461836 -1422384.8496725447 355387.2006829191 9572.528990893774 1092016.4372341335 1809027.7847365371 -204715.87086247245 -538638.4463100866 254953.3208699022 1123056.1064052358 2873328.9225856196 2366250.913316719 936923.8064727453 -296539.04315577075 516437.03402781306 429763.60965836584 99778.76071717127 1071069.5011076916 1270022.3938917876 2187149.130222956 -409485.05518282054 31623967.705147885 -1605768.9621094794 -501829.2383092439 -998447.9848639221 -508481.67153512046 936731.3597949411 -2343238.254392902 -874848.0517793277 -87267.51430545401 279471.90034855896 -729134.9827219917 -662085.8449728058 -1304877.6512948074 2438735.4060037034 2140333.9045808087 177811.2649510724 1963.8731432730294 -2116736.468676672 -1908798.5227120665 -865220.360305424 -807158.829517188
2210702.176468696 245563.13495613929 2264933.994224081 4269035.4645333 -418167.32147515274 2276095.912327987 -2178874.7834865474 -939046.114772395 -229241.68111293152 1230162.9376338364 1210118.614798574 290741.1957764221 -1115840.9238992734 -901908.1877406911 -339873.3860245137 2199001.268428651 -649510.4126124071 -1078332.317406846 -1727477.4221308727 2493947.090821548 706396.2458442684 1106944.5988268028 -608242.4547082585 -1772146.6670721604 23199.515266521674 -963239.0620879837 -807941.9100789557 -1807942.1635177978 -1008471.1943281991 1707171.2473300963 -1605768.9621094794 32656733.67351647 1062119.3666434353 1166877.1873062393 443917.6106729939 -51766.902728721565 51269.144412609705 -640963.6771591947 -1648114.2007155346 -3402603.5801442056 1040809.5501588151 -1373042.7899723118 -1508473.9164106075 -2104883.0122089633 1077153.2236631345 -183828.69604953093 1579304.2513673806 1564569.724132867 6210.180523156517 305446.9350170577 327048.45118784875
1904913.8574510445 -1008053.8400059937 -383274.68725349003 -2098632.6173240924 475357.0028597987 657105.6171194798 2697518.8650090005 -1069984.5921588042 -2724090.011304635 2615559.4500955497 409913.9083344275 1500012.5636506234 90308.5642043373 159608.89477184686 1616513.8041536459 2672253.8199438513 -625841.1118478382 1173443.2741655952 -3534973.9607149046 -2042405.2478201555 1382934.7997244108 -70686.96807044247 -2303333.204531283 -5537166.6157616805 -925884.8449662277 28275.820917707257 752871.3629753363 444693.9677206728 -1654351.341417334 -1796269.233498275 -501829.2383092439 1062119.3666434353 35756361.78302131 -2653747.104244473 578475.5886758991 839659.2378842001 -3407825.2303450373 -716126.7156232371 -1897245.5146014194 74377.41711877628 -1274697.369734716 -2125416.6346790707 1266132.109446584 -461500.6844587948 -1471140.4963635902 -362686.3253771707 150612.79388243076 -643115.9664373006 -3051619.253375083 443019.28312752827 -1978011.3089726616
408062.9640851429 958951.1018537261 -277147.8089269884 198525.73972030208 -493503.13522503746 2567713.41460278 -459136.4631897251 2086537.2260374054 1589957.4506648853 -1873673.300627438 1443658.930481363 -1906001.2107059006 570795.9845963367 159925.30240942974 394616.70043175097 2337817.8274569567 734120.0156484761 -1618096.419531824 352251.02500071883 1245084.07365741 -1439641.3571129253 708555.2859778162 2245999.413497869 -2576008.5104120504 956199.7448235343 876470.6831403376 -614083.4668902872 1245796.61884219 2378058.1305366405 1378465.2808074935 -998447.9848639221 1166877.1873062393 -2653747.104244473 36150812.26264268 -1699103.8170963542 -411675.6566050221 2069155.0548597467 2844695.9839325985 277737.82999174006 -3570560.6017002165 -366979.5558350871 1017206.4368869873 -358555.78278091503 -2274153.8386324863 2452460.8511692546 -5244639.874668189 685803.8249996755 -438842.26771328284 1495382.4846228573 972842.7607440774 1425118.3958756975
-390035.833160285 -568661.3435249034 -1528482.8923410145 145789.27535425176 -1534818.921035385 -932820.7238111028 -483650.647332808 1244523.6640938728 1309579.6255229446 919922.0632362101 988166.0904203394 1173501.8595569038 406142.3844887475 -52623.60895080135 3803316.5927161206 2042506.8962968804 -6554.93351504291 527626.252905119 -1290767.8241452281 -579909.1271002777 -75751.42143678023 -3871485.6698623006 -1277964.4058269393 -641377.1356327578 -542367.1948894566 -444532.87571936945 -2340768.0005855993 -864078.4497900229 -984704.0200574609 -2633228.747237939 -508481.67153512046 443917.6106729939 578475.5886758991 -1699103.8170963542 36272554.11238091 -1895208.513683882 2482060.2218165146 -3653821.627375572 1223070.223538 1032179.2888128804 -1253482.1085649082 1411406.2700405512 659346.5331713585 987161.4405969866 -964800.1201916768 810563.0010924294 -2472871.96046785 -1800752.543780551 -816377.8055711582 1202207.1483840495 341308.026609842
-46625.69987291678 2761710.6682380154 -371620.7031978893 -553551.240921999 2214723.910383805 963625.1547869234 1909459.6053437523 -168590.28479430272 25355.95228797421 2009968.9629914626 574652.0800283924 984249.9011558165 -3665170.4711378342 -539779.4090910953 -1069068.837143207 -964921.1087430066 -2989800.5539354924 114650.75822074042 58862.18937849828 1622920.2368744812 591645.4416974632 243292.8736187899 2683895.508101727 2730118.528593048 2715608.1280564037 2898399.8740542913 423614.91898577416 -1738793.2635006185 2789443.112097529 -104022.75273191808 936731.3597949411 -51766.902728721565 839659.2378842001 -411675.6566050221 -1895208.513683882 35805114.543939695 2080072.3731790942 -1494579.8018648638 708627.5595802839 2822492.7282098555 1230913.545136825 262453.3441442172 -3175566.578771263 -303056.6646900073 2104322.584551091 -4808103.275122138 1589185.8587343136 -2275668.3091957397 -952114.9539194029 270208.8153638239 1923544.2735150582
2604726.390626319 1517727.0500245816 483455.62210528244 -581623.4772074095 -687474.3908472167 -697517.198280016 -1353083.7489416143 1958159.6986803024 2002734.2445721005 -790498.2193193006 -153878.39328052397 1254860.0250612507 2030482.2566976568 1519270.7036288097 -2065036.1255687259 -849743.9637348175 -878233.6430402652 693545.6047792773 -1051487.8659439518 -254784.3397212397 129145.23138730283 2876387.1020345967 -1043955.7827188794 328103.26122250047 2200718.8032093323 1043369.7686055395 1267880.619296979 -3184668.0037229727 386038.80969095445 1341290.6099128865 -2343238.254392902 51269.144412609705 -3407825.2303450373 2069155.0548597467 2482060.2218165146 2080072.3731790942 34057513.24711631 -577926.9756475174 -586246.7750250476 862766.9433188102 -2488911.745515285 2776699.233941592 622699.5486162003 58925.614119014375 1435989.667535608 -2901159.806838539 133150.1063795577 672592.4253425648 782162.4386633182 1467387.7003679152 3759401.7500216286
1808660.0306499507 904800.3980171207 2524780.2051656074 1549271.2363834642 -326786.6872213 1785745.5549420575 668967.4878969388 1467352.3045397035 -970067.9952782942 -2318153.9967554426 -210890.87918378576 -1104890.6732306667 139726.2114222784 1463888.5652371254 -2563059.4156429474 706671.4407868881 151135.89437871968 1552964.337402802 -380289.8808897805 -1432162.8236298955 -2630970.631095753 1078957.9883874517 926971.046824522 -1598887.2036771793 -365106.0502642462 1828791.519891581 1299652.7632867978 -296625.53924530884 -411628.1833792823 312210.43350491684 -874848.0517793277 -640963.6771591947 -716126.7156232371 2844695.9839325985 -3653821.627375572 -1494579.8018648638 -577926.9756475174 34085075.117382534 -2700026.089642926 1077453.5863799532 801776.5869047939 -58187.811580657406 -1442873.2156436148 -1025581.9553693313 133891.17698600542 -1324891.8963391022 -1896628.1951367564 1917942.5532889937 -115004.29448255028 -715895.2686105237 -1529951.231607428
462592.98024648573 181760.8643548568 740149.4927553729 215797.12572082065 -666737.938843112 3512294.272289825 -1546681.0444328513 -853052.3566639086 749686.6002270195 139617.95942638585 -1563240.5947524216 1539829.5966742157 -621516.2440902812 787732.3885807229 1597611.2057734737 -2131957.160966139 1590932.0161696668 219374.9259116176 -351110.0329432279 676543.7214738991 -346004.0603803106 177664.63937851522 666032.4658784106 46998.48795248383 605095.3960527203 -2529121.5340407435 694887.4205877247 1779103.1583868915 2309243.5529856174 873927.4013593654 -87267.51430545401 -1648114.2007155346 -1897245.5146014194 277737.82999174006 1223070.223538 708627.5595802839 -586246.7750250476 -2700026.089642926 31396773.337053467 993204.8432554617 3104716.9353318485 -242088.1073521862 -238951.76877291294 399916.2582448066 1583154.3625106965 -290118.65249717294 387957.89557316597 1825682.8310613167 -587237.0693049481 1724665.3193606788 -322101.9314034286
299060.02194812644 -2327312.1954375505 -416650.8267413123 946433.0118240983 -407600.16308608465 -1257729.2716126472 1169225.0599331628 539284.5237374016 -2092749.4139146614 467358.7024584647 -1613708.748471132 -349152.23262822576 -876408.2468033616 3410233.446939273 -354473.87550147955 -2504857.812643687 -2691915.660552282 -867736.993076172 -1053784.3306930196 178898.4045465281 -1152408.8051991952 1694696.8537003226 -2962314.158112699 637684.3428290563 2538997.7198424493 1383656.0921882868 1580465.8008582734 -1816959.5579989152 2168979.783763082 -1017436.0082482218 279471.90034855896 -3402603.5801442056 74377.41711877628 -3570560.6017002165 1032179.2888128804 2822492.7282098555 862766.9433188102 1077453.5863799532 993204.8432554617 33101473.434057787 1094700.0098625633 1107466.858086314 487616.00750334765 1260730.4307084954 1846502.7616529772 -2561369.587785415 -723405.9355085025 203612.28719621364 -636350.3786378651 179233.29122826943 855175.487817158
2668521.448771085 943516.9090016348 2378686.5934256394 702655.3588055847 102060.85410536785 -447213.65843314835 -846442.3964314944 -2473724.765991359 -1376597.9627451876 -1292579.2583496775 -530161.7503313418 2183876.30586169 -410093.5346436169 -1242348.4938591996 111379.77353381495 -3079908.843550208 2215444.1875266708 -314997.833346947 2101178.18021727 -346751.1372685885 -869508.5311810441 -1623881.4927926308 1587525.3056779325 -195166.52560443274 -752678.2651638525 -1980521.724607006 2089290.5077999092 -1743602.3653146809 -4618163.836601882 4688537.990157842 -729134.9827219917 1040809.5501588151 -1274697.369734716 -366979.5558350871 -1253482.1085649082 1230913.545136825 -2488911.745515285 801776.5869047939 3104716.9353318485 1094700.0098625633 34136104.50926538 380871.32634846616 216965.39113468482 738385.0443170855 -627383.5060669907 1139700.6306556452 -188158.27875099116 2100863.547363935 794199.6562072387 -566195.3428921588 1100710.741548494
