31686698.408450354 869506.7598005418 889360.1132649841 -847151.3710034604 -692788.6663777981 -1956204.441394597 -811199.7476006531 1994332.727239205 5720.714870658108 -2808736.8562083053 2230680.9825463826 -1047426.1423911742 -1523578.5435605308 -65614.27086330327 -312342.8828717706 168200.69261284822 47793.121760546026 2530595.436009741 -2458582.6465865723 -752648.1935521616 955210.7005279347 -1203611.8776213897 -1321227.546472333 -1042948.3485000024 2971242.065734475 -1015509.871360469 -897198.2673122953 3558199.4142679106 877745.999677501 -2149970.217510396 -471485.6226638964 1189382.1514751748 68458.54137079856 -1314780.8947886745 334212.8299679487 1909902.354162747 1689179.3488114078 1035021.2483461385 1063949.429414598 255815.48706199307 903782.5465525953 805094.1979685778 2084471.7118016253 -963091.7326258481 1373315.1302310403 1580394.6971595066 252793.49180657507 -386723.31876955816 108621.02441520682 -685971.5162733335 -1136883.9821805747 -886542.3632559433 2786972.3758215993 -2979832.1562572285 293724.728553086 1066106.6485032286 -1406267.9373705862 2030415.1275301655 -592066.3479788085 802450.339035725 1419977.3915701767 -48533.62244789846 1653211.062970715 1259533.1121378297 858692.1294358952 1058958.9805545968 2733120.656344394 -167867.18961008659 -3235194.4996561487 24291.81723843315 -305918.9517400265 -1187660.386409754 687075.674065711 824776.3624642745 860850.9887018115 641011.3165531665 -985296.0141323657 17639.975720633516 801338.5698073177 -1477054.9341474385 -3642398.8611661578 -276823.18009560567 1606224.8810762486 2187827.4873570804 1331733.9938643498 -1510163.3340682746 1663115.0149035775 -1429669.9311335874 726777.0616588185 -623700.8512088063 -2625763.756921753 -267103.2131512342 864521.3017249933 385411.5134060463 779664.2734897921 -818890.2345680199
869506.7598005418 34092030.57093923 -2689279.7541334378 -2025542.048953952 1187898.2774950403 -321783.97971445764 2234142.5322286924 -96072.23065740745 1798894.0208584645 -1489917.910710155 -1703215.713228383 -1247282.2116271136 948622.5718581503 -1766526.1996796175 -1623556.4925338563 -1102386.3235461975 -198164.4148935795 3211982.009335541 -247720.81336625174 -1171165.3323347955 1106782.8149284956 2604443.858946382 3173767.106634698 -75742.5757607714 514384.60214263614 199332.89505016484 3208420.548877828 2348425.521411106 -293432.47791787516 -1807770.6465252314 -1826478.4349934561 1654628.6608192532 46633.214488795384 -2186833.5306039825 -1979089.9008138434 -556963.1258932886 18928.879469670086 1745341.0695036966 -2852090.5597068677 5966.4662879932275 -1341295.1005382726 -3177705.155705823 -322682.60600499494 -858098.1155932196 -291598.43669441325 296238.57541543175 -1346969.444039505 -766083.1262675734 912095.838949462 -326751.5350376048 -1513531.9562402861 -786893.2466229593 1616490.2324610602 2024294.5697092402 -2054162.1622263966 353949.07683845446 2462708.8524298905 782238.6332256763 1824215.3232872928 -45833.30214023211 3396397.5151042957 -1266748.053546879 -21045.59939384527 340748.4895635278 829205.2438887949 -102864.70743519628 -1706918.8641615328 477561.73245593265 790108.5953556824 2414622.2428119457 -1952914.029551397 13573.26028024902 1568557.281710634 2574611.9047354273 1095278.258203946 -489144.20693982503 -212047.69856899526 1278450.0432990347 -1788514.8660932828 -1567713.1324134974 -302060.1817252125 -378696.7630784005 2525857.840635632 -5503256.106615788 2089509.0202982877 1637785.9893487738 242502.78500247205 -123982.10717294608 -425312.3891699862 921509.6254523457 1308624.7955264398 -600695.0811957705 233466.99171122137 -358554.570942788 -758082.3019044729 -432997.6344805237
889360.1132649841 -2689279.7541334378 32997487.42977247 1475782.139457736 2689688.0807895595 491981.247977036 -1194327.0321709635 1182389.8069860206 -2025867.8150676498 578051.6618545109 660418.3464406721 286004.52381587826 -967223.7572534081 1434755.4679160127 2936699.9474172783 194668.64557701565 -133164.3958755771 -142086.23616362235 -32488.18435472353 841378.7360980712 164254.907467396 1805595.514934915 -2531931.975545506 1436075.7120696355 -859789.4675200457 -279009.3629304666 648207.7215044391 360010.2136932993 -2126711.048174075 -1139993.64156567 -523985.4470125236 -2687032.434310839 1469252.8465095868 501936.6547452407 1426748.4211297485 3117229.338083182 2966981.1887520426 94193.7989737162 -459797.2306257097 -542068.5445998259 1315657.7193720657 -636752.0920824817 -3050098.755148897 2350509.3874352314 -443830.2657394622 1608032.0907614871 1148442.6139868724 -155855.38198343245 871018.6560815459 -125182.48052072029 13098.16912464538 -724934.2136051811 1521089.3493893992 -3321147.651009121 -1114954.9111851049 567247.7452866384 -668795.9186626219 1510436.7450017384 -361255.97194588603 966022.8583306369 1053831.2923035044 -1719178.699183445 -1375269.7707835666 1191425.0740022059 1369805.2364181702 1461782.984037832 2117149.056963165 1063113.6010989551 -463148.55215494416 1031088.8884916176 1601525.1840773935 644134.2078835315 -1108688.1519166091 85424.07678624341 1984487.2302501164 83042.62295430983 -209505.08915494452 -839032.2323456259 855772.0755800476 50966.65868228809 3487166.1989091877 -255332.10841357842 -334269.1209151384 1445366.0566840074 955881.4248308358 -1154417.4112664824 -748702.7084230625 96209.9579463259 -1386775.9697045523 1420705.7377076377 1328230.164237757 511532.2197629394 -698152.7121992848 11826.268115388879 -2357200.504335557 -705249.7189549148
-847151.3710034604 -2025542.048953952 1475782.139457736 33813120.53083812 2118208.7424187087 -2536605.6844115485 -2168088.756243763 -964394.4054036908 335003.7777473968 580246.9587929066 1493458.2323664478 -750247.7181189669 -3460455.810776717 -1209839.154590326 -273330.3007689924 1249176.6342904135 237974.3921448341 1736381.030599762 731708.5379539846 -771694.9415195588 1704542.6837620272 -4363879.023279128 -433471.2984735314 -1677069.8073592149 427065.74712432764 759095.2422340309 378461.40302668716 1451433.0531951105 250423.54545553125 -467819.6996505898 2370483.0662891706 -3246630.4219170185 -1560690.3304783548 -4273650.9421697045 -3395745.6602448076 -3092619.1965871328 -2554435.8968517687 195636.47016466025 -225917.27120678898 462118.1390702065 -1486565.286795631 481229.45973544643 795037.3731497566 1384004.1570498282 -278005.8752274397 -1884019.2718237345 900574.5073278737 3122437.768376316 -1108389.3587192565 -657461.9603837455 559517.9802135936 -259578.6555119759 -756878.992622065 590199.0118426359 281251.35778950236 -474727.7796654652 -1255942.5662289427 -152994.80761175946 -416003.60590026726 1165167.2476275559 1627246.672526245 -1652941.006141916 18350.135738284964 598577.6621106528 -222071.46028457952 225371.06872398936 -1684910.592732175 -2311019.646438546 1649173.3443000135 -592873.2069473312 768475.25803848 -2172122.135310783 -483519.4185927406 -1559935.3838155535 2058723.6635854694 -635930.0549941557 -2941297.760060068 3512134.365560372 -1472813.3780998925 258933.57798551797 -1857985.636010217 159676.21261173868 -1856262.5734829565 1659383.8452265293 3290542.526898367 -2379129.65997157 -2309811.528911608 729203.072273515 1075712.805902978 -659098.1131066683 1183893.8538102082 -1815697.5878221255 -3266449.1605241536 -242947.62279536194 781934.3240305054 519458.8252338596
-692788.6663777981 1187898.2774950403 2689688.0807895595 2118208.7424187087 34914923.59904773 -582084.7570312181 -2076530.7533208523 209188.59688515877 1057093.1305479014 1136146.4996320233 -2245796.8389227795 1034927.6305265762 363106.1626477086 876347.3329604012 1326338.7130333972 1727107.0114733651 -1555910.41468694 518993.6184310924 -949037.9940088055 -295572.7744178691 -560628.4829186013 1957799.973898753 1150021.5349889093 -1076584.459827437 -49763.34817217301 -2043299.5783546204 -1232923.2784206735 -1530355.6981785423 77873.39794740324 -1296391.009133063 867262.8805618004 -500869.83332169766 -2843894.400392326 559674.6617948627 -2190218.75757259 1816866.3347296186 1069578.9070582914 -68740.27211542305 1557981.150703782 -1417063.779441856 -1796566.3491485058 -806987.8823149344 1315436.8917584347 1710399.3009879359 223449.23018328054 -1001077.9835587093 -480587.1173097152 -254676.77327402742 -20686.69769802239 889715.0905841021 637104.1863543773 -2288556.0686728572 1073459.518963647 -108358.93979175037 198160.03776000053 -531008.1101693562 1103684.972510571 1696440.292533677 2814329.1528387545 -671770.8044465459 1306034.1015011591 -2401412.577077997 364928.222464541 -367797.1497866439 2841845.899539321 -638966.9463671333 -1618821.45156847 1695392.5384281827 3255344.5670699095 1497271.6829804992 1110992.2516088563 791481.2191435597 -1934871.6260439476 284560.83510505856 -1370605.7181973767 -559984.9510281755 -548129.7340455619 -230882.5985052163 -286946.6510739365 911182.3646646311 4113877.066700675 1780693.4832522124 164365.4482104708 -2156601.823815979 1834017.6797329562 -1879924.9675242964 -669210.6867709194 1222781.9430788225 612819.1631464233 -1799549.092049068 1534849.6231162203 -2636990.9532967173 -604464.5417654872 -1763404.1357171233 1299098.383093753 -1724143.4726773414
-1956204.441394597 -321783.97971445764 491981.247977036 -2536605.6844115485 -582084.7570312181 34663406.25381132 -1083760.5106789109 -328954.48128025583 692434.4678260293 1711452.7733570274 -254446.03275001497 261831.53120932195 1678965.66060488 -980034.7381373751 -631041.9906078178 -2231701.2122709556 -1924351.6789259447 -1776331.1555857207 1687283.0489931337 2237542.256156398 1144807.3983708506 -2183336.180625228 -175404.86128976985 -1143514.5030790437 -362648.3258542887 1597912.4829320607 106013.84716862268 269837.5494454292 -650185.6185966841 337469.25864930544 -643917.1239729631 -2012539.3255190698 65749.04694756032 -163202.79116368553 1609342.117155156 2002484.9536174135 1004778.3309310043 1295182.6285260478 311051.8638451154 -2088599.2492849978 109427.19628718242 -1430877.8726748903 617642.1415762104 -2433319.6855019 -1497493.8720804192 680711.2409487 -3540101.6681551524 -2245857.889807231 2085640.9310414605 4476241.580351089 -1360820.3810779406 -478673.53493452386 -57554.90236971766 -177561.9193110353 2115277.0079635475 1771487.6988969166 -1729445.6493080975 -3517298.9058604403 281631.8952670127 -1454117.0418605246 129295.88048050304 1134048.5006457835 662588.7642307181 -324519.7602656989 107384.17725721149 -920478.8254862531 2032561.824529352 -1058140.8258440488 -981497.7028355808 -15344.121107981688 -1054962.9865332674 2240551.4515948216 126998.07697981408 401842.8280154298 1007675.2777489075 946352.7682500185 2209539.506585869 110600.91313223093 -25709.294580064747 3492206.6236702385 -1150636.251539956 -2761981.2385019828 1840197.5337344871 979184.6858507573 718035.9257872072 3668460.224553488 -2076065.7247651357 -848055.2348417767 -489208.81350610644 922216.4255377256 1631895.6196597784 983008.129329792 2498833.763852901 839275.695255552 -1599695.7732541698 1420701.7103892402
-811199.7476006531 2234142.5322286924 -1194327.0321709635 -2168088.756243763 -2076530.7533208523 -1083760.5106789109 32830904.483575672 1840491.2688876183 -365467.10867060977 389612.74842213513 -1826001.4600883785 2504234.445278883 -1358439.3394772052 18727.579583084815 2018653.8565148562 -2917216.919736744 -3579260.83010611 853258.6923370434 45957.03557151121 -1120785.6998108781 276357.1456491919 -413630.1141277004 1779373.0080646926 1300659.2839228904 2485443.9370523044 -1745594.8249755173 -588047.8738811391 640436.4861616591 69625.0600305779 2073460.980225015 231867.4677264149 625407.7260934726 1228169.3196121918 3642348.02783822 82401.59198950302 -350420.840801637 -91305.67008341025 -943681.8229381526 -228381.11234556985 -3845071.2439012346 2052893.567101957 -2344203.3762711016 1937814.62595488 948537.58392438 1348772.009435528 -1857627.1970706626 -1207526.917557723 608042.4236272073 655876.75117697 -308864.7507282586 -1515019.4837299683 -35217.198941272436 -771737.2233494438 1125173.2631866694 1152513.9164249196 2000734.7627299107 2580123.912494215 -73830.26207090823 -1445064.2260611653 -3377621.454691575 -2005759.479477377 3132599.6234672386 -725678.5086432601 -1366005.6452206096 1346606.7722627458 -1174214.3908036985 -400986.81956266763 -2059259.7706660337 2385058.1892049904 324543.4367168239 -1240296.8755381284 2312933.1691362094 -987566.8544437534 -1659785.9781498762 -437873.3838921742 -287862.7461386977 -255232.73798354284 1146465.1585224492 -1587569.1046769533 2209383.07930536 -1094124.582752398 516643.5463044074 2812006.142008666 -1466999.8715500545 1215804.5665834374 1691735.584844403 568365.1496967655 918178.4681014689 -557274.9067206801 -1040168.7652560986 255898.15284056845 1181456.0146392414 2589569.092870851 1985538.9022779476 -1115602.9968804708 -532490.2861073143
1994332.727239205 -96072.23065740745 1182389.8069860206 -964394.4054036908 209188.59688515877 -328954.48128025583 1840491.2688876183 34062960.43947412 -2323852.4116423037 1638355.0485346196 -1627760.8984800328 1155186.4726158048 -419545.40095436794 1757261.3734404184 -1267970.0720456014 -1585643.3442237824 -3351653.686279015 1557547.1432555176 -592229.0028587494 -314959.209631523 -2009720.897945485 823428.834806063 1170126.0357663438 2292338.5046690977 586321.2976613324 599974.7065341761 3890409.5960241305 -683954.1487144441 -785042.890116991 583970.35966636 -192089.59919264133 -2139086.6672942005 -421460.23367678595 128255.72600447488 254818.29855503706 873764.3465610209 -2415657.9404739025 1138500.2204578863 -2216476.5841111233 -2636983.2840265273 1059472.491496041 -527304.653213991 -2574608.3616418093 -208686.41881040778 76955.71609510566 -191035.72275531903 453847.86991068383 -2397191.2314776075 2907670.4063490215 -306043.29105725774 506607.2493907146 2518.068430448621 -253031.28166778656 -1177263.4292525433 903967.1876916374 228728.10562782898 2420542.6996860625 -439385.83695091703 1064467.0409174282 -612120.5517988823 -182542.24750420506 1421388.232822673 1241173.343616317 -301377.40606191964 -757562.64755518 -1203488.804266029 -908971.7163811594 1244203.2737580047 1669140.6419610528 183632.27195443414 1320428.8220347145 1840281.1146221631 1636025.0935031278 -1066461.16172876 -938073.0253593426 4085321.449617976 -217350.72842403807 -1926119.732376635 845908.7452458199 1333734.2216387384 -1171444.1191115386 -1723602.5477955884 -2254648.5168790384 3894249.9115511053 -1608844.344471895 -208565.39615153745 -511361.82294968335 -1780356.180862199 -993249.1963397859 1441835.1766115513 -2025215.9528533919 1036906.0793470287 -1265280.7702077546 -847209.0233699442 3269637.350462698 42694.24904882218
5720.714870658108 1798894.0208584645 -2025867.8150676498 335003.7777473968 1057093.1305479014 692434.4678260293 -365467.10867060977 -2323852.4116423037 33458487.65226692 3255577.3904874255 -1255375.5870491834 -2369489.294404895 -2237453.38277837 975997.8159516547 2943023.604871394 90218.68425132023 901352.4708970949 256568.40157899438 -1080684.3069730026 2570592.629943901 -313110.71621965565 -1901482.0269502234 -79891.82202795833 565803.8741516576 380212.06816020515 1018969.7257100587 -3240518.4804004817 -833185.6326989537 -898648.2408910069 1345638.79223219 1659134.196756591 -837119.8374398651 109439.60546812403 -2765915.993046304 -3114584.806838109 1963720.4632936537 -1889208.0255027367 110837.89355691508 85468.13195539775 -1156623.6354933004 -3357522.346449317 1471823.3525003458 250448.8880474702 1900814.3848948807 2681965.3939667395 -1665405.6348156796 -1191875.4202109876 1713985.4638477848 -878642.8887802066 -1277359.1136517376 -1226719.3397643287 -539864.7119058727 809927.02067663 803899.8886039126 -2159060.133950144 100564.57103578401 167124.37547314557 -707100.9768536241 2543245.8694973183 810299.8660605978 -1421666.2057015463 -2152102.727415733 -30733.320970918256 -1605430.2299063955 422846.4046847933 -1959528.4023613892 -1562967.1887826552 -973717.404895113 -2220363.71277944 -1722829.2698077925 1368415.5787255815 3094153.376026608 -666520.3761246998 129747.14063845825 539554.4484395124 -980519.1648907586 1672621.0074819587 -696455.2469796173 713870.6145999299 1248180.0083374123 -209413.1578411442 1280220.532198653 2131645.707076505 -538169.8291161064 1858785.533778819 732344.0891530926 -2830257.132843954 585386.5262635383 1871004.6431389297 951698.2675683968 825548.8228534657 -2084479.955515554 3683462.2706922456 -2629266.4757687435 -175501.36424073114 -440399.6512516552
-2808736.8562083053 -1489917.910710155 578051.6618545109 580246.9587929066 1136146.4996320233 1711452.7733570274 389612.74842213513 1638355.0485346196 3255577.3904874255 33373690.865725707 2171578.964763033 -942754.2027527458 -1060571.9796171049 -429265.9473688174 575371.7839059177 -2143467.354971065 -108875.92924910168 686094.4429291798 2208859.992402367 -756912.9534073971 -51264.14781326943 339677.109686457 1689707.4431981056 3208029.1094807307 650938.5156225478 -1041759.6639994996 -1999754.5296749258 -674719.0731719811 3691262.0726212896 713144.299348591 421357.7602017895 -136541.0529365479 774010.2164858698 -728651.4443118742 1447128.1906028658 -54091.16850532565 -126890.77012586115 1336958.6430937254 -1435160.7838925163 -57516.29338239127 -714398.8520742452 315107.3566170866 2367413.790912546 -764118.6175457353 2565239.016765534 -679727.5293039869 98571.34052208159 790641.3899854533 1586125.6912725898 3010708.81730535 -1564781.957108804 -1301960.3960922272 1685479.4657500621 801171.6053421677 1388693.5696795715 -1423494.994535804 1130474.8803520591 -1325338.0785870943 -77012.05148937211 -209969.75202395805 -640147.3221595674 1427480.6645024836 1957974.5263160616 -945495.8337718582 359653.40590669593 -134961.85447441362 3404518.3061906314 710653.9922547741 101648.66214290835 -1076933.6033635843 3883161.9548540623 -707704.8587891413 -2013166.6467831016 -805636.0788294299 1822930.5971284658 -188037.9364643548 502151.6848938219 -969638.7085252955 1773317.6369750078 3582849.034894888 440625.4856029378 -4072739.1075164345 -695733.3953500587 -102170.58126858575 -887662.8954615382 281928.70763443166 1475410.5938693779 1033156.632270983 -400338.6922311276 -351743.85928659403 1379175.0971604465 1273291.5354595399 -438193.72607529705 -951783.3562640623 -395284.34115872864 -1729490.3889733062
2230680.9825463826 -1703215.713228383 660418.3464406721 1493458.2323664478 -2245796.8389227795 -254446.03275001497 -1826001.4600883785 -1627760.8984800328 -1255375.5870491834 2171578.964763033 33042114.024056718 744686.1920755146 -628803.1351784725 710858.5122555877 886607.4301888711 -13926.895142304644 2100174.095874372 1056422.9412000584 86550.57942361239 -1715877.4574857221 -1726145.6503834594 -146858.2299649434 216445.85631288894 -847158.8577297741 -2205791.6041917675 125514.70764578707 1361595.589009467 474471.19529845816 1969306.366265784 -206530.2214267974 1081966.9519219005 79761.00110190474 1596373.535278249 -1217128.5844580021 1298295.15251157 -882548.5231180731 81806.34693787257 -417900.06831754633 -1161986.5232604917 -678499.907047063 564926.1388482677 1540822.1813006864 -2178170.6568737207 -1473969.798549567 909620.3544445715 191362.6698733067 2896607.7310352223 245737.7811512903 24678.188746925985 -1701132.2506442086 -675964.8069446143 2293947.5755730714 -485783.73081877874 -2135272.8496292843 -49733.057373659925 -331090.96569859044 -1960549.8155709421 -758888.3197246855 -2118514.82078192 340281.3027196368 -3369453.9886429915 -13801.46853433436 -1279210.643591444 1204341.652219614 -594599.2581990476 -646982.6296057756 2700990.745801234 1644539.4174829598 1672069.4937693607 1581020.2494542168 -2449302.2881337446 -488730.0002741447 -1309449.0885777383 -994684.9459960759 1814452.0523744938 -183189.91230248776 234147.50510000042 1853983.0850245492 -1838618.0337441023 2133645.0789919305 185008.90326796673 1464006.0959612743 2506919.4220974674 -1357906.4451236916 -1240538.0817735624 238441.31596845028 1789879.8283655774 -83104.28279662693 -999326.4121982241 1000114.6165002849 -69323.99687550485 1674050.2123764935 2317428.9699527216 -204390.721782993 1615184.1138049867 1000453.088616234
-1047426.1423911742 -1247282.2116271136 286004.52381587826 -750247.7181189669 1034927.6305265762 261831.53120932195 2504234.445278883 1155186.4726158048 -2369489.294404895 -942754.2027527458 744686.1920755146 32864170.029036894 -889727.0413862357 -3571504.129333506 -1938665.2104014582 -755707.0398013226 201301.37436575818 -74195.05185396512 -2558503.739310353 -121487.07867974594 1866262.8003719777 740832.6235564207 602236.6513910495 842605.462359744 -2909641.3223292883 187405.65700619074 -1015168.665058602 -534942.7660165497 1868278.9591963594 720961.7773105334 -16607.404389458577 5808.154969151397 -620303.1562292536 -1715762.9081602069 1286894.6527173945 79947.44277355392 498512.0793841612 -1395666.955554157 2380195.5692033847 -1012087.1351795148 -847302.470806353 -2091781.744986262 -1969157.1994684048 904646.6416883565 -256296.4545082763 1661644.1135177487 1116164.4202637323 -1378204.9493391768 1718617.09615938 -2215854.895583359 -679786.6137314464 556913.0361731624 -2032031.0027997554 -2649573.2807508376 533436.9157011136 2235649.9058303228 902684.5107855174 -1042524.3917688312 -2709097.642406809 -2144464.0142240687 -341391.00913225405 2544536.4364087204 1917728.3891594552 2930317.547393598 348745.3263907582 386499.6391583866 -1506921.9545201992 802435.1160362788 -149011.83850303342 1177879.0363554333 -1923265.1374920234 256496.09534725145 -333791.58039075416 1071113.24889797 -1309352.6706629647 800869.9743674814 1200043.9025567381 -596977.9210184518 -826272.9946631701 -522312.76548343303 -85712.40660542784 -1330539.3873419263 -435872.93612821045 1996842.4739672795 359030.1444687458 -494365.70868750935 -88792.17731699433 -123943.32764911954 -289317.52082149696 -2358351.1212906823 -641175.2806167073 -470799.6809568023 27250.06024748214 1629399.445930722 226241.13594356578 3233561.19968599
-1523578.5435605308 948622.5718581503 -967223.7572534081 -3460455.810776717 363106.1626477086 1678965.66060488 -1358439.3394772052 -419545.40095436794 -2237453.38277837 -1060571.9796171049 -628803.1351784725 -889727.0413862357 29935157.243654966 -220621.20051481013 -2876366.727068648 -697525.8774073641 -198738.6166497623 230633.6659422156 1388464.097004572 -1320520.9088919628 2904680.564025211 -516467.1695863484 1906270.6752173114 761029.393168494 827686.918127373 2668186.79066436 1932535.988193931 1959309.9430604347 -161219.14018739 331154.976162124 3259558.0337326485 2424702.527854935 -2658835.738819379 124374.21794205888 -527866.385856037 438270.97003989195 -746462.4925911872 709723.2134343233 434864.5900749023 -723923.0989149718 47282.872121898385 278685.8678433482 2498084.963934941 -2449340.733109896 357266.93793020793 3634410.9964882312 1582534.2508368883 -375395.39176074154 3130277.872531806 1002597.2362433925 -815771.3629177624 -1078747.378071083 -1883304.6328953085 116569.41806797635 3173169.115545844 -111305.88985287858 665877.8952520507 -731020.9118887786 -1051546.0572497786 -57434.318207380544 1702601.3149791646 -1940382.2200439253 -3108546.5639888463 394365.93399773084 -307675.8319341218 11294.380063952141 1291801.7659343972 1650541.6092886047 -325541.557081254 223631.2763866665 465465.5473549955 272190.77267243055 -2490819.2751416424 1030566.7345260425 -33290.266416392034 1519628.2306057431 677505.5602301871 -1197045.056390346 -1652064.029422307 -2261507.2704822947 -1422979.066275022 -1719001.0962431068 -790789.1103884393 1064521.2035289893 130931.23235555881 2311353.2234957204 1224850.8280493077 -59520.42355884691 -2048234.3667885563 31784.38043443456 1867202.1588760873 1287743.78756916 1156469.9443652031 181561.11570929002 -2115403.162350748 382638.4145121169
-65614.27086330327 -1766526.1996796175 1434755.4679160127 -1209839.154590326 876347.3329604012 -980034.7381373751 18727.579583084815 1757261.3734404184 975997.8159516547 -429265.9473688174 710858.5122555877 -3571504.129333506 -220621.20051481013 32380302.449275915 -29897.9435352224 792709.9229105555 -395319.465305869 30726.863883659862 -126324.98799680333 -518010.4126531104 690041.4722504789 433400.40328736824 -1954881.6974210525 800699.5067309433 -748472.7783598287 -81191.20436228634 953034.4076006076 -1007649.9423782539 718.8936520763891 -3305402.3981832913 -3696979.7428411623 -2729594.4337559137 627771.1236627953 299178.18076994846 -30596.283776342472 523052.3799896799 -2411563.4620550675 -824111.6323063689 -1348693.1362353503 301967.5223809088 2851119.941989692 2273457.48929236 -830932.2956942783 -1985301.2596896742 -1554148.947285167 1066524.6656256367 3161848.4271587194 1127322.4643747488 -1758627.7022785242 3029181.9336566576 -518743.311422565 78785.22381751645 -2347402.856314616 -226121.98520464558 -1486460.736075804 -1124648.174085523 1865548.4993512242 -1364121.1904706848 -2708617.0481274603 369113.46847384336 -1896792.0152221054 -2211527.284160909 -1989291.946460176 -530422.588328233 -480930.84845028236 788063.7486973968 426004.18684837804 163174.7409472659 2838628.117583676 1129393.9555894134 -1025083.0688663693 494851.537608405 217518.18956654772 458177.49414345366 3035741.8935006014 3815523.807738645 -716871.5818257267 -1982134.3638783924 -242458.32898204486 1066609.7941932366 -1052528.4140282439 -464127.6443589376 -1141146.415776539 2101551.85759214 -1558969.85463542 -513124.5857029448 851138.2541352522 876111.9491295643 -437668.83225713234 258965.94136751152 2294073.79199696 1251853.0714577965 2242325.7211161386 118780.55447517737 -1096360.1354140155 -217042.08325989373
-312342.8828717706 -1623556.4925338563 2936699.9474172783 -273330.3007689924 1326338.7130333972 -631041.9906078178 2018653.8565148562 -1267970.0720456014 2943023.604871394 575371.7839059177 886607.4301888711 -1938665.2104014582 -2876366.727068648 -29897.9435352224 32433889.97849118 2682340.8702258165 212412.11415223044 52635.79075392334 -331291.4665793897 881895.3308181012 -1594251.2810230833 -847249.9486204996 2038832.2555557175 956392.3439175255 1997809.6867853883 1432286.01700744 -2374840.3624255084 868369.9117515971 -2337902.788384926 3419167.8609753405 -2403528.474000914 -1290760.1175154308 -311243.66779967176 -600318.8413426753 -2891444.172959384 1781344.780127731 913453.4845828986 -596834.4040024171 -2114420.283844044 -882889.1322042415 -2452113.076877567 -1992828.7285308475 -1415437.6730280388 814721.8077065598 395752.7849525187 1175766.9002086115 142607.5872643577 2409130.5619675475 -1940502.155809583 438065.19514785585 -236554.00249059807 502022.414690886 692670.962204887 -225873.19535552996 -4981034.314501023 -583766.4483115914 -1562436.0758127384 -1098762.8621669728 -990217.8557178202 2503351.8977326853 -1827837.5308059473 -1694047.8135924316 -2640560.781014968 -2248924.898058012 1270398.080530811 392149.3378745348 -1911872.4770277275 -1078477.6319899398 -1208718.8627786045 -1764540.9355412093 -16772.509176513126 2774503.3129075184 -1042328.9057938163 -2331190.408378079 2348559.381406013 -1006195.4778640231 -1593602.9843613289 35595.132401284 922950.0018926673 -771361.0333251084 485876.76163858076 2153821.571846032 -668537.3995097697 520744.23998754343 3379798.0878491793 2175953.6972156 1465867.265705191 -1121041.1653151312 -915675.7433554645 -1372749.943257855 1714923.34271321 1109975.617303216 1213578.5938581326 569383.6419010257 2484873.6341294283 -1617903.3860473034
168200.69261284822 -1102386.3235461975 194668.64557701565 1249176.6342904135 1727107.0114733651 -2231701.2122709556 -2917216.919736744 -1585643.3442237824 90218.68425132023 -2143467.354971065 -13926.895142304644 -755707.0398013226 -697525.8774073641 792709.9229105555 2682340.8702258165 31235594.678960375 1749482.4313228056 4161550.4722537217 1812864.2176594178 2930540.336162019 -1629997.4482219424 -1344616.9079081723 -1195059.2802757411 87900.85700383876 -1019756.2505302108 -505531.34903843794 -174366.60817460582 676066.9921764054 -3184567.896786062 -359977.36233856896 305725.05195746565 340113.55078788026 -1108758.2041667106 1767761.7424000702 -385834.80622187327 2425886.183535284 519382.75814447517 -1146642.4557774514 -914185.8497799706 2494813.086583092 486047.3881891073 2489860.6571056233 -42578.4138276655 -1557120.8611934623 -328539.07841107197 1174480.1229787406 1127566.9698454526 477486.7094577993 -2009668.5705211442 -2334702.9323959667 -2306005.4251940246 -977399.6565612794 -2372900.8871876867 -112924.41724511984 -350255.076831016 439635.5106027393 -125898.9397966558 524605.6954702402 889141.1122015117 725633.7630025778 1182917.3152321943 -963331.6098659846 1001589.7678511132 112071.77568047098 1253423.6641779451 720049.9869068551 -3546556.9606020716 909749.4553179418 -540232.6986552645 -1467140.609457211 3164376.2422894537 -2063756.8228905792 1151777.894737493 -712865.0536892575 2893856.813064641 -2175530.5570509653 -1059590.3246198804 -23463.363738729753 175658.7609897327 653894.5480183287 649856.5694032265 2537609.2404985293 -755149.5489388821 -2554736.848550824 -562485.8232667178 -520608.0312511692 962701.187311289 -3252620.322524776 -729610.9845538284 -78053.58016088292 581211.2203195567 -1240877.6999785672 1756800.7290452442 -407469.3620347803 -2025366.1686387605 2164881.355992898
47793.121760546026 -198164.4148935795 -133164.3958755771 237974.3921448341 -1555910.41468694 -1924351.6789259447 -3579260.83010611 -3351653.686279015 901352.4708970949 -108875.92924910168 2100174.095874372 201301.37436575818 -198738.6166497623 -395319.465305869 212412.11415223044 1749482.4313228056 34763367.679109514 100615.02623030738 605503.3087502456 2106294.0175508754 -1072496.034799358 -722.146454343168 -1097368.0181766695 -430323.6077994104 112812.13954864854 -2933170.3635078575 1541098.563244938 245783.624074173 1545466.9053524162 1693174.6123169945 -2636663.8633616176 1621638.3633868743 -1420300.8146834173 155788.97537892955 2320092.755234367 -3483795.6750725387 2735503.81296278 938103.2937868112 1245663.3176858393 447426.386682152 -1639706.892600801 -1615941.6914789772 144134.1187249528 121775.07142710786 181369.1929740437 -2588020.563712478 2500009.88524481 -993407.7039804043 -2881650.716988835 -414175.68129919947 -797197.8917882402 309655.80324291135 -1158065.0985896643 616270.1604430672 142741.2639633008 -271924.7701235808 -2705438.0701171355 2555326.7888521072 1650510.379050537 2079493.211984395 2233384.2591142827 -1113989.8817767 990974.4615815809 359054.0723667492 2020786.8605775228 4322919.925771755 -246188.40569332955 -902270.7394440977 1436987.7111955595 887447.7879365808 -832897.5303803312 505785.1921857097 1912802.0258042228 2315123.0519200754 1347853.603775601 1291428.6280862421 128778.64345373465 -1149385.8694755363 1042653.5832826166 261672.96401981183 3281165.5870625554 2253027.3232801976 1273144.9463739486 -2114911.8341793474 393975.16485197376 1249164.2657105136 -2397803.772478305 -1753606.7653303028 313012.10809973005 372904.98325101606 563942.3899237794 -316284.3231433998 2687416.224134822 364828.6489743115 -406138.5908985153 -860267.6831928559
2530595.436009741 3211982.009335541 -142086.23616362235 1736381.030599762 518993.6184310924 -1776331.1555857207 853258.6923370434 1557547.1432555176 256568.40157899438 686094.4429291798 1056422.9412000584 -74195.05185396512 230633.6659422156 30726.863883659862 52635.79075392334 4161550.4722537217 100615.02623030738 34174017.71197814 1482546.4748732664 1962139.4461923463 1217909.4732006856 1292920.9111841833 119670.96965592387 -60439.460281566295 1957193.4419211436 1620434.2363971805 302993.6526630242 -707609.2169322476 86077.89411674713 -911158.6786504078 880160.1926091758 2690529.0191396363 176215.84504596645 -2173181.418408637 -981003.8625988578 -896790.0362489733 521181.7889656456 1308134.9323446236 -103644.09591570224 -983447.0974561266 -2310352.9148132014 -747317.5152067947 1369960.1625500782 254750.2683691112 1012743.6465195859 -3104987.8946112785 1525370.1602480754 -1167133.715749173 -736253.9166956235 1799260.1832271696 251859.852144118 801479.3668787963 1800844.3568444955 385795.13446423004 30134.31550454856 -1068960.4273773176 -1588118.6001275172 1462703.1122871945 1200213.8421127049 1997349.2748572354 1858586.5085457317 -2661919.697270258 228254.79469954435 413462.0683457067 -116141.8447698441 -1163107.4030557405 -783243.8871974681 -1730114.718550452 399475.0299852847 -1246743.2604119305 1754106.5719228187 -209073.68441479912 132993.68129700568 -1479633.8537968847 -314329.2948237047 -2077977.0140027637 3129370.840257225 -403182.69869129267 -294440.3367476553 -1862381.3601871599 1394189.3256252604 -1376739.4570546586 -2401682.5519552343 -1264798.2988788162 -936150.3607702326 -917269.9420282017 -1645373.656073171 -2334188.963976067 -159107.9866395512 1878496.4943093346 -605104.7643241391 -124254.82576327356 -61714.56254117715 -807539.1153039306 -552784.2161549467 994912.5335427714
-2458582.6465865723 -247720.81336625174 -32488.18435472353 731708.5379539846 -949037.9940088055 1687283.0489931337 45957.03557151121 -592229.0028587494 -1080684.3069730026 2208859.992402367 86550.57942361239 -2558503.739310353 1388464.097004572 -126324.98799680333 -331291.4665793897 1812864.2176594178 605503.3087502456 1482546.4748732664 32713304.73751239 -123281.10533113386 -641063.9327559129 -735128.8188799011 713492.5149609804 -508586.3757776418 801121.3795539946 2485920.6303980383 205254.8896846121 1345269.572025299 960328.9357848031 2349278.4147529053 1041693.3194907608 375420.330041555 -1961157.9746054998 -768859.8351139401 2194973.8685156894 1296272.1373251558 -1615237.1287919888 -2435131.311248713 695170.5277567346 571895.9588706343 1244159.4842868447 410455.3393414867 3322215.552493317 -1478145.1696098011 -1819330.4689375984 479123.80442145496 590922.6545280387 -2375495.3616336365 509669.1450818366 1586309.8550125617 -646423.5554300003 196274.95299231075 -590200.1249014775 976270.9520755081 -85825.41146969119 -964961.5104381138 2028461.976355489 98815.10775749673 -363000.460198276 -882668.1428957932 -923448.1707075632 1943073.4609590496 -412981.3124437976 77504.65065742076 -2079274.0151475144 1573978.1644732924 717030.0574809092 -2237245.235902156 1039432.4524982657 -1107370.5791069733 1116930.4570816106 -2678147.9889694927 1504395.6624819492 -1141168.1337783765 1047234.6265573689 -396479.87734706275 3300802.0055576772 3565617.3432336804 -725008.7670686488 888648.5500594253 -115233.64903496235 -922327.9173374802 -252139.1321589521 1869235.5410218174 -2281890.188832642 2380211.284446551 654021.9429782119 -1124693.4587463674 -2040394.8650539622 1674506.8789565156 305667.3267000329 345595.6443663364 -473331.5075032287 75838.86069338021 18277.39259126716 -1332445.6693544819
-752648.1935521616 -1171165.3323347955 841378.7360980712 -771694.9415195588 -295572.7744178691 2237542.256156398 -1120785.6998108781 -314959.209631523 2570592.629943901 -756912.9534073971 -1715877.4574857221 -121487.07867974594 -1320520.9088919628 -518010.4126531104 881895.3308181012 2930540.336162019 2106294.0175508754 1962139.4461923463 -123281.10533113386 33284740.09554931 1571315.3355829061 -164975.64540035045 -281239.3289148714 1315698.7829634992 -1256325.231196895 -1526012.2403233084 3189091.4626625855 -672263.9011310398 1428550.229651101 -1702788.552594916 -392893.79741404124 -1153615.5737855495 1037359.3097357039 -196459.3205573201 1830767.5682106626 83904.21021777815 2170960.020964973 1765920.3037458921 -384555.9602248342 1982563.921504329 384113.0218982226 -1117639.5896188954 -1092374.665971652 948753.1758997464 -3254921.337900349 -356102.04222262907 -584895.9657639171 780019.7869963608 -3645918.800369382 -1327506.2385876523 -2527730.1014616964 3840184.92811321 -1053453.5398890572 -596972.2047175736 -1975447.9726112501 -1768978.75454447 -2443838.006858487 -1160646.5872970195 2914892.1814962677 2732312.3230869947 1132034.9528532955 929392.7475234042 -1130844.3697544602 554926.9628858366 -2593774.954631376 1788202.8278501465 -2735740.5842221593 -1161045.2013535593 91285.45176819722 2422678.764113557 1518838.9899167314 277344.11313700036 -857857.0139344878 -2948119.2597043025 2154992.30301952 1971344.714262435 970532.4093779654 -525492.7668458741 -1910139.509505664 882434.8099889278 -1138682.024824837 -469424.7089148262 257146.67306088418 -1229325.4420415333 1092185.7237529594 329218.5446631021 -1908331.0329237834 938899.415599515 -1419716.5723721131 1596839.6247492319 -783459.2124480074 -344192.24152348336 1943261.56239149 -1294180.7722218016 -293397.2309412118 39477.0555771924
955210.7005279347 1106782.8149284956 164254.907467396 1704542.6837620272 -560628.4829186013 1144807.3983708506 276357.1456491919 -2009720.897945485 -313110.71621965565 -51264.14781326943 -1726145.6503834594 1866262.8003719777 2904680.564025211 690041.4722504789 -1594251.2810230833 -1629997.4482219424 -1072496.034799358 1217909.4732006856 -641063.9327559129 1571315.3355829061 35441759.388968535 -548976.187904217 -799405.2717377658 529383.5857819689 -292799.41219885834 -2153227.9997648676 -363738.47654583835 -328581.1323014512 -2120009.057749976 -1262888.0825711908 -59027.336620221715 1831759.8947313458 -1084329.0411158733 1562061.120089702 -1780747.8860608605 -4513942.729262672 -654233.2622022544 1594525.271227824 620548.6482538469 103382.80288421465 1192386.848434972 -1949053.024976429 385219.14560811385 940997.0155961423 1231902.4136196808 -421709.81548385456 -1337283.6699103785 -877261.9032335164 -379547.49742937356 -1354449.3855487816 -2221661.4434364075 -1144719.3240003493 -362902.5941050717 -5405268.571071298 1442955.2448358957 -354693.2028637365 -800139.601080933 -2807141.708097307 -3030542.4572718325 -606004.6108375617 -1230380.8531057271 1380554.3510406453 306159.21372121706 -587362.0580894062 -2113558.987223762 4065304.0300068934 2226798.359309203 -348245.5930083878 -1287.6138721164039 828255.3956797478 -3474763.0906010144 -5704460.719459569 -943104.2512429128 1638534.5640058548 -799862.1618561614 -613727.0758962382 8998.869348304148 1462502.8029184123 -1283787.6331714464 -595454.6190901708 -1157801.0181991847 1147606.6436234796 -1762698.9933296165 1021973.7498350878 -1843815.1573826864 1511298.3345752654 3131167.117416234 955736.8702216208 1094743.3873816212 -1671525.5555589516 2710976.3100785054 -408591.5883634065 516180.35429501015 -2244902.9302387373 -2514588.559695447 787046.317084896
-1203611.8776213897 2604443.858946382 1805595.514934915 -4363879.023279128 1957799.973898753 -2183336.180625228 -413630.1141277004 823428.834806063 -1901482.0269502234 339677.109686457 -146858.2299649434 740832.6235564207 -516467.1695863484 433400.40328736824 -847249.9486204996 -1344616.9079081723 -722.146454343168 1292920.9111841833 -735128.8188799011 -164975.64540035045 -548976.187904217 32220927.78486085 489820.8511799981 86022.53312272974 -1458954.5142494235 -881099.7152381545 -1103482.1059380213 -149727.09902468923 -169083.55342427111 -2391538.422697221 1784640.420708492 71959.45346707517 -2714181.3736501425 247050.35618948468 474140.4272494405 -1280989.7013201243 1615625.5248123936 -152502.2330565409 -1627950.429533688 3219592.6086976826 -920017.7644076864 1953942.1871984086 485746.2101011179 176396.76096615754 879028.1844962634 1558421.7000030563 -85472.65205485873 -1937831.9123260286 -2036701.5526146723 -707775.634760487 303769.2858044118 958662.5381438714 764936.1654519623 -316636.82467892807 142977.77770958692 1015714.6090756167 4275692.9559016405 3520567.040343152 -773029.9926601691 -3302616.969076683 -1040150.4485945366 -1695186.517428241 1969688.844312031 186511.13520652283 1236662.955034315 -687681.6111643607 545437.4819074232 1648730.2111235014 1490389.2294673556 336534.39817949623 1204982.5873870575 -318344.3825360424 3270361.9605947924 591611.9642065522 772322.161523458 -1262241.8557480301 428162.19181023515 675446.0253478221 2074684.0865626454 -1395326.8168510739 3663876.815065488 194467.25357438516 1150737.4886013684 12120.656362513 -2479741.2437354997 -4163441.0376525 1835959.4635068933 -728444.475258106 -2069726.263335936 -125327.95552624573 66896.90344472446 -1257678.2534958196 -159615.07697544777 286910.19626794907 -1008350.6042548022 -679687.577725908
