35851023.336922154 1221827.538524196 1282693.5284986356 -1752832.084930865 -2280149.2759365877 -6006802.100391892 1822590.4802781702 -6637433.001754915 4515102.325668654 8643563.11628738 2328799.3234863123 2376795.8577527525 2857297.3295047125 -1632556.1872527003 -959877.0026489982 -785872.4863589143 3292261.2462580535 2036623.1448232462 -2767517.725460465 -2627339.80900323 -791517.6162378046 4268583.985644436 -3023955.991001518 -2954703.2609086903 -805366.1078224228 4665824.884061861 3326354.359718062 -947985.4347850969 10197240.99091 -6208576.408120298 -2704669.024242511 -2098776.042854857 441874.76476173487 -6246578.349177185 -1518286.7205055777 3263766.8659287277 182974.7995933023 -3631677.291910779 -3806740.8633506084 -3244201.967931843 1651957.4984242208 -4341271.634794783 6218777.532810594 -1171891.9861530976 3016032.355186593 3866094.96000766 -440620.9413678583 10007333.47513879 3358653.6903119446 3256320.83915741 5050940.467893365 -4558261.852204112 -6612478.556867764 2525834.7359144036 6562405.983234136 2377383.9282529703 3799112.601329753 -3020096.8157899408 -1511919.9072224735 1960273.9854530483 2151888.781372433 -300073.0198370206 -675642.6216830686 2058545.330992607 -1307823.357192456 -1645138.063382662 -5316047.637643858 2064313.1014990013 5359526.318427509 8485463.316650469 -4565781.789405765 8521290.72315528 3822002.0583178946 -2397296.5832374655 5324329.664131572 -1348706.5066624833 4457160.555552336 39355.87785613613 -509202.3302533579 1093562.1797334526 -6351596.962819503 -2351706.131672075 -5898152.587501153 -2308857.0305161593 -3741559.2437433293 3134413.0872658864 10537479.439599639 -8829735.804613454 -4630040.657942625 -2105676.1238354873 3080162.3526070933 -3353175.8745010663 -1079919.5609481575 -4407506.215567546 -2845275.570795745 -2436506.811171295 6436104.609565352 -2399030.867128503 2689109.406239002 1162837.8661781629 -9600031.845155785 -2624899.2207941143 3493966.7172867227 4999327.229930876 3843231.6041619685 -1658202.2140321464 1179937.626771742 -3126736.76809302 138873.50784594403 -1739732.681801645 3114552.452828693 8389587.206448704 -4092825.1723039374 2601582.1261231303 4144707.677402841 -3024461.336625456 -262788.22780984815 -2791839.450201797 -90097.09359527842 -3961489.3888838086 1191720.0296791685 920456.3053183734 -707078.4087948423 6196976.004376665 7674448.020828481 10025091.282098554 3977684.337754766 2974978.6695395038 1341890.3321441698 6774680.573064379 1694201.7214379476 -280453.18030319165 -594905.9321017879 4082523.5473519745 -7285826.076412594 743082.0850468355 5335291.501027632 -26768.223436545006 -1777544.150520001 1565434.8818274264 1884704.9639710234 -3559813.952405449 5745109.543405598 -69989.84419595107 7721807.944949343
1221827.538524196 28706731.14477763 1339290.5194373042 -6786259.384384771 -2298239.8453244367 2136824.522091041 3357416.68397315 -193870.62348029466 443274.53456719127 2856594.9697532146 8335556.040816088 -1843473.3117821629 3219456.6527747335 -5490288.035978213 -675239.0570476428 -96554.65264446852 -500781.4524279004 2595177.8896916187 2693669.1228130804 -2191424.860516065 72005.86143408596 3797734.371578876 -8559985.222471435 -1387820.2021707103 413162.5116072947 -942969.9241355071 1986478.7582361232 2731772.9449867 -1195209.2383163108 -1542368.0125208176 879938.4119293126 -2386325.812833225 -2395046.5272370107 -625065.453899999 3161097.663062863 -4297262.805088493 -2990444.8799649873 -487804.63205646636 35907.52081038106 -1761078.6713625032 3815052.926423477 -5888109.17839957 -5167326.039151267 -4801981.023924542 -326219.6648311547 1611652.0685660606 7159002.54432108 3039789.737937336 2021112.4034065176 1984352.8818032998 103308.66014594135 2162164.4578376925 -527840.3817332747 -4834653.575421095 -1805397.6883975123 -6322776.1416224595 3465566.0388758895 2492031.4880904914 -1534976.599490645 3160841.2809939045 -2160777.7044568383 983390.7384313173 -842072.5246385732 1315695.6958717967 5346360.407414713 1769532.4585297494 -5059507.412462648 -619641.821853067 3769361.779682697 8656018.424881304 -3158031.800091548 915892.770694975 -420733.95182424295 7479457.836036569 -465786.806674148 -267854.50090318726 3902822.386860827 3522557.0613971343 1677502.850528147 1266874.3412667061 -2052394.5772855293 -5366016.273617257 -1972811.7822578733 4839216.388560117 1659215.9195449878 1131385.9995186126 -343167.8913227802 -9168833.165305994 -4327226.046339952 -2041491.8287104182 -652000.1533672833 -5490148.803273853 327376.1526329504 4692365.137577671 -8193506.979848373 -462468.9201030841 -2172145.4538801876 -2620208.4625840266 2546090.0030136737 4152696.770246638 3734741.6482689977 7271505.607265973 -2493523.3639888074 -8082654.353416067 99899.41014543625 -2105673.704761235 -4753935.834387004 -3567537.910192548 -1244847.3872579257 4712297.253021487 447676.1417106684 -978887.5381677112 -645427.7731354259 -3232595.335037002 -4586070.431118871 7049677.803363435 3305983.465580786 12721.38008252684 -4877030.42561589 -1419540.2893727408 -3546360.717593803 10856972.159246823 -3661000.2754854104 -4329192.081996329 5502366.388799897 791091.420260587 2437816.2933551427 1903952.6968747936 -5959963.981361625 -1898986.3606310738 -2528578.275712714 1705402.72135108 -4227995.417102088 6838713.99242049 -5890751.34312853 -4176844.833127255 -3615777.3467981946 2810146.774357819 4619443.439663796 4218125.327921085 -2783271.9523039344 -5424641.921159484 -4005166.489563283 -916157.0255515663 833661.8607513483
1282693.5284986356 1339290.5194373042 31626217.880588207 4103950.569216639 756432.147364642 4315316.607676024 2076016.8965032322 7141792.378450503 253447.4806879613 1659521.8736589688 1983866.768348828 1135290.3687321525 -558927.4271194568 7507249.550562559 -3483735.685820202 2110560.067374719 -620622.6456406846 2005994.5997203316 -2571326.346252118 -1869940.1577721674 2804340.336955768 -206625.33065177547 -69523.0478600067 -979164.9953204504 -1084429.0656056092 2861554.207942534 352644.66086710367 3018206.9874252784 -254707.90573417515 940205.3254534476 2133839.9553845357 2126154.4957205537 -2054654.1575060938 -4499349.669028874 -70457.22564959676 -729157.216625562 -4834194.388979798 -5705730.60221579 2497667.864490231 3552270.546109772 1865532.1811982237 -628959.7751946154 -207836.332387182 1484074.6318494808 7327800.764445777 1545361.5943933695 1516386.7906980782 6011038.205558469 -6492214.750171106 539387.9092042175 -531836.2749581691 -1310627.5695640142 5117655.038786843 -2954265.104830895 2727682.786551482 2453580.3227458824 -846818.4662578334 1778580.9653964597 -5412030.237238649 -5888054.878949769 -8668369.779056905 4284386.294222659 -1751081.6748316048 -72725.80034175834 4445112.487341481 41379.53818305634 6046186.543585784 -6916511.540075388 -5565762.92830405 -5836005.261291051 -2934321.7590882983 775696.7134446052 -1150432.8289773648 -431034.1144100681 721053.7969591601 -3062031.3584314375 1938150.323330369 5884341.477757464 -11039306.254690297 5147182.102731893 -3402591.1681184964 -1442560.522253665 -1672939.5517363513 -1477203.1469503925 1363253.5291687541 -2154583.367013455 -1509291.9342708134 -3083630.499267566 -5689468.524399013 -1561333.3671272772 -6276355.798597563 787531.7892380332 -425440.1912863024 -845413.3826689309 -6312576.964158129 1427458.0223861905 -4954280.776131193 644496.8892983132 -1711063.3026013055 -7444821.183619114 6591878.748775822 -2243677.359587178 -2540846.6013932517 5317842.7424572045 -553055.4596221306 2004716.1732185574 -10140271.183093103 4801820.001483691 2893322.970999184 6681632.526045955 2433507.5308329645 2408097.92306262 -11192.322725370814 3389252.87601237 1041298.1877064133 -1547377.1467308707 7510316.393831625 -4032092.623342006 -3790091.6052689147 1328779.4075394203 187885.15037535902 1417786.671982523 1668923.8843894084 804929.234239593 4364470.007526294 -2802183.485646244 840998.7856405572 -421643.4275464049 -1337904.5591505324 -6034237.925544307 -2258054.979703092 2201416.2788029714 -593154.6954901663 975509.2508451667 -8995537.202020945 -3372911.5671271766 2163888.8750284985 3166380.8513423954 3306489.5638633785 -3854334.05626587 1289217.869395118 -6630428.514288493 3425764.333734364 -6071215.443305267 -568453.7475393722
-1752832.084930865 -6786259.384384771 4103950.569216639 31563527.295121353 5330297.636587907 1739721.4280296445 -7055685.452905095 6278820.665090653 421874.2796109174 -1626991.7201245034 -1393250.470400284 -3547886.412264831 -3122059.070554547 4171038.200042133 -627710.379245547 -4561348.816349906 -4520443.56197605 -2166995.6354374983 3981581.344756319 -58291.84008305166 2428976.3981096144 -3342438.127220446 2754734.352434508 -3257585.1806093245 3691756.5559345833 6207794.514966815 -4592580.16562628 -373636.1185219903 -503141.7719834986 1382952.4258342003 -2331470.018612659 1642561.759189997 -5359900.290042363 344242.70671482483 2281066.7575377994 -2108557.303223773 2735308.965093589 -2253519.91266366 -3859676.1739474763 -5715577.187959537 -4200842.505655521 7062817.685503359 1369958.417635403 3505060.8697000095 207430.512827813 446932.68311848195 1833878.392213878 1833547.5132822895 -3532952.437311448 2017399.952227058 -1207153.8742080943 5518904.191895747 -3941386.2165069235 1259736.8121303048 -695609.8109801145 2285233.1645311853 -4791131.193673105 768737.1614108068 -5675352.53944565 -849643.058363909 -1471381.8369455666 8859417.601095952 1784885.3969592452 -2665577.20824095 -3362304.046860185 -1249325.6978235075 4027224.2375059044 1202340.079785654 -348973.6085398351 -3514889.841473397 -2813423.57860357 -1319764.077984446 41618.70884172499 2845427.7036533495 4133079.817772236 -4497827.745277028 -4014859.822206807 -2978968.0106440424 -173090.60132594945 -6173304.011185842 -1547294.3305128508 -2291360.3505080235 4857889.20214513 -5199457.391829187 4228353.651030893 6015484.676480863 -627197.2989535213 1494249.60429819 -2973354.2669809405 -1633881.4827219876 43113.05207992561 -3766960.9778980874 -835171.193724761 -3199154.688054372 -563598.2997223941 -2258125.464070396 6961214.801979048 1869229.0070584638 -5131735.980206354 -2473027.938591984 4473879.788416831 -3559911.786293454 -1600020.328636912 3794265.587293631 7577298.628381362 7014227.070727444 -4287465.0605681585 1949359.4263278043 2707849.3570475434 -2338521.93642136 540108.6731526909 3052547.2551028566 -923825.8675551942 2283174.48750718 4676061.111617925 2438252.367461691 1466120.7255867333 -1991741.3080979257 -1497295.6392035212 2904378.2869097325 -2001928.2058819865 -892246.95526899 2441792.6644131504 5625212.012919836 3563287.380561144 -5598554.979162701 4219800.9204270225 -381254.3622682338 4086188.448781923 1785060.9347023969 -2653035.431799138 -2645642.6704305643 1768873.8782471437 -3969705.246403694 -3901421.794408748 2770116.0946304905 -7496853.551628485 -528325.1279292157 2095919.5714699596 -1971229.433158887 -315239.5729187983 -1454253.3124088948 3386168.2420239192 -4203170.534840149 5933331.730844413
-2280149.2759365877 -2298239.8453244367 756432.147364642 5330297.636587907 30435450.059011877 1450388.6678006588 -4596084.556289631 617051.4800440787 -2522887.9225353505 8808703.527655298 -5242111.224132815 -1609029.815933665 -354738.5375790335 -3156778.4773562932 -3147192.9896400813 124267.02717741158 -752640.4263197858 2978097.4828349063 1406411.7027132537 5310011.697101114 2914468.8318551485 -444148.78832460503 4030538.0995772467 -2451171.3113054326 986216.3323057294 2068918.1457328743 -965742.6597392673 -5746629.862567413 -1533818.2692069884 1572099.8264078635 -7816324.780449908 -5371399.685079647 3062528.777815624 -9661.793809113904 11099703.074385004 -5013405.0082739275 -642803.2476883536 -2789787.267408719 -4011590.2931403173 -1897648.8818403846 -3100471.55254291 1522276.5584555273 2838407.9402140127 -4543141.219618837 -5224203.544550679 2662793.878777391 3054423.839442824 4206372.524764315 -2607956.221120263 448254.7020554663 1530047.6280255313 3602709.2590830065 -3087548.60023299 -3596724.7139401 -4295443.985735177 2845594.9954989306 4882170.250168844 2205613.974961567 -878420.7605020973 -3405729.9967177594 -827554.8677989369 579381.0403771243 -4317406.745128204 -1483956.680093223 -5776306.799848967 1353462.0361563696 3512274.9124843404 2762965.349196003 544748.7872339058 3215614.9030448934 -1842482.1694685072 737140.7425790611 839957.0591928678 99915.0131817368 -1088584.9221703243 514591.5222341946 -2946519.380327178 -789386.9192253306 2019490.3203038948 -5805726.781313314 -6112768.613781591 -1475976.55207866 -231243.33845134117 1018420.9150798038 -3213395.948899545 550627.3016062567 626166.0520953068 2865474.4310300136 -517516.88860893744 -3090973.57416918 1364656.4720065333 -3727804.3478408074 736318.8852336861 676610.951777508 1993737.765544669 7446547.174101799 1656632.4175716504 -1094259.9517212089 -329600.500036044 5932925.361612499 11838104.012517918 5392401.1230846755 -5346940.58009626 295192.11981550325 742621.0818968908 6535955.863041727 6810161.791908751 -1438845.68956916 5499719.224058753 -1067795.2457994286 7158476.584016156 3513610.608344431 -1683968.212983504 -2979748.5599441947 3690215.7553394255 1870420.1906496037 6684473.941484428 -3684780.2717396244 -5179243.8377210405 3972659.759080752 -4275597.206038724 -416444.33352025016 5669820.366786981 2194299.6049613846 -5943114.9481665315 -543782.7891492504 -665331.9934117004 -3161973.070959847 -422762.6249291345 881606.7540171188 -2140031.374365308 5341866.3353543505 2309256.6281248457 29885.70017430406 4524177.92641436 2281820.0862748777 -2540908.3205849086 4877152.257975845 5326135.2486356 -1375610.5801564932 -443887.28652583744 -8021649.36638104 -6463774.444383716 649478.1601547615 4590143.896016688
-6006802.100391892 2136824.522091041 4315316.607676024 1739721.4280296445 1450388.6678006588 38772931.61456618 -1332595.8778514017 898935.4871490222 -2996373.147560903 -2045881.7664576103 -156372.71290610067 -116498.58039539211 1233227.08541616 1378437.6507096405 -4003370.7897072127 2620558.722920387 224178.30080774962 -1800991.9586705153 -7004104.6457150215 -4057926.562678921 1119338.0567528585 748380.863473967 1435055.3828848924 1803887.7131084371 444260.0761519283 -1073689.541544704 -5617246.265976025 -94334.07866532571 -7882950.480838748 -4437609.441224952 3838434.5857973825 4594669.199485575 -4446273.876971697 1771260.4741389041 -3822029.4050389077 -1892651.836480729 3939143.9685977125 -3048832.572032736 -42021.55176556913 3492619.9768441655 -4415555.484918237 -3567112.6235656166 -5303503.263518625 1149846.0132791204 6184707.378995902 -1466912.5135430812 3901450.867980756 -3066053.505610014 -5581035.150272236 -2350583.4533685884 3327387.86026848 8761908.1788911 3375325.7448824774 -4544515.786807022 856784.3375054614 -3706735.5564428116 -4344523.318280435 907338.5087584687 -3576083.1479245815 -2307543.3393467227 -2960066.7673154296 -48388.8944238472 -1784890.6373354786 3527556.3732120167 5105337.925890562 3176572.83185304 -244712.31087536464 5611261.270995372 -4109946.3578297636 -4583652.455185161 2088641.9341022682 -10713235.45934629 -1369660.8887444455 -8512961.729460957 1154214.7633060417 -3665579.2567441007 5345058.753533537 2826583.2555318037 1974499.3933930157 -699385.5411979338 1689628.1258575337 3057843.4786001816 4763371.938560886 2005184.5510303646 -2490149.2835288974 -4648320.310145631 -3373433.5553173157 7216651.44757674 -4468262.076050377 123944.65380979129 2495110.970452667 -3205018.8063318892 6912616.924126281 8708765.870763777 963062.7709553334 -592484.2071173503 -4166980.5741418325 630341.3287635046 -1815453.7445474549 -5589126.032362344 3039267.4803449116 1186254.3461640847 -3934715.1744661056 -5366161.488287432 3187885.0324508813 3177144.1321524116 4529238.90158202 -116918.74641635206 449241.49194650946 2441044.076904688 6720522.273816901 4142679.5900463234 1359751.9089122317 -4693982.041099548 2735840.335805739 -238964.8651938469 -2439675.0096334736 6331177.868253279 -1402979.0024791437 -6849662.23808023 3682835.7286491822 1728868.324932984 6393478.066100035 2012348.6173249418 1989534.0832877941 4212367.505843868 5710798.080292794 -1568919.2563006883 1863392.864333253 4936468.680348115 -4440635.448735395 1108220.6101420992 2924665.601662021 -655155.5975986706 -2691889.4734806465 1837029.2747852337 -8960530.612154257 3931097.350124745 4449734.184452734 -1762747.099873597 -6535959.048679827 -2436400.069083504 -9703773.735870542 -3712969.32803142 1769232.0054749425
1822590.4802781702 3357416.68397315 2076016.8965032322 -7055685.452905095 -4596084.556289631 -1332595.8778514017 35360112.59061436 -286611.20784381364 5763643.855054142 2800570.3014983092 -220069.03460572578 1170386.5862925155 3244096.0152000757 2140973.3802886424 7077385.266469536 -416697.609104568 5006127.809147072 -2210648.602550245 -4155076.421840464 2308171.513827357 2903515.423780728 4710656.188507064 5011798.002798609 -1725792.9312787785 6941666.715863047 -2509730.640427427 -199648.3749255671 4883273.451743242 2591512.9397484283 -275317.25549677486 -3653656.5770257083 2487893.2997759194 1564439.9123146923 -1417170.9524645484 378630.7569817147 6666797.022045768 1027738.06325481 412193.8865048163 4872148.465156725 -1312298.8561955588 -98311.94727020129 -5231460.27827946 -512473.4662038571 -5686596.950003217 2891979.6443937323 5117201.002729026 -5216504.181930132 -5740495.912468375 -7269120.432530623 -3609580.968905629 -1984743.0142055617 -5648880.974631303 4923805.412041255 840914.7950253381 -20367.126923372634 1792527.3905033546 -4417060.604631448 -2998178.011153548 712869.2793207149 28219.989436704916 -170791.20865804964 2869578.8048221883 1397968.4348599098 2290289.6819094103 9046814.310875218 5852710.276481957 -5420695.349762867 4102827.2847940815 1262775.2730882328 861051.9358660773 -6341967.922914975 -1756324.6003602052 -1447113.342678651 -1556477.0060558678 3826064.9510829058 685356.0487054924 -3608073.7974499725 -1762234.6702790116 -6039217.901542129 2677995.1707974663 1620792.2833807252 -546745.7687528332 -3394692.393880517 2147280.1123421798 4053978.4534526924 -1605054.4399357066 -6714072.868647881 4662974.093199128 3390149.606403166 -5595189.9754710905 -6729233.894541014 1708381.0219212729 434609.07115802006 3528212.9721011184 -6014326.367130824 -2594550.8100616997 -2707522.196022185 9037201.232085949 -1056233.7491779686 782123.3327539437 3513152.76358608 2230471.1624814584 -3362154.8305460615 6857629.885589023 -12356591.538307963 2953396.895347 536093.13465851 -1895729.3685755092 -6923605.458495241 -1812999.620967528 -1463027.7023628743 999713.2401697666 -4701224.840150934 164620.72751021318 2411039.116730908 -4912645.509783253 -5735588.287361577 1186920.7799291308 145638.66702054063 2644647.4670597306 -8308723.417909918 9368168.19008352 69605.68718573984 2545844.55344392 1220621.1894315898 2850311.936309975 -1774830.5696279788 -4717536.4016301725 2540612.2769498373 -1951511.6946513657 2333713.6940674614 -5386127.9674491305 -7482059.531909464 1631020.3812008887 5042565.70268882 -179468.76024896099 39127.40161266474 8344790.187556565 1809656.565560266 -2124788.197952245 3256597.2606006544 2530634.028099238 -310445.2892111964 241801.47467927553 -3105522.8230247013
-6637433.001754915 -193870.62348029466 7141792.378450503 6278820.665090653 617051.4800440787 898935.4871490222 -286611.20784381364 36202247.41606998 -1663492.0501810147 2734934.535046023 -2740603.548160982 6433337.34969146 -2125255.441638691 6507769.000958727 661612.8417966523 4079241.2099894346 6613783.214222639 4301941.865131086 1598813.5466164835 -7947149.7088246085 -465907.51608440746 -3161614.27120599 -513365.34788089886 -2860732.5570214996 2468631.5297896513 3061996.2259168667 1963259.2752868824 4192904.353652449 6360023.473285389 502634.448824113 77605.81228772967 1341042.1497176026 -3112757.3818636695 3868616.5218460057 -3401995.2510451395 1227199.0498527645 -1736596.75911532 -5130454.912432239 1649406.0802105875 3800334.253217872 -7219342.932695201 6325186.7275712835 942957.9699916673 468143.8216843223 -7227086.473236018 598952.3553961373 -4261215.883080269 3573475.3617686876 -2496492.9284948027 1708268.266286367 -344518.3971788971 -2813084.713335611 8502630.309546314 1649933.7895504 -1771830.9249229874 5611417.9934009025 -3259628.825603427 2183201.6552376673 -4541403.039346423 -2029763.3051511259 -7114609.748475225 -146901.74252411953 -6295485.733207912 -5124057.801764967 -2710890.751776069 997593.0610476696 8282160.753449514 -4323956.254495449 3632734.7205084036 285446.4644968602 -1740884.1872224705 -7582346.612025872 -2885904.078782934 8419605.221962279 -581109.2368384833 -68977.00330154368 2815802.1239708434 2877240.8325524926 30994.77223307028 -316867.3250066094 1086236.8677577209 3783905.4035494593 858276.8837857979 -6751285.494530642 8372002.009126324 -6694659.516425309 -7835911.819289367 -4691966.59205389 5334872.505374502 1765228.7988220835 329207.0665021704 731621.1681834626 -5603683.663936019 -6000926.568319718 -5126799.317246712 924011.503502422 928403.1679613441 851148.151955974 2641845.5298448442 -954669.6426753035 662625.4995255818 332703.2438428858 -823930.4746059666 515378.2504513487 -3803494.3005532585 -996272.6237054265 941306.188317239 3791313.286127732 -773974.2078131225 555837.5276242031 -788342.3953548083 -6945830.46324337 5621851.034342616 9520813.786339363 7718087.504467881 861301.6191296648 3368710.4052881445 -1644286.245524835 -427027.50665381085 359691.4380699453 -1520340.5197118772 -5543397.290222609 1032108.8302457883 282823.2921041128 -1321403.9480782766 -2307435.828774935 -4176484.1121591893 -10423273.07596539 2479514.361465785 -561918.3166688132 -168075.54110070088 -7439602.826505335 -432721.3948482654 -2645560.128230587 -3757072.2914860235 6108091.929248226 -3673902.132753953 2113159.1220040787 916239.6495641611 -502632.23461447324 -6079643.438937928 49726.47536232394 -437789.0300952998 -453541.9769027168 1285602.3054618973
4515102.325668654 443274.53456719127 253447.4806879613 421874.2796109174 -2522887.9225353505 -2996373.147560903 5763643.855054142 -1663492.0501810147 30497377.901914902 -545068.0449815711 -78981.29291162144 377604.471988699 4633833.53108921 641089.259174956 -752602.0942624225 -1786874.4510350616 2754109.7948928582 -1968110.4634099205 753475.785746658 -145367.8694600141 8054998.960595331 -2054533.8049012225 2407964.6398528344 4705962.937777144 1050604.7590871747 -1933227.4014941205 3777102.950548812 5318590.987357994 -364885.0749373062 -1651828.8544227926 4577966.176338978 4597827.165610613 -4594873.11680337 1814788.7314750063 1166758.927608617 -300339.42817269417 3058831.038629464 5569919.788367245 1865683.1385419369 -2060620.1544972295 3089507.242507052 3037511.717189152 -380349.02093417244 -817385.5081066842 4623912.267729252 3462038.713776579 -2929646.9264894463 6975562.5229781205 -5261354.372481728 8513178.100356417 3970210.5242729257 273782.0367777982 -934548.7333165201 -4898623.025158268 68057.50981013868 1708519.75050336 122735.57933429055 1624751.1898214738 8648213.411822565 620346.9946709464 -2033362.4417030246 46278.165394969954 186793.76269845778 -340177.61830590304 -1690890.9892003702 -1249116.140527922 -2174643.5994754527 -1743049.3768487305 3767993.8034182987 244425.3659517421 -7484551.549195318 1025400.0461251426 532060.4845982612 -2128593.660555831 2729827.259540144 268627.3149925844 -405580.8880127056 -3392478.4603714678 -2603133.944894745 -4701100.25059209 -671272.9009745818 2048509.8762335356 -3243583.6148401317 -5351144.457838358 1037544.449622047 2315924.1097671674 -2424918.483864949 -659022.2501758502 -10292676.551047774 -3019366.7152801147 2296783.988308714 1493218.358059972 -5669008.468656478 3189510.5129497447 -1641475.1365568158 -1972713.7331008033 184912.52476304822 8522212.783239562 -1941498.6930965418 -882645.0316665417 -1152835.6747474328 -3618519.7828171467 -1749262.4087128472 975523.3787112683 3991691.555965215 -3222976.4116346356 1066293.6578360002 -8304474.70330709 -2234479.7431941074 -54707.23185983995 -598363.8900004858 -6202429.787758634 2981197.978761649 -5535509.073245415 6395597.938161899 -286862.13492513273 -334473.8710593678 -10669511.883676277 -2775500.0599593315 2635202.2796077994 -7724323.094852979 -679702.1978704873 -5225329.658685498 4377501.875962119 1062537.8161240472 -3001683.339546556 -92848.21216953603 5008307.799714835 3596212.369393649 223917.91985065668 2658762.373131875 -723650.1306283688 -3250001.750290881 4567625.151326236 -1561672.5518992632 4408124.481709526 2715535.035296849 -3939555.3245071843 -8330450.65319282 -3366328.059843309 521150.74323265266 961518.7306929937 375835.4001107773 1852425.0607509918 -1489996.1779577907
8643563.11628738 2856594.9697532146 1659521.8736589688 -1626991.7201245034 8808703.527655298 -2045881.7664576103 2800570.3014983092 2734934.535046023 -545068.0449815711 32748310.356096543 3780773.552796668 -2057586.9781558912 -787310.6876093415 -5652311.698493658 -4639695.469546629 1991906.5320905382 2992422.068800991 -2566488.5848385524 -6853634.0394885475 927431.9295962449 -2859147.821571631 -1650393.1767520895 1338504.723393553 -3785878.0498537445 208851.4621132937 -360219.9215154926 -654099.6158515213 -3338432.505162964 -1580967.3978975464 -6598665.09335529 -1404761.4977780932 -5310794.447530089 -2598427.0212889933 -8611258.158878807 -1319147.7774974124 -5078151.733386319 -2174445.534768265 -5022137.277057211 -6089256.950073257 -330419.87450299325 -1519117.820387453 -5964454.558109215 2906731.61825387 -1838202.0526348315 -1312946.4859586293 -4104671.9453062853 2389005.1825108523 1406502.1551859842 -5092278.190131213 -4788334.381513042 3709466.5644020545 5145495.328894191 2769478.9879399966 -5813945.712347642 -2961148.2969209603 3406109.716359215 1703416.3391030575 682404.0459527104 -1417939.5357818268 -3953568.454119283 1629128.1150583588 1158290.695779459 -4679965.883207841 3113913.2176418896 -4396937.847730601 520223.50961953594 -523117.59411172714 -4374607.1928158365 5778208.416017734 -2898735.4872910036 -7981595.115347736 2180666.040788673 -2375361.3066776204 -49721.46684242126 -3230340.999289769 1544604.2650863077 -1867067.3701239144 2305098.1630093358 4873832.998378153 -8643481.520900287 -9284644.700513542 4581561.932795809 116616.88240205726 -584044.9595500244 -6330213.349185962 197511.7114397841 -2308658.626822463 -7118023.834761589 -3706493.0876688207 -954337.9917333102 6369872.868716007 -328343.97975283075 2859669.8386373455 750056.2692499425 -8927007.5250416 -1716993.1547904403 -189443.1488940604 157913.34443251995 940867.756320403 2092201.0861674713 3604600.3118453356 118280.22934144258 -764932.7018875259 670535.2265845675 -2144946.922035389 3803143.973269247 6832737.711742752 -6869807.651241021 518430.23577515053 2423129.3050297434 1975852.3462871714 9193538.80779297 2535252.6941053676 2235135.2456563995 5620300.039834769 -5604977.768554072 1415086.774387909 -427236.7320308727 -3840743.902377662 -1039086.7998824719 -4861055.063884263 1470749.2889181068 5361417.892093897 3722015.8947491613 -563133.3281317682 -1975019.3266986632 -964815.2664025518 -5243485.108668943 -7110701.308763461 -3464941.511201205 -4717486.3653343925 6065334.562723819 -5246709.810454281 3720186.8406821503 -1521792.394321915 1048302.8314422873 -6375373.185667023 5337736.475333277 5752571.94420696 5801242.580552217 4327324.681135464 -8233404.788512669 -201042.40174470615 -1173473.2409981468 -4286411.841948948
2328799.3234863123 8335556.040816088 1983866.768348828 -1393250.470400284 -5242111.224132815 -156372.71290610067 -220069.03460572578 -2740603.548160982 -78981.29291162144 3780773.552796668 35557644.70468723 101997.87534814491 -670583.276218118 -4576787.938100188 5056515.416226366 6034302.632519061 -988117.0213327045 -124741.67648845751 -2257699.9013825906 -588902.1787391201 -1682018.1278965818 -311873.2344688537 -4086422.8423797702 -1841613.6271013247 1346405.6212996698 6092498.441258373 -1389236.6713470565 3724263.3976366767 3503680.2158868266 -3430929.4603869547 1653999.5724710845 5302054.679742263 -4168534.877563472 -9195081.330121398 -4526929.621741947 515289.991989453 -768382.6019541463 -1236369.6950512726 332438.7992081405 -2953513.6625720505 -3402928.6931416923 -8080674.5560531 -463946.21341173124 5509055.040702399 -4969121.137065515 -1284189.610948383 3287407.1587547045 -1082226.894127577 -721114.4750342309 -2227099.798768488 -440586.5327170046 -598217.317130544 -3295157.9475440187 -3034018.548497714 -4613871.463737792 -9717015.091424396 681246.0019722258 2150481.1297239014 -712799.6258928069 -1629954.7757036681 7402805.060243251 -4201461.5151368985 1363511.4533872765 -1067841.1033820112 -2215736.1261713463 -544352.8365312242 -3466466.836320927 3206426.4304312086 -3087529.8167834827 5471848.549620613 -2810112.2332526613 -5469036.438263414 1476862.550496995 3221226.921989829 2219261.913912701 -2622594.7272329438 -814878.4062864397 3317890.1990233012 -469983.7906198697 -3547736.920748748 5945652.395221705 5192598.525244186 -5157632.7735602325 -1072625.443312609 -2390881.6021930776 1020706.5511593318 4663940.259270485 -6907012.028365074 2967898.171916334 1058726.8691270356 545971.1890474252 -706632.6426000668 150554.18773229793 5229379.488680546 -4220303.505387823 -8618043.505666638 5090040.022835859 153553.1752787819 -6919858.011785255 4935522.360460539 -1019305.0047399342 -6473730.909118174 -8769555.480135974 -274150.09067497944 -413811.11590289546 1957827.009648249 -4784227.868952014 589443.90362245 4077123.9643683084 3054989.513539206 -4713067.702735127 6607882.163164017 1437312.2718042822 -6556413.677671538 -5432720.545960369 -549789.736332769 -204288.2469694221 -2074492.1111156708 -10473282.666386817 1880278.3944309996 -4232404.94045205 8385023.081589283 2386125.3472620877 -2809235.7336499016 3062593.1318712225 -3060651.4819157235 4856904.3794354135 1743140.9009616857 -11272138.373266013 -4243447.355945202 -6491975.930427321 -689808.159375201 101070.86630477513 2859933.9383549276 -1827666.996469047 677407.026249259 1151092.2586617314 608828.409473479 -3685189.761055996 -104968.2401453914 2807113.937957149 -208088.12745385343 3277689.935862528 -3280530.40866328 -11654478.02781555
2376795.8577527525 -1843473.3117821629 1135290.3687321525 -3547886.412264831 -1609029.815933665 -116498.58039539211 1170386.5862925155 6433337.34969146 377604.471988699 -2057586.9781558912 101997.87534814491 31983099.48314516 -251379.0293411839 2504587.7636764464 -3404730.4895057185 3646169.6201278195 3131407.087543679 -3908547.3909568475 377260.79805873934 -2777691.5806444464 -5117135.995489456 -1805387.264948415 2257258.46653828 2492019.6445194646 -380623.85566716624 2187368.5477553783 1357293.7992745526 3317087.002827638 3315472.636239891 5580485.311925311 1708735.8650791508 2922668.895171915 2093731.8204229604 3079241.985095155 1549956.718423505 4452480.831369068 -1131877.0142813895 -5861609.660552006 4380977.009207948 -2887934.732876617 -2458456.9077896914 1639625.4887232422 -2419653.0114076594 -6274476.539523288 -4273051.270653162 -7472285.89156042 -1473926.7007873703 6093700.407157382 20359.05683061003 -3204885.518776151 -5303936.679994841 -4495871.0155820055 3563817.7625363674 1371174.894478045 11977.0751063103 -810696.4834185289 -661385.0403450355 2735257.2111190776 -9588497.418067653 2849030.0914582363 -9090686.83402786 -526938.623173304 -7295029.101182287 -1893565.7035524852 -1866927.2880414552 7211.866362740596 -1142984.4628358404 1769253.3608154468 50595.88069995292 5292894.991861473 -491886.7337990737 -3807395.198978125 5497290.965605902 4582237.616226083 3789508.981461073 303144.63391396037 -1898401.7095456438 4659468.6939097 -2622866.6811465677 1920491.6984979785 4787846.806918438 2580664.6295206533 -3580377.1876571677 -3617041.5576434424 2406811.229713641 -2956485.8214279125 -3410796.316394209 221026.96780898317 -1722536.9565382528 1580053.269066877 -4350693.871631361 -723971.6143944315 3798599.909383614 -4401117.346509293 43445.000472566826 -3898751.4408402503 -3040220.6276608086 -4405328.895368263 -1794849.7872094284 -3076193.6728760246 -2745272.9762434587 -1677224.9018722698 1384709.476288619 979811.0588968345 -292012.9354890205 -7170589.851768263 3029396.7900825976 7112587.306562259 -77942.09915049642 721104.4623750324 2831923.4223481896 -2337317.845312809 -753725.3008370191 -842526.7520662314 1826072.1011491593 5973430.731939487 2254880.633396099 -1023610.8796321222 6311399.569448676 961129.4338990581 -2404069.145755265 -1847179.4726787168 -3312106.4686343563 -1109780.4421425336 -1892770.3059028846 5784572.0773821585 -4167731.670426153 -2501818.833142237 -93458.91045890738 2529409.517243331 -3542316.137607932 -843948.1559368924 -7372076.269526381 5366550.141418611 -1711394.1362883518 -3546681.135321536 1743216.704280284 -1394573.6263891857 3020185.527368236 -4285042.701210866 1631415.1608244034 -4474197.828919724 4926044.058745273 -4615596.660857067 3138840.430045346
2857297.3295047125 3219456.6527747335 -558927.4271194568 -3122059.070554547 -354738.5375790335 1233227.08541616 3244096.0152000757 -2125255.441638691 4633833.53108921 -787310.6876093415 -670583.276218118 -251379.0293411839 33196232.57616822 -654761.7503805284 3212939.7301310883 -881081.1006450508 -2514257.3154571084 1656061.222172844 3180982.3437277465 1226986.5048321693 -641902.6984629501 577211.6370191214 -2849036.284623992 2091980.4620760365 1980419.826375287 519002.0592323913 2662167.1080023814 2960907.90775878 2376836.0967379855 1783243.8949829119 -1161296.6062727373 997155.125987081 -5626277.449208321 -1286260.574528752 -505543.7286120274 2449271.727485907 4084587.900719123 -4420770.245136345 3201359.575472128 -553403.4967150735 1248489.1838459226 3270473.2322180024 -324387.20040836156 -5767767.562638966 -829440.6966152142 1000825.7609825215 -2755512.5355389155 452089.97250323935 5320072.295313222 4011821.0259509087 7651666.695627301 3118312.1370964376 1465254.676091661 6101531.828193054 -496129.19587291835 1862692.8549472392 705704.7185482994 -2555046.8350189365 1210731.167026671 -2499169.4685257934 -271503.46714598016 -595389.3626528027 -1964772.940068732 471151.3324409685 969369.9837050495 -1046725.9038909517 -144212.98872738724 -635126.5236266433 4775147.009411849 1165964.930053782 1026778.4092898277 3295164.7948946655 -3869673.478149731 931715.6363781343 1193913.1699766524 -616463.9681001548 -2458857.5739034708 -11334100.242398975 727954.364908058 -1967471.9295896285 -4307425.052294393 2119088.8136647325 1188750.8485007526 4823243.20208863 -460132.73335299623 867724.8795456195 8755154.25088286 -599243.0443610556 -3572191.356907816 -5123626.291936885 -4561475.846708583 102484.08770557148 -3942393.7189011755 6506757.192005438 -5404370.129058893 -738178.244400425 -3979209.5876044356 1001217.7468833226 1506163.7977934491 -508490.98298006924 -3577490.769697731 3740435.379932252 306872.992361753 -691422.8777512574 2550022.127817936 -3134393.854289691 665116.1719096067 -1638730.6253127642 -4840172.334624706 -8715608.58912602 1756706.6075526685 -1672850.921723053 5999882.988583957 -3090439.941114599 -3619978.2132647964 415516.24580804486 -4213364.162563006 -1159745.9526275843 -3318596.951323555 -8068972.396883271 -4294065.349562191 3226756.297020759 -6936750.669876042 7481427.866554735 3249096.4680833295 -2486223.3434021086 -6086235.257229517 4946012.560701497 1872262.410208168 -1930129.464178546 5931160.381112739 2634347.990889333 -7859138.420794487 4273217.339061994 2377067.293783255 2239672.132182584 -2315212.340688702 4422205.797175084 485139.3789314873 -1286773.7519204447 6885205.737613902 -1027170.9375172064 -4833430.143169636 -6758857.647754883 4455321.237157384
-1632556.1872527003 -5490288.035978213 7507249.550562559 4171038.200042133 -3156778.4773562932 1378437.6507096405 2140973.3802886424 6507769.000958727 641089.259174956 -5652311.698493658 -4576787.938100188 2504587.7636764464 -654761.7503805284 32676257.599888574 -235508.99141301654 -5496456.966499975 1824704.3507069303 2027069.360766747 11059846.061692696 1087960.8784020816 -1506445.9329474806 7334113.4040606385 3430074.56933156 3011531.3683790574 2326914.7238135827 3933486.251112678 -4109856.976432053 -2242.7933504737625 -6766518.705196268 -941212.5717444385 -348261.0919767712 -319709.05892312515 -3918036.9404795244 -5824.713424875299 -4318198.610546952 4245717.26264038 2974575.91131122 -1450798.3152609095 7316081.027363944 -3225739.9514080994 -86454.40711453433 3399423.7461289926 254863.51763046868 -1765642.266169754 3191702.0933848247 -137732.28597515382 649604.5790330822 1866728.5929171278 -2132764.6770426515 2407314.2147338167 5432684.876206999 964675.0220350302 3840108.8302491605 -1994947.39490852 443528.37180733745 -765508.0094189306 -1568469.3707180726 1192983.2834972267 -493925.7916895215 6514714.662685528 -2940007.95944858 -2551898.3029277897 657129.1334133106 -1591221.3586568614 6045402.180903132 -3392549.0015983614 8429971.290908359 -2323972.8291985723 -11540926.097111912 -779393.2302092514 4333691.087643851 1182284.500836265 -631069.9540270448 -266617.5917184682 5308931.878311151 -5466607.015695484 -7574253.05447905 -5567715.462954047 -6050121.966511093 5706530.532052072 -2202977.5063405004 -5001599.532267617 -6749524.651697557 -10168413.671808409 -5552109.271210745 1423784.8304803043 1442961.1861343004 2568279.9670810644 -1062695.8395623856 5460690.2994833095 -10294440.812339552 4266493.403709778 57656.71379677042 4593162.339114096 3357161.650929085 864427.9883594164 -1672238.4502372523 4211123.316302771 1405223.0145850184 -6667673.462504104 -2529315.3696793034 3074.614057782518 -822482.3194062883 5509901.6368107535 -300302.3122326836 2302584.424152105 -3137447.8192977626 3107474.225121529 953235.6225934669 4525085.185508792 -1303725.279134357 542540.1160459119 -236518.26859900093 11004798.881215485 -760456.7747359293 -4667281.32603065 691857.2977332651 -1761029.8934064163 5708075.764739752 -3516904.1067699674 -1963322.155405594 -705571.3761630052 1940197.2681719125 -1724068.1282667278 4865107.232526043 3433172.3169976533 2289698.2534128446 -3523872.595418668 3884089.6960798036 6451608.178545497 2832150.097889337 -4496020.16875092 1775827.5700346918 -727577.7697056062 -588671.7987516786 -1248201.3812544395 -1125098.8585132696 1174058.0661153384 -330243.69484697893 -3349210.363033924 2009739.273146373 54578.74291971568 4470301.092268875 453891.5696641813 -3908722.0466331793
