34455338.10326399 -2681506.1045075767 2674699.740672497 1082344.262788034 1399322.1038992226 3116246.503959519 4691686.97779757 339433.2716433073 -6431816.622407229 -5591360.163806105 -3019704.3255545255 4561421.358432568 741762.2074728559 1323954.8091245722 2598231.222958828 -851631.3107580595 -252833.53263649708 3295393.331284887 -2057259.0503612086 917046.0801390962 -4592493.578613355 1195181.9722450364 539405.2637316075 -867823.6834077161 2983913.36273951 2689146.458552406 -2871651.7953529046 -3612895.2313087587 -607691.4466686083 -401563.69785041176 4210531.381135383 3881658.3830172503 4184983.1019577626 -1671116.2570212379 -1649427.0779056684 4722651.132916562 1368208.9987480706 804051.6766334878 346100.14929475845 -2665159.518656119 -355522.3929199452 -861757.1153593749 239666.16149587082 -1285445.3629582638 -2737173.246408422 -2006466.314351251 -22069.52117414207 1521762.406533596 1427182.8929766987 -2174806.9213208584 -184295.124607752
-2681506.1045075767 31838044.2810821 -3576026.285451891 2258816.9803279135 2366057.2599364924 -1106158.8731675153 -4641415.8626983445 -3096294.8964047683 1490955.762510621 1399820.9062214387 1542696.7468330166 -137120.925551339 -1065072.4247684863 4167459.3166565956 646399.3053632852 1009041.5678683725 -1168854.360822668 -1633718.5858931567 4202614.7468855465 3271845.665790167 -57971.851036194166 -4207515.373464865 -3402187.4640543144 -1049261.1067469206 -785678.0387371137 522844.28507295233 -1214175.4212112257 -963953.6357040997 1960573.4948447372 -20741.101452658764 50478.71509127636 -1272550.0659812754 4607397.465273726 -1032256.6330246554 -2559658.1809685836 -3308352.6925168433 123547.4162201018 484029.2163365056 -646474.6108439185 -557823.5028852122 -28375.903021675673 -340951.93288960867 3534801.2480266285 -2849699.0977901937 -2672343.9618265573 -2419503.598803813 -3120706.5480071995 -131722.88398639063 -46718.95233072782 886771.1143338464 -580938.2745622838
2674699.740672497 -3576026.285451891 31997471.499685418 -491929.01320725045 794918.604452274 2309497.6804992207 1621764.2772054328 -955495.4330496151 521505.75431133824 -3676607.0770732765 -4350097.475639627 -1375601.3411707622 4343186.103288438 -1232742.9069409843 1032104.8918519011 2555584.2866707626 -4309476.721204513 -1046169.4105383066 -305443.01467489 -4605084.801569344 -2153568.2673251135 2347842.5942592397 -321573.62283031363 1424311.85506568 -3427835.9989843993 71802.76683144223 -3797150.4934101026 2558440.428353689 -2068872.8153710356 -3217831.4522834783 -350540.6094753573 -1064886.259388699 -4063096.171587051 -2396965.9896511585 -4402506.705126023 671858.3142933967 -1402743.5257494887 574343.6952742144 6783872.234569815 -3919370.592125273 3552384.6918205083 -2449076.7259001024 863810.6311279609 2986231.6457789782 2821987.5318074245 3729097.7112529823 -2148227.0142743555 -4462047.8931429675 -2506506.428637425 340838.6617221784 2463987.2740171496
1082344.262788034 2258816.9803279135 -491929.01320725045 37672233.169045754 -1140859.043108808 -2246864.4398528533 4014772.9035471743 -1337974.6652243838 1105620.520116439 1006116.2265062651 -1634201.694585861 1820920.1985364803 1089235.5453298928 -789739.8224473181 -26516.014265766586 3199497.207406539 -4455072.218349315 3371100.608310625 -976737.0693546454 -1541467.065459524 2227921.651169537 -319171.10866213706 -94847.41087057545 3133664.0540348995 -2522208.549887467 -2841481.770333497 3634817.211107674 2638495.0885493974 1589800.5249990583 2423450.7660008357 -313766.8407173235 2716033.486510731 -1590675.86582221 -1706156.5245929533 -1957185.9458241994 -2421036.2406211854 2751793.4226380433 3410066.4911162895 -354941.8036093602 -1492943.4179909183 -1380022.487707187 3078058.313634778 -2706062.844064769 745426.780477266 -1192033.1627343309 -985464.9126982819 249430.33765590933 -4664155.573976166 -2344487.7817064635 -2264747.025697513 -3140472.644149971
1399322.1038992226 2366057.2599364924 794918.604452274 -1140859.043108808 34267254.188741095 2181244.2111736033 -356996.3240797336 1200939.3776467196 3489432.291050008 -887011.2431396265 -3166212.0353747923 -1712818.9930697086 4222905.222655937 3531424.98282954 2503135.298939015 5278846.234662308 -2357640.9684577375 -798247.3700668889 -1846481.0907095985 -2204632.657382727 -3122073.7465621084 3397373.4794898075 2340759.5332251657 1651192.7311638766 -4837978.252909479 -769229.3618696042 -4377189.061438846 3844904.9667949774 -1048774.641043525 -763342.7131499902 1507793.9423016433 2310783.9838812393 -1416504.5201089336 -3215994.1554989954 -504059.5293606215 795717.8245796836 -222650.612688963 -4042280.8626397774 -2855766.774252411 -2078714.1937838555 1520284.8794183119 -5548716.483813214 -1654558.6173297663 -5892882.385919296 -1070884.9359652575 4233309.705206524 403253.6301078518 3121584.5238764524 -5123709.4909259565 -747105.4821126162 458744.7774247248
3116246.503959519 -1106158.8731675153 2309497.6804992207 -2246864.4398528533 2181244.2111736033 36288183.556369655 -5894484.291544074 -1797417.7456098872 -586599.5202262298 -3249763.7407083083 820890.3433829987 -1000004.8846747801 3021796.4002345684 62661.449286901814 4004848.290849121 2375976.6795889065 -244132.1239218277 -3644988.9450633586 -410830.45490557875 -4857325.059605545 4060695.6104485556 -3353237.0348589816 2801692.747554746 -382945.39125432173 1394912.349337365 -840118.6489110927 929784.453466984 -2540443.5561512164 1359715.9584009072 2533917.912400368 -2071992.782343459 -1873810.725774044 -1888294.1271204012 -344811.2414736628 670154.8459855659 -2119282.969853005 -2407769.271081207 -5700843.550311373 234821.6266925727 -6550826.258698804 6081292.640199657 1293699.499145611 -1373383.3687203105 -693376.3120049642 -2157069.86509555 116164.95485415711 -4947595.188148015 263751.3090178366 704079.9681140428 878272.0644760103 705820.6087329739
4691686.97779757 -4641415.8626983445 1621764.2772054328 4014772.9035471743 -356996.3240797336 -5894484.291544074 34966126.606111266 5812216.825981942 -2897924.7358184415 1629239.3903270902 -1971488.0955536235 3020188.4847291126 -2058615.0627310742 -1470075.311331545 -4112886.2462178823 1839306.569713087 -2711971.370323245 1413022.4313422078 486540.02297010995 -1011311.9806255376 -3387864.194455331 746866.8098305531 -3338957.549933385 -3492852.730621831 -590711.6936170248 4464538.441016073 560218.1127403533 -100394.6773897203 -363637.4876926503 -907526.8991157525 -564420.4498616385 2080422.3562311635 2358876.2268405785 -40898.60294880431 136314.18325351 -88524.55936675417 1427643.907173729 -1780626.7449880596 5007367.97984897 1808555.0391601175 721317.5858851192 1639743.6401848882 2086011.5833982907 195429.2385792036 1453967.0739236046 335334.22341752023 -380217.7699622368 -3069156.0299370987 1314763.8874079236 1909781.6230759309 1064192.869571456
339433.2716433073 -3096294.8964047683 -955495.4330496151 -1337974.6652243838 1200939.3776467196 -1797417.7456098872 5812216.825981942 32666807.59195841 -1140722.3362057614 -1396692.6272631288 -2675482.5408752565 -4387348.504922786 -352285.7189827537 5484279.970864781 3780974.6896497905 -110332.73757401993 1230531.1484014194 4072798.225547369 2410390.993936212 -4001342.162342425 -726642.7020295715 4227187.364000186 5558033.375286884 -196764.03823000795 -3805962.57883485 917811.2045577314 1883906.505063907 -4374970.847164036 -2019104.0651031714 1661230.3345411343 2160525.311267487 4050005.4444797034 1224246.196665656 2639911.6800884386 -1001377.0319695931 689863.7015954606 4254460.508566679 -690110.5460007105 149429.95311108136 463165.3490062441 4028362.8636853253 -5815177.773437229 -366181.3973350113 1824278.4565791267 -2843741.854619357 4111044.6236340296 5249710.111708546 3821796.226045388 -472457.0284504526 -1135614.4881244523 -2008132.2712754433
-6431816.622407229 1490955.762510621 521505.75431133824 1105620.520116439 3489432.291050008 -586599.5202262298 -2897924.7358184415 -1140722.3362057614 33829307.42330371 1938314.397634419 537599.1507640893 -3704380.2215474485 505711.3157020542 -2020705.01766855 -14860.643226535924 2037801.404646518 -217943.35221154263 -1197072.0750906598 -2827979.8515227195 3802401.7516415273 -1608928.0014168983 -2725941.2917764387 -500098.02387132426 -2675375.412247515 2621472.9161024583 -1677800.0564445602 -1347375.835537619 186717.49250587996 -1488483.2552736155 1173454.5341898564 -2405542.4842769625 2104606.325369768 1272445.8943434248 2581421.3744576075 -1489960.8497606239 -4027586.237667309 185856.3629372236 -1554551.7741104334 1249209.709333685 -13977.289752965024 1368596.443450984 -3343642.008905115 1871102.0671189572 -404211.66583501344 2005051.5689653119 4440302.728975717 -2964698.9358684425 3769115.566875781 -182296.54238180144 3777257.4640888623 2517837.8333662194
-5591360.163806105 1399820.9062214387 -3676607.0770732765 1006116.2265062651 -887011.2431396265 -3249763.7407083083 1629239.3903270902 -1396692.6272631288 1938314.397634419 37900063.77659848 -1967245.9832149893 -1695434.455480972 -2012139.590157836 -2099222.429490167 -468273.88118270977 -2784186.9512497806 -110951.18056180462 -1077161.0054168059 271174.6883881493 -1166069.3157560576 7475.07570203749 1339318.9312421642 -956421.9724806043 -96804.42833402898 50760.28775116075 3690053.4800685006 -754276.009251086 2743642.2141005625 1372033.7029519137 -551520.5478099005 -2416420.8509186218 -1164603.9702452382 2283984.0390194347 -819442.6083772242 -1456203.8802418776 827690.5650606354 1419205.654411028 -4630318.765749845 5221973.901646877 3960734.194283941 2284458.195369036 -2570453.4247776093 221744.21386879522 -2834745.0796761746 -1261276.029431732 -1912043.201631524 2932301.4372211676 1175636.530127329 4001329.8361309282 -1344873.6120547904 3209574.081273239
-3019704.3255545255 1542696.7468330166 -4350097.475639627 -1634201.694585861 -3166212.0353747923 820890.3433829987 -1971488.0955536235 -2675482.5408752565 537599.1507640893 -1967245.9832149893 34206205.46868325 2356866.381804481 3061057.596243548 -1338210.2432456343 -5538747.694368377 -7643447.229289036 -688637.3892475917 -1357371.3502611218 1451271.1475688347 1099391.2164094143 1718017.4783198452 885000.5859800447 -424388.59123643604 967777.0988337917 -2316892.428319699 2624873.4134194525 8332084.703560048 4240673.19300455 1578987.0614398252 448685.76740888314 -2852068.9286646303 -3818794.0121623594 -1980211.5545711778 341.0433517041879 -1582641.9892729062 399552.6491615218 -3325360.4945268277 -1511716.5666649109 -1867529.7887676768 2355686.4591816375 -1829481.9046892254 364906.6523182059 2430653.8553398885 -702464.0590681745 -1198356.25248581 -3691812.0451579364 -1429358.5083070712 1216024.7010282495 3269969.2407915248 -2553467.6453540884 -197677.20554961555
4561421.358432568 -137120.925551339 -1375601.3411707622 1820920.1985364803 -1712818.9930697086 -1000004.8846747801 3020188.4847291126 -4387348.504922786 -3704380.2215474485 -1695434.455480972 2356866.381804481 35384576.50090473 1762042.6496276152 -961910.2933316256 -1916786.0948921973 -3227302.5634002015 -1505986.8865504814 -1415424.6756016826 2088095.5432828849 -440983.5466280176 2147946.446615628 2648347.764679105 -2680967.899732817 365138.0966722137 -2678768.9752756385 3703075.860748006 2291287.49428089 -990979.8553872842 4561448.559351207 2594045.5648248284 425341.0217097698 395132.07669064467 -1795970.6037559975 -3027170.9706024355 -4574667.985206017 1411521.2930964779 -301568.45483773603 2618622.6115590916 2872819.101621475 440161.53630550887 -4635656.217901121 -139303.3109754664 709368.0155529719 -5726399.213578077 -4176050.985180753 1226038.3521203143 1127663.6842592054 -2576915.8115803213 -1769926.9120523091 882710.8786466946 722324.9352744613
741762.2074728559 -1065072.4247684863 4343186.103288438 1089235.5453298928 4222905.222655937 3021796.4002345684 -2058615.0627310742 -352285.7189827537 505711.3157020542 -2012139.590157836 3061057.596243548 1762042.6496276152 33295617.573472712 1705154.6186301354 3261092.882575445 1469379.519276817 -5716976.058496345 122199.02038510251 1925967.6840099015 -1635704.3928496225 1865746.4292327818 -217025.294094607 3022808.7310602097 -1546270.047827531 -4964648.436296702 -2214130.9809153564 1510226.737431287 6471.801025911707 -372711.1491833402 756453.5187548532 1299305.7780529596 -3339963.3378721694 -2495362.507160329 -2704418.771605568 -7331053.413581333 1633013.2893636872 6506221.960949614 -2049271.8648522098 119215.88859092326 474220.23231155454 5182274.920012765 -1278508.411330079 1843630.6835375845 -2374919.463118189 -1680329.932411002 -2165236.9271890107 331150.90854623273 -545951.5592381485 2309137.3197274716 -1848924.298198137 1142528.6149995388
1323954.8091245722 4167459.3166565956 -1232742.9069409843 -789739.8224473181 3531424.98282954 62661.449286901814 -1470075.311331545 5484279.970864781 -2020705.01766855 -2099222.429490167 -1338210.2432456343 -961910.2933316256 1705154.6186301354 32894341.979716726 3639896.566138715 1306732.3318341014 -1810603.9070594225 6099886.311401126 644874.7437889589 2705068.8752476247 -1657907.16092629 10469.55381912726 1283375.146497664 4335422.120257574 -4868013.5153386565 488787.4220467522 1768766.3559210175 2014958.4164814244 -1672315.2691945704 113872.32828650986 1817228.824731129 4323669.217400051 3233808.9723789073 1297077.0760143988 -3777622.3167799083 1106183.7204283369 1919717.7789551273 -449879.6763255218 -2728982.369649173 -1755883.127920393 67276.47179232362 -5077522.632175813 3354880.6399433985 1746816.1303530901 -2444097.716206534 -493382.5472290989 1082080.7576220932 1644937.764463307 16678.622103524252 -4201339.229634288 -64879.89271012544
2598231.222958828 646399.3053632852 1032104.8918519011 -26516.014265766586 2503135.298939015 4004848.290849121 -4112886.2462178823 3780974.6896497905 -14860.643226535924 -468273.88118270977 -5538747.694368377 -1916786.0948921973 3261092.882575445 3639896.566138715 36740638.98733373 917600.0256305946 -331931.30268980534 -2015503.924903943 -2073724.3606166495 3350543.3713243967 306811.86760417186 -1780592.7891584868 -198909.59349551634 1959768.3805874244 -110811.9914283673 -6109504.844461522 3607925.4168841997 -162286.0263237979 -1888216.8574491895 -2177938.3472902975 430579.3522373479 286542.9851553475 1519466.5855063102 -1508852.44916898 1780605.5898039097 -3927991.0773940394 1514448.5059649127 -2379446.1508393055 2387182.3914159993 -8558370.732264653 1436371.0281765275 -1136269.8304781218 -1439228.3013762948 -655605.0526214592 -4953487.78507262 2728697.3461313536 -59668.163502716445 -2810649.93491043 -907576.5809384624 -1652012.797025747 2815627.031837452
-851631.3107580595 1009041.5678683725 2555584.2866707626 3199497.207406539 5278846.234662308 2375976.6795889065 1839306.569713087 -110332.73757401993 2037801.404646518 -2784186.9512497806 -7643447.229289036 -3227302.5634002015 1469379.519276817 1306732.3318341014 917600.0256305946 33615937.43949391 -340262.01325891126 2223941.793842755 -2600011.695848978 140956.67169272748 -277277.0768339118 -2676268.032680243 -2244193.059568427 -2127016.753894833 1669024.4872948257 -1809472.3699927533 -2121853.5874121757 1369843.9348663033 -3502027.3099257182 -358494.498917658 3283853.6217033747 4607749.007548894 -1429513.535209977 952147.6774148359 2496511.1811528457 1344485.5461241596 -996343.1679532271 -749537.1800194718 110442.78658888684 -2668750.8016019748 -391780.1336596003 -2170728.49249469 1334807.437786836 -1749468.8344751021 -2369048.9950846215 393198.66449698684 320027.19501422025 1684642.4107547775 545433.8381342794 1456950.9530089165 -172528.9177650675
-252833.53263649708 -1168854.360822668 -4309476.721204513 -4455072.218349315 -2357640.9684577375 -244132.1239218277 -2711971.370323245 1230531.1484014194 -217943.35221154263 -110951.18056180462 -688637.3892475917 -1505986.8865504814 -5716976.058496345 -1810603.9070594225 -331931.30268980534 -340262.01325891126 33231081.551849034 356066.1144249474 -3005722.6022082567 -176569.9948022053 482383.5434877843 480358.04992300045 1043982.3885911118 -2439032.0716596935 2914670.366717603 5047633.697158427 -286719.9347255886 -4111599.1796394605 -2477897.052522224 1642408.539913206 2102383.8168492382 4942485.412715059 -521092.13758775516 -1337186.6386720785 6663878.456204809 1364187.2806667716 -3250737.4609893463 -1218531.165928906 -3711220.8963979417 -5285636.830003176 -632282.1704990831 3124565.432722616 -1166355.0145245832 -1037009.5955553125 -355465.7577010655 -4052313.676747132 -1095965.9872362348 6047240.243801727 -260928.63601050328 1596612.4408873904 3304560.6843427904
3295393.331284887 -1633718.5858931567 -1046169.4105383066 3371100.608310625 -798247.3700668889 -3644988.9450633586 1413022.4313422078 4072798.225547369 -1197072.0750906598 -1077161.0054168059 -1357371.3502611218 -1415424.6756016826 122199.02038510251 6099886.311401126 -2015503.924903943 2223941.793842755 356066.1144249474 28979503.72735288 -69064.19081247084 4029681.278919588 -410560.0801039815 -1081111.9321487471 64415.96721528125 2171797.4163743495 3317267.157009256 541997.740423593 -843519.8295683446 -956480.6945522291 -641195.6584195829 -3971391.2055768496 1580602.3299117675 2223952.215884769 290402.5550899941 -265452.31645548163 -3170000.461570523 642559.0374210769 5436366.345551852 2015136.368391464 -1901643.2010275377 3546280.3871247987 -288206.6203113374 -2148180.44926542 2267969.7776526855 -2260355.989953858 -1876204.1273308666 979202.7456546131 -2682588.873924126 3801846.075483172 868849.0743444655 -937857.4345471137 -2432679.455092286
-2057259.0503612086 4202614.7468855465 -305443.01467489 -976737.0693546454 -1846481.0907095985 -410830.45490557875 486540.02297010995 2410390.993936212 -2827979.8515227195 271174.6883881493 1451271.1475688347 2088095.5432828849 1925967.6840099015 644874.7437889589 -2073724.3606166495 -2600011.695848978 -3005722.6022082567 -69064.19081247084 32810631.77715051 -2211207.4732893845 417500.21126150334 -576940.0409895068 -1671569.9084273283 120002.43797114423 -2980692.422384627 1345571.5238139485 3812464.4285780443 857432.7037924832 -296267.3069822624 1215155.2273539605 -2836095.198123414 -2634132.610726807 1651849.2918256286 563299.9468249514 -4051948.168691108 -1166417.3049838208 -1306272.351057652 -4409688.9346171245 135151.52163335716 4941265.833045264 3459048.96373486 -732777.7362117408 -3429465.7620836264 -1426591.9166681885 -1038049.764920824 2597010.011144125 738086.8095824555 1808446.9410921396 -4494658.098043101 18065.267530531426 -956911.4718092851
917046.0801390962 3271845.665790167 -4605084.801569344 -1541467.065459524 -2204632.657382727 -4857325.059605545 -1011311.9806255376 -4001342.162342425 3802401.7516415273 -1166069.3157560576 1099391.2164094143 -440983.5466280176 -1635704.3928496225 2705068.8752476247 3350543.3713243967 140956.67169272748 -176569.9948022053 4029681.278919588 -2211207.4732893845 35419735.325783186 3883744.7950710976 -1040768.4007827532 2076379.6566119601 -2040358.1243661316 1108133.2338539574 -270923.14893833693 -1492207.8997891848 2763499.199719879 -2591889.682927086 -433972.6780158269 -2365183.617016818 3661123.9218141665 5142751.546483089 -2773235.2170811407 1699917.0773493957 -6043702.767818372 4412404.404585986 -3223203.680571674 -1294949.1315326355 -453832.18832458236 -4402210.212239935 -1933390.4169955566 544126.4065268169 -3884658.498193287 758358.8956978542 2304361.285658488 -5272152.457543554 1567353.1181639882 -4269407.592483208 3445600.612418284 143675.28829453804
-4592493.578613355 -57971.851036194166 -2153568.2673251135 2227921.651169537 -3122073.7465621084 4060695.6104485556 -3387864.194455331 -726642.7020295715 -1608928.0014168983 7475.07570203749 1718017.4783198452 2147946.446615628 1865746.4292327818 -1657907.16092629 306811.86760417186 -277277.0768339118 482383.5434877843 -410560.0801039815 417500.21126150334 3883744.7950710976 35085460.949100226 4786360.513189973 2080337.1107089464 338221.57126487384 -2537126.26600392 1811063.7744677744 1161128.0625482956 320866.4023497698 5626186.689983529 4654693.042246655 -1356416.562025582 -406028.41765627265 -1806082.0570446877 -3746115.330381689 388137.7069057597 -6028854.50688794 -711677.490420022 -6419693.517665418 734487.2117816582 -1335078.8298245238 1069533.2357205662 1468291.2189017225 -2467795.540640166 2675011.578467301 205078.11463063158 -3091244.9859549426 -3521691.784711946 3292755.3017185302 1122004.3674568501 -76991.84827078313 -4141486.290181611
1195181.9722450364 -4207515.373464865 2347842.5942592397 -319171.10866213706 3397373.4794898075 -3353237.0348589816 746866.8098305531 4227187.364000186 -2725941.2917764387 1339318.9312421642 885000.5859800447 2648347.764679105 -217025.294094607 10469.55381912726 -1780592.7891584868 -2676268.032680243 480358.04992300045 -1081111.9321487471 -576940.0409895068 -1040768.4007827532 4786360.513189973 34825685.61161474 -277874.9121572988 -3511722.1243333626 -5070271.431925794 -4075144.99979772 1876873.0582991703 2023857.450305851 2128098.5803717976 1476810.8275884134 -1137813.0465600395 333645.5212801484 -2877622.8815576774 165736.10957984556 -2387782.4572195006 -3365607.0703852475 3611768.7196656256 -981800.7760857609 -3242720.290727887 764242.8778564396 -1769183.0034585784 3603226.9753968185 522899.2723588266 2772761.3441525656 -5119428.000932251 957349.4901838895 -520186.9317224363 -192536.36970936175 148909.16474674107 -2067776.5571683578 -2255880.655778054
539405.2637316075 -3402187.4640543144 -321573.62283031363 -94847.41087057545 2340759.5332251657 2801692.747554746 -3338957.549933385 5558033.375286884 -500098.02387132426 -956421.9724806043 -424388.59123643604 -2680967.899732817 3022808.7310602097 1283375.146497664 -198909.59349551634 -2244193.059568427 1043982.3885911118 64415.96721528125 -1671569.9084273283 2076379.6566119601 2080337.1107089464 -277874.9121572988 32632880.660462737 -115782.26674502747 -4433511.320295167 -4037568.2771611405 -681062.3561419245 -3710877.8432898168 -1786316.5775373548 2178877.6778807133 2694189.8940723175 -2674898.0363255795 -5040116.8916069 -3390896.4879513653 3002774.4333648384 -1048443.419004032 3865546.034982946 -2344705.506207201 -453676.39276430843 -1223589.6009051395 2929077.202257221 -1602698.476231112 -1978592.286934959 3391963.739875374 2104080.9865929764 -2495349.038246298 780739.2057940761 3098258.411689109 -1139930.93687598 -707992.3262040479 728623.926084378
-867823.6834077161 -1049261.1067469206 1424311.85506568 3133664.0540348995 1651192.7311638766 -382945.39125432173 -3492852.730621831 -196764.03823000795 -2675375.412247515 -96804.42833402898 967777.0988337917 365138.0966722137 -1546270.047827531 4335422.120257574 1959768.3805874244 -2127016.753894833 -2439032.0716596935 2171797.4163743495 120002.43797114423 -2040358.1243661316 338221.57126487384 -3511722.1243333626 -115782.26674502747 31905097.22278169 3111372.395111305 -176203.04008867728 4949455.366220208 178748.11055152726 -1431854.4873161607 -550061.967745232 -710389.829289689 517068.62616123864 -2076775.8557486748 -1986949.990448075 -1604535.8185585132 1095738.3248552233 522628.17957995343 2215108.961195607 6825541.742060705 -3875803.3694763244 728711.6200683581 -2694134.9220599392 339517.61094741855 -1008964.5385428643 2773484.147771829 -2999216.005478394 2721329.760312286 -2329939.13563173 -1486782.8577756404 -2289699.480380366 -1490736.276801626
2983913.36273951 -785678.0387371137 -3427835.9989843993 -2522208.549887467 -4837978.252909479 1394912.349337365 -590711.6936170248 -3805962.57883485 2621472.9161024583 50760.28775116075 -2316892.428319699 -2678768.9752756385 -4964648.436296702 -4868013.5153386565 -110811.9914283673 1669024.4872948257 2914670.366717603 3317267.157009256 -2980692.422384627 1108133.2338539574 -2537126.26600392 -5070271.431925794 -4433511.320295167 3111372.395111305 35485553.61392269 750218.6550466903 -3524274.5514116534 1319512.5249749126 127528.61373062633 -2150648.444587981 65667.06937611464 5520485.403969456 -795704.0678750173 -1676492.0336175845 827914.0780807012 1003522.6957031722 -1540004.7724641552 705633.2187029901 749042.9244437657 -430700.72275100625 -562640.7737546378 2862127.630934407 5956550.675028203 924658.6492232919 2587182.427235848 -7103221.642573105 -574180.3403524918 -14686.898238047299 3233533.747646732 8410823.70531798 -4255324.267857128
2689146.458552406 522844.28507295233 71802.76683144223 -2841481.770333497 -769229.3618696042 -840118.6489110927 4464538.441016073 917811.2045577314 -1677800.0564445602 3690053.4800685006 2624873.4134194525 3703075.860748006 -2214130.9809153564 488787.4220467522 -6109504.844461522 -1809472.3699927533 5047633.697158427 541997.740423593 1345571.5238139485 -270923.14893833693 1811063.7744677744 -4075144.99979772 -4037568.2771611405 -176203.04008867728 750218.6550466903 32940116.3130895 -2489773.109116539 476347.6473607045 4488978.178402953 -3861521.8816276365 382429.4556184965 903908.9070411699 4123924.0408088616 -1245230.8075063007 -3294359.1593029946 -1522591.1862997354 -5365502.8150558425 -845931.8661125484 2150626.1758619957 -234455.92113272945 1187096.0183819805 -1752327.0854323506 -2025603.886085701 -3235027.409248376 -2448417.3684395184 -2933039.995810759 -3408458.5250922074 2053586.0600645484 -1712377.9024677903 -1867292.6113849755 -416582.2730372354
-2871651.7953529046 -1214175.4212112257 -3797150.4934101026 3634817.211107674 -4377189.061438846 929784.453466984 560218.1127403533 1883906.505063907 -1347375.835537619 -754276.009251086 8332084.703560048 2291287.49428089 1510226.737431287 1768766.3559210175 3607925.4168841997 -2121853.5874121757 -286719.9347255886 -843519.8295683446 3812464.4285780443 -1492207.8997891848 1161128.0625482956 1876873.0582991703 -681062.3561419245 4949455.366220208 -3524274.5514116534 -2489773.109116539 34578805.11185514 355273.95153666474 -1812184.1514716453 167815.01664865343 -1764709.6889847994 -2745063.695652868 -1618895.9194382005 -1605492.2134877099 -368520.93390513916 55725.30646194474 4010543.1569869495 1351700.2467431605 884056.1273657455 1160501.3119484687 -4124549.383117793 3449338.002053915 -1911922.784208955 -1387205.814501387 -1291927.7657120612 -833817.891315203 2876365.5207079947 852046.2482084701 -209624.42541683538 1070589.8999229057 292214.34930136305
-3612895.2313087587 -963953.6357040997 2558440.428353689 2638495.0885493974 3844904.9667949774 -2540443.5561512164 -100394.6773897203 -4374970.847164036 186717.49250587996 2743642.2141005625 4240673.19300455 -990979.8553872842 6471.801025911707 2014958.4164814244 -162286.0263237979 1369843.9348663033 -4111599.1796394605 -956480.6945522291 857432.7037924832 2763499.199719879 320866.4023497698 2023857.450305851 -3710877.8432898168 178748.11055152726 1319512.5249749126 476347.6473607045 355273.95153666474 37863340.531084344 1460781.8072396142 -1750508.0777587432 -1688059.0832089228 -1624125.2775129937 -831433.1562164291 187168.9110045186 -1463137.6154450881 -2641944.9961477537 3067041.4818859524 946632.2852219449 16559.82235711326 2781672.899994452 1643473.7878987014 2154615.8132771337 2909142.349261271 -3914614.00445269 1996220.3961031528 3266331.0985893584 -5521551.826780483 -368605.3472311126 -928711.9007220116 1002053.9636466356 480177.9458470555
-607691.4466686083 1960573.4948447372 -2068872.8153710356 1589800.5249990583 -1048774.641043525 1359715.9584009072 -363637.4876926503 -2019104.0651031714 -1488483.2552736155 1372033.7029519137 1578987.0614398252 4561448.559351207 -372711.1491833402 -1672315.2691945704 -1888216.8574491895 -3502027.3099257182 -2477897.052522224 -641195.6584195829 -296267.3069822624 -2591889.682927086 5626186.689983529 2128098.5803717976 -1786316.5775373548 -1431854.4873161607 127528.61373062633 4488978.178402953 -1812184.1514716453 1460781.8072396142 34033607.58611003 -1076629.0628412818 -1825568.7866355453 -3425815.0873790006 -340091.78274614864 -246465.45607099886 103182.58237152535 -2047963.5334045729 546202.6106626901 -2793008.1187274884 603443.8967104991 2415445.6648329734 522490.03265146783 -1085831.5324939876 2594321.278010386 1443585.095842319 423009.29268500424 -4578842.8195280265 -4939927.149730838 1178740.4894818163 1117147.6345473165 -1587706.2370455984 -4477129.97171694
-401563.69785041176 -20741.101452658764 -3217831.4522834783 2423450.7660008357 -763342.7131499902 2533917.912400368 -907526.8991157525 1661230.3345411343 1173454.5341898564 -551520.5478099005 448685.76740888314 2594045.5648248284 756453.5187548532 113872.32828650986 -2177938.3472902975 -358494.498917658 1642408.539913206 -3971391.2055768496 1215155.2273539605 -433972.6780158269 4654693.042246655 1476810.8275884134 2178877.6778807133 -550061.967745232 -2150648.444587981 -3861521.8816276365 167815.01664865343 -1750508.0777587432 -1076629.0628412818 33389907.8970626 457882.10195410316 -822435.369701063 266653.04798498214 -371173.2811229471 612764.7605790742 692366.7447788768 -595563.6896093809 2360791.4758922425 -4855823.9834234975 1488497.709159337 668472.7019206907 1866521.0924707106 -2942899.653800681 -1505390.309012244 -961707.1501026715 342581.5414556618 2418934.737416632 1451622.0667136565 -3671171.4929388114 -377354.6955063864 739442.8317781038
4210531.381135383 50478.71509127636 -350540.6094753573 -313766.8407173235 1507793.9423016433 -2071992.782343459 -564420.4498616385 2160525.311267487 -2405542.4842769625 -2416420.8509186218 -2852068.9286646303 425341.0217097698 1299305.7780529596 1817228.824731129 430579.3522373479 3283853.6217033747 2102383.8168492382 1580602.3299117675 -2836095.198123414 -2365183.617016818 -1356416.562025582 -1137813.0465600395 2694189.8940723175 -710389.829289689 65667.06937611464 382429.4556184965 -1764709.6889847994 -1688059.0832089228 -1825568.7866355453 457882.10195410316 29121277.40010962 -587350.0980248611 -455976.2713475909 552747.6807453431 1174964.501626126 5003795.516367017 -595096.9707643251 -133507.21266324542 -5823403.702926879 1529105.5184417027 4129179.8843600964 -398124.8754281836 -1913830.7271155606 -5379027.641208692 -1984351.1104132053 -965618.7520501085 1210324.967544228 1173881.912508271 1237387.2411327974 148807.54477031855 -1163024.9976648688
3881658.3830172503 -1272550.0659812754 -1064886.259388699 2716033.486510731 2310783.9838812393 -1873810.725774044 2080422.3562311635 4050005.4444797034 2104606.325369768 -1164603.9702452382 -3818794.0121623594 395132.07669064467 -3339963.3378721694 4323669.217400051 286542.9851553475 4607749.007548894 4942485.412715059 2223952.215884769 -2634132.610726807 3661123.9218141665 -406028.41765627265 333645.5212801484 -2674898.0363255795 517068.62616123864 5520485.403969456 903908.9070411699 -2745063.695652868 -1624125.2775129937 -3425815.0873790006 -822435.369701063 -587350.0980248611 31598954.630398933 3440098.2390996707 -3593025.1362978537 23634.9392605077 1050553.9694482135 1830674.8679437705 -1185605.8718121275 129212.63211051551 -1553417.1878518567 -2757942.3713332103 -1188140.0482066937 1773460.5865903574 -936694.5205752695 -1305726.3821901132 826194.3661891054 -2349243.6935623107 1259659.7396096648 806044.591445105 -800833.0939012078 -1845088.3280996329
4184983.1019577626 4607397.465273726 -4063096.171587051 -1590675.86582221 -1416504.5201089336 -1888294.1271204012 2358876.2268405785 1224246.196665656 1272445.8943434248 2283984.0390194347 -1980211.5545711778 -1795970.6037559975 -2495362.507160329 3233808.9723789073 1519466.5855063102 -1429513.535209977 -521092.13758775516 290402.5550899941 1651849.2918256286 5142751.546483089 -1806082.0570446877 -2877622.8815576774 -5040116.8916069 -2076775.8557486748 -795704.0678750173 4123924.0408088616 -1618895.9194382005 -831433.1562164291 -340091.78274614864 266653.04798498214 -455976.2713475909 3440098.2390996707 33703294.637793764 1471614.8401670605 724128.7317972608 1382024.9988705046 -305202.8685131987 574737.2936506553 372541.2657901631 -1312833.4471245871 -480891.13586847484 551355.4522623455 1432652.272773206 -1974534.2646087878 -1673269.723692929 1730978.9836763612 -3374059.467761607 803411.4645930935 -4931030.353332157 2248244.939311722 839276.5288028655
-1671116.2570212379 -1032256.6330246554 -2396965.9896511585 -1706156.5245929533 -3215994.1554989954 -344811.2414736628 -40898.60294880431 2639911.6800884386 2581421.3744576075 -819442.6083772242 341.0433517041879 -3027170.9706024355 -2704418.771605568 1297077.0760143988 -1508852.44916898 952147.6774148359 -1337186.6386720785 -265452.31645548163 563299.9468249514 -2773235.2170811407 -3746115.330381689 165736.10957984556 -3390896.4879513653 -1986949.990448075 -1676492.0336175845 -1245230.8075063007 -1605492.2134877099 187168.9110045186 -246465.45607099886 -371173.2811229471 552747.6807453431 -3593025.1362978537 1471614.8401670605 34172778.02223814 -2795456.2523125983 -175518.75344539163 -5212198.0676832 376488.66643197316 -3393610.113167943 3354692.591316162 2138779.3284244733 -4801823.857669518 1911031.0722586024 -1197572.0976561885 -1200836.6947842087 1799109.3329513883 -511889.58466653916 1146046.6790741028 3865095.6081311805 -1847329.6613971689 -702455.4161063497
-1649427.0779056684 -2559658.1809685836 -4402506.705126023 -1957185.9458241994 -504059.5293606215 670154.8459855659 136314.18325351 -1001377.0319695931 -1489960.8497606239 -1456203.8802418776 -1582641.9892729062 -4574667.985206017 -7331053.413581333 -3777622.3167799083 1780605.5898039097 2496511.1811528457 6663878.456204809 -3170000.461570523 -4051948.168691108 1699917.0773493957 388137.7069057597 -2387782.4572195006 3002774.4333648384 -1604535.8185585132 827914.0780807012 -3294359.1593029946 -368520.93390513916 -1463137.6154450881 103182.58237152535 612764.7605790742 1174964.501626126 23634.9392605077 724128.7317972608 -2795456.2523125983 33623362.78906368 252830.34713371686 -2185085.3860618817 -2488507.4256928004 -32682.561413904565 -1164580.1015561875 746645.7074722355 4250222.010682281 -1274348.109733475 920778.2746051272 259428.79069490585 1865472.0756865316 5455805.934520011 885117.8161098423 -815510.8671078614 1881372.3545411162 3858205.020163812
4722651.132916562 -3308352.6925168433 671858.3142933967 -2421036.2406211854 795717.8245796836 -2119282.969853005 -88524.55936675417 689863.7015954606 -4027586.237667309 827690.5650606354 399552.6491615218 1411521.2930964779 1633013.2893636872 1106183.7204283369 -3927991.0773940394 1344485.5461241596 1364187.2806667716 642559.0374210769 -1166417.3049838208 -6043702.767818372 -6028854.50688794 -3365607.0703852475 -1048443.419004032 1095738.3248552233 1003522.6957031722 -1522591.1862997354 55725.30646194474 -2641944.9961477537 -2047963.5334045729 692366.7447788768 5003795.516367017 1050553.9694482135 1382024.9988705046 -175518.75344539163 252830.34713371686 33566549.69996597 -3406126.7885738024 1911040.6919691903 724730.4116543155 -2982985.7917026677 6430478.45271054 -2709726.736993702 -667148.4581816865 -2127933.699848687 1791018.6963319394 -646439.9379697724 3550964.7031212165 898391.8495174261 -1625887.4290089307 -331487.339632574 -3139198.347164975
1368208.9987480706 123547.4162201018 -1402743.5257494887 2751793.4226380433 -222650.612688963 -2407769.271081207 1427643.907173729 4254460.508566679 185856.3629372236 1419205.654411028 -3325360.4945268277 -301568.45483773603 6506221.960949614 1919717.7789551273 1514448.5059649127 -996343.1679532271 -3250737.4609893463 5436366.345551852 -1306272.351057652 4412404.404585986 -711677.490420022 3611768.7196656256 3865546.034982946 522628.17957995343 -1540004.7724641552 -5365502.8150558425 4010543.1569869495 3067041.4818859524 546202.6106626901 -595563.6896093809 -595096.9707643251 1830674.8679437705 -305202.8685131987 -5212198.0676832 -2185085.3860618817 -3406126.7885738024 36522262.91119257 -1799070.3720327155 -6486614.256738988 4702828.9030756755 -902061.287027045 -2707690.6911568525 -799489.5802268294 549292.7205544455 1001882.1484326536 -1896590.6828158726 -1452261.314417573 4866685.004149004 3433097.3470621184 -2587739.877347572 -2425499.2359361984
804051.6766334878 484029.2163365056 574343.6952742144 3410066.4911162895 -4042280.8626397774 -5700843.550311373 -1780626.7449880596 -690110.5460007105 -1554551.7741104334 -4630318.765749845 -1511716.5666649109 2618622.6115590916 -2049271.8648522098 -449879.6763255218 -2379446.1508393055 -749537.1800194718 -1218531.165928906 2015136.368391464 -4409688.9346171245 -3223203.680571674 -6419693.517665418 -981800.7760857609 -2344705.506207201 2215108.961195607 705633.2187029901 -845931.8661125484 1351700.2467431605 946632.2852219449 -2793008.1187274884 2360791.4758922425 -133507.21266324542 -1185605.8718121275 574737.2936506553 376488.66643197316 -2488507.4256928004 1911040.6919691903 -1799070.3720327155 35567423.68504389 1030753.9639098948 -241916.98592990267 2653972.6698913695 -1104802.4397969586 -1733464.463136194 2295629.931341085 2410829.9764551483 2631032.5723932935 -324543.74169146566 -3069591.7675628024 -195158.1679091918 -923116.7210544954 -1751418.8445555966
346100.14929475845 -646474.6108439185 6783872.234569815 -354941.8036093602 -2855766.774252411 234821.6266925727 5007367.97984897 149429.95311108136 1249209.709333685 5221973.901646877 -1867529.7887676768 2872819.101621475 119215.88859092326 -2728982.369649173 2387182.3914159993 110442.78658888684 -3711220.8963979417 -1901643.2010275377 135151.52163335716 -1294949.1315326355 734487.2117816582 -3242720.290727887 -453676.39276430843 6825541.742060705 749042.9244437657 2150626.1758619957 884056.1273657455 16559.82235711326 603443.8967104991 -4855823.9834234975 -5823403.702926879 129212.63211051551 372541.2657901631 -3393610.113167943 -32682.561413904565 724730.4116543155 -6486614.256738988 1030753.9639098948 32267047.957917962 -423083.68634295266 -453768.72845054726 1106185.1239996522 4358519.171794408 884515.0672976129 675399.9292255972 -877927.3425697536 -43712.17858811315 -8705387.266409136 -3185735.3986655422 788791.2901938469 1097810.0697275938
-2665159.518656119 -557823.5028852122 -3919370.592125273 -1492943.4179909183 -2078714.1937838555 -6550826.258698804 1808555.0391601175 463165.3490062441 -13977.289752965024 3960734.194283941 2355686.4591816375 440161.53630550887 474220.23231155454 -1755883.127920393 -8558370.732264653 -2668750.8016019748 -5285636.830003176 3546280.3871247987 4941265.833045264 -453832.18832458236 -1335078.8298245238 764242.8778564396 -1223589.6009051395 -3875803.3694763244 -430700.72275100625 -234455.92113272945 1160501.3119484687 2781672.899994452 2415445.6648329734 1488497.709159337 1529105.5184417027 -1553417.1878518567 -1312833.4471245871 3354692.591316162 -1164580.1015561875 -2982985.7917026677 4702828.9030756755 -241916.98592990267 -423083.68634295266 31536285.052819327 -1180817.1034743283 92370.73968091766 1320005.1111960406 -1404550.3259980832 1626017.1904145703 970384.5138487739 16650.889887419893 1685008.5220706607 -117769.98423498051 -178828.43823367683 -1081478.772528001
-355522.3929199452 -28375.903021675673 3552384.6918205083 -1380022.487707187 1520284.8794183119 6081292.640199657 721317.5858851192 4028362.8636853253 1368596.443450984 2284458.195369036 -1829481.9046892254 -4635656.217901121 5182274.920012765 67276.47179232362 1436371.0281765275 -391780.1336596003 -632282.1704990831 -288206.6203113374 3459048.96373486 -4402210.212239935 1069533.2357205662 -1769183.0034585784 2929077.202257221 728711.6200683581 -562640.7737546378 1187096.0183819805 -4124549.383117793 1643473.7878987014 522490.03265146783 668472.7019206907 4129179.8843600964 -2757942.3713332103 -480891.13586847484 2138779.3284244733 746645.7074722355 6430478.45271054 -902061.287027045 2653972.6698913695 -453768.72845054726 -1180817.1034743283 35292569.815346725 -1383063.1240272261 983699.0852194972 664195.1665566037 -1129179.3913893173 2619446.7493021106 -3943539.573427984 2560129.9615848414 3215378.1176633653 247510.1922116028 -1890203.875041097
