35788863.65362203 143309.0161713004 -3626376.884299064 2974924.572561186 -1599210.4445987742 2313263.542824761 6918431.360471642 -3484894.9114866816 2691539.3963333145 4079467.861985654 2667738.4378356053 1311148.4456779074 3633958.478608065 1463654.580969306 703768.9978372747 -475361.5373696368 -152924.5132267769 4070776.4114477253 -1396097.2303095262 1726315.0004191292 2767633.1353132795 -530577.8982122433 -1560458.6959367096 -1404714.8548659482 -1660519.9263305701 -3900356.949791467 -627853.9399258662 1335826.772324124 3802959.504678231 5194184.105279327 1374358.9073621428 1590264.415367801 -3179570.4996318063 -1390875.5666070525 576570.3477252179 -802934.3431997781 3034027.4381492706 39987.61120230959 2160921.2173785376 -1618300.2629594374 -1853498.1086272274 -1035045.5899555169 2000327.349479138 -540815.9798812345 -2085339.768292396 359851.79580248776 1805422.5977484398 69990.59734765913 1546198.8014849285
143309.0161713004 32620726.039707035 -3288549.6637849263 1477490.4119166734 -2179794.330008884 -659928.6336142776 -1583628.7018327718 -2561905.5033765966 -5410899.855520905 -1421555.4625497626 1947681.6120001453 -379821.6055483312 -869261.0538319517 265872.2726671103 2664010.098632056 -1211192.4005031914 1275355.0623911847 -2907410.9965821793 -2567667.0216353475 2147537.973684204 -2108108.2033895394 556836.2544899265 -1123548.8340597274 78416.74300250266 -48340.80341342886 501955.42362538853 3315030.196639836 -131442.85718179148 1056406.3828590622 -2005687.0269473146 2210306.322323811 2614384.4226951646 3181411.2966155866 3777561.320040139 2765101.472068557 -838268.1122952187 2560491.009916672 1173033.7174034526 -1901500.3425105338 3479482.268805017 868537.2236392695 733040.8360361068 -835903.6224545543 1738437.7077738184 2918504.3539098212 -1273835.5350445143 -376729.70932350005 -1896740.6689004959 -1620759.7156452683
-3626376.884299064 -3288549.6637849263 35636117.57764813 185118.7217264547 3339613.3830506206 955167.2038326596 3114143.104024118 263061.0590284932 1726712.6408267024 1856520.6113202113 1432793.6367933434 1621591.9207648614 1685268.1951818687 1585260.3862046255 4533829.4097495265 931148.6624927811 -965313.3154995461 -3246893.0017293957 1026122.9255745303 28332.36928911297 414256.0826254604 1680117.2330944561 -84505.788377775 2428249.6082593575 2394064.326874595 -3439810.5673375726 -4127371.0840159943 -270935.46197182115 -348018.1464378189 1346821.487088641 915580.4791421447 1015686.7323229046 1878779.8758070292 -2530470.074716067 -1338051.1338692019 2326326.1056633247 -949384.8848967984 -1920655.2197169834 93140.8389126013 -689301.2715223586 2319978.571658213 2637239.9806951466 901926.2144950455 354563.76269576343 1025815.4384943073 -763182.5746624013 -1287680.755510532 2000949.18098041 -918994.514418093
2974924.572561186 1477490.4119166734 185118.7217264547 31454730.448368162 -3999707.8369040852 1657253.1763349657 2958225.312537794 -1174132.7055700158 1995203.807122849 94707.40318065317 -1175024.1515767607 -1052882.4205835816 -105865.58273218806 1677036.0753004346 3371309.2082186085 2331307.656021366 318747.33533812006 -985049.5484443099 -1590583.5995618214 -713782.4686236457 1646785.1197949823 1928593.5564598816 -4481192.320545283 948389.1710942833 -5971223.692886024 322690.431119989 3454328.9698806587 -407472.8757405975 -17335.045305922107 2903124.277697995 -3313190.5935658757 4150801.457162201 1521093.0733814337 -2393382.641549591 -1574584.2889499571 2249579.9603808685 1297614.353517285 -690910.904995976 -1185767.1928296436 -1906531.272466851 -543858.8947510695 -670375.9973945161 163147.08631867878 -2663321.8434433197 3544123.0243521263 -2085559.7988946172 -1053646.3180838728 -25175.86467200699 -3803470.431719531
-1599210.4445987742 -2179794.330008884 3339613.3830506206 -3999707.8369040852 34513232.00438282 -4036069.1178734335 -631018.2813625467 -747863.6157528057 3613912.454337225 3568771.9123586235 148960.80791606577 687769.2763232751 -1103563.1477006183 -1270240.2091895493 126324.02249566358 -227688.11017189498 1392954.9080817713 -1890698.2492813366 3962903.075738132 1129216.1775345588 2521134.1130732885 -741558.7426634346 -925.9140658347292 -1469135.6585911897 2138982.255092135 -1743638.0673984743 -1120503.2183224608 2040508.6959837307 -3548883.4640126955 683786.9884318486 -1914741.6269889155 1124636.4706980938 -253459.75918356233 -781077.0956618859 1053341.5987684526 3422321.8795460467 5330127.962756954 -2196102.805478699 698601.8856468908 188757.01662154883 3654623.975164405 4441330.22554531 4637168.057029006 1901553.3478184475 -69102.69972600206 -941233.4844127971 -1787100.1891253835 -217419.38615991 3250110.800061251
2313263.542824761 -659928.6336142776 955167.2038326596 1657253.1763349657 -4036069.1178734335 34077634.70573192 -250943.1070566324 3113976.8147602337 -527197.2166253397 3546138.9923079708 -144972.6234944703 -2344353.243329909 -474790.7212445331 -2080304.5250435644 2640228.1960444753 -123627.154592032 1331317.0242378952 3951749.981268841 696488.6505085081 1388897.671533228 -341145.4796584572 -32794.455690272385 1396749.2591318884 -3199687.756278078 1369579.5661542406 2392993.5259892093 519245.55955692806 -302239.3779814622 1800322.7681825475 3307340.5817873245 2159079.666361599 -1244704.1688190864 1331699.947161841 1650252.561532079 -2667109.1723321904 -1416603.7856555197 -3633291.3831711425 2409275.6954140468 -3881066.5520364353 1674094.7414502683 -376802.3792845353 99842.14379226389 4238689.566613249 3654535.4075627867 1011809.1598263627 -2869371.9825747204 -1709693.0019454774 -406435.68305253965 -3551383.756550886
6918431.360471642 -1583628.7018327718 3114143.104024118 2958225.312537794 -631018.2813625467 -250943.1070566324 29762767.654561337 1673834.6829284572 506342.53239020373 1907110.291211031 -1762488.0409687248 1242378.462666922 910333.2780256218 344906.25587771105 366068.37472407956 221319.89435304631 -106935.13106779783 152929.59422768414 1100360.8226412262 -1189.9649278628876 -4818555.022414666 1073756.7803392396 -1162294.7636270975 -856376.7241670005 1004835.7171602617 -1052266.6037210766 -3736901.481279738 304290.00207440526 2616594.4235905493 3043638.7528807037 -237286.13260961894 3298054.0089351726 -1425120.8688916385 1475070.4886070297 369760.01029971667 1192408.160685314 673915.7054694863 -621727.00575918 603994.8111096323 180200.45714098375 -125884.01808382047 432116.47731331375 1586273.800161634 2590373.7213363876 -162292.17737483178 455831.7281463196 -1335874.2513044667 -2521330.81805307 3231913.036024478
-3484894.9114866816 -2561905.5033765966 263061.0590284932 -1174132.7055700158 -747863.6157528057 3113976.8147602337 1673834.6829284572 35137151.75591684 -3021185.789379844 3332250.5676117116 513344.8205770957 980406.4993650271 763785.3851547046 1262121.3140797368 -688244.0706329613 -2258728.392139835 -3226473.8010257133 623058.8988201796 300903.4242206924 609354.677906595 692525.4270913422 -1464827.4153158823 1611651.3275927987 -3050512.1651415974 -39455.69598936353 -1337682.9058936427 -775627.7996583785 -1377087.5523775492 474139.3019155247 880041.1152190925 2831680.237975588 834919.1736977156 -1633968.5665181938 100410.02789855572 -1555630.8607206945 1382368.7910947397 -1586927.4482114895 -174028.9000305818 -4941092.477514344 -498420.76652677695 -716056.228787287 -2859928.3576312624 -1365754.346068236 313375.0826451817 -713534.7676850136 1774051.4332836473 -3770719.6615952924 112877.21392104944 5527955.472021326
2691539.3963333145 -5410899.855520905 1726712.6408267024 1995203.807122849 3613912.454337225 -527197.2166253397 506342.53239020373 -3021185.789379844 29968236.05490537 2065017.0620418666 3482608.163729038 336573.9901715335 -2500825.8124397867 -435209.68466220127 -2997072.5285632415 -856589.3781307399 -272344.9792045336 1148322.4501013276 -1220574.6275626323 2064084.5420563286 636086.5664534726 112047.47477471556 937553.275427297 -256671.84256382473 -71516.58982798822 1899320.2866208123 -261956.18125586727 -44837.694687182084 -639935.126914313 721671.6467179615 -530049.525388748 -1199758.6125330601 -2139214.9222055427 2285793.0948394467 679555.0833307109 -1178333.7895249536 2514082.961216614 689667.1197736702 3741858.952970171 791752.670379036 2420353.3477313514 591982.1271780012 2054090.5351244684 2472161.9774346626 280558.9397110771 1139057.2478883618 1110019.3358717996 -553851.1209499751 -162145.6182936562
4079467.861985654 -1421555.4625497626 1856520.6113202113 94707.40318065317 3568771.9123586235 3546138.9923079708 1907110.291211031 3332250.5676117116 2065017.0620418666 31977594.64744427 -866131.251771312 2300158.7518485105 130475.0621382345 -2415920.299883732 2382490.580255355 -1364632.7155157134 -1182816.2204532225 691285.9073475562 -492025.897626369 -283238.24744555785 -1183963.2846383532 526551.7938627285 874391.7518529946 776377.9415273451 376688.8607060324 -880398.9791335958 -1464685.2585075838 2577926.266836065 -1304748.6935985729 577461.7579942661 -503961.0700070981 3005064.219477265 548772.0569451107 -702545.2398571544 -1600432.187934977 5370028.497202996 2296636.494071173 1040743.7371767713 512988.22964774794 4031016.264105698 -1189229.6847032374 -787524.7648752559 -588301.1022303347 -2676131.476790395 1710372.2291385378 2360310.9931197907 1988744.1433159134 -2108493.439180786 1736184.1207664183
2667738.4378356053 1947681.6120001453 1432793.6367933434 -1175024.1515767607 148960.80791606577 -144972.6234944703 -1762488.0409687248 513344.8205770957 3482608.163729038 -866131.251771312 34214922.70757391 1561953.8578856417 -1435315.3192967887 -3228770.0680898945 -1291149.0102534052 2224377.858559837 2639133.4761659065 181001.20821161623 985419.9960035521 -494721.80855160684 -1883728.0551901173 -691949.2101565048 -2125992.7728966367 159252.510386688 -2862707.907094331 -805568.9673466623 465058.262432376 435585.0946839532 2310150.1447290354 -157471.80424846886 -2967162.871616624 2964424.504144303 -842766.6140370417 1728986.187312492 374111.1931289034 -2568046.3258200334 -46794.419821224095 -1253140.6486866213 -3590643.5027466044 -1214275.0107955143 2217567.911770126 502277.364790833 -215285.05258929086 215571.04513863297 5187733.49665116 -236082.77927876083 -396825.67123852257 -159365.86408426514 -1846557.592262722
1311148.4456779074 -379821.6055483312 1621591.9207648614 -1052882.4205835816 687769.2763232751 -2344353.243329909 1242378.462666922 980406.4993650271 336573.9901715335 2300158.7518485105 1561953.8578856417 31756206.137149837 403492.9728797415 139008.25578458948 1176680.5789888832 2532159.46853434 -2291284.957656218 -937831.5200061017 951037.9835597386 210454.2425163912 -939231.2973530105 -274522.5006717453 -2720065.9309488465 433943.1242449295 1660904.3360230343 2038127.848519827 1027552.2575562142 1054561.4915028713 -444326.16940983216 -1854865.8810897644 1861921.499284648 -788025.8276447689 201921.2824850734 -1823359.5560752458 -281308.65028007963 -2889703.191713287 1091433.6001932295 -4413333.205447934 -3751455.8093383606 -572490.2875872024 -983312.5868779138 1603278.0808550646 1095888.9921500662 -4909891.201644631 -2229327.8113351543 200302.24768225095 985360.2841567844 1827477.3169692373 3173280.992163949
3633958.478608065 -869261.0538319517 1685268.1951818687 -105865.58273218806 -1103563.1477006183 -474790.7212445331 910333.2780256218 763785.3851547046 -2500825.8124397867 130475.0621382345 -1435315.3192967887 403492.9728797415 31446902.850809973 3978756.7166644526 1655779.8495527396 3402249.4641194297 -476338.050018162 3017632.633624256 4162524.1688233013 -1143754.397080695 -617113.2848091505 -3929494.3516693055 -1882098.7085567848 -2210547.613039003 -197834.20689161625 -977411.9301989115 -449008.66768844606 1049366.3108328567 -152456.00192681458 1732020.7719937402 1170143.3325447692 2585080.5778955827 512938.2718283355 -1552556.6523279473 -1068690.2640155295 -2950772.9340387313 2696800.543734777 -1415548.7431019004 -1047039.7658279879 -1336583.028735385 -3076868.8414922263 2712571.8315716134 766489.24985984 259956.5425627957 -686575.4709246075 4505097.1869310215 -461507.87213711406 -765935.2291599817 -1997429.472338692
1463654.580969306 265872.2726671103 1585260.3862046255 1677036.0753004346 -1270240.2091895493 -2080304.5250435644 344906.25587771105 1262121.3140797368 -435209.68466220127 -2415920.299883732 -3228770.0680898945 139008.25578458948 3978756.7166644526 33703888.5564019 -4656679.976539838 1375180.6982185862 -969453.6698249354 -973448.8228841592 1001916.0973495725 -604085.9206534596 -206648.11731151055 1676048.8970472203 -823570.7473639976 4153016.0774147636 -3393260.7385335676 86420.38295982115 -3119763.2085978556 807221.3128376912 584896.0859767832 -1373438.4816790116 914122.7499512534 3614321.280422107 967325.8861227758 -565269.9869363788 5101344.066099032 -18051.611200904743 565443.0994222856 -1114687.954508708 -503949.9775980247 -436972.8066380947 3976666.9512027507 2552348.4736690465 -614920.1162401779 -2228954.1878793715 -3586736.079588735 42916.358638760044 -2649287.1043341933 546299.1825585164 1468843.6214148838
703768.9978372747 2664010.098632056 4533829.4097495265 3371309.2082186085 126324.02249566358 2640228.1960444753 366068.37472407956 -688244.0706329613 -2997072.5285632415 2382490.580255355 -1291149.0102534052 1176680.5789888832 1655779.8495527396 -4656679.976539838 35844857.5709121 -3458864.5452274834 1995406.973628172 4847288.99109178 -530843.9704454672 -2608238.2690210724 1597901.643426673 -3063485.826131797 -152173.4588514646 -1990590.7363407435 405890.66068605956 -848024.4550178269 -141248.9845002015 4289060.664888155 2790592.104401886 3773753.24468182 296696.37238052743 -2440722.706156642 1844882.1881368838 -2756917.9827959533 -2102360.5894418433 -2999226.1933614123 796827.4285005892 -1266621.3464604493 253935.11771928967 2240564.0967345415 746956.2428561082 1211882.0500218812 -753030.2571796218 -2853941.109633584 2746579.9107645643 -1240944.9407465442 -1956181.9233826203 1014343.9165887607 -425494.7005457385
-475361.5373696368 -1211192.4005031914 931148.6624927811 2331307.656021366 -227688.11017189498 -123627.154592032 221319.89435304631 -2258728.392139835 -856589.3781307399 -1364632.7155157134 2224377.858559837 2532159.46853434 3402249.4641194297 1375180.6982185862 -3458864.5452274834 33832881.33868535 2371560.7035000594 -591205.3764263092 -166875.5673578124 -4467323.23329901 -2400795.8546535387 -315548.6338243072 -1305874.6498316932 2634153.1223283233 2170873.604474285 -3094645.8021168173 3405124.0180523405 -2502477.9393086703 -2468963.950435745 -527941.7214290668 -2040987.073313846 -1478362.2581711952 2804736.7238790025 -544779.4381061377 869220.0617222019 -6101.298222793999 3487915.784408674 -3023288.424654603 -3323276.8178325277 -1857108.4915618896 1756349.9245840153 -1041821.6034365915 -3112916.7994855507 -3801417.4500541594 502612.76071690663 4374979.719327654 358618.3722658959 491583.5517366529 -2149098.7483538305
-152924.5132267769 1275355.0623911847 -965313.3154995461 318747.33533812006 1392954.9080817713 1331317.0242378952 -106935.13106779783 -3226473.8010257133 -272344.9792045336 -1182816.2204532225 2639133.4761659065 -2291284.957656218 -476338.050018162 -969453.6698249354 1995406.973628172 2371560.7035000594 33066266.845550373 -2266040.0528904134 -1870332.9993235073 -3798142.494436749 -289951.5007202072 -1589531.4050509722 -4522748.01606422 981384.508649272 3066132.4493401893 2662591.8027485814 1119157.2304931718 628483.9087473925 -1413645.4657610408 2217883.938097671 -1672992.0978191032 -2527711.552980506 -1473035.4985847306 -1275500.1609769154 190139.9700953184 -357263.5520543711 3538894.5369543363 603783.5442438618 -2826533.4973529023 -994812.9924411249 395843.5590707665 4708980.558190615 1046483.1940990464 -2559284.7375705065 -182867.43899825192 2521562.338544262 2024437.4839376407 -1128621.3368525938 1572791.2248138203
4070776.4114477253 -2907410.9965821793 -3246893.0017293957 -985049.5484443099 -1890698.2492813366 3951749.981268841 152929.59422768414 623058.8988201796 1148322.4501013276 691285.9073475562 181001.20821161623 -937831.5200061017 3017632.633624256 -973448.8228841592 4847288.99109178 -591205.3764263092 -2266040.0528904134 37281113.6517949 3412764.7109437864 -939498.0607897813 2967457.9770624996 -2454884.671630974 1346548.8933616672 1387170.4621901365 286333.6082415549 1253510.117718608 -2118440.428775542 4110742.2633353374 3765628.59542781 -1891684.0090110006 -374086.3159086628 -1040791.9022576994 -561462.1718330918 -412041.568883044 -1233764.7954643262 -2843054.7038503117 -211796.0009545347 -9695.105477648798 1820461.2820320225 1691366.8194594204 2128979.1947842087 44287.34959979009 -2398504.264814295 534411.9393286073 -423468.17380783596 -1117253.4037276523 -5564105.297533709 200277.16590289245 -1875382.4144333904
-1396097.2303095262 -2567667.0216353475 1026122.9255745303 -1590583.5995618214 3962903.075738132 696488.6505085081 1100360.8226412262 300903.4242206924 -1220574.6275626323 -492025.897626369 985419.9960035521 951037.9835597386 4162524.1688233013 1001916.0973495725 -530843.9704454672 -166875.5673578124 -1870332.9993235073 3412764.7109437864 29919067.083803117 -1943106.0456128384 -2032923.4507354242 -2051886.9716271064 584761.3011753496 929465.2337828265 -206794.7043675567 -86584.02967273447 -848575.6382784086 -2314165.326490759 4267273.324048606 -308352.93727117684 -989142.4553558335 2736244.34514317 -45321.97622452121 1463948.1275709106 -475079.3010042119 -1747636.491647422 -136060.74019726372 1458507.1922115562 1373529.5968931941 -335461.32787458337 40242.917822561285 -128978.31598186406 382379.45029888465 -559062.8786193193 -12948.586297652282 884593.999585503 -286799.23873894307 2020802.9550946935 -2006354.7580487547
1726315.0004191292 2147537.973684204 28332.36928911297 -713782.4686236457 1129216.1775345588 1388897.671533228 -1189.9649278628876 609354.677906595 2064084.5420563286 -283238.24744555785 -494721.80855160684 210454.2425163912 -1143754.397080695 -604085.9206534596 -2608238.2690210724 -4467323.23329901 -3798142.494436749 -939498.0607897813 -1943106.0456128384 32083360.5142268 -2258989.1861067982 -3157402.273430227 -162824.99316313665 1226670.1293764194 -464012.46911596105 -1243793.8470323323 -6042424.314316375 2376040.6306798337 412177.4272450807 -531444.9600393868 81373.58087165342 -2482740.892843496 2400340.521003589 637572.4697652467 -1838667.8437037622 1547434.507007924 -3204891.522157294 2772623.359435112 -1598024.3141771767 1151959.770607084 -2370523.89183442 1367070.2232035717 3223418.7543153204 4124932.202337225 -2666797.1196866757 -942725.0421303022 -3236828.901456827 -1001946.2315397152 410126.1472721489
2767633.1353132795 -2108108.2033895394 414256.0826254604 1646785.1197949823 2521134.1130732885 -341145.4796584572 -4818555.022414666 692525.4270913422 636086.5664534726 -1183963.2846383532 -1883728.0551901173 -939231.2973530105 -617113.2848091505 -206648.11731151055 1597901.643426673 -2400795.8546535387 -289951.5007202072 2967457.9770624996 -2032923.4507354242 -2258989.1861067982 30329333.58280851 3329515.2665058076 718393.3548228461 -270888.7810956987 -3958504.4452571734 -4225787.16303824 578230.0605586566 -235421.6395249104 -1744880.4238403728 1887387.0872620067 670439.0188834865 2244227.0538347466 2229848.8776367716 -250082.64282771442 -250086.08985945373 -455908.50307623437 -1358549.875252452 1791441.6612465053 979147.1341146855 2664143.6840846306 40373.77600452054 272875.20019822114 1278815.3462159238 1145340.2874681079 1185231.360591989 40700.16896944235 -1909746.7588830169 604970.1865902491 326887.7027937337
-530577.8982122433 556836.2544899265 1680117.2330944561 1928593.5564598816 -741558.7426634346 -32794.455690272385 1073756.7803392396 -1464827.4153158823 112047.47477471556 526551.7938627285 -691949.2101565048 -274522.5006717453 -3929494.3516693055 1676048.8970472203 -3063485.826131797 -315548.6338243072 -1589531.4050509722 -2454884.671630974 -2051886.9716271064 -3157402.273430227 3329515.2665058076 35454124.61666881 41401.61450999724 -997778.6036094853 -3602321.542227837 -1633763.7300596815 2304122.789434195 -2573269.8748291843 -208212.92163686082 944452.7576004458 1308892.8266222554 2428784.1054103216 -2535572.22085396 1617495.9273045186 135744.76056676192 3577995.6420697756 615239.9483932002 2654219.6037418465 -2211153.754208663 381807.6189489834 -2619812.951526422 -2140985.958437355 1313200.3216819214 -3350986.54601962 2543354.592343976 -14178.935543813703 1104413.439505754 -349415.8914748242 -613909.0121863253
-1560458.6959367096 -1123548.8340597274 -84505.788377775 -4481192.320545283 -925.9140658347292 1396749.2591318884 -1162294.7636270975 1611651.3275927987 937553.275427297 874391.7518529946 -2125992.7728966367 -2720065.9309488465 -1882098.7085567848 -823570.7473639976 -152173.4588514646 -1305874.6498316932 -4522748.01606422 1346548.8933616672 584761.3011753496 -162824.99316313665 718393.3548228461 41401.61450999724 31162318.858567312 739257.6016372981 3531775.516911696 -1844221.7564944332 -230680.0175889671 -1274029.090348645 -2809052.662968721 1643006.779902831 -1305158.1963951183 -2329840.4008387052 767000.1388438151 2067368.6760474492 2335381.772377732 409214.7367650119 1431184.3106075998 1610132.9302152926 1923471.9626946803 -1563384.7849644048 1016245.3872479582 -3266242.796748126 -1043687.328408271 2146290.3619450745 -2604228.3142228364 282244.77442901867 875023.3817850146 456619.6174599775 -2262564.205094963
-1404714.8548659482 78416.74300250266 2428249.6082593575 948389.1710942833 -1469135.6585911897 -3199687.756278078 -856376.7241670005 -3050512.1651415974 -256671.84256382473 776377.9415273451 159252.510386688 433943.1242449295 -2210547.613039003 4153016.0774147636 -1990590.7363407435 2634153.1223283233 981384.508649272 1387170.4621901365 929465.2337828265 1226670.1293764194 -270888.7810956987 -997778.6036094853 739257.6016372981 33440646.110484246 720077.9711940485 7197.458298211751 -2173429.1483137878 -926167.7573824412 -4176971.589712885 -1543882.1776165636 -416176.8556541971 -173821.03945264244 877676.8219607743 -1129878.9549505846 351692.0457482421 2078985.6632192591 -1001895.2113280308 1325006.1444071052 1154168.3237557858 3138498.2163542327 2459831.9371134215 -1757813.144425744 1790818.0262198222 -259320.99773457003 1685648.9518720144 -1743774.1920673863 -3652134.775786483 1121521.4417687426 -645332.1722500791
-1660519.9263305701 -48340.80341342886 2394064.326874595 -5971223.692886024 2138982.255092135 1369579.5661542406 1004835.7171602617 -39455.69598936353 -71516.58982798822 376688.8607060324 -2862707.907094331 1660904.3360230343 -197834.20689161625 -3393260.7385335676 405890.66068605956 2170873.604474285 3066132.4493401893 286333.6082415549 -206794.7043675567 -464012.46911596105 -3958504.4452571734 -3602321.542227837 3531775.516911696 720077.9711940485 34360738.82309842 -122089.38348539565 401656.6712738226 4804453.537711453 492965.385137507 -2495732.6464877636 468628.3255999313 -1189619.2568291978 3399683.6054260377 -1644664.5489040215 1923332.798245847 -135008.27968890985 371592.9687219944 -2136027.4631447624 -406436.27659842535 -75336.98523650199 498216.3207538152 2815325.1734749596 -1905481.2243697173 -160440.72536711246 3105449.308543492 -750089.9787242791 1445103.9327179813 1039458.8513640426 -1221857.2261468964
-3900356.949791467 501955.42362538853 -3439810.5673375726 322690.431119989 -1743638.0673984743 2392993.5259892093 -1052266.6037210766 -1337682.9058936427 1899320.2866208123 -880398.9791335958 -805568.9673466623 2038127.848519827 -977411.9301989115 86420.38295982115 -848024.4550178269 -3094645.8021168173 2662591.8027485814 1253510.117718608 -86584.02967273447 -1243793.8470323323 -4225787.16303824 -1633763.7300596815 -1844221.7564944332 7197.458298211751 -122089.38348539565 32573812.40782859 1374437.1739633055 -1237679.0175085177 -771296.1457619373 -941773.1806239935 1653762.8645796191 -4254156.79171214 -639593.9647820944 3751966.3382475213 641771.144706788 -113652.43508633239 -3368109.808154289 2853073.972863623 -2046593.151637983 -1695383.1790641565 -2130353.094186933 18611.746974078338 -3591735.837973128 -1066707.8077682708 -2723513.1678000297 471542.58987568977 4279381.494323636 -3061606.0191797097 1748892.8140348084
-627853.9399258662 3315030.196639836 -4127371.0840159943 3454328.9698806587 -1120503.2183224608 519245.55955692806 -3736901.481279738 -775627.7996583785 -261956.18125586727 -1464685.2585075838 465058.262432376 1027552.2575562142 -449008.66768844606 -3119763.2085978556 -141248.9845002015 3405124.0180523405 1119157.2304931718 -2118440.428775542 -848575.6382784086 -6042424.314316375 578230.0605586566 2304122.789434195 -230680.0175889671 -2173429.1483137878 401656.6712738226 1374437.1739633055 30170387.229097538 -745916.8104427235 3095925.514827565 -2104321.5172069194 446470.2955719932 -1364438.5139704638 -856837.994741486 -2606658.8001180687 -1177471.0911646786 473235.7314355064 1689288.191656322 2623867.638713636 -1848000.147007849 2919961.0666696317 2990026.709397256 -879163.7718764255 -1239715.83716781 258947.04292855941 1359061.5280315797 532780.0229408001 -353598.00429560366 861667.7436762552 -269510.9187534533
1335826.772324124 -131442.85718179148 -270935.46197182115 -407472.8757405975 2040508.6959837307 -302239.3779814622 304290.00207440526 -1377087.5523775492 -44837.694687182084 2577926.266836065 435585.0946839532 1054561.4915028713 1049366.3108328567 807221.3128376912 4289060.664888155 -2502477.9393086703 628483.9087473925 4110742.2633353374 -2314165.326490759 2376040.6306798337 -235421.6395249104 -2573269.8748291843 -1274029.090348645 -926167.7573824412 4804453.537711453 -1237679.0175085177 -745916.8104427235 34136667.4587397 -2084824.8693510795 1811139.1293670267 1889621.281115232 439870.7329753666 -1324683.8029340697 -438311.00214618153 -2736932.184115011 909288.8667483182 -4154865.188102256 1259881.867198882 2448179.466867944 -493186.4338070915 -409073.6145655507 -3963783.3373295 1073841.564553079 428551.94438883214 2006764.8463861796 -561796.0487816131 -2168819.2214907836 2869326.3904331503 2389081.6797602777
3802959.504678231 1056406.3828590622 -348018.1464378189 -17335.045305922107 -3548883.4640126955 1800322.7681825475 2616594.4235905493 474139.3019155247 -639935.126914313 -1304748.6935985729 2310150.1447290354 -444326.16940983216 -152456.00192681458 584896.0859767832 2790592.104401886 -2468963.950435745 -1413645.4657610408 3765628.59542781 4267273.324048606 412177.4272450807 -1744880.4238403728 -208212.92163686082 -2809052.662968721 -4176971.589712885 492965.385137507 -771296.1457619373 3095925.514827565 -2084824.8693510795 33053452.6845325 1982002.1340774612 2470647.9072384164 -771899.7841284525 2490614.3180949306 -1737663.3643122695 -2927763.6259944923 267881.53648669674 -2650476.9006179124 1625890.6322822128 479496.9202592803 2030084.8884699307 1401195.9161641134 2474989.6986341206 607677.1891847262 -252979.5565685185 1451180.9637338426 -1455827.2386256251 -2756600.1476114565 3588235.916480497 -2984641.58546025
5194184.105279327 -2005687.0269473146 1346821.487088641 2903124.277697995 683786.9884318486 3307340.5817873245 3043638.7528807037 880041.1152190925 721671.6467179615 577461.7579942661 -157471.80424846886 -1854865.8810897644 1732020.7719937402 -1373438.4816790116 3773753.24468182 -527941.7214290668 2217883.938097671 -1891684.0090110006 -308352.93727117684 -531444.9600393868 1887387.0872620067 944452.7576004458 1643006.779902831 -1543882.1776165636 -2495732.6464877636 -941773.1806239935 -2104321.5172069194 1811139.1293670267 1982002.1340774612 32816618.73499564 1573458.0558319213 1134655.3137631626 2223177.7045570244 605354.2795666383 1188692.825398913 280417.69011419755 2566602.547664752 -1468722.6832266648 -268669.3242710306 -1976849.625594218 1754235.9239585907 -4128678.8701655897 1097430.6233834971 -1307568.6497664219 -52312.001903207325 4147093.09003632 -1122116.393197205 3738440.7311706175 27545.829449481884
1374358.9073621428 2210306.322323811 915580.4791421447 -3313190.5935658757 -1914741.6269889155 2159079.666361599 -237286.13260961894 2831680.237975588 -530049.525388748 -503961.0700070981 -2967162.871616624 1861921.499284648 1170143.3325447692 914122.7499512534 296696.37238052743 -2040987.073313846 -1672992.0978191032 -374086.3159086628 -989142.4553558335 81373.58087165342 670439.0188834865 1308892.8266222554 -1305158.1963951183 -416176.8556541971 468628.3255999313 1653762.8645796191 446470.2955719932 1889621.281115232 2470647.9072384164 1573458.0558319213 35202650.647159666 -529339.9150801856 -572343.3219942302 -3458520.3106644303 -4865639.578808746 1983542.193434434 -293285.03515164217 -2021131.8516154697 -1479477.4187233215 431654.2060664384 632708.4775416062 4672149.742702639 844034.4912481965 -227792.53613839915 -415259.9667898387 1200591.9536067126 30636.98266298147 3603340.7816531076 3241404.675068206
1590264.415367801 2614384.4226951646 1015686.7323229046 4150801.457162201 1124636.4706980938 -1244704.1688190864 3298054.0089351726 834919.1736977156 -1199758.6125330601 3005064.219477265 2964424.504144303 -788025.8276447689 2585080.5778955827 3614321.280422107 -2440722.706156642 -1478362.2581711952 -2527711.552980506 -1040791.9022576994 2736244.34514317 -2482740.892843496 2244227.0538347466 2428784.1054103216 -2329840.4008387052 -173821.03945264244 -1189619.2568291978 -4254156.79171214 -1364438.5139704638 439870.7329753666 -771899.7841284525 1134655.3137631626 -529339.9150801856 35277789.062453456 -3605683.727207403 568613.9507209372 -1335021.4175359064 -2543307.310629342 2092600.4932458284 -979848.8257393477 1622844.3129337905 -342103.86105913593 2885208.1642039074 106066.4960341749 2435574.733028772 1420922.0478251458 1951464.6652582877 2822785.902415504 -1258283.8861757475 -1033339.8912527389 2062481.571768538
-3179570.4996318063 3181411.2966155866 1878779.8758070292 1521093.0733814337 -253459.75918356233 1331699.947161841 -1425120.8688916385 -1633968.5665181938 -2139214.9222055427 548772.0569451107 -842766.6140370417 201921.2824850734 512938.2718283355 967325.8861227758 1844882.1881368838 2804736.7238790025 -1473035.4985847306 -561462.1718330918 -45321.97622452121 2400340.521003589 2229848.8776367716 -2535572.22085396 767000.1388438151 877676.8219607743 3399683.6054260377 -639593.9647820944 -856837.994741486 -1324683.8029340697 2490614.3180949306 2223177.7045570244 -572343.3219942302 -3605683.727207403 28692734.40952215 -292759.1243047926 283522.714937008 -1097017.2500600566 2467840.3478533262 1280749.253999919 -3300915.218446722 -2036952.2624950944 2264906.380871155 1538815.8566768258 -4665976.155985303 228785.13792163852 272564.44348050683 -2784583.7461163863 -2593409.4080879856 -541864.801443029 -1815812.0803511918
-1390875.5666070525 3777561.320040139 -2530470.074716067 -2393382.641549591 -781077.0956618859 1650252.561532079 1475070.4886070297 100410.02789855572 2285793.0948394467 -702545.2398571544 1728986.187312492 -1823359.5560752458 -1552556.6523279473 -565269.9869363788 -2756917.9827959533 -544779.4381061377 -1275500.1609769154 -412041.568883044 1463948.1275709106 637572.4697652467 -250082.64282771442 1617495.9273045186 2067368.6760474492 -1129878.9549505846 -1644664.5489040215 3751966.3382475213 -2606658.8001180687 -438311.00214618153 -1737663.3643122695 605354.2795666383 -3458520.3106644303 568613.9507209372 -292759.1243047926 34021944.71108685 197472.6628383404 -4045817.4985342575 -250211.54001515167 41076.08494298343 -984625.3350046424 -115011.6844563892 -1684635.022021174 -197476.26217042675 -852618.4398607543 4303221.457894114 544525.111094333 4075242.68467239 -3668713.7233928256 3067788.827418707 1438377.8385629707
576570.3477252179 2765101.472068557 -1338051.1338692019 -1574584.2889499571 1053341.5987684526 -2667109.1723321904 369760.01029971667 -1555630.8607206945 679555.0833307109 -1600432.187934977 374111.1931289034 -281308.65028007963 -1068690.2640155295 5101344.066099032 -2102360.5894418433 869220.0617222019 190139.9700953184 -1233764.7954643262 -475079.3010042119 -1838667.8437037622 -250086.08985945373 135744.76056676192 2335381.772377732 351692.0457482421 1923332.798245847 641771.144706788 -1177471.0911646786 -2736932.184115011 -2927763.6259944923 1188692.825398913 -4865639.578808746 -1335021.4175359064 283522.714937008 197472.6628383404 30623764.54347815 -227664.86713171832 3790779.3991455114 -1999105.6483494183 2526773.103043914 959120.5331973054 850207.0557420112 -2450465.55682909 -4137749.131287653 -6509599.889960292 -1009478.7559968454 -312799.99571249227 877305.6026450525 -676326.718532074 -1118967.0942250106
-802934.3431997781 -838268.1122952187 2326326.1056633247 2249579.9603808685 3422321.8795460467 -1416603.7856555197 1192408.160685314 1382368.7910947397 -1178333.7895249536 5370028.497202996 -2568046.3258200334 -2889703.191713287 -2950772.9340387313 -18051.611200904743 -2999226.1933614123 -6101.298222793999 -357263.5520543711 -2843054.7038503117 -1747636.491647422 1547434.507007924 -455908.50307623437 3577995.6420697756 409214.7367650119 2078985.6632192591 -135008.27968890985 -113652.43508633239 473235.7314355064 909288.8667483182 267881.53648669674 280417.69011419755 1983542.193434434 -2543307.310629342 -1097017.2500600566 -4045817.4985342575 -227664.86713171832 30625601.732013516 -418667.1670277856 1849081.3888096914 -811880.8904490877 3755463.253507338 -3040268.112543501 -1945068.4178331215 1197424.3485372632 1918272.3516104093 3094106.4647847153 -1555940.4577745998 177025.3323926585 374144.8763883246 -360810.7218871242
3034027.4381492706 2560491.009916672 -949384.8848967984 1297614.353517285 5330127.962756954 -3633291.3831711425 673915.7054694863 -1586927.4482114895 2514082.961216614 2296636.494071173 -46794.419821224095 1091433.6001932295 2696800.543734777 565443.0994222856 796827.4285005892 3487915.784408674 3538894.5369543363 -211796.0009545347 -136060.74019726372 -3204891.522157294 -1358549.875252452 615239.9483932002 1431184.3106075998 -1001895.2113280308 371592.9687219944 -3368109.808154289 1689288.191656322 -4154865.188102256 -2650476.9006179124 2566602.547664752 -293285.03515164217 2092600.4932458284 2467840.3478533262 -250211.54001515167 3790779.3991455114 -418667.1670277856 34454515.7507855 -2968177.2467410206 894103.4436416542 1827030.1576395044 -356598.6726236002 1444794.3120568155 -99515.97585548818 -1164575.8180940882 2107195.7719514235 1248848.571404535 21715.444540477623 2927225.7691651145 -606992.5510699276
39987.61120230959 1173033.7174034526 -1920655.2197169834 -690910.904995976 -2196102.805478699 2409275.6954140468 -621727.00575918 -174028.9000305818 689667.1197736702 1040743.7371767713 -1253140.6486866213 -4413333.205447934 -1415548.7431019004 -1114687.954508708 -1266621.3464604493 -3023288.424654603 603783.5442438618 -9695.105477648798 1458507.1922115562 2772623.359435112 1791441.6612465053 2654219.6037418465 1610132.9302152926 1325006.1444071052 -2136027.4631447624 2853073.972863623 2623867.638713636 1259881.867198882 1625890.6322822128 -1468722.6832266648 -2021131.8516154697 -979848.8257393477 1280749.253999919 41076.08494298343 -1999105.6483494183 1849081.3888096914 -2968177.2467410206 32271400.540953986 3846642.7924693623 1323789.7420245549 -178372.23179637306 -5209525.302837535 -1012600.6004382973 159016.70052506754 416074.84288377035 2318341.0346143963 641819.9828193422 975420.0265759814 -478955.9256876167
2160921.2173785376 -1901500.3425105338 93140.8389126013 -1185767.1928296436 698601.8856468908 -3881066.5520364353 603994.8111096323 -4941092.477514344 3741858.952970171 512988.22964774794 -3590643.5027466044 -3751455.8093383606 -1047039.7658279879 -503949.9775980247 253935.11771928967 -3323276.8178325277 -2826533.4973529023 1820461.2820320225 1373529.5968931941 -1598024.3141771767 979147.1341146855 -2211153.754208663 1923471.9626946803 1154168.3237557858 -406436.27659842535 -2046593.151637983 -1848000.147007849 2448179.466867944 479496.9202592803 -268669.3242710306 -1479477.4187233215 1622844.3129337905 -3300915.218446722 -984625.3350046424 2526773.103043914 -811880.8904490877 894103.4436416542 3846642.7924693623 32554794.58939973 2427761.479121008 1991595.500691654 -1811825.262135295 616984.861797086 -970552.2087772713 249506.06276868493 -2084729.0990991148 770675.8698186447 -2078645.2967535644 -1235098.614432923
-1618300.2629594374 3479482.268805017 -689301.2715223586 -1906531.272466851 188757.01662154883 1674094.7414502683 180200.45714098375 -498420.76652677695 791752.670379036 4031016.264105698 -1214275.0107955143 -572490.2875872024 -1336583.028735385 -436972.8066380947 2240564.0967345415 -1857108.4915618896 -994812.9924411249 1691366.8194594204 -335461.32787458337 1151959.770607084 2664143.6840846306 381807.6189489834 -1563384.7849644048 3138498.2163542327 -75336.98523650199 -1695383.1790641565 2919961.0666696317 -493186.4338070915 2030084.8884699307 -1976849.625594218 431654.2060664384 -342103.86105913593 -2036952.2624950944 -115011.6844563892 959120.5331973054 3755463.253507338 1827030.1576395044 1323789.7420245549 2427761.479121008 32110564.50286111 303735.49683433096 2309706.7054122104 2889300.5105480766 3654567.0714170644 -496504.9448880232 -1540639.0789167709 850668.1867223083 -1668993.8284995533 -1669828.7568985524
-1853498.1086272274 868537.2236392695 2319978.571658213 -543858.8947510695 3654623.975164405 -376802.3792845353 -125884.01808382047 -716056.228787287 2420353.3477313514 -1189229.6847032374 2217567.911770126 -983312.5868779138 -3076868.8414922263 3976666.9512027507 746956.2428561082 1756349.9245840153 395843.5590707665 2128979.1947842087 40242.917822561285 -2370523.89183442 40373.77600452054 -2619812.951526422 1016245.3872479582 2459831.9371134215 498216.3207538152 -2130353.094186933 2990026.709397256 -409073.6145655507 1401195.9161641134 1754235.9239585907 632708.4775416062 2885208.1642039074 2264906.380871155 -1684635.022021174 850207.0557420112 -3040268.112543501 -356598.6726236002 -178372.23179637306 1991595.500691654 303735.49683433096 34042300.26567928 -3331612.8597016097 -846650.7743135336 559339.6115331184 -625857.549440939 2498528.941619759 -4270386.46458468 545007.8041763789 2594405.274579077
-1035045.5899555169 733040.8360361068 2637239.9806951466 -670375.9973945161 4441330.22554531 99842.14379226389 432116.47731331375 -2859928.3576312624 591982.1271780012 -787524.7648752559 502277.364790833 1603278.0808550646 2712571.8315716134 2552348.4736690465 1211882.0500218812 -1041821.6034365915 4708980.558190615 44287.34959979009 -128978.31598186406 1367070.2232035717 272875.20019822114 -2140985.958437355 -3266242.796748126 -1757813.144425744 2815325.1734749596 18611.746974078338 -879163.7718764255 -3963783.3373295 2474989.6986341206 -4128678.8701655897 4672149.742702639 106066.4960341749 1538815.8566768258 -197476.26217042675 -2450465.55682909 -1945068.4178331215 1444794.3120568155 -5209525.302837535 -1811825.262135295 2309706.7054122104 -3331612.8597016097 33275041.977497578 1112572.9866120212 -1761681.9008404957 2349487.441669872 -3531388.453472925 -650390.6202136397 -682770.553385783 -1511492.3405427206
2000327.349479138 -835903.6224545543 901926.2144950455 163147.08631867878 4637168.057029006 4238689.566613249 1586273.800161634 -1365754.346068236 2054090.5351244684 -588301.1022303347 -215285.05258929086 1095888.9921500662 766489.24985984 -614920.1162401779 -753030.2571796218 -3112916.7994855507 1046483.1940990464 -2398504.264814295 382379.45029888465 3223418.7543153204 1278815.3462159238 1313200.3216819214 -1043687.328408271 1790818.0262198222 -1905481.2243697173 -3591735.837973128 -1239715.83716781 1073841.564553079 607677.1891847262 1097430.6233834971 844034.4912481965 2435574.733028772 -4665976.155985303 -852618.4398607543 -4137749.131287653 1197424.3485372632 -99515.97585548818 -1012600.6004382973 616984.861797086 2889300.5105480766 -846650.7743135336 1112572.9866120212 35119231.63554584 3805296.0180681664 -384372.25835278956 806086.0644004575 -3682269.248029627 -2142490.704060918 642738.4110836462
