32293483.10728835 -90707.7331551393 303658.226196981 -3527121.9089927333 3821508.7671797248 -1687719.8081392148 586976.8582015234 -300757.8413457448 363762.1098370013 -1199233.1730341164 -761024.4483412291 316557.8205553445 -1081877.746800953 -1228078.643238892 1450665.708015004 -1751866.3707733664 -1318944.7296678976 1166694.4195893127 -1486326.725622553 2241958.0004194644
-90707.7331551393 32171319.96273936 -1651766.2922337255 -238435.15755861058 2537324.9227312175 2362060.767973144 1772115.1489907503 -1595197.310071909 -3178975.5949017503 -1221164.8921670218 -5914944.738693617 -655682.1661058473 276070.33363284 -119233.70529350832 1587700.0309956188 1220959.5936548891 2032491.0108314909 -2025437.7423349388 1064391.6025991896 -2847707.8254037485
303658.226196981 -1651766.2922337255 31763903.871390864 2177382.123165248 -42267.4065686298 1499124.5252440209 2743673.3398144925 1226496.1011275868 -2016624.5687172585 2069683.094806555 -1324748.507500218 291043.91251691047 1726914.3361032854 -730627.4819486522 -1362031.942188382 -1299741.258178337 533367.00413754 443745.2273154152 1770231.954294288 3680653.245565744
-3527121.9089927333 -238435.15755861058 2177382.123165248 36814754.293577686 -1015328.3101940866 -1950598.7099799202 2070998.3303816493 1366188.8673081305 -4426656.578053344 -4562466.182245834 -1945832.9082922186 -277511.7095318196 2550117.2247680826 -226012.01192836746 -131391.84439154592 4094134.7747758008 1307410.1541521766 2403229.9648317276 -31343.683765155092 -4857557.253259893
3821508.7671797248 2537324.9227312175 -42267.4065686298 -1015328.3101940866 36074037.34767493 -763371.2166924657 3341528.823152313 543581.3215540642 1236393.6406478565 1468442.7410883245 -3044354.743343238 1762545.2790962441 -2024303.1069621483 2079214.5457944185 95214.04743134404 1692295.0854200304 -3475117.675456424 -1722400.6839651223 3209567.4094417617 672298.7170409957
-1687719.8081392148 2362060.767973144 1499124.5252440209 -1950598.7099799202 -763371.2166924657 35851858.854129694 -1485929.811909337 2346586.856528767 3683880.292901164 -1222026.6980590292 -2349863.5242929845 -1700142.7038524488 -3253689.7396422587 1700289.2472037503 1015383.5069401539 -2237763.3880038685 504839.8429215414 -9754.833610678677 -461282.0545243299 -1000684.2359027729
586976.8582015234 1772115.1489907503 2743673.3398144925 2070998.3303816493 3341528.823152313 -1485929.811909337 33579306.223322496 -685220.7920085153 164701.26990773375 -2275913.5419393955 -2302016.6016088016 226446.4913304361 2947883.125372713 -1304122.3961442842 348904.72127208166 1433708.9835269172 -1490371.5025525875 -536455.198732352 -2368728.4638349228 847448.2485066411
-300757.8413457448 -1595197.310071909 1226496.1011275868 1366188.8673081305 543581.3215540642 2346586.856528767 -685220.7920085153 32706742.65139682 368605.75856254314 894148.8262615323 398498.70464762364 -806210.7979349259 1694628.2140618032 1279560.7032529956 2748945.708694048 1958551.4649762772 -1776650.4663824337 2308321.678483909 -3666746.5822223974 2564706.2743262663
363762.1098370013 -3178975.5949017503 -2016624.5687172585 -4426656.578053344 1236393.6406478565 3683880.292901164 164701.26990773375 368605.75856254314 34072095.67073425 2481898.987946842 -1814766.4377325885 -3405172.086207655 -2286233.830876438 -1285545.6809635959 -68126.74653958052 426955.95306000375 1224697.0725185843 994370.2217768797 392764.2208694657 443746.81317391654
-1199233.1730341164 -1221164.8921670218 2069683.094806555 -4562466.182245834 1468442.7410883245 -1222026.6980590292 -2275913.5419393955 894148.8262615323 2481898.987946842 34214481.76785493 1279540.5400675791 -603475.2679861538 -2288745.3311256976 -1830410.0822461774 -2797535.5904348628 -3185863.44521768 -797047.8703315408 -1930925.9218489735 -296831.80390965356 1584666.107411329
-761024.4483412291 -5914944.738693617 -1324748.507500218 -1945832.9082922186 -3044354.743343238 -2349863.5242929845 -2302016.6016088016 398498.70464762364 -1814766.4377325885 1279540.5400675791 34658616.896460555 -1746863.7308874144 1070451.9799059872 845626.7653562183 -2617567.5608777255 -792233.3075398307 -2357431.8347140546 -3531871.5871754987 -2531352.8065904877 -46146.8791710639
316557.8205553445 -655682.1661058473 291043.91251691047 -277511.7095318196 1762545.2790962441 -1700142.7038524488 226446.4913304361 -806210.7979349259 -3405172.086207655 -603475.2679861538 -1746863.7308874144 35183337.65595147 -800477.2871512809 482536.5396493788 1844866.9168931323 3267678.3678266266 -325297.7537693865 -35073.276371858876 -1202874.555404248 -235385.99007702814
-1081877.746800953 276070.33363284 1726914.3361032854 2550117.2247680826 -2024303.1069621483 -3253689.7396422587 2947883.125372713 1694628.2140618032 -2286233.830876438 -2288745.3311256976 1070451.9799059872 -800477.2871512809 32035368.44305276 -4544052.386556699 830626.6338694625 2659668.780811436 759358.2452731869 -2412377.7748309243 -159557.16360020067 -2023903.7580203034
-1228078.643238892 -119233.70529350832 -730627.4819486522 -226012.01192836746 2079214.5457944185 1700289.2472037503 -1304122.3961442842 1279560.7032529956 -1285545.6809635959 -1830410.0822461774 845626.7653562183 482536.5396493788 -4544052.386556699 31637380.023864027 1654371.6696693462 -851818.4921813565 1179149.0311734453 1189517.2022619504 243127.06401779188 -798859.9195987402
1450665.708015004 1587700.0309956188 -1362031.942188382 -131391.84439154592 95214.04743134404 1015383.5069401539 348904.72127208166 2748945.708694048 -68126.74653958052 -2797535.5904348628 -2617567.5608777255 1844866.9168931323 830626.6338694625 1654371.6696693462 36172116.78048993 436420.514185799 -2028123.375593432 -748813.439070874 -1199639.599997965 -1656769.8572817522
-1751866.3707733664 1220959.5936548891 -1299741.258178337 4094134.7747758008 1692295.0854200304 -2237763.3880038685 1433708.9835269172 1958551.4649762772 426955.95306000375 -3185863.44521768 -792233.3075398307 3267678.3678266266 2659668.780811436 -851818.4921813565 436420.514185799 36014870.43085231 2349156.203202961 -3398781.641925404 -1293027.884694428 -1846920.3086611864
-1318944.7296678976 2032491.0108314909 533367.00413754 1307410.1541521766 -3475117.675456424 504839.8429215414 -1490371.5025525875 -1776650.4663824337 1224697.0725185843 -797047.8703315408 -2357431.8347140546 -325297.7537693865 759358.2452731869 1179149.0311734453 -2028123.375593432 2349156.203202961 28691028.225370105 1358085.7177489628 -2233365.6374041582 -1816229.2721197463
1166694.4195893127 -2025437.7423349388 443745.2273154152 2403229.9648317276 -1722400.6839651223 -9754.833610678677 -536455.198732352 2308321.678483909 994370.2217768797 -1930925.9218489735 -3531871.5871754987 -35073.276371858876 -2412377.7748309243 1189517.2022619504 -748813.439070874 -3398781.641925404 1358085.7177489628 31929168.76457181 -1267391.086012697 -1509588.8964117037
-1486326.725622553 1064391.6025991896 1770231.954294288 -31343.683765155092 3209567.4094417617 -461282.0545243299 -2368728.4638349228 -3666746.5822223974 392764.2208694657 -296831.80390965356 -2531352.8065904877 -1202874.555404248 -159557.16360020067 243127.06401779188 -1199639.599997965 -1293027.884694428 -2233365.6374041582 -1267391.086012697 34122574.87177684 275475.19006976276
2241958.0004194644 -2847707.8254037485 3680653.245565744 -4857557.253259893 672298.7170409957 -1000684.2359027729 847448.2485066411 2564706.2743262663 443746.81317391654 1584666.107411329 -46146.8791710639 -235385.99007702814 -2023903.7580203034 -798859.9195987402 -1656769.8572817522 -1846920.3086611864 -1816229.2721197463 -1509588.8964117037 275475.19006976276 33350160.153751444
