35305475.07990992 94435.05661146465 1910819.1101665697 -4245720.813347937 -3832730.149314343 -4508147.826781537 -3389949.217057206 4071806.934275635 3401234.53921418 -1239926.272282361 -1795412.6471599082 4883364.636237096 -2077055.978269844 1844302.0948783099 2122956.521077113 1474143.7960323682 -148848.13310987345 2307861.761405295 6143914.1109954575 -1159483.9690644778 -6449954.105771994 -2763731.18878892 -919793.856325542 1963424.7077849107 -658073.0766635297 4780217.911985524 1750149.695188482 606138.6246562997 2485902.3203672105 4052047.724039106 5178528.883302238 1881834.8329198149 -4501754.686398709 -2533997.0306712883 -2945930.0866014827 -2467306.586952119 1536662.1117206654 -524549.9074677635 47447.31202358844 -647571.7756343088 -1566803.4780059105 -155089.40555426537 2236026.166763044 -1405896.476614516 -6488509.28919223 -2806809.55930475 -799646.4575539869 3539361.805936419 901938.9938508811 2757327.2657397427 1226386.1120627124 333861.3693504738 -3114212.272277117 112673.9569924243 -448034.0714430292 134510.26089269426 940879.9734681296 2691648.2362951767 616349.7822541909 2107649.7540778266 -481139.32546366844 -480149.6454948347 -7682781.205844118 2771550.80400212 1517716.1486145859 827221.6442709727 592786.3550462477 -339114.6310681797 1938905.1478854136 -3598810.9589317725 -3329077.6307191085 2468597.9004557813 -786567.0338227001 -2604237.1259871484 -1614810.8142515302 -409878.6512745275 -1332167.2325950067 -487062.34496155387 675861.9941273001 2590836.570269729 3536799.1161202895 -4151200.6412855587 4774542.583375509 3819171.191653214 4251671.546891164 -3853694.605656107 -974126.2351366113 -400635.44467579474 -1571241.3806349856 -2488060.9463148555 -350415.29338383273 2464613.8617032375 174181.92924994792 3824996.5265233098 -1098198.7135937861 426103.5647053471 -1047719.0669010504 -1703718.9994189318 -254642.4959457587 -2315760.028705558 -4071537.738382608 -1071736.6789390873 -2302377.6550928843 -1691787.6219522671 -3342160.1760157864 -4392325.768415975 -891279.6910932764 1105140.2065654346 -3907625.4912517886 -417825.2043254961 1955593.6351797753 648683.4467681936 -2669548.918049718 -694044.9087954704 4399402.435595079 -1524822.4553466348 -742536.7789088428 -2293636.0099033015 2647348.305319466 -2171789.529276252 2654237.4530203124 -3111025.1838980797 2046147.9514825232 -4244153.515427763 -4195327.141828326 1532774.6752094447 -605900.5767668529 3397238.8879704936 -1070149.5401007729 467132.8056962617 -91102.54213680874 -1005213.6776668818 687688.7830590121 1297318.4534907045 2243957.525022214 -3762157.492107034 1002844.8554534529 -697880.1604843849 -588886.0105572327 1118594.0174964182 1302822.7279448605 34813.14892781226 2010372.2049749638 747825.581196258 2615743.3928448246 -302926.2396962475 4283366.148407953 -236173.73712111378 -903131.2854426834 -1116060.9568098234 -1339037.1759112473 -2355720.491834511 2399116.1460956275 673448.8291245757 -384057.839677402 -2580236.1010425934 1516067.253277518 -939660.9591230265 4197429.476408176 -3073295.2986107497
94435.05661146465 34937483.30650949 3733411.9515862744 -508627.9238023409 -6943.110874907645 250351.59891702535 2045261.3899051493 461372.4991461708 -754399.2486481628 329384.45647688076 -923889.2902243229 210595.72497882732 1670528.0576307247 -2763319.1949418066 -2013832.742740137 2761799.847658799 -175485.82264900565 1096857.6970133723 493340.9984894112 2966130.2152441563 -1113288.8199917101 1342391.3410124683 -1520876.594810895 -4049335.6150109987 79636.94212405934 633240.5975504387 -626626.966044284 1605481.6163749932 -4191515.744347458 3178927.1250922256 2116793.566522894 534878.2506075971 -1187709.8079463132 -2161675.9096372435 -3143448.24145792 -4521642.50353586 -3332713.9445328657 117024.94082424267 676933.1356210872 1848483.6197982542 -4261430.943378063 -1076502.136837355 -4636418.847940182 525344.4190364099 1628754.2585430879 1407313.6522402086 -3413400.324878905 -3181289.22711602 2522315.364747263 3135118.9758288665 2325677.1221253364 3374385.759584233 3105129.943859793 -453055.7666378104 2947940.450194697 -2387933.477182251 -475402.7400243278 -571148.3969382774 2973226.7121386593 738106.5744985646 246207.46021774097 -1653745.248344156 -3038750.940336993 -3246819.215594481 -667539.4509937529 -8204207.171576273 -2759351.7924547363 1244728.3833847663 3182764.4818380442 475511.9137756428 481949.43081338 -970192.4309605636 -1832815.3796332176 -352819.2465713198 405105.021741359 -2187566.2006522454 1077928.0725019274 -4578860.701838197 2200497.798312038 -1569245.3384135847 1028646.5627462714 2166943.932738075 2728994.521494346 -92117.18710901929 -4099684.5474220575 2305681.0381715167 -2258117.2195173195 -5414140.90038252 -58961.0110414661 784273.9147557636 534075.8006772157 -579077.972703468 1884572.7290596873 881548.2207660499 2809801.349028361 -3371687.096446325 792508.9816041377 -1045669.4888562927 1992356.3685235323 1193648.9459742298 5989153.645786676 344939.02060360555 2310258.0144299334 -2473570.4167619813 -2227925.0947358264 -6323.497271531027 -792413.052205486 -1145816.1181232627 -4001670.1990353474 2826352.026723108 -1059700.9111748787 -364369.7797932302 -1936200.2483727871 -793714.1941727452 378697.37185781565 636967.6783380508 3446704.5504620587 1458065.0774602548 -1428269.1005016982 -302500.8274626015 632116.4049006305 3786573.8723137765 -226564.30878833594 -2860677.1327209054 2256647.9128021575 188120.60851263255 1215884.1523876344 597394.9194496404 -2584478.133371802 263212.5082122322 4003465.856577543 2851846.474316197 -2400987.4179618764 -926275.0620704178 -2741101.1346729393 43595.73468797834 -259501.75690245174 84757.52172965031 1682150.0678525337 -1323012.055968313 -125431.55725312185 3165599.9384547463 1573451.4762057785 -1194988.442209083 -77022.14302707714 634136.4710365022 2701726.6458451115 -1998872.959426975 166595.61308326077 -784210.8328742188 389479.8474384354 -1930836.2200165926 2353389.947116398 -1691780.3779083078 973573.2673401943 -974160.2408187678 389260.1679409787 -2203918.056491386 -1353679.373611159 -391304.3662588375
1910819.1101665697 3733411.9515862744 29432638.005592037 -1640017.98878695 -236880.72341302928 475407.69908998156 -192089.91009326398 713428.3193298817 1108447.6664965528 1181561.124858841 -2442230.9306443892 224871.11202690625 1097325.8860604328 1854621.4648451402 -2715970.396246922 4536329.375561602 3603356.66990248 4260804.783724051 3232306.363594433 2020557.2222648237 1146914.3352575984 -597349.4030121617 -3011985.010289664 4106493.41715588 -117236.9674522275 850174.1370519612 988754.7584986901 -3053236.0682777558 -2715536.074075282 2180992.2668088083 3045081.9274672316 -2880118.8654716136 -1532844.1205825917 -5174530.301700564 -1033739.1546967664 194738.1493699149 -811948.1615832894 -149951.9903126427 2821508.872783551 3027755.4914668817 514290.26425616094 -1825177.2179095203 -380141.7460742271 -1506273.623745864 -259881.06031355227 -1978473.5471686183 1485900.5564249076 906491.0495757043 2773932.774613582 2853072.574852618 229433.7458211255 1653452.5614637933 -251800.21626541208 -607621.9955137509 2328157.3066985714 2587474.3684626743 -432326.37685548933 -1752332.3278156628 3724836.998133971 1661997.146570806 -3754103.918026856 -1836512.0858696029 -2313636.895164188 236630.97395804466 471962.46070118295 164208.88139613933 1776982.8109287645 -477509.1843986134 5471882.2431671405 -228215.10458153154 1423662.1558920415 416329.9503108147 5384281.441119666 413282.6031116134 1887878.0964763365 -1190022.6513580505 -580717.1741243079 -168384.15339464354 242289.496068292 -1805932.8234363268 109458.68401362127 -968594.2073384892 5742052.868714082 -1209335.810704412 4003433.9320952874 5133945.082676076 -2839094.675054249 -952254.0520635394 -1515856.0914191152 3084757.864086827 3616924.4440329876 -1546232.7491239437 2270568.880722058 2795116.9172819434 -3755090.728997789 394135.95393155323 -2314033.0513182813 2884222.304950989 -870221.1484175966 2206234.5062612053 -1041587.5511057129 -1630361.6791543055 968351.9838002659 -1860712.6852998799 2809258.314300233 833796.8558038842 1060807.069879941 4843407.524754594 299511.53449412325 3366200.0755727882 -1662812.091446051 -4515678.225233512 -2459542.9010403003 2228687.7477816017 1461413.6626170631 -5007183.328902066 1980407.7642977454 -583993.2220662836 -1520335.0325215044 454947.10207864473 -2632513.6374564036 -193347.08486686402 -479584.85262282117 -710875.8388757933 -630787.1833154056 -1608059.036727395 3167089.587786347 4758334.152886559 -3080724.2541169836 -2433009.084816843 -1175373.0558875576 -2562221.3454421214 54101.142663485814 -2072113.7969251734 -1240360.0296224249 -2321411.451593834 -3731529.7435587435 761485.7279107807 3010184.4066319237 -811274.5808369154 526949.2753995525 -1649089.170601521 44934.79063068055 1767287.212897502 3296135.0084626814 -2114657.2062749784 947140.3167935787 217601.3042344234 -1363481.1533964996 -3269236.3472043164 -1019637.4876926856 134099.2444552127 -1260.5602613900935 4055783.919273729 -2759186.454253873 -3814900.2126027555 3047085.059390096 -2218946.0112251015 -1333941.3485610718 1013160.1754743424
-4245720.813347937 -508627.9238023409 -1640017.98878695 32927956.794469614 -571023.0737161632 3273105.691389099 2269943.403248868 -1599083.7075788106 -1028891.9342185371 -5184200.267586083 -277517.7061199726 -2114266.167680853 -1245711.3499135186 5657399.98461457 -118439.65025362564 -868834.9690575817 2336156.978824777 3844684.159649264 1342649.3916933222 -2677392.118063622 1443256.5191495458 1675417.198777815 -1570919.1367292844 1156438.2281277035 353560.5195431737 -563775.3689753019 3245525.170672936 1031027.8179449597 736900.3831022162 -2209067.361779743 337994.4393695861 -3451462.8851455003 -1151494.731187902 -3600188.9728106093 -2717318.015342286 2707049.7475372925 -193320.24182403935 356090.69049719494 59412.4522381154 -74045.63112111668 595813.6692950919 -3079319.0418100823 -4110738.365290251 -1742903.8571282034 -754534.2135922331 -2522725.244940323 820285.5637905453 -2218585.1857740493 -558007.9075902908 -1586948.304494548 -997217.1812525359 984200.1972786366 -1742561.2167035649 -1710865.0003497156 890061.8797862183 -3160324.7491642274 1991924.993225763 4657117.085770727 1921330.1325847437 1020107.9517733221 -484390.00828049914 -1237600.1268314903 -1599742.629635983 980432.20004162 -2321127.2432159376 632275.942732673 -126164.53307865415 2046318.8193168128 873528.379236956 5302379.713799645 1597501.0083335587 -508790.4762528493 -2435295.1393977096 3086033.4322594665 -3461050.6527228863 -212974.51177371206 2214180.1895343103 131622.25470783596 228713.17589258065 -2903519.5815909947 -541926.5800472645 463672.880043487 -719212.7455353024 1545676.0734669978 -2076958.0743957872 871640.4680840587 1736408.1863282835 -1334456.776231242 2021775.690527751 -1496684.1160680428 -820141.3448823869 3103284.6054317933 -1682518.9877799205 1152136.9274616977 3029621.265343965 -2328839.051851916 -1828601.1765934934 1072741.4801205625 496843.03957238875 656446.8066990902 -1919941.143988895 834934.5175595302 -290740.4154634517 -411455.211296658 -2354038.61255561 247894.0859260603 1755870.2229496457 2090931.3107642778 -459997.5085502686 -2531718.5376094477 992788.0172009952 438708.3034444005 71040.36948535216 3390793.3596914713 -112316.69958180447 -293468.082007222 1310879.3305564267 1281761.3066520945 2514974.301726179 2195177.0106441556 -713382.1245688617 -2968445.28280335 1050825.4208911723 -1494349.5809705085 2072515.5698568868 -2284957.6562327095 -695957.8837411813 -2092653.555692021 3286151.250713383 4492718.165460577 1094427.0626415883 -1664038.0484988515 3289482.8782993155 -1501477.7050544992 2977545.616049698 -943444.1273540824 -6879857.532496652 -507804.45793260797 -2712810.8596642036 856121.7252748542 -995839.2701784489 249483.76315584037 -2367.3348789497445 -449403.9581951624 3153705.385087224 2174974.8453918453 1638642.4471418285 -2819267.4011706347 -3216031.9337462005 -3814707.2266234625 1908601.8996608919 284444.99968596495 1008209.9913316559 -601221.3772895609 -3658967.879004672 -3116908.325426266 -3037534.40905369 2348913.283828792 -1359162.270498406 894368.6008948734
-3832730.149314343 -6943.110874907645 -236880.72341302928 -571023.0737161632 35590198.664881654 -1555738.9339689636 -674243.3947832352 5308741.5068053985 4348643.564353082 -1054139.0182965614 3688962.039274354 -2080569.472623953 2724794.3999524238 -1842617.0581122572 556551.5671455823 437093.9086234549 -2693892.318784281 -1222351.5029522548 607064.5042737067 5087110.739347627 -1606864.3367894655 -3317773.1484891595 3820523.2300137207 2094854.7515800882 529610.1256485772 -2462550.7859301683 -2291250.467906525 1514080.3502525436 -4150730.627448907 -650793.0508700942 2434276.9026776776 1738611.6471940884 206016.23776415485 -1328080.8804918367 790289.600578025 -2518982.1700515174 -2669859.201044278 -831530.9942477568 2999685.6314757587 -1075659.3428217438 -3387012.1968933535 -939418.7255614043 -508846.10659272317 1026824.1826248654 5033871.221931452 -2957258.609325516 -545261.9302457179 499840.3456411654 2772284.610809698 -4574282.52089971 -633141.9319081521 -641382.4366693811 3069596.9688386833 2383477.014003363 -1332692.5666436197 -2617026.8926583678 -1613308.3219575414 488769.62112395134 -1223168.8547029113 -736477.6394649068 -943781.8208606613 134888.80701257117 -1617654.4379703177 -2866187.049945699 607546.603538237 3807728.652419918 863906.2985754499 1439480.102764965 -2901741.6787717943 -127984.41108561831 3074550.1190484995 -273289.54726766126 -1987446.2858502115 3182201.085575078 -1257276.4443216631 1912937.8659852387 1214792.399881407 -625635.1336770826 -2565127.465612667 3503229.4630532456 3013159.2564316965 4503816.506761415 -5549667.423733648 536616.5065527008 -812197.2167221776 -152855.20823144523 2389946.215568402 3226368.3130297055 1464596.0282014443 -244272.00287547585 1361196.9881695805 -1294697.7294865674 1899424.2310141507 -3120477.0138586373 -1365311.1548184026 1034050.7633264838 -2213231.2854056926 -2745210.001086839 -2850663.426609723 -2133470.52731275 -462991.24334871816 768143.3752070027 2716290.8465210423 -431636.8868884088 2434660.7403931925 -1098892.2061984364 2161019.0992043912 2135646.4082344193 6595889.524448433 302167.76689829887 1571128.6741932465 2062888.354156359 2242426.288675183 -480601.1055611436 -922932.982396355 3449957.658394875 -3905298.531578308 4510319.321460538 -2875820.45026168 5957515.752784961 883645.6447512943 334017.2203745868 -2150063.522376209 -1576610.73256172 1650968.4579181005 -686412.829646358 4517220.826899282 202526.07301139092 -868336.645332538 621635.8760246504 -1161937.4101459081 -2308356.872707081 -3132856.0876863594 -2226028.4015340707 3194331.7767948164 450402.3802285862 2177779.157695219 751998.0288466521 82055.16854661527 528712.3531506972 -151927.10153856914 -2408509.268302581 1577567.8031674186 -3854046.611108534 1208113.0698728515 469811.78283690236 -622515.5006235978 1263609.3632120066 -3707739.9936012854 2960807.508989555 -996471.3270776987 2357798.0642177197 -1136040.0441514414 1022030.7483162796 -522508.6271969349 -3120350.3338769497 2941631.0357091767 -1592348.2968881573 -1389887.098825909 -554947.432101858
-4508147.826781537 250351.59891702535 475407.69908998156 3273105.691389099 -1555738.9339689636 32335013.95303636 -2036148.6403718276 2352810.0134805785 -562300.4469675192 1347303.807796292 1987046.5143325457 2552497.126709586 208979.40242486 -1549847.1897607667 1280352.318154771 -2942023.381013282 -1179643.5088626575 -1380688.3256175253 1395418.4386226304 -645881.5069439101 1693334.0085926556 -1007827.273263562 1097140.189758479 2652656.0571043966 434742.23306235956 -1013919.6606766824 -879184.6851360651 -3564456.4492699294 839106.3206728053 2680113.7168047717 -1501606.3332874093 441909.56726620626 -828157.8708980483 3312917.024771954 -848473.3426107735 2427657.362662211 3672636.0908716964 1796937.1294800458 2345729.1566176205 1615564.8937984724 -932123.186946082 -577211.1729134726 -1347066.6307122272 -3105358.8919873517 1078555.692192198 4793189.22748488 1606291.345208729 243265.88310026677 444731.74642969 1248006.8528402215 -261175.36544972216 -825090.1619703374 -1567675.4543704686 2512482.827436399 5264351.939558426 -3729565.3407468577 -185698.17537178085 -2216988.4957202086 -349484.0776122596 -1841805.0658247666 -1235082.9476653081 2232500.6533463895 -2336260.086263956 2812642.8900709664 -365569.67885822814 -2759985.294127067 -1043599.0078545723 -2640844.2306558345 -1695672.3615267978 5939995.335715015 -1478622.3592275372 -3080766.6349582397 -1557157.6006984427 -2787551.58793268 -3170232.985888504 -3802882.90887773 -6562438.395967341 595048.4585262932 -795702.220438493 -3501698.3142719683 1626265.1159225265 -1088545.94874121 804711.9199275945 -1482208.6616182323 -1215432.750798656 751331.4158113089 -64217.457130184535 1388453.428625643 1574435.4827045235 2184775.7773638004 -196157.47037625502 66092.16138308667 3019566.2349343947 1783108.3527539882 3339219.13612464 -389503.2995341438 -643408.2250756783 126897.0349691177 4663486.208361148 804400.355977279 2624852.8021098236 -499815.1481344404 3490083.1564906104 2245977.587152962 1135824.9932782094 -741040.1185674972 831577.398430325 1872472.6255536224 -1741544.9099780396 -5016176.039415191 2607487.3048782256 3477390.4008150273 -1428985.0840514435 4581822.087959022 -2734015.8952869033 866666.7727009838 3141451.452784017 1308036.5632706478 2912637.235680208 4274268.3460649215 -4158761.4811593797 -2973997.5813306207 421063.76359070436 2809749.3687429233 4212213.444044154 -2096868.1848975434 -786352.2648827052 70844.09215561781 3287178.4995097225 130352.42877422631 451561.84134263056 -888337.7449868727 1966724.1272184553 1347536.7530963654 2795765.919333128 -2054159.7537397388 4800128.011659796 1428156.0146492592 349620.8784331426 3451857.3500494384 -1761169.9397632638 729138.142221761 371814.31404804083 -835641.572958857 -2526001.717278198 1088123.6623752075 -2258104.9147002874 1716935.5700673063 1361395.2623640765 -2631851.6176082175 -1631471.5873855816 3382883.3148161285 -159814.29688039003 1605172.8632628454 1168943.8581084402 1927096.0444311008 -4508827.957377606 -2950856.807680683 -660146.300970572 -1759972.1204481677
-3389949.217057206 2045261.3899051493 -192089.91009326398 2269943.403248868 -674243.3947832352 -2036148.6403718276 33654320.12338668 -2706029.2101281886 -4629968.2369361995 -213092.31891919355 1557699.568628568 -2137199.1376248794 -346647.54401430546 3064788.349261339 -1603947.0591420825 -169191.2610945939 509719.7609876633 -2170033.3856119737 -951159.0509978243 5419641.932889216 2521587.6266566375 1213524.928206928 -3523543.2869406976 201897.15218562816 -3833059.748197526 1067584.2745178982 2306995.6841009213 4312783.9962597955 1801682.034164869 -3353494.1331960135 1331121.2581565552 648582.8570200775 -1511073.38643224 -1520210.2528198068 -119715.93201286245 -621733.7662225112 -2460127.226142885 -2066693.107834404 -855261.166357247 -738076.6285214942 2275418.299889257 -2495465.858942392 -2823087.6873560403 1865884.9666769386 -3642616.889051777 3968827.731864145 757254.6952564424 179158.16900576805 -1373946.6779317246 2072645.163425949 70437.26835386897 -779957.1985271409 -4998614.043207747 -4186639.426661476 1593195.8513228823 -2608480.8350731623 3624200.7465633918 1231543.6718134228 -1115116.0863108777 -2392439.005065957 -772963.2557814853 480335.51709143136 31268.60069956588 -1674542.836042956 -5738797.535203039 2335839.793420008 -147688.76666224608 825593.0992439655 -2467696.0426465278 -1783227.0150154189 2454987.129906086 -1013801.4789802062 3905537.682840149 1027081.8295840202 4568638.601356339 -1821464.850898335 1571998.8061424675 -1202641.2174249564 -1269561.6815505615 -247951.2534909449 -6287751.11796099 -2216119.5491650854 2923430.315254696 -633047.8328525706 -3184944.300803415 1921010.5744880447 110024.04839942534 -380743.0018423133 -4452176.072947284 -949927.6791867175 1703657.022758382 1720944.6737470622 2217820.144322811 3550345.539978519 3336152.440945053 1506652.4950661445 2161565.9134987295 1213124.43427183 192203.64749264307 -533464.5575789225 755566.9940538374 2833944.9042996163 1079943.5423973515 847231.3242998018 2370138.049874802 2536111.81526672 2984638.3058560966 2369640.7228883216 -242427.09095501274 -657053.0865685628 -1291501.1534526423 -546361.1071703892 1749325.3335565352 2387886.3865117813 1927722.4278349453 -58777.93742251671 2849052.26366737 1858189.326138949 -2161935.6464053183 -2243557.627861695 -4172208.9549885117 1817701.425346817 1012258.1048692893 7570.716032509683 1805535.4100462154 5245557.9129793765 -2282705.3174723536 2579378.8367090872 -1402786.9054880966 -1509355.6918279044 -1759966.3236535517 2250260.219174039 1723119.4479815757 -1121991.0971053452 197097.99061216184 -174338.40705678068 1509370.1604359974 -1541646.5877747121 -393356.55633875943 932552.1187087279 -5557468.783935279 199432.53003315724 1603569.7886936762 -2045942.5298289428 -1006381.4368058394 551995.0524227491 2596780.2334840344 1178030.4117457736 5074440.9646616 -1374877.71330747 2728210.4311029883 -829945.1165694763 -891222.2969136041 -2435501.994230922 -5193986.481813092 692174.5130033914 -1592119.2334693903 1336528.9622195465 510057.18699620594 -3071827.804990269
4071806.934275635 461372.4991461708 713428.3193298817 -1599083.7075788106 5308741.5068053985 2352810.0134805785 -2706029.2101281886 32527762.085810024 5353150.875053169 -1104280.8930485188 588091.9854772267 2746067.813204737 1160161.8575110927 1209109.5830019491 -1227644.2740556155 431213.6223013731 507037.8791200256 1472178.655874894 4107443.85347703 -346853.47185603535 -806678.0974170865 -6172183.169057421 529851.2857596679 522751.2556436941 2327737.573250712 -1927641.357216233 -1874745.0414839983 5285334.020945561 2672159.4510404733 -812511.738429956 -1635592.132220522 -765212.9477739488 -4193070.8567675143 -2535132.723481575 -1909080.5249800293 898366.2668811785 -1458041.4407041015 -528589.2553954892 338944.9165308832 2112408.9034426175 1009912.6116654 -3901261.471527301 -5464809.779182565 -1137502.7306741413 -935451.9295417689 -2126651.1064978205 -152679.9615138437 370136.94618645567 -2026252.0470469154 -2579027.3852465255 -1754580.6158262887 -1224328.6851447728 -3874802.4869568194 2172506.08889703 4294653.5932414625 -703791.6295605054 193556.6290118795 -123940.33879545316 -482088.87120940513 -1744782.6058264414 1090031.2513560907 1343067.53870927 1789698.700890716 2503550.6217207434 -812305.7390004642 -3873201.430387194 700970.4014706864 202133.85127289774 -277273.8464997513 4835604.341796693 600916.0541100833 -4165282.3833584306 -3690024.2012883998 1182080.0362911222 -2571562.157810719 2197694.7302382556 -1891950.6071079613 -3883569.6960850395 -796000.4711589133 -1008538.3382317683 1538887.8921642075 3671081.8365815347 2412716.6741942964 1373688.215548544 321720.57883102837 -108487.32630182538 -953003.7087299906 1522687.13648077 664026.2750708055 2361853.3487523375 2352586.173577495 1592176.1750683696 1412562.555139058 1498129.609080496 3701344.6016678982 -1226517.111571284 -1156124.262211175 -3362695.713811122 -1135106.7078875222 -1332157.2235511083 2583233.425812157 -2101731.018016179 1719740.5288608866 4132376.2971934527 -3493371.590752576 1127490.9141726545 479258.91526427073 1766626.472350245 -1879878.4065374488 -2204192.9724577344 3651066.9443778065 3387459.960008331 875159.8510118952 1603569.142563326 667420.8504333146 231018.72040911327 -327641.6334689379 -561673.2603193112 261069.34916800843 8896610.246901384 5918544.5687090885 -4988512.559468137 -2542876.796616421 1780105.4456607995 -3263561.221550635 679745.9199524097 3401311.483914094 -3813780.4932374237 358799.67696782685 -962381.4141262985 -4345903.855841335 -2264908.8942348543 -5701081.664966998 -1098697.6083674522 1567046.0243381357 605290.8347285788 1711796.3828531927 425907.2428105747 1681498.751781763 -5054718.022004668 2450654.5591988075 31666.0158753495 3775981.6644737776 1515433.9596293229 388059.93789147236 -1997760.7521635885 -1825384.0417883245 -1408241.0851557734 -1431897.8471853693 1776485.7635256776 -4127563.3721969407 -793774.329717522 -697542.3170253609 2173313.589488663 330769.249853771 5229636.714670665 -393468.34414607147 -1300271.0428914246 4078452.219244295 -3117345.1592020523
3401234.53921418 -754399.2486481628 1108447.6664965528 -1028891.9342185371 4348643.564353082 -562300.4469675192 -4629968.2369361995 5353150.875053169 36404404.66747074 4189414.6674983534 3930939.3300911067 3800316.7740796693 -2502735.2842481337 527092.4107422492 2128211.1667356654 2401241.549113243 879446.4377119017 958211.4978681527 -1805693.8013538837 -1443524.3423217076 -2576959.029221103 -1451320.8867420172 -84076.67193267768 2305292.093421918 704417.7474829855 1729148.5764534588 640681.772965971 -3390247.6217714455 -2228877.445215185 686243.2678140281 -1643558.0766387356 -161245.7501013243 -3517712.694831427 461435.5074805802 242940.21260033836 -596794.8674303583 591128.7040069897 2429692.8934241896 -3689499.6612104457 1275709.4127899844 -5450008.473515455 -1910646.0614161338 -2199449.6506970916 -1597723.7101482865 1950802.345413342 418229.72095655074 -4428359.166958147 1739808.7839611738 -754340.8189095769 -248457.8752369676 1048933.4578611138 1727538.5929904208 4633790.453750685 -819691.3589465014 2170361.138359973 -3139931.1452369033 1737190.5669598805 -4167438.621175102 -2883817.6138688345 -1617269.341620322 2043181.8760987148 2940180.5052636033 2141551.598377034 265682.43141464103 3705863.5944308694 -252329.49676548995 -1282552.5411728686 2059627.3377953821 1231827.5569427118 47230.127400828766 44526.525312378275 -2071524.7678960608 -2597557.2052031835 -3379231.5874055834 -4565846.364942128 -225696.2003686002 -164933.86902951944 -4444158.753649949 -2316526.8338148408 -471150.18689242325 5366210.826363153 -90569.46428899086 1971233.323856409 2421192.5227660006 -775918.3732123576 -311008.7867862179 1010503.0680397359 2197855.888329394 -733412.0312993804 1962867.8195712294 -872244.7517537966 -770479.1038077606 -2008128.6846574824 -509212.82801821927 -2268536.23175365 -1628862.296191918 -1894588.4856274284 -1943166.5400277926 4012937.9891835554 -162885.4336236015 3183338.536736824 -1834739.9503736293 -1677630.0583649164 -1846565.879139929 3792648.388017028 -2952442.7692227797 -869919.9748273919 4167976.9546278613 -4366704.42697576 -89864.53640990249 -1170899.512158635 944220.6363182814 1701266.0763456768 1435328.0846059674 2971630.3910323516 -1103821.582867013 -539265.2295996104 323223.107536584 -877743.6681652863 6720949.610638472 3199084.6868978105 -4196303.601287447 -3074343.635790668 -1882527.2114281026 -2821606.897431349 5546913.573345383 280443.70342854864 1843186.4609563933 -2943619.4545650445 5421361.250779832 -3689921.191268254 -653637.4987883626 -2274543.9828754687 2291907.740666898 1682490.8732489806 -2276419.19910977 3416865.056881529 1824646.5398755355 2968731.9980754154 -1053773.1426710605 604829.0971851433 1381733.623010925 111676.36132562679 595790.1525621602 429892.5133257764 -531239.0008963546 -2151032.0928042755 -875511.7735389002 -4646728.515831634 -1606020.508167588 -1781463.2054889924 153775.01579148567 1503499.4446688718 1522325.80851996 1310982.7962284475 -1424440.8482716847 -1146595.19655474 -421996.46224584844 -327496.39517242246 -1245334.6562422346
-1239926.272282361 329384.45647688076 1181561.124858841 -5184200.267586083 -1054139.0182965614 1347303.807796292 -213092.31891919355 -1104280.8930485188 4189414.6674983534 33051691.002269827 -1880227.0399521776 687077.8069754912 -933847.6805697259 -3507015.540438234 -294858.52356578084 475494.12720273953 3611550.30902665 447312.95001448237 -1641279.0623511905 1368486.2761836103 -1781249.5045114176 449967.86357176804 2715590.0970928213 -797849.1055080285 215132.14358190194 -2865446.6217911346 -4032841.4562023575 -4832707.777752728 -3555111.8006937816 -2698152.6347825974 1344666.33004895 -2032337.30293183 -833514.7479148159 -1662545.6933490203 3799549.0982872527 -2618298.1422323477 -399446.5886062352 -2052701.1547536186 -201689.11065971781 3585125.7576494142 -2112981.5659970394 251015.7124099094 -3468972.145403854 2668209.811786666 2051111.6147197755 -1914968.0049260547 6510529.10808179 -302118.7036624257 1917271.177269131 1926886.4097653618 -4119147.2832908262 -1477710.3758639211 652213.1166408891 2929473.1432122043 2370392.0795941036 2087467.2179548668 746670.5671304363 -821610.4080996459 -1504986.1665994949 -1078225.973584242 -3898906.117392963 -495400.4154060182 1497763.394658619 -2025227.9808179834 -2932439.1580770635 -474890.97568875825 -554979.9463577498 -3537064.503264352 406638.10903693456 -374933.8750592803 -257229.05296897818 1704862.5814877183 -1341217.420586436 -4149861.1029408197 -2566881.148123266 1229805.7454417679 -3363556.279803923 886156.5976692203 212754.93333622196 163382.2690198115 1150418.1010376778 3547565.103146367 984792.5643540655 739207.517857272 548647.6666401959 1800391.8548012765 2793322.057835772 2896356.1131020053 -198505.07650267082 -1247089.1313941884 2396799.0599078042 -815651.797122368 614380.165435805 -24468.320303303273 -1285797.2982365966 -415647.4699943797 295097.5039229735 -3645233.4617573507 2089153.2748126632 -6466548.747652203 -1777445.9713044164 -1072517.7766709104 1391728.2799445519 -1274156.0162536108 -585256.3425046281 2870133.76799564 -30622.87118884168 -482152.31987455714 -2780177.7549965014 -1114776.9582142418 -285842.72577434964 -241918.88662882277 -625040.7571449816 1458935.5500089966 -220810.02699978417 721315.0629961673 849670.005476865 2826393.9191594273 145563.95455413888 796402.4728287809 -297488.79289018176 -2646945.2129537715 1992805.1008430142 -4297234.40352281 815522.3366493775 549747.9335767754 -4191461.468148924 -801478.9522897876 -84928.09136009368 -2387127.723922603 -812516.9469018212 746642.798196983 -462360.82184655895 740964.1287244776 1700410.9767471547 1571817.332027678 234314.5891529277 1444885.012378999 1822225.3746293185 -108985.23625134063 2891207.7502057976 4220023.621726412 1320778.0403028282 -1177237.6745081062 -441548.7417208377 -3961668.664346459 -2235635.194074959 -2734037.607129083 -998678.7305321338 1168259.1305078606 -3805263.7001813934 1067607.4702303777 -3288015.293294768 -339243.8275102451 -364451.70262823027 -3455727.308323046 -3114118.3947975095 450067.0472283392 3757081.89043971 -2407083.5345420716
-1795412.6471599082 -923889.2902243229 -2442230.9306443892 -277517.7061199726 3688962.039274354 1987046.5143325457 1557699.568628568 588091.9854772267 3930939.3300911067 -1880227.0399521776 35628426.30393652 -147192.723937802 -869370.3220662028 -2114311.8916111565 404729.7773375291 -1339310.6762562974 -2082566.6438585576 -732832.1776979609 158418.081227809 49960.649076162765 3193906.1242860095 3668082.693174024 -799256.9344126598 500185.264463062 -1605069.4341372252 -1218643.0450045017 1446858.9464950983 1701681.8193629168 2363676.1176899867 -3903907.661478945 1419244.292153046 -1540967.5980733575 -1359073.6322132777 2373962.190909033 842537.7631656814 1121433.4087096474 -7627922.81430078 -4025351.525233263 3143070.4257776598 -2150639.6136074704 -495896.19625583757 948904.8889781868 -1577316.1817323284 -1383164.061590758 907160.6765663351 -1196766.040999303 -1944604.547119339 1297904.213272871 855471.7475074524 1418229.3097785627 152293.22887663875 1452149.1604470806 -2470149.916585111 -2444966.5493134228 2215354.3824003334 -214039.71535801538 -16776.758540090304 1160282.800871122 792233.0942535031 -4660795.554343799 981959.6464248654 -177282.32095601392 1042414.7673273822 1254.6710094075397 -1608310.7636092878 -483702.3728876828 3096283.7095108316 4361609.79613656 489833.55459317745 -1618575.481322134 -3126005.80015101 -2756210.86837811 385180.50636301265 -102497.531525304 -384496.0159417285 -47559.615530695526 958534.3120944424 -1287315.2022996894 -1979794.6656924135 1822773.4722832884 2674802.622560835 1561875.6943836606 -1969256.5161756203 2635872.142845304 -1742361.9633338023 278709.3347056213 -1726536.9494208596 -639126.9415861928 3628441.4380081613 -1061538.0374816463 -1617137.0632091265 1361411.0388145663 -34584.831480985056 1615696.745232206 -1195529.7964335247 -739512.4823106936 62418.58178354866 -157934.09293407426 290042.0293209682 681298.1099577795 57012.50124018751 833880.6421618856 -347390.24104911526 -1580901.4430658221 3861316.3075027433 -2252770.9329722705 107235.63721849905 -172162.0836717902 -221558.39169149034 -2961350.369184686 -1981346.871588747 2014121.857983884 3753048.8547018166 1849379.93555798 -3518617.128936322 -881123.762024264 -2461796.840812209 1055848.352409392 695591.7674740965 3461672.415094597 -1226079.1171424547 -1447573.6974348482 -2509111.1423339895 1053483.2767362094 -2432992.9494557786 2426840.437896084 2382145.417627842 1502323.1875118383 1915186.9563206842 5251509.281285775 -1347768.1004942388 -61323.09030037425 1890060.3739664722 1286916.718656079 1102976.738227181 1586754.9706600932 1733033.6270438985 799170.1745032901 2476703.6226610183 -1046636.2403945319 4269716.138600273 2228943.186420936 -1871616.540077254 -2389132.02217059 -837468.5834749687 484515.44724928477 1952068.5409927047 3363972.3519934327 -1712013.4733703707 -1053069.5712774328 1773352.6625619973 1608804.4389884013 -3802187.2487157877 -1367658.5568291983 -610906.778585857 988055.9793961777 -589253.3515241997 -626880.3846118959 -2572441.1923538414 -4327258.9425440505
4883364.636237096 210595.72497882732 224871.11202690625 -2114266.167680853 -2080569.472623953 2552497.126709586 -2137199.1376248794 2746067.813204737 3800316.7740796693 687077.8069754912 -147192.723937802 33509979.942859452 1844037.4300684494 -820282.2293615389 857950.8043155994 788027.9602379899 3204713.0828324137 2737250.7629663567 2036343.1200308145 -1055024.8017835803 -5330727.425706466 -952793.976427106 -1263586.9120092546 -942352.5410684648 2169991.866916844 2910455.463606726 -3020236.44806744 -2147658.502278648 -278535.4457385734 -2760091.756716275 2009723.5243497898 -3087451.735829977 -3623367.927464096 876170.5742830684 412506.3905706888 -2349256.325166646 -2548763.021282915 -1401882.0629603707 2697795.956951516 -2166198.940226009 -1902679.3572476888 -4803502.873140563 2463453.8915949217 -2210528.218321083 -4279933.076478527 1993828.7612728535 -630482.7697244355 3490073.842369446 190686.61792057237 -2484309.097431525 1056194.4724015482 2385812.473315479 -2239781.6696254453 -1827770.541714724 -2509559.7404148513 596755.9215605104 -4554768.555868424 770316.0846419198 4001969.6425045463 -3746754.982065617 -2356976.5333163477 1571516.5288350529 -1390256.8566039675 -1453992.0292768162 -4827374.31599694 -4486200.627258838 3669338.3637491246 1533360.4653135897 494422.240146959 1438763.4923047584 -1335413.8674962947 -3316110.77214061 -1828236.6028262265 -3265041.8703543153 -1163501.5320195523 1149843.2150917433 -3211110.229813445 -116653.1201237351 826980.0486410646 -1170561.1054280687 -1334476.1077061144 2414461.1837255647 831118.1643557808 688995.4728321646 -609431.5270344368 -689271.8862670107 -1909405.1927701884 -411451.5201266625 874212.1104575588 3265548.4141969252 -1909396.433506953 3903061.139532254 3691980.6480212864 5088871.296243304 -3696349.466120579 -474196.7683712208 -1665012.7273029033 -4437660.385461133 1312183.323304944 -3176480.453221705 2769376.7959661204 -489734.1717502084 -1726923.2100065558 -317896.60934752866 -2280095.7740654964 1975115.6056527079 677397.8582189652 572895.0920781731 -5195522.387444464 2175319.8314184663 858199.9381702435 3008209.307295189 1831516.8896499556 -1018721.1688561449 2947037.465708832 -2489917.7852273383 3551039.4386199317 -1065981.2922943733 3421437.6139124357 -3550316.951303515 -972645.605509489 3112629.8242951813 -133711.65343101736 -42524.8389559332 -2820062.1087754313 2776673.240516017 2101217.761387115 -5127812.049561079 -427040.5712699861 -2002267.5523892913 1108804.7164952955 -1424845.873776781 -2557467.4320315784 2053832.37418658 409596.72390278 1109706.2142031875 -3794452.867216945 -2706648.5576290735 -2282237.050605302 421368.25120196113 -534912.8698193063 2519780.18732447 2256533.083728104 -3759501.100066677 260999.20076196414 103730.64141630603 -3198866.0418085004 -1531196.42470719 -1219569.6503619768 2478748.17898504 769764.3740090294 4279037.072785457 -166756.81869373927 3648453.5628297837 291105.77156368026 1930740.6519684605 597622.1666982071 -971326.5720603395 -84886.43008588954 -1634958.367769963
-2077055.978269844 1670528.0576307247 1097325.8860604328 -1245711.3499135186 2724794.3999524238 208979.40242486 -346647.54401430546 1160161.8575110927 -2502735.2842481337 -933847.6805697259 -869370.3220662028 1844037.4300684494 30306518.204229478 13795.757744334782 -1737482.3366553853 4370032.008380458 1375958.4765168696 763093.1376564091 1770940.783106134 3163193.764914152 -1000385.3420399313 -508229.5757005054 -1738407.8994057719 444295.2997184407 -2472474.2916792138 -633828.3572923698 1000730.1814881136 1487113.0421381537 731435.6760040921 197795.59138773417 -419574.7826642635 -1901267.0666963896 -2909483.2827467234 839576.6060566434 317280.1076090117 4383580.8575369725 2519087.840293535 -4315641.485589641 4817927.430622323 2288519.688591336 -180997.21942935025 -394808.0881744049 -3780691.1737930514 1244354.9872132053 -1519324.7387489157 659713.7702815396 3439662.2649808507 2996899.613416418 -329674.41764057113 -1709142.0677997184 202403.62703250485 2454460.3689722116 1206481.9797648026 3912568.906693201 67001.4502631453 -4151233.993390696 -120923.14342071374 -504448.67175647686 379302.7491914835 -700905.2500321801 1966008.787464289 132712.43556817604 -219910.5440574535 1164522.1200889095 3850354.6061482662 -1371051.899565079 3202898.5317363823 2364775.935312284 862101.6391334716 -2076928.5026236787 -1474036.7808494798 -3308445.258079829 1188655.3735348403 -1387991.779794659 4985970.867407448 -44219.93354265604 -5491914.3112306995 4591490.968282591 -1417967.476342609 -1241500.3414426018 -982946.8826980399 4215100.123533585 -1017026.6070806314 1047867.6453658744 -1001576.0538043061 785102.3104451285 -390894.2003675219 1194935.183011917 1679007.3231554758 2466425.470850839 -1748742.7767375782 -289872.11536735465 169260.32625244313 -1846915.482447099 -3686073.29536476 -922869.3684189315 -1177749.6814326572 -3628981.5144332056 -2668816.6619397323 1736092.5671613545 2051771.4553753037 5019648.382692129 -2014819.6198496625 -90457.37356268297 904456.4465209513 1873195.2426711468 613586.890724619 -2434747.3044502903 2874397.71308746 -2419775.7399895405 1075060.2928270744 574103.8991481591 -920133.3886676002 743676.348072604 2811454.3304632045 304344.543387195 51092.16766110808 -5466749.2770381505 -266966.2682714454 301516.40517960367 616511.3470151742 272492.95887801517 -338383.9428432289 4457974.7308964105 -2564508.9882928566 -4067923.306299121 4253358.943086216 155537.18360043454 3373539.4080767045 -3051282.682570239 2606390.973622863 101880.37398043978 -2917963.3896878995 -221341.99718768185 -1154964.7217047063 3188560.27149152 1539362.3441103597 -4133353.3318059617 2394124.361422118 -2169300.9994201525 5236409.6672143405 1707542.3620985546 2648350.1301696035 -1352656.2616781096 -2551502.2542125746 -1729410.7942158321 1274827.408750394 -3739983.923388116 2037066.0798815736 1970821.692461496 1473712.6578253277 10221.811966206356 1264086.9782934876 60876.30593500314 -593414.2417477088 1692573.26417898 3781653.876883435 1154436.513567866 2013250.5795923106 -3844751.3133933004
