34343311.28557545 1240286.2788963339 405099.153217397 947846.3949739825 3272496.2282922026 -696543.9807426992 240521.5255585779 2013475.561368735 -2760255.5597060104 2328324.4736761353 -1773476.7142841334 1613816.8837963562 2812827.3937997217 -1065406.0137729582 4613067.323377569 2678351.617593565 748172.540968403 -3380176.2159594614 -39153.675937690656 1974665.3306144716 2951193.024729732 -1527672.4227146346 1275715.1319994307 -1743808.0120648835 1366900.7471041067 226918.72983189466 854909.4594213626 -538964.1726768762 1063114.3502821976 1240763.9029721813 245472.69369518725 3189938.84711882 4525132.688958517 -1019880.0086040944 -2494528.6053236853 6175447.782506499 -301551.5260547672 4309885.944223372 1602515.6520194418 3931236.644645213 1532805.0751345323 -1599827.046611291 445556.1616565125 1392155.1358400045 -989021.7699909224 -425346.81915963383 874468.4744125692 1027966.414336928 908570.122835924 -913914.2374566039 3545069.2538213567 -3843773.0133307064 -2059111.298489327 241957.45036908542 1348413.8289744868 -343548.7511742217 2852577.530166288 -1028618.4844141518 1255866.6420534856 3321511.5737580084 -2637301.628871912 768688.0500747907 -1176966.6787982804 -2553967.7393863364 3026614.2594592427 1438493.607657989 4880146.904005036 1742536.1261174458 -1053525.4683768945 -2617894.895924338 -3080757.700767528 -747404.6840792405 2198888.7000628463 3487141.105583105 -2506505.9936328097
1240286.2788963339 32385942.24595433 1732178.9537969762 1572987.4106289444 418963.2423926923 1106057.409176606 -3521918.6766443825 -2082564.846934034 -2796915.2408379936 -1625755.8934837326 -864357.7253576961 777959.5182408439 -241954.46821146554 -1308793.4400095725 -1321085.0929479261 3228075.050618058 -382734.05117013626 568213.6886165349 -307201.78873731446 3721628.143419138 874857.8384258393 3513988.0400569527 2434586.8295598067 -1175391.3550235964 -2949485.9260768523 -3029806.522153582 -4413782.318892738 658057.6652565068 2356784.8732475988 -1345933.1199997386 -347058.3590656235 -1807328.528776313 -911981.8327018328 719871.2578942153 -2776778.29358213 -1380482.0205000024 -1947432.128381878 2229208.7937548473 -1925331.6263821628 -490569.6571289296 -575409.7646003339 -1800857.458416968 4486984.868639711 -1106239.2206135478 -3429237.455362662 2662604.035123042 -418010.57465597364 2570879.9395132763 -3803889.5663024085 -2034335.5540910673 641804.528664296 -2897378.1228925227 305955.67532351316 -3110869.3896989445 -2443530.959106556 -1877746.7715485506 1121714.0173060612 -2058982.2047407243 -226193.8405299881 -1423232.7240647895 -2187109.915371541 -5336445.018379918 61085.44370281053 -754921.2916794198 3866222.748910709 -2604041.224390446 -1098606.271372628 927155.4202629626 339457.1763142135 1501937.2322347288 936742.6526698951 2159903.0608923887 1237128.3794928766 -592022.432819392 -4578016.055800281
405099.153217397 1732178.9537969762 36481155.345869884 2678727.54404356 103067.86721116545 -186708.66839540235 -1797262.4539030544 -1786446.67354091 -1870794.0038199965 -1695949.239030594 -2527691.972251097 -1101887.2121749718 -2167959.8709841236 -2180079.9558233796 109706.84479853703 296894.2014194939 1601168.6792674344 -2162559.470545473 1898517.69094194 1581317.749744859 -3773855.388767498 -2333413.4901648597 -655787.7574071372 -1303154.0979816094 1101305.832928006 -530148.2412318012 1192868.4572137957 -2672124.0807199785 1353924.792861945 3157602.1895223362 -1198046.8618786875 -1999868.5208472395 -877731.9095539805 4129642.974029124 246007.44823314412 1265672.5666669768 -1089130.820904649 -1637619.3174847167 1569271.2634905714 -1293590.337434818 -2959216.316819228 3293427.4906707364 -3413374.8501490997 311827.22631081764 4661862.642359374 309467.1709013019 -1826929.561692654 3680599.4565708707 -2686828.4557396704 -1674815.4614782324 -1729078.4480491234 1715873.726514931 -139086.6104577279 -781742.5629390351 -2044895.3824652194 1016661.1259795318 952451.4699908602 -1679568.881924299 2153833.1052707317 -2026526.992970266 2855702.0499510486 3869160.5695154755 1802192.2570602833 1048119.2629319215 3460780.6319998386 542270.557860361 -671523.725338132 -4972206.77839333 -2069609.6448247072 811604.5657456628 1042354.3623482875 108938.57771239021 1231852.8410150553 -392463.3512038318 -2472870.5767531823
947846.3949739825 1572987.4106289444 2678727.54404356 33579454.75908544 4758261.011850234 -2635898.8253044956 82106.6316113267 -3159540.1187881567 5408967.188650069 1021656.1981649463 -363257.36213609227 1632224.5370924952 80950.59058375431 2296780.5148028405 2245330.2692344603 1929506.501730823 -734443.0266644049 1803026.6794163678 2580354.3070069626 -1969373.7440851799 410724.3408317491 -1629472.2910676675 393697.8618049634 808011.6915608457 -899938.9658259508 2627916.5514456974 1711467.8945458808 494288.95984934585 389621.8033163008 -3735048.934387576 -4277665.609385281 2284924.4153788425 1451363.9215010684 1506089.2645178577 -3280185.142261607 -1425224.7079280925 -2045761.2648818127 -2486496.1801674524 3295074.196501065 6985329.268594025 -3086421.772756454 -354465.72868123814 221529.85598289687 -1581076.3952858404 3364001.427021014 2589783.978686406 -966058.619145928 4831405.005891098 -4191510.9982848763 1499860.1286038382 1871048.4086953525 1021937.1165172467 -1775960.5369209948 -2962146.154434257 1749170.6503325666 -1134106.6491185075 3697709.162211411 1533924.7601695678 -1689735.862513808 -1966028.2373854225 595609.1920652598 1088033.9286106653 -886583.4702221844 2580082.274427075 -1924902.2901435453 2379261.9264545846 1369157.4339237965 -342320.0660391603 -938626.5939524072 -135144.5417601468 -653851.1378497723 -1397815.9051821597 -1437968.975858182 770962.1961497432 -2740805.3334458102
3272496.2282922026 418963.2423926923 103067.86721116545 4758261.011850234 32095350.032488286 -1460519.8736416453 2632745.37992789 -61659.156735735036 1034233.662632493 -1633525.6233924096 1060418.6565902808 1048167.8711141153 -1638018.845129357 -1463982.0641509884 -689852.7546075986 1821571.8005932488 1150179.35911776 155743.7662518165 2453570.2803067677 816656.6394002924 -1511136.1074504536 -1619051.5168398586 3722248.5383934085 -915084.3615522957 970268.1953916439 764920.6431681633 -775666.8502142316 570533.5378800598 2383300.775090155 3002503.6399832093 -1187624.307328332 -232696.84576804546 1675369.4820035072 -1742368.9707914575 1349063.26827287 1244914.100784006 482648.75007453305 -841322.0126947678 -293710.44539208343 -783288.7138199628 -2533187.8568200916 -1761546.6048367133 -3318477.399275603 1240827.2402365538 1381838.1842186686 -837372.2628271368 2983374.8881920264 237528.7683912851 1136006.1454670215 1697590.7815660255 -756589.9493307042 -401305.7791892691 -1436813.1805529979 1839078.2208186013 -348493.92463235 147508.0630096647 -973224.3949150314 -2730327.8792469883 2711823.436423723 -244308.82449920257 2791543.5621747114 5884785.11425303 -1857114.825319236 -3107171.2102008355 1139224.1590087353 -428064.66992462287 -1001550.0493152239 451577.51834506646 -757070.0962902156 -2902832.0762480143 -3782243.8994158474 -2050138.5002365548 1501484.195588689 2462352.048781031 1596837.2636369593
-696543.9807426992 1106057.409176606 -186708.66839540235 -2635898.8253044956 -1460519.8736416453 29343741.343106117 155130.07107598602 1365175.5432432494 -1342926.843165938 435849.7655726113 -1655483.2762790588 -2153788.554643966 601099.4812273623 1837769.8724643495 2163809.1968710735 -2418466.446183339 2509010.3013679124 836704.9848258048 -2435944.973800432 2050562.4282466762 954063.218504976 -664930.6988313118 1870378.0888928208 -1191852.4752408478 73072.20974016447 -2395310.289160253 4130922.513606413 358523.89581119537 4102484.7982417364 -1744561.7064076934 1613791.9900102133 -1835373.4909704062 1822056.1263559423 -4181001.931883613 -698969.2366611987 826435.1276649516 827379.4122849421 -3558841.8864897685 3783161.1112949043 -1263977.237607174 3217111.23812606 -4358195.019973187 -3086963.8349061687 318810.0019559457 -2646184.8674690104 666229.5430869807 -460117.0633152617 2492834.16352074 1705434.476079953 1068860.589202347 3427515.1788438554 1237372.526735307 -2315609.8614505227 3835212.4348682654 -1805826.0328880216 -1524531.5307362792 3864237.597403915 301131.36236292665 1803590.7918096026 -3279470.5463350615 -964449.4468657183 -1795219.481780164 -4493828.2965722885 2490118.5576969287 -1468133.6058932527 -54813.50973545572 134448.44801949043 -1585189.295464118 -1588183.8799629498 -2563666.9874227494 861767.4435456003 1465919.6988950116 -1166016.4101707356 3467483.186363706 -102454.01185475862
240521.5255585779 -3521918.6766443825 -1797262.4539030544 82106.6316113267 2632745.37992789 155130.07107598602 35053332.97009825 -1659419.105959855 1293472.6745786502 85203.38305877837 340478.9998017914 -119753.46553843589 2694664.8112714845 -220027.7493237272 5763413.198603211 -769892.5744140529 -936336.2223259357 -3517811.5347144227 1738292.487020213 1586608.2183179471 -1245684.7152291585 -1290820.3158407356 523107.9629720918 -1578376.839360641 -434705.44507014396 470474.2456538824 -3351114.5094239637 -2404643.530763097 196989.33842981738 1074829.2578408828 -3559177.9757885314 -2157259.6988235926 -1858235.8872989737 416191.1639337236 1335750.564344786 994511.3841957878 3153732.6760248137 -285512.2544634892 -3443607.6693107644 5670305.165488379 -241110.96417815058 187409.4295528351 -1633977.9637679162 -2064749.7618296512 -592429.7041908146 314625.5315436205 -3395345.1522573465 1383757.4321637636 -265392.02690107486 3773778.4082657653 -1229744.1046178536 26174.98690998074 -3470643.047997539 5098775.708941574 -864782.3425012364 -1878766.9763668394 -2059046.456532716 466613.24101294216 -1655080.6406092779 -1901062.1141241987 4609929.5892429175 2430544.9061464122 545383.3499755299 -2107312.7300349795 1294726.5450068358 -36441.832558551534 203153.5788463362 1656227.498325359 -589586.1325502747 -154242.58046741402 -6265025.834640164 -699346.0795580818 2427061.201201144 -509566.29130978533 -374225.11864440836
2013475.561368735 -2082564.846934034 -1786446.67354091 -3159540.1187881567 -61659.156735735036 1365175.5432432494 -1659419.105959855 36765588.017767176 287826.28083656717 -3297277.344036128 -4380084.152237454 -4985409.257754069 1918899.1354415638 -66327.42304236566 -1690439.5749300788 1781048.6432397321 -581368.3761208432 -1593961.4095210081 -2026554.5639771766 824471.7599376958 -846084.6784732813 -360689.87071899156 2491473.2407047832 -299056.40262241795 98131.99133813797 1284814.2503083511 -8442.64958939346 -596812.0944087394 -3570247.5478582093 -346797.5920813543 -120115.88735342583 1468143.127661123 618711.7829040335 583158.1025384793 269890.71872617997 -2317621.7844996443 -2795405.813982882 16810.39978556394 169717.775732418 139400.49873951814 -2884088.808708711 -453614.0404606358 -1737447.7866555823 339028.11709102854 -1748733.6354856621 220969.48895845708 2775103.7897681347 -1189485.9203597447 -2592252.5677098543 -3092855.3571150987 114278.92576979948 -814836.6144844879 1030667.1903306769 81730.24653121138 787339.3489063152 1829406.5758726064 2530142.506806601 -2773268.125771139 5030594.255563517 3359877.866801527 -2620367.2869605543 -1072431.2077134557 458908.93001393473 2783275.78245909 -2316449.9058033 2535971.6696677757 771864.2648589407 4286368.932377769 -1980741.1345240006 -1470120.3468006589 -700031.1290402334 -564609.9978135875 1954116.7576773723 -2044961.9293666931 279772.21908417554
-2760255.5597060104 -2796915.2408379936 -1870794.0038199965 5408967.188650069 1034233.662632493 -1342926.843165938 1293472.6745786502 287826.28083656717 29242811.66464046 595793.4690182493 3736806.4396838713 1244084.6132975086 127830.4785766132 3467288.284909183 1228158.4187503539 -1254795.2012077258 -139665.1204932646 -1890432.5495474017 2174378.352304348 84895.47658947401 487747.888405974 1221117.5643231238 -440458.93940591876 2688555.9702245668 2790924.8919908567 2812002.072588813 224172.02645786176 -837607.7701394026 -1322600.0048339444 -1113867.5278158828 -2096790.861352141 -415285.73528245726 -808718.9587592072 593729.2735428069 3204804.3300574557 1115690.7329588144 -1312714.3363871437 516679.6233335714 -791865.8556870797 259558.24794123153 -975156.429837087 -2743243.828779713 1746506.308330859 -1425123.3265630081 -479894.82952587743 566716.1932615153 397837.4171294162 -249868.0086029555 2762493.3971360596 -125823.8401815136 -652539.9245859606 968701.322722099 -2491409.3018767573 453151.53117711045 2581898.9267715933 -2023492.4278453207 224464.14914216852 1241104.4111139707 43190.73660395502 -2899540.9164877245 330227.991331513 2341821.1075225896 -967480.5447600948 2289632.370295522 113970.95320858047 2003629.5586766128 584207.1790122844 -1372543.1433824182 -632293.4405223446 1110605.1590672126 -1810043.430236922 371128.3132677634 -986850.8067640574 -46124.95227308976 -2989168.3544527977
2328324.4736761353 -1625755.8934837326 -1695949.239030594 1021656.1981649463 -1633525.6233924096 435849.7655726113 85203.38305877837 -3297277.344036128 595793.4690182493 31789850.356974754 290340.39795598906 -1423386.646260929 1645092.0243908816 -96022.25259396013 1003432.7076883692 4281416.380370054 -386908.6515390878 296754.15735004697 2481808.946586465 -1402940.431132325 4551094.0343259685 -1521951.105682673 -1458273.1989584442 -591207.6258039374 233796.69628264106 -108390.05205251455 709495.234691408 2066726.598946761 -246568.09806747056 -302314.58053442056 -11815.559785077045 -1104860.985376317 1770406.0794427386 -2082308.8895618308 4916608.512572998 1966372.2324029985 1604229.5408229635 1501841.7769265806 849560.1982573909 4764906.177555836 870553.4288625799 -2317990.6205097875 2095774.4115928418 -1589827.2439665257 -3437300.731876044 1171691.7532178166 -1687070.4567787347 -1582275.5279214657 -1455703.6042966617 166406.8560278107 303132.6646321488 -231869.15678744073 -97018.89156583862 236708.17809462707 -1866042.4242781454 -188824.03976841125 776686.517149995 1327478.7483921167 -3692211.3868229263 349053.5039692372 1386881.6169551841 -4238693.81445862 -427122.9878385474 43340.187914903465 4147572.061023282 4341533.104397628 4204081.470417022 1257958.752387929 2844636.151822687 -603713.1477562977 1605410.6390279708 2930178.4592359765 1352128.8829607086 -3126721.5202467702 2107028.385818326
-1773476.7142841334 -864357.7253576961 -2527691.972251097 -363257.36213609227 1060418.6565902808 -1655483.2762790588 340478.9998017914 -4380084.152237454 3736806.4396838713 290340.39795598906 35004489.831270285 -2345299.4435349866 -381237.35264198226 1178891.5571194815 502404.53766464774 -2994267.49259889 -232236.09112485647 4770580.424986483 517518.0527184993 976283.9140590021 -2263770.9567487948 -894382.0109359914 1048286.773842722 -1050889.8507052057 -1941116.6505400285 1155066.189523166 924695.7773942121 646066.2183387924 -1191978.4357684613 1288829.7971206987 1340946.326794515 -3073625.1293641455 363431.297901531 2728505.261974545 -866103.6618129652 -1648534.5022908954 3239926.9588645212 -969091.3149770229 63902.176332866315 -4778110.763138771 -2608772.1334948437 -1812.4421404781865 23471.33556501664 1010570.2639370383 1098321.388527482 -3099286.297687912 17581.841003680376 3306040.288970213 1601164.1523126962 -1502660.0478362152 60316.190469094094 189250.2722226068 -1653779.561292714 3858414.844377407 2696394.1554007307 -614156.2829614881 2118299.084743693 -1580491.5727446056 -23220.71090623821 -3738334.4504081574 -2274583.9820722747 2177635.663838495 -3095458.414713391 399744.3967428966 776851.3050414856 -3488714.4936251515 -1868187.2750785465 -144606.0498493735 -3308740.362458922 -216708.48428581812 1791292.4490110439 1075288.407792576 -4412604.485956975 343361.80499207217 3710362.5623023626
1613816.8837963562 777959.5182408439 -1101887.2121749718 1632224.5370924952 1048167.8711141153 -2153788.554643966 -119753.46553843589 -4985409.257754069 1244084.6132975086 -1423386.646260929 -2345299.4435349866 31537427.213969544 2045251.0909434315 882763.2687324707 74961.9764146034 694192.4386886257 -3296052.2209263057 -1985619.45715402 587285.5446240824 -1633291.4215870309 719758.6131787674 803898.5637753014 -2065352.907051879 880431.9325640984 -1608364.5153593223 -114592.52720228104 -1393109.2363179727 -831559.2283822702 1644820.2037871887 -1695792.3264499833 -3811045.904417014 1283871.9047199867 2969238.92843528 -124874.24913004859 871281.6453000942 -2366730.5703829816 2303469.9193821843 -1877994.1122034215 -1299255.980312226 3761270.646094244 930445.8121409749 -344051.99891742226 -1347492.6617403224 -1701067.266880814 3262975.7613993413 810664.821959188 -3090173.5142511018 2627225.7403725986 1664364.0144656498 1662511.9278731216 -1709061.5247670584 2710670.7311168658 2553507.287582859 -3649312.2908161366 3127727.245671682 -1210102.821033486 1544619.407934999 -545638.134071833 -1409715.4177536906 -426286.5522708912 511779.462152137 2195126.4862174043 689264.2835319481 3933610.165914045 -4865519.4696655385 -5222218.860813193 2158627.8903314387 -1058182.9603859526 -2576141.0531775705 -356733.15655353386 868402.6188033194 -512436.63944190496 4544407.097178704 -684065.4699807771 2542724.0017299973
2812827.3937997217 -241954.46821146554 -2167959.8709841236 80950.59058375431 -1638018.845129357 601099.4812273623 2694664.8112714845 1918899.1354415638 127830.4785766132 1645092.0243908816 -381237.35264198226 2045251.0909434315 30715095.597911302 -2942190.225971958 1176312.7519042874 176014.16785955126 1769547.6829345308 -455320.42828875803 2005667.16657942 -5069182.9495444745 2006579.1655774796 1372246.843056106 1124912.38345381 -196786.2024294906 -2822393.6752243126 -2796159.977290162 -1778025.8749971844 519773.9062775469 67053.82369478195 1376785.4313041242 -1238938.9622786066 -1774312.6499556317 -960905.9976863442 1440021.2413527546 769482.7322006469 -1532905.8133471867 -299712.9908457747 1911543.3001496443 3857058.2237705146 3365726.6343297902 -1941879.7464938997 -1060741.1933057995 1189786.283605832 920237.500716981 -1260569.2399870344 1580339.9825801596 -906797.1656440978 -1594439.5540968522 876741.5853748965 -2226335.2063102145 3486703.7875133012 663449.1884410558 -728035.9885625432 2936403.193117858 961468.7205503745 2913764.706336163 3038438.808981429 1787848.7755257282 -2001867.6371646854 2820167.351352449 -2284707.433849209 542745.5774517488 437928.2412448154 -2835719.571256159 -2971545.438198945 1328894.066685128 1593873.1063991825 2571365.5640427102 -1128852.5730730186 -4888769.179771396 -2034710.352971137 870135.5138902783 1309018.1820631335 3345316.024835049 3682362.831260143
-1065406.0137729582 -1308793.4400095725 -2180079.9558233796 2296780.5148028405 -1463982.0641509884 1837769.8724643495 -220027.7493237272 -66327.42304236566 3467288.284909183 -96022.25259396013 1178891.5571194815 882763.2687324707 -2942190.225971958 34694351.83426874 723410.3948041467 -871353.7449307502 -1684250.9234022386 -1888088.184099681 -1258876.0840327307 -2182248.4378619003 763841.8181531489 2473617.3526844624 -720892.4913493762 3331368.161114119 1114.6574247346177 -1007770.5480447859 1312337.0240862833 726702.118413084 1620600.4197051702 -723170.1658014845 -840816.7678866553 126425.9231362887 1967508.1711653674 2106171.537510202 1549968.7365173474 -910949.0005384128 -2574757.016342595 -109604.72417745157 -418501.5882624831 -4189050.935215543 -1525149.361236251 -2486954.30229505 586876.8300121693 406432.84004417236 2635165.667860408 1260766.8552431234 5165737.500119272 1231095.4665559297 2309102.082171437 -2613188.675096338 439602.2109354989 269286.87785930734 -662903.7472397856 -872707.1988241845 -2456408.3955844752 496954.3523047074 -658428.7898742729 -2292852.195329281 -3305765.375174935 2354247.0443952777 2215985.2086648527 -3530487.263036641 -3481055.56108844 1229984.5970634462 1779608.6869798205 1160501.2250959787 2447692.2450583177 1513389.9191012953 2110862.3688734854 -1177400.095561225 3852702.338872649 -796099.3365948416 2726973.8414125643 -3449348.5374024473 -2437437.1358121126
4613067.323377569 -1321085.0929479261 109706.84479853703 2245330.2692344603 -689852.7546075986 2163809.1968710735 5763413.198603211 -1690439.5749300788 1228158.4187503539 1003432.7076883692 502404.53766464774 74961.9764146034 1176312.7519042874 723410.3948041467 33384042.550516974 5434972.832885866 3141243.4742604936 -4385382.562031328 -684747.226561823 4263210.393520427 1258488.217079522 563.476849303967 -2673203.909842508 1352722.9732098144 -2595134.2738067973 -1422913.2688839238 279284.7144182725 1033105.5128255854 2701541.4985382007 4230424.776987107 622756.3479477463 890207.4788229674 2509855.998920165 1773126.2502324183 517684.10272493283 8744.292066915566 -126944.53998582462 2685839.018720036 4788725.461814666 6858395.667368202 -1456444.2173276672 -1272955.9883399864 420167.37268724473 192364.5486623911 4422461.930538816 2702839.3612909643 1842693.3740041775 133335.47454123016 475537.1770131317 2733496.535917111 1244367.350647768 116906.63972773212 -4226897.298783849 2674040.963053956 4718250.228562663 -310026.64807332924 -821878.7367485052 -792410.5464000707 -1406540.6992224986 -4389009.910315583 -114725.23010621808 383705.1159277018 1233601.2248681257 -914862.0376598028 799290.6701002227 2267810.5426409715 1786450.2329473463 -3460258.2093833485 1316361.8025312258 -3171811.9711311236 -1393688.3064717522 -18943.65922038139 -650363.8934591615 -1343348.7651195985 -10516.661439479518
2678351.617593565 3228075.050618058 296894.2014194939 1929506.501730823 1821571.8005932488 -2418466.446183339 -769892.5744140529 1781048.6432397321 -1254795.2012077258 4281416.380370054 -2994267.49259889 694192.4386886257 176014.16785955126 -871353.7449307502 5434972.832885866 33207175.723530445 644163.4697042448 -620219.6747131903 3992378.3054405996 383150.85288163525 2678884.450510354 -1772408.7043757103 -242429.04839778194 1142674.534415337 -992795.0768342833 2525591.1648258916 -3542231.9413451604 1588532.067662 -1820669.9521072977 191772.20205171997 1942144.342232969 2987412.2533115353 -1262756.4849768442 1218220.8516858837 -1071980.651569741 -667121.967487713 -1329155.5427778543 2594586.6731233397 -2336288.015941519 2445524.445899595 -4945266.9498670045 -2083379.9297274663 546610.675285956 -1518473.2317478142 978397.3084597067 2688945.5495573375 1742274.6307895945 1771173.5968110594 -4796183.689748656 -81520.88003742433 538746.5884447747 -6747166.809438001 4237334.137061248 -1669066.915397552 843664.7763548767 -760758.965517048 -424680.0072663309 2636570.913261002 -2324885.6074397885 -282502.61350399436 -716497.8441752631 -2884565.5322888903 338276.17326196545 -3845759.532882319 994844.7456639225 1920286.2923848939 1595708.526419304 826690.2049175183 2492970.0626901747 1731008.0869163184 -1936500.7025524983 767414.4122262306 -2049690.431754889 -41222.70214309069 -1262571.2216500747
748172.540968403 -382734.05117013626 1601168.6792674344 -734443.0266644049 1150179.35911776 2509010.3013679124 -936336.2223259357 -581368.3761208432 -139665.1204932646 -386908.6515390878 -232236.09112485647 -3296052.2209263057 1769547.6829345308 -1684250.9234022386 3141243.4742604936 644163.4697042448 29535847.741035208 1339740.8615252054 1261418.9911355067 409733.70317825774 -1962818.7727689224 89365.07079215677 -133227.14847485503 1904992.7759437708 -2383433.414749649 -1849892.814279045 236561.99422331413 -1079897.4475575103 -559857.6183321454 -498783.0566567374 1112384.7530397857 2220446.590143553 -52022.88199893458 -188256.55627834747 1189294.6735072818 -1805611.9887234028 -572872.2926879784 448524.841075979 2274464.777553956 -1023637.9253236932 -2725966.9494219692 46320.266104392074 843879.3835959304 610085.5113235865 4558171.26291338 2490127.670561078 171572.6739745949 2114658.2869265545 530611.748991264 -1807826.9611169065 2116105.976985521 -2414189.4356257245 -3468589.069949316 -2209969.117363176 3478465.6213060208 -2348002.2993553868 1961190.1565113738 1881642.8291890335 2690145.3064294667 2755054.354329451 -1431852.3153216108 -986776.4809024708 1555349.2386420465 2217351.3594433675 1427986.7201314287 1355658.2998570874 -374987.6814975042 -1502335.6733924206 312225.6118615356 -5931202.363792352 555289.6689308884 -2680264.319284566 -712674.4670621147 166676.3292457896 -668466.8873533683
-3380176.2159594614 568213.6886165349 -2162559.470545473 1803026.6794163678 155743.7662518165 836704.9848258048 -3517811.5347144227 -1593961.4095210081 -1890432.5495474017 296754.15735004697 4770580.424986483 -1985619.45715402 -455320.42828875803 -1888088.184099681 -4385382.562031328 -620219.6747131903 1339740.8615252054 31211396.83004262 2722739.748006683 -442924.91826410766 4198322.892434161 -1047496.3763418191 3564677.3511662963 -588779.8915173452 -829156.3993699112 910340.5508272764 -3736284.242286946 2012053.6451046097 -754460.0165224014 -1903797.5143025112 1932238.8787445237 -1211510.7715745252 403012.5191280942 112064.70622852707 -950267.232294297 1796837.1195332755 -1559852.1123668333 -1949734.4629690906 1694016.6792932358 1412416.8718448286 -4508926.314745175 -3311095.4751156587 -2142636.762513996 -2980720.6486137947 -1302350.304270451 1794697.4125110793 1527658.983428375 -481369.7652671897 -891104.5167055295 -2939678.945537248 -2151230.478030716 -421169.81811329594 -80496.67002022534 4175827.8035681555 -260633.2890264435 1222737.1010080152 294776.01714820927 502402.85225552507 -1235739.8759275535 684811.48682253 -259114.51667474757 1943054.0799714006 770121.1576114169 3825691.2595849033 -293619.64495627064 750749.1972222895 -339217.2816815169 -651776.3358312934 -2273848.078079202 -3162979.918043686 2226632.21172341 -575194.9519635992 -403996.6781841384 -156576.79776057237 -408422.33659135574
-39153.675937690656 -307201.78873731446 1898517.69094194 2580354.3070069626 2453570.2803067677 -2435944.973800432 1738292.487020213 -2026554.5639771766 2174378.352304348 2481808.946586465 517518.0527184993 587285.5446240824 2005667.16657942 -1258876.0840327307 -684747.226561823 3992378.3054405996 1261418.9911355067 2722739.748006683 32410676.04088731 1408132.6091840195 -707924.4189157692 1826573.628167753 1322602.8779245678 -1372099.6935814929 -1020785.4126200995 6034831.22794775 2151922.9920022255 642188.4214272375 35593.9920410294 -1307166.355827312 -1953815.384317642 2599102.064294762 -1869879.5268217118 -498347.7229558531 3096602.0303541664 -825323.56141845 965125.1855651928 41783.78426660191 1229135.087312802 1229483.5955504077 -3419972.721799245 719767.244534624 93791.02053005768 -2694359.045581513 -1711046.2108226703 1591922.2737275886 -2036803.9298405536 1552576.083394488 -3533132.781149482 128507.00981125022 -2729676.334704892 1885389.8021078603 1064498.4607223964 576658.7516214717 -3382627.054378764 180377.08124456834 -1500270.6309810695 -901433.170036921 -591243.2767690235 3599934.921716204 -1734946.683911028 825868.3480424873 1918676.800500569 1466723.1067746924 502978.761198203 1807502.7237394555 1523917.880895489 -1582460.933755173 1507403.664479462 -478755.15899777424 -3718603.6554169916 1366140.8673814272 -1828514.9877976524 3933291.84009567 2327156.293691924
1974665.3306144716 3721628.143419138 1581317.749744859 -1969373.7440851799 816656.6394002924 2050562.4282466762 1586608.2183179471 824471.7599376958 84895.47658947401 -1402940.431132325 976283.9140590021 -1633291.4215870309 -5069182.9495444745 -2182248.4378619003 4263210.393520427 383150.85288163525 409733.70317825774 -442924.91826410766 1408132.6091840195 36352713.438188985 4802972.653273759 -3839160.9965845617 2857167.69792309 -1263503.9376829404 507964.805861886 -75199.63247994415 2702790.8758095265 788691.0262422475 1501235.5790801686 1875692.405486562 -2477875.430995941 -1328696.234471135 155883.723325228 1883179.6083887992 -1993222.040024171 -1321925.0958109978 1538068.3899012827 3309876.4264667784 -2302131.9638328436 3110607.932665069 2202582.3434820916 -50877.32113176695 874657.9521046354 1386172.9824592466 1268834.872978485 -2666833.123751196 918860.0998897535 1333766.8546572889 1057854.7343294872 -2425385.4876274006 -3919477.251865495 -160160.1307573653 381912.05605782865 2418808.3710669954 -479279.48692728614 204322.85567003678 3057110.76482815 -2700767.393301216 -1566324.696078658 -4352409.125819398 -1446779.6466328397 589338.3650717144 2048134.7435154926 557117.4693605541 85513.09260494781 1153500.7460255895 -943337.7691542377 -1956684.7158476438 2786260.685510136 -3269765.8466041368 -240092.58774807473 1897980.6878662969 11386.829448180872 -135499.91459368198 1226051.1250756036
2951193.024729732 874857.8384258393 -3773855.388767498 410724.3408317491 -1511136.1074504536 954063.218504976 -1245684.7152291585 -846084.6784732813 487747.888405974 4551094.0343259685 -2263770.9567487948 719758.6131787674 2006579.1655774796 763841.8181531489 1258488.217079522 2678884.450510354 -1962818.7727689224 4198322.892434161 -707924.4189157692 4802972.653273759 33314720.238013566 -792126.8976418434 -577938.8716098174 2137800.328211147 1849891.4110253425 -1242833.5366540097 -402985.5312338099 -6540211.263975383 -161308.38367575718 1410935.3858644196 -2496872.635095299 -2677711.283954402 -249496.1151670175 -820327.8910265397 -1767439.4064916298 5691554.909161275 3758582.1842656387 1665850.3360440594 -3037220.014522399 3790536.7191146147 -327079.2430311649 -2894565.974741091 -3519064.631210577 511882.7859954078 -2536812.820934229 3062440.74679483 282817.4347205766 355181.9470042064 -2051655.8470224498 937568.2340290451 -749695.2532033052 1025101.451981251 1249838.3128388817 -1919813.9094610112 1511335.0507782896 2286356.4624578157 150648.0280349464 -698676.7630809883 -810185.0475262909 -2161448.6737177777 -533506.2414927734 1482890.9840931592 315103.79967329936 2149160.7418248616 -1780375.1844187102 543941.0101755555 3369115.2764809467 1533878.7519107037 -1879521.6081113978 -3907433.391682466 -795894.6241065358 -2496511.7037683995 -985880.0492884822 -338196.98210352473 -1706464.3204182812
-1527672.4227146346 3513988.0400569527 -2333413.4901648597 -1629472.2910676675 -1619051.5168398586 -664930.6988313118 -1290820.3158407356 -360689.87071899156 1221117.5643231238 -1521951.105682673 -894382.0109359914 803898.5637753014 1372246.843056106 2473617.3526844624 563.476849303967 -1772408.7043757103 89365.07079215677 -1047496.3763418191 1826573.628167753 -3839160.9965845617 -792126.8976418434 34081226.64769752 2690379.6269349046 2548067.6136925584 -4704.2405243848825 693344.0209823486 -3377299.727542832 1280285.8119504089 -74505.29284611331 -414518.1591503244 -1631486.0887679504 2833669.4706342747 1813384.4331528859 302458.55902687355 -26380.863928507617 -691813.6745965509 1011394.2049595237 -897303.4856107157 2612078.009167909 -2882636.6036400986 3005567.312104224 -2156040.525881458 2090868.4544490953 3877034.039852394 -2379537.2750339303 2706668.839813773 729119.9343322047 68085.77426487679 2409280.1199890818 -1165992.955330311 4663544.176977518 -2867290.7143938737 416604.2933365251 -2564087.7864006273 -284177.4739094628 -225504.42030201404 -3985312.9326324244 638853.482341503 -123886.80232699252 1556613.6827872111 -1557628.1454869153 -1374068.7154204494 -2574944.2276507462 -1003978.944750866 -1622615.5085052946 -2273145.065083921 92402.53333026965 -1256897.1917650322 2203835.098923988 839210.694166042 -4790381.170091267 1174532.8116831589 1206918.2758132054 -972018.9329507933 -1115846.1654708404
1275715.1319994307 2434586.8295598067 -655787.7574071372 393697.8618049634 3722248.5383934085 1870378.0888928208 523107.9629720918 2491473.2407047832 -440458.93940591876 -1458273.1989584442 1048286.773842722 -2065352.907051879 1124912.38345381 -720892.4913493762 -2673203.909842508 -242429.04839778194 -133227.14847485503 3564677.3511662963 1322602.8779245678 2857167.69792309 -577938.8716098174 2690379.6269349046 32647059.118417256 -532887.7380355633 3309205.9508277806 471147.3539353473 -998421.3577317839 1565362.4817490417 -1994388.2808249712 887670.6217235031 374917.0326693368 1822867.229058323 316490.14166017045 1447097.7438013146 378999.72029752535 -280048.75098202063 -2743512.49550169 934702.1720545171 1526031.9441567939 3235717.5311727086 1384322.4018652143 -1741485.7416418488 -526591.7420363636 949110.5361038629 -461379.91216548416 -1723867.3768314729 1406323.6791727324 366409.2367309182 -1391498.087550205 -1785135.6869931002 -938217.6202330296 -1443673.9134608128 253612.2071220343 -630978.7524125268 -1260172.1106710853 -1614191.6596593226 976087.3194084619 -3307909.799699809 1168804.1319001191 1679332.0775006693 1999782.1648888865 1335965.9373282418 -4023666.9901358993 669774.2901442025 352200.12943712634 2734234.8299957966 -464061.85005857586 -90816.20579774052 1298348.1472111598 -1126273.5750775873 -1827611.4227767792 -2847487.9765769737 -2255972.1780902073 657061.7527879231 -3314785.634012223
-1743808.0120648835 -1175391.3550235964 -1303154.0979816094 808011.6915608457 -915084.3615522957 -1191852.4752408478 -1578376.839360641 -299056.40262241795 2688555.9702245668 -591207.6258039374 -1050889.8507052057 880431.9325640984 -196786.2024294906 3331368.161114119 1352722.9732098144 1142674.534415337 1904992.7759437708 -588779.8915173452 -1372099.6935814929 -1263503.9376829404 2137800.328211147 2548067.6136925584 -532887.7380355633 35009820.59265608 -537959.0984405698 -1974870.2602831766 -4683724.154508776 -1220274.5588693751 -1744917.0743427414 -2375785.506737747 645560.0802794446 1515907.6821725974 2642545.184226505 -2141747.06072239 1682254.4537943183 2544041.453854847 -2585630.689267124 266127.4395300244 1327528.7808065228 543686.4399764526 -184401.6308917582 -1646337.8931378603 -1107629.4067556835 -2760355.456106421 2947457.689681663 -844629.4648578708 -1895739.3929536815 -917581.4133851657 -1886889.1907043261 -1798741.757625153 -2177556.8052656925 433172.81523558 1127107.9869937606 -2149608.984655388 3741098.5563793313 -314792.11643052055 493486.3172842188 597027.3653722388 -1439479.5213257454 -181167.16153391765 874674.5392020317 891015.375200379 730854.6325175076 1309004.992244344 1569845.2388019178 2084412.8071258413 -2958956.00376811 -1812813.0351306726 -651498.3144470007 -658312.1271952103 4144420.27437302 -3193265.3434956027 1143879.474439402 -624496.8328928287 -1790347.476195704
1366900.7471041067 -2949485.9260768523 1101305.832928006 -899938.9658259508 970268.1953916439 73072.20974016447 -434705.44507014396 98131.99133813797 2790924.8919908567 233796.69628264106 -1941116.6505400285 -1608364.5153593223 -2822393.6752243126 1114.6574247346177 -2595134.2738067973 -992795.0768342833 -2383433.414749649 -829156.3993699112 -1020785.4126200995 507964.805861886 1849891.4110253425 -4704.2405243848825 3309205.9508277806 -537959.0984405698 29248617.05114405 52641.08074335536 -1048637.639242417 4526560.301015534 943473.5921813203 -111790.5452088768 -1389915.4987239225 -1731027.9539744132 1266210.382749267 363050.6174445453 -237422.1927043816 4246655.945209075 1374977.8068615047 -1517180.7402899466 -327506.11520304426 -2173227.2061853735 1781422.5353367066 876812.8342392176 -2404079.194335975 -892346.8368632802 507115.0906268082 1016479.373947824 2378665.789102886 1557674.5143782108 134290.4940194107 131016.85208952481 -958446.0685556039 1162964.1736677575 -57897.17798110778 358790.5219258105 -2396165.3493329836 -1220933.9393138287 1349323.7040008034 789016.1558939797 -399171.63771051285 -2428354.0110323634 -2719837.4026901643 57089.303850708726 -153189.2659696264 2754144.510809688 3786453.18952353 265312.25870146794 801847.5953494154 1558751.892244352 -1837450.4447272294 4589070.368264832 2630823.529558919 -1609857.147409554 -2140603.4371152245 5242992.3650598945 -1129922.7757191244
226918.72983189466 -3029806.522153582 -530148.2412318012 2627916.5514456974 764920.6431681633 -2395310.289160253 470474.2456538824 1284814.2503083511 2812002.072588813 -108390.05205251455 1155066.189523166 -114592.52720228104 -2796159.977290162 -1007770.5480447859 -1422913.2688839238 2525591.1648258916 -1849892.814279045 910340.5508272764 6034831.22794775 -75199.63247994415 -1242833.5366540097 693344.0209823486 471147.3539353473 -1974870.2602831766 52641.08074335536 32363901.37463157 -287326.4832094041 -1586614.3998201317 -2705770.621701061 -1760948.1239044806 -2684681.7232398978 213093.20504560138 -967543.5233067224 -488304.94708771375 1037876.8631348186 -1132979.1484827136 1676532.6272674738 2614098.0926220175 1404575.6819779829 3779175.117590661 323686.7003558723 -47914.887378392996 -2267291.4308434706 -259125.63028792103 608984.0917625081 -1062408.0253215514 -1215933.4622180325 2357328.7682473767 -1859546.2183775704 196508.81563928025 265090.3987423652 -2589342.58391704 -2793027.715082882 -1734542.1991235951 -1681865.3698268284 -370727.51573854405 -3558202.2327445545 -1061756.3978717483 -3275372.603191029 3406376.3534238664 -4272662.6158841215 559249.1301665467 -1069742.047622768 -274923.738966294 -1057971.8433394285 38983.84883236499 1031721.4037724476 -2304185.631126925 47560.08321980605 5584285.434445654 -2726651.4024301292 1971638.9374157556 212698.97416734011 -664020.466015552 1743252.041753851
854909.4594213626 -4413782.318892738 1192868.4572137957 1711467.8945458808 -775666.8502142316 4130922.513606413 -3351114.5094239637 -8442.64958939346 224172.02645786176 709495.234691408 924695.7773942121 -1393109.2363179727 -1778025.8749971844 1312337.0240862833 279284.7144182725 -3542231.9413451604 236561.99422331413 -3736284.242286946 2151922.9920022255 2702790.8758095265 -402985.5312338099 -3377299.727542832 -998421.3577317839 -4683724.154508776 -1048637.639242417 -287326.4832094041 32094389.994697735 4525592.942820363 1879626.3305708242 -466858.76389094186 155158.8733010114 -755336.6773402799 1291449.674094223 568482.2770632841 -1308401.658875 -2360225.665351491 168811.82506586376 -175621.547261157 -1617046.6354103785 2258691.843993474 2789755.4809621526 90972.81353033888 -1498144.8822335817 -1242206.653329623 -781812.8352215332 -1020762.8091314586 643975.002254963 -1470013.0038823287 3517064.850752937 1208591.3282270888 1661230.1479881492 -1672606.521183176 2070932.364538075 -1511910.0856053769 2890289.6543555534 -858912.7476170332 1645874.1117275287 911687.666987955 226084.02395646324 394877.64396498434 1028212.129758979 -1264480.7232175516 -2998638.015499706 -101030.62208794866 -2817474.8659099685 -1953912.8176893627 2401095.7284248434 -3367375.23561353 -2195234.250106441 -1352333.5552922832 -3962897.7844064836 910828.8364350728 -3072496.1020013355 1848049.000833985 2041068.2731535498
-538964.1726768762 658057.6652565068 -2672124.0807199785 494288.95984934585 570533.5378800598 358523.89581119537 -2404643.530763097 -596812.0944087394 -837607.7701394026 2066726.598946761 646066.2183387924 -831559.2283822702 519773.9062775469 726702.118413084 1033105.5128255854 1588532.067662 -1079897.4475575103 2012053.6451046097 642188.4214272375 788691.0262422475 -6540211.263975383 1280285.8119504089 1565362.4817490417 -1220274.5588693751 4526560.301015534 -1586614.3998201317 4525592.942820363 33114660.542504236 -1766090.2610309245 1022675.0150012132 5889636.924749417 -2693901.195770369 7525436.353737901 -1584951.5603354017 -264995.4987965519 -3081801.6574184424 -6139802.068230612 1447552.7964614693 140525.29907997855 -1189768.8089486845 915871.2720275866 1054508.453262398 2213251.402406972 -2084682.450239126 -1442780.7262537659 1885909.9699066465 3873832.857765735 -2622796.1653297553 -799618.1777742318 -3618264.792178592 -1863444.8062418946 -1537119.46559515 3157615.3314934103 1454651.874496845 -173739.49493382048 -2724758.9013120667 1228172.3484252822 -1215741.372002596 140064.83620486667 -406510.8974965797 -3381166.0563212465 -17360.24847138031 364683.3427318619 -710447.4142616009 1663359.508812558 1608451.194553669 -266825.01215820306 444666.75283188047 1165168.3719671075 1143919.671363507 2437.1354182315913 5366564.850919784 1314779.0884303222 -62093.578221202515 537661.8306506383
