33793097.499928504 5386142.59260079 3854986.0555848484 -613851.7045868152 -1990835.655060002 -2702699.858147784 1399928.6996979653 -3898710.559607933 -1462882.7723173199 -1528257.09650905 -6333766.913602667 -974583.1681473334 -2612253.6982034342 -945588.5285995613 -792814.5821708768 646372.6709384441 4437507.691594117 -926785.2331486297 -851712.8864247558 3073896.8428194243 -17556.905410211606 -554511.1015025524 2850506.2290513334 -4439809.373170722 -344790.55645949836 -1765041.2951797042 185561.06837946337 -2189299.6568177454 -741820.9767596218 -2415490.731911394 -1361012.9817926406 -1265507.2837879036 -1909103.5144779303 -1612317.6929190503 -201794.3985823462 168514.1523852916 -760868.4748200761 -3595850.871460921 3502507.7638591286 4135951.9147258787 -46903.969949014325 -738716.5191267541 180816.49773334834 1199529.363838377 1636880.0062167146 -579309.6634654541 -1704502.891612505 2935752.1675133337 1064759.4099204717 4931178.095607259 2929983.5435760934 2300210.380384407 1905388.336708212 1370942.4145830295 -1541882.621260806 648221.3534159908 265182.4110004062 -4141561.503751676 824411.4705292411 7488450.196905943 2547594.5933959447 -3502790.8351816526 849592.6577610483 -929938.4289464363 -3527824.808741421 -1179982.2724288953 -362161.0960370217 2577762.408787486 -3933224.4187584375 1289393.6003809879 -2710989.0350252967 2745393.8831609297 -74309.29984221599 -3878856.9021434435 402632.85207033245 637216.0931314433 138171.45087774057 -3707618.1434233785 4506549.166526455 -1350640.5398965303 344914.72845915187 1562695.7255109616 -1499285.4721592863 -1831234.9169577414 -1882024.3391857548 3666000.7989939754 -671672.4127058015 478470.48718895006 182695.8704188396 2837128.1633204552 -142556.3530267854 -5165335.452988742 2568099.2122277534 490474.8477632915 2515872.977678338 274760.2041977651 -571950.1109918737
5386142.59260079 33974321.02220731 493301.4803083439 -803083.4923403366 -2793083.4465856007 1811572.5490370793 1707457.217453423 -599581.7321837542 5245565.185525408 691779.617656335 -87816.50524971412 595100.5037949084 -2643773.3985433076 -2745620.046827553 82818.93848351427 3658196.0051215454 2640135.919886193 -1448098.410811938 796710.6112223612 3871829.511088927 -4054703.2155897412 468012.27303867496 -1714254.0424138557 561586.8742566158 -128588.91437106753 -1712881.7359976536 1227348.7814620805 424299.2739675451 -53944.48906617689 803331.9909060611 -55325.20125794566 -1365486.7047031648 -225145.07417608032 -506945.44695967523 -219708.65853340985 -495980.6542503586 -604850.3811966273 -1072864.0082204333 -2597094.455115361 560485.537332723 974411.9698661265 -5145195.598970089 -643654.4849231269 2886729.238615561 4129258.0601801197 -1688877.6594049532 -567692.021471266 -235299.0089701115 2366624.51933762 -2985536.230045483 -2039889.0396472833 507828.7799899396 1702578.6833827079 -237141.10175197254 2465945.7411968317 4080909.231001616 -220494.2417387012 -3711343.2938018786 -458466.9755568323 3667167.082523362 1859016.0375361545 -619070.0047646165 4100671.4230857277 -234294.02910384393 -1474250.6422089615 -821242.0549260703 -473390.11090483185 1858819.742214282 -4035119.09736355 4963228.962134589 -1520853.312115821 -5740897.870026055 -1882369.1717165636 2485057.8664055197 -1413474.0281182649 556086.8558864892 93486.39686084358 -3927945.495430355 431016.65252405574 -1254234.0841209113 970005.5725364576 1590828.6332120257 -4246585.721255745 -1523792.0975694759 -1737863.570340521 -2638851.982680248 630162.7453030803 1113288.8392948972 1254097.7120354166 93434.42683641295 1745461.8481958895 -4114048.3431924614 1682006.6927939001 1163666.51857831 -1564951.6504506865 4284176.336822741 1378906.0614843573
3854986.0555848484 493301.4803083439 32750136.715449374 -1555024.5336817377 -4484304.101192954 -3612503.438042138 -5534480.412273212 21701.622240401386 -2157772.12383797 -356624.75827380293 -579050.8129042385 428655.9579555486 3616855.4973278944 -2006990.746562228 -4928922.762271364 -4229667.085246411 -2590431.9803746026 -635690.3775006424 826573.8191415555 -2781658.9420108674 526456.9913135762 3104039.3736740598 -1358765.4451982803 -2322008.102508672 -3241877.2874102644 -1287572.4276320324 4866309.801765836 -5524455.583998734 1458151.5427688707 -2664339.8486122815 355929.787003108 1629302.299643079 -1176519.6748139835 986300.111918822 -62227.09489570797 -195908.87224172676 772007.721506326 1369518.3703918012 -683551.3010436748 4780666.298917658 -1047445.8273724482 4519003.134346656 -1517640.1330635555 2828111.314660643 2711618.679006051 -3632996.372992946 -280670.7505196236 -2223617.3517894 1416585.9061975495 -1844232.9186308577 -4892989.922042467 3200745.591258056 2634903.4146295283 685199.3230027545 -2950734.6641373695 364733.34117874433 -3138517.125168816 1960378.129227229 -3094879.6791219707 2778366.4999585897 4128428.07967911 -4596394.542944245 -1962703.4808632375 -539666.5755985338 3101004.7913228325 2493557.5029127975 1137332.2925351656 1531125.998602554 -966028.1760909338 6357889.482817132 -338138.8803813161 1401518.5886241833 -1181147.2780320935 -808541.2284022773 -1795875.5853890514 -398862.8073515931 -4099807.3554848246 301952.039723362 1429443.0869539536 -1001574.317306096 1712424.8558170418 -6885612.467029514 1808297.370121318 37038.35718961105 1576169.2668527581 309854.8586630692 1630889.5316765707 2304539.565906648 -145016.1779806241 1835729.574112256 -80021.09701398424 -6163955.497420887 -312756.356150753 4424281.500310083 3334530.8350286097 1964996.839269355 860900.9672571642
-613851.7045868152 -803083.4923403366 -1555024.5336817377 34047764.809441894 1428489.738191104 -2688810.079753927 -2584090.5855983957 -81496.45359784053 -5712231.273755255 -1141878.4230248248 -357317.4263277939 1028983.4992934184 36845.44697435264 237430.7577330221 700607.8797652862 3337052.417759782 78536.04303568114 1262205.1167364484 994321.4780815719 2608425.696366799 -401701.81962615513 1100777.0923924427 2239316.1757660597 -1004304.1002108426 -2718976.663956807 -5307057.193800436 -2674466.7918861303 2504139.6343983575 798299.0683768792 -723817.2190544335 191838.0648087502 5472483.656316369 -2459224.015835559 -609414.4387601328 -185706.8894742138 -2795417.2594610816 457038.0165843599 -672634.2925931399 672301.0660478614 -769814.3069496985 -365434.85399399325 -2982585.6897507203 -1122904.933135752 743764.7928180932 1626373.2037061339 1370311.9400029655 1953007.5302456175 5170644.266207866 -2351034.104412784 -402526.6017758091 1086107.5477044478 4028778.515693876 1055856.300881266 -2879317.5938314153 -1300606.9951646924 806277.319832926 3029177.843701791 1769650.6065908126 -2018005.5917639947 -2061132.0822645212 1878780.1085078644 -1410136.5142161192 952933.846910663 -1327922.5029942712 -3886599.674371378 -573924.200257646 1514026.538006012 981431.1518477222 1143103.9016429358 1350655.7624274627 -768912.1897335214 -4071894.9777964284 1707662.9256425519 2487514.970116995 -1912466.7508990283 -552752.9656579682 -607626.6133267293 194033.86644782138 1670730.6734046438 1681645.1160029233 76593.33594501825 -1504460.8644352139 -2003868.9508866023 2674889.270785601 -907671.4074516655 -1070433.3830783083 -31300.783417622744 -2921185.402594178 1837368.103602521 604148.0159717288 -176595.7978918968 -836140.0776699219 -721032.7549142629 484166.60958328046 -3533030.425901702 -327293.7529300099 -1717988.6690764006
-1990835.655060002 -2793083.4465856007 -4484304.101192954 1428489.738191104 34973868.19555115 -88737.10516477156 2545328.516657468 -2186270.856900264 -38471.13110129099 311026.2949786441 1426101.9641281231 2381974.864834556 -176634.04530632735 -2432044.196645721 2437868.496507407 -683203.2237752525 -969751.5374979603 3865961.8237757348 1921957.8656466438 1970785.8366657689 14609.473694320268 -379646.90570801886 -1463412.257301764 -2069978.287542693 107454.97077045898 618440.1812549192 5295675.722655125 1353182.7498342842 -1685835.6990200828 -1362777.6560038072 245761.73557609227 -200254.31233760944 -174764.04235230983 -926644.4856760527 563466.3911590981 -423143.26978987316 404161.9556207866 -2694818.5303389 -990182.6338801141 -6566310.658347535 -2764041.619757961 -1256320.544808808 1168599.3326144347 -2076450.1740634486 -2725898.3989150836 1241427.9847373834 2131687.235397718 3825033.045389805 -1627821.29381314 -1073150.8784221977 -1907359.978830933 -1196514.6778345036 374050.3419319251 -2775242.6017342154 1967495.21695806 -2104969.6889222004 -2904848.206119154 -4769435.794373405 123456.60123769371 3121073.194652986 -3763107.7661367175 2110256.8381864363 1688146.3555110544 -1287303.5281525883 715136.3075623361 2223203.136936124 -4101629.715337817 2151764.9382350394 1472108.3775855706 1175789.504603027 -18264.18292234865 -2420998.2784475368 -4112350.9421719676 3370322.1213008724 2914177.199083392 -895691.5139231022 -2749422.3154080966 721310.7819172724 -365305.2516335361 2113817.6076710117 4546263.557332365 -3407.411929152213 928566.4023621149 1956177.735588728 3078858.6275978973 1156883.7370074375 -342996.56837831554 -1972045.8416161072 619455.255612601 -2502582.704268327 1929365.952795161 2273943.169217216 -2941931.7510369476 1480481.8072463402 176382.1003576195 2768007.9161739713 -2328476.7630422954
-2702699.858147784 1811572.5490370793 -3612503.438042138 -2688810.079753927 -88737.10516477156 36740446.85309919 2226814.66721646 2367752.1620213864 3216987.9062449303 2202185.477970545 3892099.516064082 2388853.7170388 2365877.006697535 -2093551.7337341865 -3021051.6058874386 -2094602.9010974492 1958908.8649422014 -3280947.5825611893 470502.30334113847 -1391197.4315817705 -1061978.7121582865 -1706889.737007427 -3582376.8490328547 2227949.9092706554 780572.663498325 1771076.4611022864 -1485037.7990731986 146639.71905279643 -1927319.994228991 983656.487398972 4276162.356790275 -3212813.6562215458 4583215.263559473 -643035.5785368694 1541520.403933809 2092462.0182279195 2099282.790328882 -1397284.7249305504 -1994621.678786937 609954.4431819584 1591702.9513225702 1838026.1463032758 301680.57189700706 -3008649.2255551633 -3658995.6424954673 -2911640.886339383 669615.7339670237 -1171381.3387653814 1016260.8568056059 -1760009.9720352804 -919015.9979725521 -1743397.9951767838 -3229817.978614915 -1362045.0053243828 -1952994.3419451914 848726.3189438304 -1032803.2638944652 837516.184331473 -839106.6032569469 -3800768.719184408 -1764940.4203653252 -823198.8202491782 -3689780.89137038 3322718.6357507696 1291525.828466999 -330197.50366461085 1378957.1336124265 -1061670.7449295982 221382.49074885502 -1920928.7757130251 -4679366.516631177 398362.5823034182 -1406004.9809296187 1992625.7406496217 802175.307364105 1053224.8990232307 1813563.6254244817 4245236.523178881 1326708.0979825598 -2587936.2906584754 1070662.694038121 188792.36187476682 -2452428.167004821 1367175.1590176693 -1249304.6416409486 -777405.6920467962 -90751.38547873552 -2566785.527430555 666486.4459890301 3575096.532693046 1433928.9565579777 1832020.722189706 1247149.3153007422 258805.7494097215 2584076.56089356 216665.92721908115 -2534893.707550257
1399928.6996979653 1707457.217453423 -5534480.412273212 -2584090.5855983957 2545328.516657468 2226814.66721646 31275902.00257646 1107473.7965851407 250490.0684708827 981518.9114774815 -265958.76781701815 -3523616.7163156467 -1378793.861244637 2800933.793174491 256996.10543391603 2373724.830660939 3278489.663393661 -1882641.9044442216 -1579156.0302076617 2276250.6112927683 1989934.052953385 -418726.5307073455 -2947415.9162579915 -255313.55478911306 2871216.2086332724 3719320.80693532 2778482.3123279465 -486609.72401754925 -5033561.757352779 2693658.4693555357 2777766.2461316097 -1063052.3063536463 2504977.545127373 -348989.7053208634 -1635674.2615981875 2172976.246246538 2386747.9435240747 -5152242.284938412 -5519130.591338167 -848040.5532190537 4128808.6134605412 1972520.5678485068 2683222.646232679 1281059.1700294693 836311.7208053924 1556104.2653519174 1229737.148350315 -857800.4924524102 1549891.5484266726 1547673.9900912275 2882061.5173966708 -2029173.248901386 -35924.235245407064 -292947.26448050194 3482330.2060796623 1800124.7196897392 -1792262.4065996916 -3927148.7018174133 2593845.598603638 2563332.0766986078 1243579.0258936188 1431568.2799507605 2508538.7798244087 439250.49241409363 64149.92578492807 2776366.541649326 -463011.5781822815 1786864.3008135285 2663422.9295598627 -220356.9549792787 -2119364.075122978 656383.5212864529 -2881979.178097136 -747117.9467739721 1880131.21638564 2058709.0862728453 -1112440.5214543433 -1615239.1488305186 614291.3518353169 -2593129.9587753103 1387824.143770063 -1576490.563646009 710449.7698071625 -2965897.5388125097 -1558598.2057817432 -1136582.5394611373 2143641.970132679 1301795.11468282 -2382318.565173973 4480730.42316915 1772411.6632379545 -963838.4312513756 1278645.058763308 1552689.4007023992 1119436.9041555158 2720676.9841450634 1034277.43756065
-3898710.559607933 -599581.7321837542 21701.622240401386 -81496.45359784053 -2186270.856900264 2367752.1620213864 1107473.7965851407 31828387.793822527 34257.94411917056 -191481.79962802184 1488548.8944083212 -2022950.0369660498 -3564734.2913155407 3421138.7602734747 -2001157.6510613428 3023504.747885768 -1360945.8984598797 -3862291.5269605867 -774123.2414378048 -240569.39409490707 -103999.97977457682 -1772646.874472442 -2112856.4810998756 -437909.2167950111 439348.3843713676 3053349.2921630843 -3190065.519433409 -2614252.1567540364 -343512.78375249956 1345423.198632967 1727817.8833460459 -2236455.335352032 2321148.8045231714 -1742320.3451808365 -1412951.2790715357 245029.8172184067 763506.6254670668 1068452.7098379417 -287255.4815522639 -681689.5220552847 -232702.18256976796 -937009.0020006187 497114.8972937224 1149856.1080677726 -56717.74184756421 -2740966.2324358635 1766765.3888942273 722982.5601205009 -6096336.172787435 -133831.282579493 -3645673.7604602342 -2518672.191038807 305329.31085839355 -832504.3975914936 1888572.8585012963 872879.4732714822 1900069.3371336607 -1977712.2293628645 2665823.9555650027 2560097.5790116754 697199.4685583921 -1245652.0558629513 1807911.469540846 2172346.8253544555 1591770.7336308428 3095828.1185786184 912254.1175671578 -1566754.7923330516 4927529.862370845 2069405.3336683465 -1116270.8624809515 -3157907.517265902 -3165922.0519805113 -1026782.3185942695 -1980381.8968604724 2634467.0133026578 -425331.35507464275 3170832.726797718 1327266.0352755357 3269686.6599087548 978517.5922224319 -117556.71683731036 -1417568.92458709 -3488961.2477616933 2850336.0849060346 -3210087.747300753 813381.4671357357 1554044.6821156791 -2266863.512869588 -2022339.9393988957 -1313402.6252484475 124584.97976024101 -1632344.9254279747 -97595.61532414329 406034.74395183515 919125.3379944414 2322249.554670286
-1462882.7723173199 5245565.185525408 -2157772.12383797 -5712231.273755255 -38471.13110129099 3216987.9062449303 250490.0684708827 34257.94411917056 31824842.015955247 -957926.9874045638 1160939.5254847782 -985643.6287797613 1137704.9424851178 2766615.810136786 1101203.8616165144 -1153742.514213557 -2863474.4122443744 3585714.89507763 -731796.132280471 3375486.327801188 -9514.006141045717 -1114065.248339196 1722242.695242986 1397435.0925349619 -122805.03344791284 -1344087.9616990248 -1966960.6193839144 -1666887.1788170533 -157249.47202397283 1780744.4221499588 3860153.9504217226 655208.818837331 -1351042.6370591717 -1366329.028698056 3590857.9439290916 3827430.098567937 -281746.46426065394 1600341.9869264506 -2152740.8974406263 -915403.7506849985 -1613038.7279137613 -309879.9649839002 -3794131.729915315 -2437077.6009241007 3536461.177863555 720822.2027104547 -3511555.2532734415 -720380.2975807575 4144325.9893027334 -5445328.558261709 2219564.7417871263 358525.5695957661 -2503640.8414481105 -101935.44949750086 1724269.8784097156 -1573670.1184368334 2062308.143946675 -2303805.7015793617 -3340686.452187359 2419170.381304292 -153020.5392889033 -548659.4971105364 3503693.29553094 -13679.560525526485 -2918935.1767203966 -192781.32761281167 -2410337.924872879 -1992024.201792089 -2175335.2441160646 1004016.4509129676 310206.05517807347 1594560.8724541052 -528761.4962785643 1613152.826936002 2348231.3440048713 688062.1154264645 1097163.5755921605 115033.02315631666 -4569111.719584249 -1384124.352142656 5860349.65663559 -1903731.0651771072 -1224270.0114957457 -2975846.2809950775 1381916.178395618 2654645.20303229 -868631.6400747118 -767260.905280099 -4606671.403313003 1672268.1897953714 -1092644.1435696103 1018481.551135601 -578.7539711995532 -4400722.502684673 -1074805.1759220427 2712984.2029666267 -591698.0026443801
-1528257.09650905 691779.617656335 -356624.75827380293 -1141878.4230248248 311026.2949786441 2202185.477970545 981518.9114774815 -191481.79962802184 -957926.9874045638 33410503.920873646 -2058968.3146566877 -2419610.8164830008 187687.11961136124 2635988.363581405 -1925948.9494950706 1865684.4565788417 1625410.2964143825 -185608.00629620205 -152665.9368840181 -3186162.116551173 49288.825896128175 1672577.1313509229 -3866276.224909011 -1157875.84291028 1786923.316152776 -5493214.94094594 241897.0476106682 -23044.38466828021 -1411165.4553230954 1488022.7411597027 395066.4545064675 -201808.95703530833 887214.527776179 -2283799.780921619 72891.85480485215 436354.50948481244 2748034.716331476 184557.98845781822 -928954.3788137726 677762.9818535973 2649120.9188126298 -1434445.251125518 981685.62635146 -3660521.2721195286 -715437.5441455088 -3074510.2464427827 -2716650.6845072545 -2808391.8377482034 -225765.77045276252 1608541.3360439234 -1554881.7702661888 -210431.18850847028 -2338542.363404388 271088.46202515 -3583317.6399484146 2425217.003481208 -1134004.0800973207 -1119514.3228220358 3987956.2689553867 -1734967.9878438814 1578559.4532777707 2572983.084094897 1208431.0164554915 -595227.54914243 -395281.3514296489 -2530830.2716618967 939940.4594163487 -323035.5247923571 404244.4869845408 1330077.186839666 -5383939.19879089 -1230759.960445589 -4984930.752278306 -3401204.648067832 -863739.5819329966 -2426207.8776856866 -2632992.5594030516 2038682.074327179 5656990.896566225 643162.911843828 -2914051.9862651965 733477.9721736888 1495114.603494516 2187036.647172742 -2079004.4198393542 -3368103.238594632 -5956444.172952378 -1717492.4973116335 -754686.4335438453 -1664957.512076719 1089009.5953161956 -3596840.597561083 610170.1299600336 2243319.8398591387 1030666.6633955194 1928294.6495008047 175227.58926733636
-6333766.913602667 -87816.50524971412 -579050.8129042385 -357317.4263277939 1426101.9641281231 3892099.516064082 -265958.76781701815 1488548.8944083212 1160939.5254847782 -2058968.3146566877 32672601.87089253 3009436.8551932396 -1068911.2422129256 4554879.184427945 -596578.664730272 228144.58215336315 -6978336.958426483 1218239.511422225 881921.140320509 191090.7103557882 -478496.930572119 -221423.35735344325 2812090.5211678958 1341937.185509024 -2402978.4047809686 -12385.930918932916 584478.9238769527 -2346320.999858724 594958.6680224768 3687293.61902617 2498617.5145551013 -3769874.65615018 3272392.3153983247 1816188.486063888 -454531.1865157074 -1806794.4323807084 -1938981.1596748554 -791785.6547965315 -2946157.778528719 319296.0373267842 3184764.0154499616 -2000624.9145463235 615934.3339134661 -3162420.33664034 -554702.2369009443 -1683474.5209753802 926754.9998822754 -617585.0461578968 497.55134022438193 -1013921.3558781845 -1266579.771765732 -5871924.802931076 -2277477.3163652928 -1962495.79295279 -4292877.684636028 -3202213.8777612234 -723243.3625415959 28594.081422635096 684340.3908701948 123912.60105010578 -2444327.857795701 2166651.1741791824 5480596.729191831 2184328.1874310207 1914398.910304673 2364767.8130050153 657399.1662562442 -1025804.7301108065 -2270575.459494585 -1429511.5462160553 294069.69476463395 -2384205.63420825 206822.58530339497 679582.7118356581 1845605.8716159833 -2298575.0146312085 2229442.2910100543 -2793868.037554549 -521346.99004961137 2317733.6482924046 3784272.3151132944 -3050581.514102177 2773056.314604495 -1499391.606563596 2558187.7090401915 465624.909231966 -3761553.4377311124 2481888.2906583115 -658213.8615168937 1177793.330016752 1645668.949923408 2492835.869263843 645093.1478326628 779418.6869069124 -1839071.540973244 -1176076.5573931586 -264905.80470056145
-974583.1681473334 595100.5037949084 428655.9579555486 1028983.4992934184 2381974.864834556 2388853.7170388 -3523616.7163156467 -2022950.0369660498 -985643.6287797613 -2419610.8164830008 3009436.8551932396 34777730.659099475 2127246.049415831 -1297493.3566930392 -1341577.1760431745 994368.4860544294 -765474.6717403162 -1139659.7405479471 1182641.5079462323 3146070.4932877067 594555.2778197468 -249310.8156601368 -1729666.5272698181 232259.48013656438 585936.3456923721 1177332.2360568277 3963197.3420026274 -74462.70864789914 2355304.4489642074 111738.43531786535 -3400377.4574539075 479423.9760086095 -1250927.9966724124 260044.50031472565 -2927068.024462628 838730.4383611266 540842.5716677309 -174359.55168825068 -403952.81097705057 -1180727.535845326 -81698.96303558105 -2419617.484529681 -364863.69155511423 1628512.9887846054 362940.0460903425 2720696.9529477344 846646.37902427 1037959.1790691399 -1618765.5459927015 -3206204.078077122 -842116.0115656892 838513.4929762685 -1094750.7043949203 -5731919.474007583 336614.3104563397 107895.13787169987 -5202890.936794901 255649.22517635417 286409.8022838326 -663330.2805885114 1110839.6550654967 1092997.3870866506 -864643.7566256607 -2049864.9707579662 -231624.44939818452 -1796207.076213003 1978800.619959339 2119954.4315600144 1043273.7273954538 -1276979.0650368826 -940274.75171392 -1429906.6975455885 334987.2140230829 -266256.30675147026 -3504988.990512112 1009985.0516758285 -3014846.0724368314 -3064968.266948652 2631956.9303245493 1817002.5804621954 162752.62240087005 -1718114.4199264646 -3139990.603820097 3060931.3770273672 -3856056.412295707 2391825.750424367 -2044118.1824611812 1941387.528928584 1694026.9237116287 -890435.124590964 3928105.7537115365 3533398.5215535443 2107971.973689331 -869196.1694908171 924982.1959837229 128381.71836584577 556754.5430866953
-2612253.6982034342 -2643773.3985433076 3616855.4973278944 36845.44697435264 -176634.04530632735 2365877.006697535 -1378793.861244637 -3564734.2913155407 1137704.9424851178 187687.11961136124 -1068911.2422129256 2127246.049415831 31051577.854071565 -2085046.2907373721 -2957803.729769862 -5206751.401976293 1708425.0727313475 1999583.7859184588 2900906.282929851 2133444.745200042 -686378.4232341375 291179.4298590842 -2114563.445004322 1825847.5063718534 -4187826.27667075 777671.8072818078 -1325212.4089759167 -1289627.5098007403 -3252400.2484613163 -5478957.34121481 3086859.2788624335 -1949024.595560641 -542216.6360820027 1018609.2412442688 2214294.7502518957 324549.3289929831 -1027881.5376340926 -1944764.0446000383 -2576315.201833545 392401.51264865877 1336653.774012883 -1161566.0208835346 -837970.2822739477 -139444.87807261435 2750037.083573149 2022180.9411419488 -1170008.7024663433 -1124583.5119228303 -1841141.9192278716 2411059.548747098 -2713370.3147271075 -557216.9274228947 1010186.5502792759 -406978.2857418298 357696.4772864504 209786.0977723913 -721161.579106153 3477918.16641311 -680722.7225275271 140905.8591757801 1217279.5128154557 3462256.7206669296 3063069.475988255 -392254.1308213138 -1633760.3184629818 -440481.9995368302 1377489.8488247767 -1537250.5530865104 3718757.8484376664 -1315214.7858556565 4878928.274884612 1338798.5654213403 1125700.1890142746 950463.9023204132 1659393.6903877074 830184.676485746 -2052309.5558998943 4070281.1012694505 716589.4147781676 -1909931.6746924145 1865976.7591728494 1903456.2687548636 -139267.93385700847 841056.9490170474 -1047144.3063912921 157455.00826964225 614285.3014333982 -1967071.4573954563 -405018.4660704287 -629457.0583127862 3100068.917659098 1581854.7519945146 2685768.7455353 -146596.9877989563 -137232.06970991098 1019617.5614006541 -135329.78960833885
-945588.5285995613 -2745620.046827553 -2006990.746562228 237430.7577330221 -2432044.196645721 -2093551.7337341865 2800933.793174491 3421138.7602734747 2766615.810136786 2635988.363581405 4554879.184427945 -1297493.3566930392 -2085046.2907373721 39080702.00758856 4608515.546396177 3436568.498315272 -2070031.1245647601 1996180.3972484337 512348.70158825157 194245.6807590179 3317726.6058171857 -2742248.9088102477 2825220.0149432826 -468675.2800422491 -3137965.2583504175 -5095458.675755002 -245846.5130983794 -3172857.0804148107 2820369.3245515805 -1099721.6210700464 31247.101720845832 -2065357.9869371078 479867.261929497 -1567988.3657145204 3679680.6924245935 363530.28138367174 -1996295.696296298 1606358.505843123 -583759.1452674416 -265575.0584180023 -1047500.5040106524 -2786007.674704477 -2527267.2056424795 -758396.2826407445 -2201935.255507745 -2845989.1384620355 -2045491.580546966 4063954.374374054 -987476.4689416004 -1041774.7573119487 -1252725.8467484284 -4997705.172231222 -1653969.9530487335 -653682.7436690897 207487.79642563983 -1575469.7267191948 -1464516.9547535763 -2194786.826445561 1951061.865155366 468814.27833309036 1449795.8644295232 -389442.20684898837 3490847.210606531 390556.70001747087 6158754.302382215 2504739.1174489604 -1882318.3219613757 1864193.279070326 6696306.691404638 -960401.5561206132 -338678.36201157665 1876059.3591160434 -6616322.5109070325 -1214004.70673277 -2621278.439161429 2252344.4197349544 977698.1291063672 -526050.1102673088 4427777.764460659 1916078.6101352058 -2793871.388156184 -3461062.2827286827 -3463146.1465359777 -399674.10594164184 707081.9040269493 623520.610595252 -2233616.1372589334 -567036.7437741336 -2349510.4698689417 1934641.2969387155 -2630999.7325788355 364211.80385922245 379200.97230153234 -7174009.090221508 -118828.31018770425 -598250.8972958946 -1162453.578373959
-792814.5821708768 82818.93848351427 -4928922.762271364 700607.8797652862 2437868.496507407 -3021051.6058874386 256996.10543391603 -2001157.6510613428 1101203.8616165144 -1925948.9494950706 -596578.664730272 -1341577.1760431745 -2957803.729769862 4608515.546396177 33726242.68466024 -543737.3021128136 -256844.67362881263 -520808.4701949083 2386135.6094277073 1005126.8410914098 -2621064.2336979476 2710646.0677522565 -177400.9149619698 -408485.8600366883 3307761.79453564 -498706.9650866395 -1229521.3080243338 -1545246.5383046272 -1550088.4246515871 -732804.4361454847 -3112303.084824862 -706747.0207259516 1003711.3752871441 1116990.7453130677 4321245.572142324 1330249.3561750858 -1378524.8063163524 1461170.4091221984 -2518762.2100173524 1369461.722414405 -3232885.0874841562 -1427808.6919082722 387058.33482141455 4078290.4606793476 912571.5733879765 3314831.058459287 -326747.3549358826 359929.7954201216 1545971.3818163604 1395857.110041745 -251736.13323838246 2202346.8344256133 120665.11758230646 -588510.5827340548 5439323.825639529 -3402522.062717714 -3068903.282493538 -2466417.729556089 781726.7034973662 1646205.8387948475 -4240.53019844943 3133521.5629588314 -1165102.1904296072 1986979.1232892722 -796891.6317897972 -2191748.8001312795 3037661.9700267874 -302069.7282855183 -3431429.866686379 2580309.564529578 1067466.2071848551 -537122.5368981207 -3369180.6416301443 3277034.6371263014 -688209.4963371404 -1640893.3228535121 3847591.5658262405 770393.3515447342 -1826566.7702473653 -684803.8893756509 372048.94715791306 -2766777.9121112577 -4041997.260060718 -373208.0636809194 691124.8519079699 1365353.43493439 2249615.0255606617 187654.99438958013 -491733.04459258955 -656727.2120494577 352118.37219393393 3215299.069434315 1610891.116331743 455038.74584222975 296109.5104753406 3869798.3081040727 -1628760.4479862698
646372.6709384441 3658196.0051215454 -4229667.085246411 3337052.417759782 -683203.2237752525 -2094602.9010974492 2373724.830660939 3023504.747885768 -1153742.514213557 1865684.4565788417 228144.58215336315 994368.4860544294 -5206751.401976293 3436568.498315272 -543737.3021128136 34290870.3306816 1010982.3853284239 695191.8377635116 153872.60652450967 -1153749.9002843904 3118171.947983128 327300.3099194111 -3660995.481655758 -1412458.927601926 -281052.15009066876 853159.5429658493 1938423.911899089 -967452.518652371 3195498.584001844 3481065.74258009 -2220825.4231168623 1925297.6867631674 1353000.3792999757 -3511684.924806492 -676978.9326750743 -1513459.1896768047 -2666136.2756350497 -1584811.903799714 -2831031.210697639 -281264.0903716362 -3630228.110810931 -2031398.859353117 -2227840.999420564 2005248.5694533344 -2584370.428664224 -2151837.8172560628 -660565.7959753309 3136547.8061917084 2530625.5125160106 2515533.9602936846 -320149.6362299712 -3213844.6580525977 -1283746.5499158236 2239947.700535233 4945602.091701762 -2439380.4634650163 -28451.860931820942 -3151124.9599128515 2684653.4922659597 -2462922.0514489915 -937229.9535088715 877476.8795598077 -364817.25400624936 2905641.7326918063 2476407.235306967 2297731.8057701555 -1845881.1457296505 3311574.829362607 2245164.4825833244 2127228.0019459967 -84827.2987927441 -1917055.2357012127 -829288.0798983545 -153798.28734914103 -3450799.500340414 3667885.8287036377 -2964039.9674723437 -2375559.5083780135 98823.79869618402 -2535944.62590168 874184.1957761334 1606154.1972251148 105934.27333729906 485432.7286232807 -2957195.3654566556 -529428.5264918769 3746308.236143177 -2993275.9904601965 -1319543.5964112177 -983986.0737735179 -1166636.9132775844 -4374607.821645332 -554779.0970814168 500423.8301388617 -411134.01775783906 -1134941.3136566954 49602.98209345957
4437507.691594117 2640135.919886193 -2590431.9803746026 78536.04303568114 -969751.5374979603 1958908.8649422014 3278489.663393661 -1360945.8984598797 -2863474.4122443744 1625410.2964143825 -6978336.958426483 -765474.6717403162 1708425.0727313475 -2070031.1245647601 -256844.67362881263 1010982.3853284239 30633878.670956716 -1234372.4221497427 -154047.7310164583 3493690.6959486683 -1076526.532561787 -1272377.112653075 -3982720.8752981275 -530794.7199928223 443600.32435943396 1469467.9171917199 -1898809.0422832833 -515650.3076522945 -3072134.188517024 -3156749.766372254 -1452281.021469315 935868.7509695879 -566141.017594925 -4776661.777852455 1796194.1327059376 1244111.0944806987 403952.67603592394 666336.0824126303 -1410303.1222729974 4305984.396932315 -992442.7432762295 309294.0554180758 895514.1015042872 -362988.15416532115 3245267.1139042284 620630.7475912381 909901.7066210223 107573.37664056614 1148731.7035284236 4743542.057118277 79253.28845694507 792883.6721191704 -217196.83883600342 2016626.4039562189 -330729.5932719559 5385899.153411213 569364.6957900925 1335346.6572278447 5706128.491452718 -3835037.885725027 1450684.4877937117 -2175672.9304027776 -1653197.203032457 4466475.460865067 -3232873.8071592464 602785.2493519807 1554367.6298889476 -694139.6301815088 204626.2880730352 -2814374.667258385 -649797.3454730809 105797.71961224024 -3724605.447121902 -216724.83423779337 557525.143690322 788262.9808075607 3196808.9447884355 482147.10233059863 -1284907.79129836 -2905707.9993196633 1732688.0396456975 2717520.222162713 669953.4481151127 2694188.4854732044 -1864149.3000844044 288487.80315120023 -1163737.4884714773 -3609087.3769723843 -125052.56391341364 94197.31387087984 2724616.8585044844 -582281.9347117769 1895996.466761665 2437851.1371755064 106861.493704557 1907163.5002230755 446005.8992112607
-926785.2331486297 -1448098.410811938 -635690.3775006424 1262205.1167364484 3865961.8237757348 -3280947.5825611893 -1882641.9044442216 -3862291.5269605867 3585714.89507763 -185608.00629620205 1218239.511422225 -1139659.7405479471 1999583.7859184588 1996180.3972484337 -520808.4701949083 695191.8377635116 -1234372.4221497427 30897505.992679134 1749794.7568643244 -1232554.9817912718 2283067.8520987285 -1586326.6386130282 1768838.7084975226 -849280.8193786787 -21828.989101708135 -3464186.6784165683 3812127.6715207007 -2045811.1959720016 1262821.1853876382 -422951.58285307145 -640917.1468896702 652522.2354819056 -3065342.7744947253 -1819658.9603160163 661912.513135263 883522.1918488526 2042502.8469477778 -487220.4946042758 452539.5475759243 -2952859.6348892218 -1168665.8341391722 -3662550.148698406 -2067081.274232943 -5299317.062481167 -1322075.1013225045 5764027.170070384 2536567.2795141395 -372380.79372558737 2168421.288231394 -3814466.746395136 78589.90497867441 283373.2426153018 -1499760.732719372 -2827794.4256891264 1296404.7804126907 4734813.4222001275 642808.3223329949 4000577.9982846295 -652034.4060747703 991706.3139493443 -68510.71137612221 1492460.2490867882 -747544.5037449221 1345929.1747838713 130153.13952704117 311630.7976462306 -3269351.0864238585 -1749565.8991419552 -1834625.967701061 3301060.375314375 -773039.1282870073 81568.84231059915 1515267.6748181675 2876853.1666571205 128510.1065398699 -2403409.018659647 -530819.8305608217 2114904.518922554 -3906734.604077847 -977303.4560598211 1805556.7462006381 1519267.5053843763 -709135.9627963686 -262269.86770721566 3349261.4623892205 221653.2923247405 -2664640.0704582534 -1436896.0751866081 2433871.9936023494 602534.1284492795 -3331553.2971621896 1567096.6271815384 -382023.4335404595 2304676.4331947993 -4661537.015961815 77918.52260029191 445938.25653423415
-851712.8864247558 796710.6112223612 826573.8191415555 994321.4780815719 1921957.8656466438 470502.30334113847 -1579156.0302076617 -774123.2414378048 -731796.132280471 -152665.9368840181 881921.140320509 1182641.5079462323 2900906.282929851 512348.70158825157 2386135.6094277073 153872.60652450967 -154047.7310164583 1749794.7568643244 29864763.626212753 982860.0934297483 -841163.5202435339 -2973541.1831284105 -5119369.65588126 1092082.4500910447 1261989.214766766 -1570881.7039311456 2811777.6730241063 -2820579.327512698 1055137.4804380862 1363532.3305780124 -1392675.9246920065 -3223383.238324018 -2273704.772890374 50893.819138250794 -712026.4795630259 1441477.6088638993 -1019251.008747116 -1611946.5100515157 -1087311.3096544214 -1224221.1681229796 2966822.566465495 273670.8086273568 -228782.18262238975 2810098.543799584 444813.49575808534 2733548.7294623563 436902.62080332317 -2012853.067730259 383135.86521804036 1445667.1170713932 -1135614.874772465 326216.34372326377 22151.563546428777 2106898.6310359268 110924.80236413777 1991003.0725442145 -4292157.13992203 2214509.004938277 -1272990.3162848777 -2114834.1164155887 300665.34415565495 1362092.7331719322 -3350878.1093879044 1853143.3082600525 857001.8822955476 -965953.0976248392 -493773.4153046062 -228677.6974888884 3275844.180253204 -188553.3577223813 2556032.0057105026 783211.3878470574 -1818711.0517671974 -3198760.691853502 -2618109.3052068218 -2463990.101656724 1744600.2638717622 -2309420.3243418913 3639133.089998155 -1369482.1956951334 804379.6587529331 1300066.7995025932 1335605.7585850616 3932979.271130817 1263939.9441490043 -767322.9609955673 -2968647.7518597394 1803492.1030109625 -851020.183233146 367767.996448282 -3064958.742268872 3715709.7455177368 -314484.54300824885 -505536.609603797 305526.5254997481 -5978652.348409199 1562071.8184159813
3073896.8428194243 3871829.511088927 -2781658.9420108674 2608425.696366799 1970785.8366657689 -1391197.4315817705 2276250.6112927683 -240569.39409490707 3375486.327801188 -3186162.116551173 191090.7103557882 3146070.4932877067 2133444.745200042 194245.6807590179 1005126.8410914098 -1153749.9002843904 3493690.6959486683 -1232554.9817912718 982860.0934297483 31143334.27767354 -735834.981507845 282621.435752499 2108314.760989849 -173018.90823093633 -2961923.5199907096 1183910.4437643697 3115982.630442999 -537210.698353825 -3343867.9133720705 -3865794.5003980873 -1086832.867951398 -4800683.060939014 -1700246.7212507594 -953021.6571188946 -3794045.671490579 -2078236.5449940548 3627585.067958383 -3725732.393833867 1195717.992346767 -1558149.9440292043 1843029.8083390326 2702822.9650180256 -4041175.8738374854 -1255102.5537779913 4601063.40839509 3620169.1996998596 2128488.9879958807 -2811837.068123403 299765.2811027579 699199.3738808096 2874768.4502276443 1023746.7732268649 -2789068.413927386 -2356843.730911517 2297274.1529049296 -3177601.6543052513 2856597.1809734716 -992459.8879190568 1643427.3188875527 73365.21105055678 2221116.4927242105 -107007.63872011808 4368920.395244025 -830030.069969161 920244.9750579224 -1977748.436799924 59828.585411278444 -3043480.4393288703 409892.2180784649 -277173.5336277101 3345329.093699336 -1188303.630352317 -1493902.774534089 2810042.9956240696 -322434.9852959866 1551990.3709260852 721322.8120188784 -920202.4932535107 211874.2583588789 1855523.7862316428 3606181.3657107903 -788112.6224719717 -1308158.0694927152 -3326806.2980985786 -187951.4715085991 -3307610.303409204 658226.9112067319 -1950932.9760055116 -816033.1224554502 -975462.355721017 4953435.794016205 866306.3938869423 -1213617.3945795242 1386219.1521760987 -4562875.282487167 986649.6561007269 -452338.76767814637
-17556.905410211606 -4054703.2155897412 526456.9913135762 -401701.81962615513 14609.473694320268 -1061978.7121582865 1989934.052953385 -103999.97977457682 -9514.006141045717 49288.825896128175 -478496.930572119 594555.2778197468 -686378.4232341375 3317726.6058171857 -2621064.2336979476 3118171.947983128 -1076526.532561787 2283067.8520987285 -841163.5202435339 -735834.981507845 31563021.22496908 515863.66763773013 -1022797.1580217477 -2882924.5050991313 2703602.818618684 3222393.70404626 3067393.6304419604 -1487689.2144697604 1453498.1215694787 -97770.84733639476 1180045.3860439416 2451489.4074781546 -2800937.8752147057 -1173010.435063685 2327235.1434454606 1103197.376174668 1079683.8133993826 -1695307.4389648065 -163943.84243918952 -1073851.5604716663 219885.8219673399 903290.33152945 -2248746.4696509284 1037213.0728538579 -3622292.9701109687 1328004.8241425827 -1325383.2323039838 965177.4584633559 1429386.0553951212 -1552643.3623016952 2824897.9324569153 -6843869.29429402 225631.4515096103 1962569.4810049061 -699012.2634107142 417939.26748255873 -1865048.748207257 -3773046.649348163 -2004347.2482749699 -1104943.9985098285 106929.05334265562 -2566381.1426923727 -830425.156932061 1917959.712525185 -2143549.1783570163 2956688.134155193 -668979.4318096236 -1135236.4481389879 1170341.602550504 1094033.9160007492 191056.36045697497 -1437272.8947550505 4830998.662983374 -5715634.236046582 -5541758.833162063 1124917.0996227702 -154479.54865056992 1465355.7760494652 -2452880.7435882296 -1955883.0009639363 2931867.5781664792 -1724461.1271365092 1067770.0108478449 -132098.23750267856 -1649061.790627357 1658505.0925246757 1776691.8072700154 1412065.706762358 1149727.8439606174 1415762.7171201622 -3323389.5669882367 -3184583.1942213015 -1439625.235655895 -5529157.22015187 -3158391.873539178 -977915.3348125935 611820.7533689828
