46959125.889464654 -8580454.74196737 -13790414.647601113 -5266037.81017005 4961429.9947763765 -332317.6911825261 -10740762.79200214 5478038.42208255 23859972.82610229 16795307.50593041 -14148581.467536146 -40331091.40682056 871777.468141174 -10948526.11327973 22809397.23168521 4977043.906847291 5872090.008351567 12136150.712751018 1443091.4474635606 1626713.2089325648 314791.0979355148 -8406621.750608942 960030.613538622 -8259777.541202456 -24449326.165420175 25417008.341398317 -24101870.83127314 -1176623.2650953606 12769105.272735089 5800903.965610341 13699226.777537676 10562787.085478917 -7222007.973256579 -3247332.387070933 -4230234.159206094 -18632156.711285997 -54674.902991960626 -24105038.988643665 -5254263.992835967 28364576.50169337 10132156.495600577 13009996.044637885 13512410.207165653 -11232705.37738547 -8896453.821567971 -25042723.65550015 6872488.720695849 9996392.615743529 3699794.738898274 -22094064.02619763 -18880797.24296113 -16364814.088319777 -8508426.861085353 5845751.839990571 7397881.46597835 -9510982.702145565 9182447.434425643 9289496.129551439 3665941.5490768244 26961514.598073326 20432134.166892786 16753244.811256444 23550555.233819883 -5524215.365764807 4421220.172167907 2290502.358286306 9168742.35323067 -29542793.613815267 -15090400.026864737 -19046403.284445684 -7747435.284559782 419058.1617041315 -22214173.04610645 4065965.4788631434 2133897.135288361 18145452.84294477 31673319.776218567 10351303.315020356 -573180.7106743412 3806865.17775561 -4124817.1227192837 -904437.4694354162 8232316.285188034 -19396654.589840613 -34759105.11926023 25186227.66009324 7614289.453784415 20541089.01611107 -3300661.0071714446 -9727839.501928018 -4322614.387694904 4049387.24932206
-8580454.74196737 35346353.263680376 -9575267.244418383 3601714.357613179 -4753886.785263303 -7433494.240006224 -9041168.797316104 -1816744.9927212254 18893953.128672756 -7442922.346281414 -4405796.708515219 -4280393.721958579 -8391556.053475607 26778439.624682754 2996537.184924727 -1274811.4783758668 10414542.208528835 -19164992.998300243 -4348065.198714234 5516105.52026166 3340964.5214108443 3751876.5242397124 8471257.651360312 18022720.672747273 7175649.469843286 -9320970.595837226 -16556046.037910642 9693590.091980804 19716270.848417126 -693221.0439108197 -4743839.858076484 -2325475.11820663 1439057.7421477828 3747576.2368542445 10825091.663452882 -2612370.8789575794 3027905.247890449 3035176.923266106 16744291.572758775 -29934373.125003453 6485877.724224133 12638396.174477456 -4877409.449618098 5621491.85335508 6970204.683202202 24217898.41971216 5608830.88284906 -2965168.4716476584 -11104690.777112853 10967620.076353291 15919167.810704162 -884212.5389022256 2267573.1489491207 -13087730.096652586 -14534718.240439026 -186764.2905124456 -13076731.351920664 4577012.87106205 -4218291.509460031 2633131.640509684 -12292758.809280826 -1709877.6344192731 -7366832.44759733 17589289.10489669 8277802.447410053 10349631.127371902 5870207.894773549 -3390288.6038007545 -9549701.762106095 21237541.999413047 -7285459.190399872 973964.4171487509 22738258.135440942 31321963.959409565 18306027.56974643 -16714529.225738019 -14878197.992363425 -6702363.70676691 40466817.883389115 4643195.97537362 10878934.739873024 -14974158.125798857 -5097420.506445178 10224397.832951592 2566475.7314761546 -3590431.382950622 -20077051.050040446 -3304754.2333239326 8292118.322000329 -21622345.96534384 17291957.00508042 -22898931.086272445
-13790414.647601113 -9575267.244418383 41578608.24450932 13969316.098624693 -17398790.12337767 28355884.379216995 -4617652.679196538 -18519576.46461746 -19030866.690637257 -29053661.095186394 -7114787.511160241 4870572.204086085 13076457.712598855 -5883812.696287902 -3069029.8643616927 -6660819.534381247 6278395.067300325 1575489.0214248172 -10161763.781214831 -765716.6499052112 -3374418.0286167148 4719315.443251497 -3834857.780298145 -1622872.0134221795 -7469475.694868798 7772791.93054318 -5561892.088040571 -17479553.99396508 -17701175.825637173 -13632088.803502848 -2180452.3547856794 18567184.06032197 -808604.1169749988 10404833.151070481 1373512.1074120593 -11738508.586003857 -3313513.9599223295 -4468476.735955217 12249832.902168605 6216537.575823428 -8310671.558761865 1490527.473737811 -20353640.828518003 3845636.865016704 9011081.197137004 -5426163.72880217 -9988480.406302838 -23246845.18040668 14479254.523036543 13579333.409062987 -4823077.961152338 1365965.7922341314 -6623853.53900184 -14428586.184854815 -24893257.819810834 -9139260.318458484 -25423495.143605012 5588108.071515262 1828304.4068274063 -4911512.800833137 8654836.498101804 1356906.8097654805 -3420713.144571581 3415873.083008318 -9317965.900672128 -10777213.526527455 -2386189.429363837 27091762.246210616 -4718213.669296824 11076390.403884573 2697419.7119551236 -17003990.60662304 4276109.815660432 -18098204.416475914 -12152844.809184987 18356329.83828727 -24671930.314235456 -13926788.287518783 -19229329.056259077 -3311480.1704458045 24455308.291950017 17606494.221756954 13254649.701415505 -2884922.367849537 -2412346.41396655 -7067769.267522833 25234814.079534672 3812962.3209451768 -23929068.91539571 7895675.573563184 17240007.49508416 18697984.35886075
-5266037.81017005 3601714.357613179 13969316.098624693 28433353.40404463 -24540425.49842521 14419957.50136241 -20670761.851813704 -13289694.496683838 9052027.908258295 -13354702.925193856 -6466311.05384145 1046896.5779015347 10540011.048748882 7431288.882408326 -7379894.722669048 -11584347.687263142 -6559517.603774167 -13883812.043414772 1698024.7964621484 10166521.556224583 7298764.870776772 17980243.049370386 12827065.420788314 -3202087.0937603377 9672827.05006859 4064581.6155455154 -11215103.961274179 -4981195.603809535 -12604871.264720416 -7294775.252324586 13392542.649334298 7441936.800138966 -1764360.6023228785 -3442391.349015154 4750346.8574988 5162096.941561504 5741408.690817033 5677743.185051741 4003669.8381471997 -4128433.812998696 10539077.333927287 -6290903.3734596595 8047496.421617291 -3019085.9126466974 -3896091.9658239484 -11670505.936325278 3296937.1053711814 -8290728.268109898 11587710.271855932 -3786092.0641339687 3143839.792805411 5293806.505291394 8664522.107871534 -14184036.050023811 -972088.4385156424 -11184441.20896886 -10088129.51219585 -4107730.2937533343 -14725367.718958508 -6476416.305775377 5638699.673080683 -12103476.500721488 -6829561.513989191 16427180.853396198 -13781338.625936517 -6987278.165480784 -17446863.2810714 9369296.424350835 -466513.838251691 16394399.796403382 -2046836.145767001 2036962.2812956092 3973490.8079478056 -8054786.987543811 -2509876.388060762 5537526.874212871 -13559276.007665182 -21803172.375724133 3546645.5516252858 -11232492.555498132 14615315.000085948 -10519960.594965035 -5678516.208590246 1814813.2202901638 16600078.762397649 7993261.96377436 4706376.714757448 9694867.139160408 -17770140.43943036 843985.1551644951 7025911.474913028 -5939124.764176786
4961429.9947763765 -4753886.785263303 -17398790.12337767 -24540425.49842521 41069498.74042275 -7719612.7758625345 14714168.493260473 13481357.528418321 -13717449.334261576 10536904.129317567 18980275.27551417 3271037.987365027 -14802793.461266724 -6803380.924654044 20730.79679631134 1923507.8199737906 5300390.808655915 26152411.29973083 15928753.97462828 -25612524.597160626 -2721678.447263487 2091494.4815191794 -2600831.073703554 -2252547.8366564466 -10524429.44059683 -12108136.320384016 20097468.277750093 -2443240.7676061178 -256919.25496761035 -10327716.352459352 1672958.1798997219 -20781184.792453315 -5508150.941208118 -3408890.317592585 -20515395.47688055 -8986531.044777941 -13668579.891111044 -10885435.4476319 -13531365.947017087 2733807.7531055883 -1233657.9892083898 1233740.1429431608 10310621.401522214 -4074545.9082676335 6048623.249143834 15284101.074740088 -4448886.238289726 22037351.14949819 -3554825.158359774 5659121.910440112 14492282.774564903 5360018.838123425 -2050280.667794387 10258509.004313732 13364705.491946185 20603730.46098644 9056991.590678245 9858450.09283665 4175926.8492840948 -4926478.116285394 -15058491.259580458 20561866.19373935 20231148.130408593 -18304119.66206689 1384334.8316588397 13652629.001043191 8530663.708142528 -12998540.299907362 5979192.750274372 -5611926.833815937 -2465733.833503194 -3336815.077445869 76581.7976115628 -6329665.758913284 3197676.7057853886 -13694732.337350251 7623143.992121421 18971620.94366586 -10407141.114161577 -10697464.58820891 -22014266.305360287 -465927.60080581385 -5818700.922577268 15305211.367843185 -19422056.059595477 -15600393.081904879 -3204108.2915115817 -13281523.773563743 16092338.641005708 10592098.871216057 -9932491.961960435 16080612.428267276
-332317.6911825261 -7433494.240006224 28355884.379216995 14419957.50136241 -7719612.7758625345 39503165.81359153 -2882431.118087791 -13163864.625988694 -17658238.857699562 -14418706.804481016 5712776.394983447 1863574.8483962023 12194995.671284234 -7484814.652294785 10125762.328613656 -11166157.825857064 2469296.454972656 -5725708.712535093 621111.205694015 -17853642.86794087 3755360.8539531087 19963407.93145029 -3626478.8303270745 608560.610851886 -20126617.485051196 -4401296.537434393 -7596005.741224996 -17961893.71058223 -10668598.93380023 -15339168.133506486 13896367.817498814 12203770.458809623 -18655732.29542125 560099.9989516734 -14222076.208660102 -18689951.435043205 -5090532.341745934 -9498218.486039583 -2523826.7523365854 -831418.8583375385 15188685.158799043 -8897180.330473801 7681135.632883902 10333060.566560445 15550862.981082167 4115631.0911300606 -15560141.205562752 -4398077.086567936 22522663.761240724 12016044.122157654 6705405.770108223 -2838026.222149188 -7438418.334275721 -12608572.172513802 -16750522.795040088 -65553.967928466 -14374603.557076607 9009620.845762834 9395627.847738503 -4729568.191302613 -6486991.694778994 21054630.795343824 -5651426.010083228 19984856.829434145 -9521802.224084139 -4419007.479761461 -202367.10013592988 23064398.223447267 995320.0481567766 15742560.049077718 4112089.3074500775 -18401710.36397307 14067028.79933251 -16723729.053656762 -940258.9715766629 22838692.195103206 -3706236.4185174936 -13371166.493236125 -11183632.771391358 -3138166.562565862 29220180.459877055 4609060.34430361 3396255.752575028 9940609.712749956 -9290750.217104135 -2890680.5170240104 25141441.181241564 20162072.34184558 -25841968.450446587 17513843.053870834 20079907.584202826 13981530.040019406
-10740762.79200214 -9041168.797316104 -4617652.679196538 -20670761.851813704 14714168.493260473 -2882431.118087791 29586073.04107488 10345317.02733526 -26300632.00235057 15791259.803018358 18042692.830126736 20241580.91222029 1237355.5353771609 -12692931.322124895 1145440.8146201398 2725674.8083624216 -7219776.863825477 360799.08183055196 -780095.6542417923 -14882865.213647425 -9296709.670714764 -11396768.811119497 -21242305.29527845 4750875.045203013 -4746412.282367966 -18046447.70107499 23808693.110076882 3955627.9162749946 3282330.6150632612 11220180.24900594 -11204856.67332715 -8313046.532067188 -4525296.78918984 2248962.321550581 -3342251.3413807405 6267426.891061342 -1016341.8022338968 9340247.710327677 -12063798.312758211 -9750770.250598742 -5426793.528942381 -12421078.539191933 -3738007.836974922 12249944.408653915 7322194.639484354 18819439.454098802 -12612579.607090829 10188813.682841986 -1279832.0901910297 10010165.746733546 -172230.13346440563 505027.9774457713 -6548750.573195619 14239426.266921816 1627134.4392345548 13951978.438108753 15736545.728551118 -3989435.3572398094 20578107.843388237 -6845419.17621605 -11859308.94509947 8718502.627044003 -12101844.63270909 -4303983.152319438 9980614.525106138 25330.75641879753 14824846.671218885 14606874.817591337 12281338.524729596 -9735911.590253295 12224667.065095732 714317.5849945265 7814291.462021284 -1232236.5694391637 321185.6956331784 -3167920.986691821 13744630.14624996 17688135.35305855 -9353244.140534658 13119514.722122718 -5980212.927617229 16051748.014091862 1084726.639966057 6857733.365865802 868572.0904965278 -14393785.75086093 -593291.552055463 -7875868.2259376785 8553348.98407556 10649503.078807896 -4497839.987779724 -573606.1646371168
5478038.42208255 -1816744.9927212254 -18519576.46461746 -13289694.496683838 13481357.528418321 -13163864.625988694 10345317.02733526 11188125.266678294 248353.96234647292 16806823.161749758 7167194.819003575 1579917.4051976944 -5829637.95686812 -3454897.2348697325 2075303.2317615065 4915739.656213507 -3794366.3647739324 3545299.2330885646 4320267.885448571 -4146702.224092322 -1378163.8152572901 -6471378.5860996675 -4355975.655718746 -109342.76197451299 197572.79710836228 -5626531.96652072 9421378.72134636 7303471.633911563 7268027.714253596 8194076.665200265 -2219806.403987807 -9741495.24706764 -277124.5898513262 -3838025.1260227673 -3083739.729042825 5246132.429927768 -57370.16842231048 2093390.7528988097 -9222650.800754772 -228239.9992732773 341830.5649044495 -3013110.7734265467 7124316.679879519 159734.09927287325 -2647161.5504819113 4260017.936357095 1013712.4908201136 12511898.748588085 -6545935.859174916 -4516682.500555307 -34909.46932816186 -1057386.1706810864 253504.74276543022 11445589.315346807 12081783.404181926 7588935.769795237 15509497.144406036 -2756235.31471825 4909649.096248292 1444809.6666869968 -5005293.50734172 2741138.4444540413 1327524.8735199517 -6311014.872578202 6308453.172891222 4319528.286552752 4994654.8077959865 -9715329.967397967 4983161.524350317 -10519029.1209238 1842328.0475157867 6530223.093356699 -3489314.5848806263 4828147.264394843 3364384.368548076 -7005103.140464813 15512108.624022523 12130395.45858455 1436250.494466882 4331581.245486604 -14137882.657874223 -1675767.7072263933 -3936618.1152292914 1024928.4032773407 -1463245.9866560854 -226442.58410072327 -8838531.856201246 -3853851.7978070197 12712963.540675879 793033.0504156554 -10566911.726509294 -4214939.91041737
23859972.82610229 18893953.128672756 -19030866.690637257 9052027.908258295 -13717449.334261576 -17658238.857699562 -26300632.00235057 248353.96234647292 46329727.588261805 376073.2821485869 -25722691.593096375 -32870558.996488076 -11350090.258213881 19334602.566811938 11445516.960692918 12121823.211058464 10941867.21970357 -9089038.956624946 -6519110.396265638 25405016.773653813 12477018.929745657 -3311322.3978669974 20481903.012126494 1090184.779508877 6207632.405875436 21267111.172437184 -33428360.9172185 10618570.567355648 21103351.365876045 5672571.418834881 2285465.174586122 8092534.122769407 9581509.782060819 -4698330.911570573 9111342.675868155 -3412008.1006155396 5866715.5417794455 -9464482.22828855 14489565.166502094 10606454.258577108 5965490.561272283 20149257.392389953 4227740.359420879 -8804392.988453716 -11637230.80941229 -17610266.980477206 20799573.619884003 -8233648.509443116 -15970532.750699354 -19346319.149496496 -6979450.986341295 -12925790.076798365 4464804.922349175 -4641848.2450869 1111263.4622088012 -14870967.978663888 -4062889.9269441688 186656.26351524197 -14387387.579139842 22013538.607795697 9970559.452965753 -10927751.48063059 7653334.586713633 5054180.277370273 5396279.950615542 4679749.484330086 -7639410.209076792 -35086742.46558316 -16330698.60956197 -3835357.733927312 -13658320.496481424 5433546.728846137 -13946906.740080971 26002424.179229315 9184413.823686246 394975.73679639184 5109799.560742231 -10030833.014815792 29715828.176180694 5397364.050170832 -967080.3665824702 -24426865.865751572 -120123.10062832838 -17812059.07101158 -2347279.0433959314 26576073.26100197 -15347810.691801805 12355498.301923918 8623364.310824437 -23966281.623191066 -1316530.9425287598 -14324491.561058449
16795307.50593041 -7442922.346281414 -29053661.095186394 -13354702.925193856 10536904.129317567 -14418706.804481016 15791259.803018358 16806823.161749758 376073.2821485869 39136608.90826285 13494814.606872013 935938.9292920391 8089626.877581204 -14041124.353739696 2858414.3769808006 -5554529.163736791 -20280671.310492955 -2157436.967745274 9921075.944649547 -5416740.934957779 -10183317.171361698 -11194064.358703697 -14907399.237813352 -1929556.6338969804 -3400488.8192768744 -7268411.67677966 13481789.019641478 12805707.17575413 7371478.547159708 22667573.838342316 7287058.14426737 -11570593.437352896 -8389984.638193665 -5599826.8856669 4937137.785058722 14569676.091596948 8630700.425838703 9655244.347269235 -22932326.343962174 -6701709.636769158 9390514.551242154 -14014340.468571598 19491143.67878464 -2281517.3936060527 -10480429.825067148 -150676.4382205648 -928923.8903175199 29803640.54591952 3765969.146913064 -13858658.822388181 -8938634.005765008 531370.3503978249 386665.79014684923 18262327.282840025 25506185.586660508 5681780.579702492 34936071.65656631 -7895275.001480424 10209888.512480816 2724513.540512167 5382135.077985957 3615688.094522637 -1105071.8776579287 -2070946.393589055 7848402.523451166 756796.7774378682 12818509.997602511 -5389189.168697246 7585788.404918113 -16083471.320958976 6910359.676729811 21160449.339913435 -3312753.810878564 3693157.9867736856 4747964.525481874 -6725110.114877624 36996315.7186588 23351168.31068973 1641897.253954289 6161840.082926335 -18620262.029470794 5919612.577997643 -7186816.987824818 -11635.663126355836 -3636871.000068463 5677863.092191918 -10643764.766554372 -68340.41206900775 7714545.576813655 -2772910.3450776106 -15390575.859327959 -20229782.02897023
-14148581.467536146 -4405796.708515219 -7114787.511160241 -6466311.05384145 18980275.27551417 5712776.394983447 18042692.830126736 7167194.819003575 -25722691.593096375 13494814.606872013 29189535.084730722 26598863.48794288 4031099.187908723 -7802456.594101354 -9536890.189362286 -13818179.077191427 -14876292.40291916 1112675.9064814928 16688712.981970057 -24307174.639599927 -5142409.773692853 12156967.419432236 -9537307.71143405 1417314.018324072 278113.6651375866 -27442687.795665473 28611909.683030836 -758626.5896278752 -10580972.030238228 -2802291.533452125 8023250.832617229 -19682193.528876018 -12948802.169519955 -4795649.834116272 -10788295.750352034 9147046.81076397 -2725507.592288948 11611054.015796784 -20492877.616511498 -21175510.344730206 9257656.284943102 -21448996.22184824 17447901.940131065 5289617.358840434 6612590.536587352 21858444.887847584 -12317516.437818421 23985482.9684441 10868956.848116312 10388881.235796658 17553881.703726467 13764588.355041817 3720215.1895370646 5664468.014242881 14363323.848369835 18432212.914666176 15007395.993252682 -2119569.782374167 6254647.5019684 -20528539.077525187 -18015914.68608022 10121106.388655433 -5834765.246039472 3610911.6349434727 -4480850.185122127 3872027.672713691 3319580.9162281477 17225686.353102352 17466762.89322014 8307977.457416681 8373231.055220803 5589841.52792181 17633340.6435787 -12605554.425501352 3030606.794191218 -13021476.339364443 5685388.282114251 9554429.153058063 -7819802.363205339 -9672518.06829162 -7722971.916448744 2688960.5481236144 -13731434.272670316 25276995.12523041 6717495.603862969 -18938809.27907053 -2377354.2123296387 -9190753.311800573 1228491.4474473645 16966116.04157954 -3713285.9960499494 -2784398.384085146
-40331091.40682056 -4280393.721958579 4870572.204086085 1046896.5779015347 3271037.987365027 1863574.8483962023 20241580.91222029 1579917.4051976944 -32870558.996488076 935938.9292920391 26598863.48794288 46599662.63019451 4299208.184203006 -1882722.264191099 -22614576.12503726 -9379920.669524016 -18482466.911641028 -9309539.977767555 7788121.1374281775 -11467649.94852921 -2503231.6269301735 10558318.028237939 -8021236.926768 2679879.3422927507 20376963.024215758 -31972583.320660684 37262092.90852603 1682619.215923554 -17696525.539127044 -415691.5015332348 -5230172.825191836 -17823435.93633159 -987610.1500681235 -2964183.2487622136 -2763426.971011888 24701877.44856394 1025745.5540223223 27692536.155717485 -12601237.402464729 -26320496.77324029 -2674717.888761028 -27240345.62570981 2821060.643079789 11165637.603850974 5962500.411713781 22704632.685119588 -11561890.464068606 6427807.663512549 4062467.9956135894 15947148.886612436 17470060.209126983 18622217.138668444 9382070.065016942 4125035.2252796195 8727585.466498531 15834379.235198451 9109940.408260608 -13376629.77501371 1901194.7761612611 -31214233.627496094 -21879495.365763206 -10942322.575936947 -24078707.927922387 4451387.86599828 -6333495.78529921 -3605072.000037904 -8230037.147265234 31239643.270213418 24866681.65297812 11152032.125521313 13579203.84680004 6099971.435569665 19340061.734785892 -14752025.387986299 -3722461.733009081 -16347924.240568833 -12468523.416106971 -1731664.6996013895 -10617315.34750704 -5598258.752391304 -4440640.07932981 3373837.670316458 -13850337.119591122 23386840.760853004 35060292.686117165 -24380229.47503967 -5294238.618330256 -17431284.42795499 2558472.5007482534 20913662.681279864 -5598530.800658467 -4527944.601255218
871777.468141174 -8391556.053475607 13076457.712598855 10540011.048748882 -14802793.461266724 12194995.671284234 1237355.5353771609 -5829637.95686812 -11350090.258213881 8089626.877581204 4031099.187908723 4299208.184203006 29369249.092358105 -14518360.020853695 -9868568.473581318 -25058225.952343043 -19516087.12545543 -3706105.8875542125 3651778.5942476257 51080.07669559653 -19357810.068831507 -4018557.12180521 -15168821.874822523 -2651758.768370421 -4159377.495012298 2716978.87348376 4113633.1361824125 -2961158.010956402 -15664517.46415943 8685251.611754693 11407052.71296691 6227460.280458811 -8225258.091529824 7922022.463958664 19098307.634422816 8589965.866923627 10671369.441986201 10651535.26182896 -7206919.688150986 -12190595.47835599 2875451.6971284873 -10749458.891001185 -1361498.145772353 -6675744.043081158 -7591202.115903663 -7353161.617157226 -6715359.143543037 9886001.241247784 24116643.747153696 -1587512.849860234 -12840536.251395164 10365956.49044015 -1051169.3718692502 -4087303.229124405 2944320.7170586237 -9813560.435244152 6360554.33907497 -2376142.6032032343 1448368.0028851852 -5275885.854286887 24621413.135550175 -3594731.259608516 -620508.5927128615 4051167.5225894125 -6276602.581372844 -10788062.554362271 9904068.830174923 25831888.50113505 -2320023.8718876364 5747473.460154233 5904667.712297387 13881038.712315697 6329070.043950297 -12724714.404775592 -6463098.632423886 2248321.8179780287 2758315.231262761 7878755.798680043 -9393038.03586662 -7452171.397052282 5836454.475213763 24451941.429985344 2765079.6427847934 -33552.36474780313 -4084808.022040275 -2007467.6614831395 9617538.727655878 -2672791.713961842 -22251300.568960994 -7072496.165539523 5690046.842275107 -13801776.491204435
-10948526.11327973 26778439.624682754 -5883812.696287902 7431288.882408326 -6803380.924654044 -7484814.652294785 -12692931.322124895 -3454897.2348697325 19334602.566811938 -14041124.353739696 -7802456.594101354 -1882722.264191099 -14518360.020853695 26179640.744571697 1144089.5334152174 7189753.1545287445 12262265.90846472 -15477628.587139994 -5307299.168328243 9786676.44107556 12469358.779788006 8193459.775251851 16179309.375445431 11218961.250891814 13010326.508661097 -5219357.318883714 -14413547.107254837 6587870.359875328 13967574.691855896 -5534847.308945616 -6191016.765541993 -1468836.859441655 6753603.770751307 -1474916.9280828584 2437686.652323278 -778841.2293301198 -26841.612706366395 1625386.7988412061 16496512.124248471 -14836916.447707769 3160738.9745147834 10546378.097867606 -3175924.645587266 5256665.236057685 5234245.089292401 13629320.806166332 8370660.064225768 -11573300.481122242 -15291172.262324583 6416219.5367595805 15389763.420009186 -2391472.055627492 5630296.486133671 -10830892.26213811 -11018363.814024154 -458117.4160323183 -14800879.365785131 704922.9905783274 -9278771.628937049 776733.5609219809 -15527607.860846518 -7688797.954650072 -8278708.963140276 13097970.371841444 3424770.917607444 7644079.902023567 -7698665.737918658 -9068112.124324292 -4621937.931659902 15549160.86663994 -7327116.716935208 -3796850.9865639256 11807896.447576368 22464986.46729899 11935345.177625744 -10845186.654730815 -17756908.308767978 -15475066.165702062 29893231.823138583 2959628.2998263096 8150285.348440087 -22505524.837916214 -5784274.151316425 5607726.523474084 12636513.13431293 629895.4847440316 -16181511.565088939 -160908.8881981269 9887527.969455374 -10847184.342792388 9508159.506298082 -10770376.640370326
22809397.23168521 2996537.184924727 -3069029.8643616927 -7379894.722669048 20730.79679631134 10125762.328613656 1145440.8146201398 2075303.2317615065 11445516.960692918 2858414.3769808006 -9536890.189362286 -22614576.12503726 -9868568.473581318 1144089.5334152174 32889430.78590772 18401979.428662922 17102669.049260825 -9096152.74586458 -12252102.504884237 -4190414.954637063 11904682.844025383 -2739457.976181055 -1874395.1099783198 6664129.171532289 -23021996.045252386 5999763.850684988 -24281757.589810517 -835841.0136109224 25877955.573522598 3354655.5216163066 -2518411.806335922 14132391.52784407 -8715140.944251494 -2827837.8486432806 -13404449.378517669 -23397016.846746087 -3943854.0285372413 -19205839.763204176 4336022.239897878 13288208.217084106 11173481.305394005 9220268.250031244 4233632.42614677 14668772.37868032 11837693.145497618 2356477.291417344 -2976632.5621024934 -7405034.3848682 -7014447.5022380715 -1214372.596965928 -4542838.398697018 -25293042.720462836 -13597493.324678725 2253763.3345958623 -16703724.49067305 -380633.80616488546 -3091346.041848303 7875852.448196201 19037624.059320234 21713646.732968114 -10692865.872954568 22678579.64250293 -5088464.079430975 13869506.369363463 13353010.9480959 4221921.1870110305 9166054.401763102 -14558844.569114948 -7368121.650288454 -9111393.566971326 -614127.4697124023 -17921360.728495304 -2053506.5019181946 17163291.946350656 10482628.205853581 23802890.71962871 21820015.42204023 -2863790.175262296 12153079.798465634 24368395.98349314 17931186.723889787 -8462634.005722065 9318589.667387832 -10106041.278818792 -18967251.48870501 15481218.64898351 6746178.542241999 27954035.930318434 2044343.2139099909 1681317.1878451318 10495805.843178675 5616135.983055314
4977043.906847291 -1274811.4783758668 -6660819.534381247 -11584347.687263142 1923507.8199737906 -11166157.825857064 2725674.8083624216 4915739.656213507 12121823.211058464 -5554529.163736791 -13818179.077191427 -9379920.669524016 -25058225.952343043 7189753.1545287445 18401979.428662922 34512859.312652566 19398822.845311295 -1790258.769798407 -16057079.496228153 9700168.463555709 19219555.27017041 -8335200.027465189 7890025.356854114 951203.950934056 588806.5298612613 7333700.856043671 -10373671.2205181 4121397.84922941 20755075.59551683 2659851.6126385587 -18946260.974543188 6690149.689762047 11511491.72768223 -6019367.348400763 -14308638.96904262 -8216854.275899456 -6457442.250023953 -10665695.186708778 9659159.558722584 25310718.190827426 -8065305.711547772 10835279.872020176 -7359056.156281205 11820344.634841383 5307029.742598253 -4457236.256899009 6085375.175477386 -21202853.228103466 -26453351.638582166 -4252407.025803105 -4160138.7708692765 -21051541.715623897 -4860303.937962747 9609586.22480647 -9255668.600797864 2117840.2996539683 -3455188.3797281724 -2530271.732989186 7743441.202453682 14844748.7426936 -16146652.217862632 95849.51724225203 -8032540.091332256 -4067723.5354999206 12222083.468611369 2839513.3507012753 -7732940.272230731 -24463161.377930623 760036.4186611666 -19512712.63593533 -1054441.0339369357 -16402639.653858796 -16862695.83350661 14133491.473006045 1433446.7990866527 13441853.855225015 7645038.787327258 -8018146.478489797 3473975.2559920484 23383367.195842363 284468.5556582287 -16313505.246531073 7131073.120953112 -16457653.30325781 5222945.52347383 12355484.090315048 -2698513.3413447845 12374806.41036361 19355451.30391829 7338006.867806614 -7219299.7749542575 15097424.827363444
5872090.008351567 10414542.208528835 6278395.067300325 -6559517.603774167 5300390.808655915 2469296.454972656 -7219776.863825477 -3794366.3647739324 10941867.21970357 -20280671.310492955 -14876292.40291916 -18482466.911641028 -19516087.12545543 12262265.90846472 17102669.049260825 19398822.845311295 28335050.82923978 5070013.974811911 -12191229.496305104 817596.9859707888 11668519.773315446 -1142925.9499192962 9728689.79471566 5926410.8959610555 -10714633.958546966 9522125.888933111 -20947031.20897112 -4930794.333295589 16217470.56073514 -12229757.329171773 -11220177.128182087 9837987.48815201 5061725.724947934 3011504.822168511 -11094354.719353348 -24566306.386194594 -10723803.667451045 -21190054.613945015 19052639.853494022 14057174.820367502 -5407468.753302877 22549692.63519401 -13634611.863420483 5830311.990904749 12045595.174307736 4468212.841381234 2979154.3757959725 -19925856.00666415 -15281406.509127745 7449519.659607447 4125197.3395647937 -15139114.54140428 -8530166.802818162 -6575763.5284218425 -23042570.039666887 -410903.5340217123 -22611803.865508407 12487708.630408304 3101486.8189198845 14512275.741206208 -10254223.785841826 11821521.910189422 6825435.845768028 -1016489.0478960766 7284449.863453017 7699663.334920501 1478036.1308306681 -16907240.29799205 -12133557.33784444 53907.981316367965 -8640857.810295476 -22381576.761331942 -2936576.3213047856 14290799.853230774 5175920.459821991 9425564.501814933 -10642785.799855495 -8621214.597038504 9496874.681398403 9706821.539952239 11234390.4289956 -9737852.39597701 10413972.769136919 -6784677.161956365 -15823854.539105725 2943246.941276214 3429359.7278687744 7950601.4868134605 7492890.594905457 -3262274.768253498 11249215.934906589 17445407.099568132
12136150.712751018 -19164992.998300243 1575489.0214248172 -13883812.043414772 26152411.29973083 -5725708.712535093 360799.08183055196 3545299.2330885646 -9089038.956624946 -2157436.967745274 1112675.9064814928 -9309539.977767555 -3706105.8875542125 -15477628.587139994 -9096152.74586458 -1790258.769798407 5070013.974811911 40645012.69329809 11314980.081308043 -9347686.34881867 -9420543.364361426 -6049297.434163561 774291.4237539321 -15062700.930632127 -9020154.435783887 14416835.005168868 12193835.041941317 -10458867.84673174 -17043715.425877966 -13208398.155683666 3210148.892723786 -6873645.601885924 4753159.226594866 3220761.570101908 -8829429.42096056 -9560497.403299676 -11383132.921536803 -16175038.496655935 -5381377.355233724 26256846.894134276 -15280542.068814637 10211358.131553514 -4818735.827672155 -20289088.723859366 -6933047.946509838 -15740116.164329812 2098412.7216841215 7993180.360810364 3549276.0772786257 -5070937.7165449625 -5618638.776081185 8159066.457247013 -1718246.408785677 5563789.97537235 12230320.626805315 3192740.40528413 -737388.8431477222 10168717.435484912 -8392458.97545487 563824.6522880311 15910133.548632355 6716214.166276981 35455609.8984177 -34373115.38566736 -8029641.021462922 2888888.597899386 1937449.3049513442 -13356348.39431813 -4440493.965008579 -12775847.529203262 -6853184.744548528 -1509635.5735267566 -20849063.256160975 -22333704.383201033 -13483720.629924016 -3971352.4625847186 -3928788.033380005 15510218.136989528 -30553289.76127596 -21034718.23707684 -23966120.606966164 13510716.61188765 5632707.663259747 -3872598.949894831 -24963022.076369118 -7177473.883342077 10631571.296806926 -16403679.762775091 2267272.729069692 3975478.8491045795 -13803246.577437017 27822300.979558326
1443091.4474635606 -4348065.198714234 -10161763.781214831 1698024.7964621484 15928753.97462828 621111.205694015 -780095.6542417923 4320267.885448571 -6519110.396265638 9921075.944649547 16688712.981970057 7788121.1374281775 3651778.5942476257 -5307299.168328243 -12252102.504884237 -16057079.496228153 -12191229.496305104 11314980.081308043 20822628.009888817 -14013988.830439655 -3471487.2041568384 13771078.536803694 3152120.2328214315 -6721427.3280589515 1722368.9010936476 -9518648.146258177 16009326.772638218 -2568707.851033982 -14851268.996281568 -7933372.599483001 17014080.175599225 -16798156.52409307 -8101824.877478062 -6152753.538060546 -7384801.1544624055 5980871.507155547 -2313777.1639176016 2701609.2916316814 -16519781.900722118 -6867287.092664975 9240027.877913307 -10918140.922270162 20823122.69601624 -10485142.910028776 -4450518.672548596 1680133.127292286 -1187716.3440905707 23436045.509657305 11832902.676398784 -2779891.135809356 11777312.219051372 14883614.323904509 8093577.423423456 1200386.0419830356 21740060.840640806 8640648.210409978 10874852.91108342 1133484.3527928272 -9434337.311211074 -13031176.372967437 -1517465.3900691574 4029348.5303184805 12583156.702816145 -4407199.319350767 -11254002.523407338 4236474.294526082 -4126078.2009751573 70072.38530127438 7661746.228556388 6653038.753963084 -1350867.23021787 10159361.151221052 3395921.6248287237 -15303700.878064003 -352878.9846633602 -13235116.654489849 2603080.25948288 6193711.655355814 -8149401.330289573 -22291021.831977464 -14741362.369453019 -3603908.817455412 -13378227.18844362 16356904.775590548 -1173559.378795147 -7559479.151655101 -2310892.3180229827 -8405589.11416227 -1787257.4925313273 7332885.884543992 -8356132.97013741 -126008.52085812436
1626713.2089325648 5516105.52026166 -765716.6499052112 10166521.556224583 -25612524.597160626 -17853642.86794087 -14882865.213647425 -4146702.224092322 25405016.773653813 -5416740.934957779 -24307174.639599927 -11467649.94852921 51080.07669559653 9786676.44107556 -4190414.954637063 9700168.463555709 817596.9859707888 -9347686.34881867 -14013988.830439655 32779669.364601165 2528367.1534630135 -14086035.001770664 8918677.615074981 -2032671.586436813 17851189.081098847 20209731.417536914 -16072002.763728065 9390880.322504086 5781091.918131563 12328896.307095025 -10121083.99774718 11858590.196249362 18592459.18402556 2444596.387463114 21086619.171574008 12094560.789202103 10328044.683258895 6503904.177953164 15771978.842668489 9917381.415889021 -11625427.46178439 11059330.24777309 -15464310.757835925 -6804539.829025011 -14924303.644581126 -21745829.481274504 15685173.85001575 -19703015.494925227 -13104354.261183249 -14182157.462421019 -17654360.617348205 -5022923.552306379 5072316.404795101 -1392751.2390999815 -2077086.6330925557 -18307284.770450894 -3825229.9972256008 -9864649.67704231 -12204494.665034443 11002156.669335304 18953250.28275799 -27797316.29623277 -4509720.787036237 -3730479.6241614847 3141551.475149838 -7448544.806864894 -9387954.887474885 -11532218.963549627 -9157378.925584447 -8375114.234320814 -4235582.758499997 9017166.27482037 -16306524.266946906 12647356.908609059 -4733185.907364365 766115.2127373357 -6624500.920473277 -8831874.530691905 10422870.338777613 7942537.779110868 -1720349.3965876165 -3982166.5635913047 5886410.646705103 -23037424.674172606 15006092.14718793 17022890.35032994 -8936914.569600195 -537969.525206784 3295835.043457139 -18671513.952945124 -5597067.924782601 -11766563.560176073
314791.0979355148 3340964.5214108443 -3374418.0286167148 7298764.870776772 -2721678.447263487 3755360.8539531087 -9296709.670714764 -1378163.8152572901 12477018.929745657 -10183317.171361698 -5142409.773692853 -2503231.6269301735 -19357810.068831507 12469358.779788006 11904682.844025383 19219555.27017041 11668519.773315446 -9420543.364361426 -3471487.2041568384 2528367.1534630135 25802829.74938943 16288478.940215418 18222032.225561406 -544446.6491452634 4376382.291419275 -1997297.1998638944 -10382135.222111752 -1289575.1028678752 8835639.905328305 -9308833.942175973 -375296.2220857323 1348493.2046191501 1374432.806969119 -13016611.411704035 -20975228.104658566 -6115644.3846637625 -6148538.155472199 -7112544.081883937 3157589.658978018 13194980.70956872 9306020.026311707 -507879.77842391894 12938600.03997598 10316153.28542662 7035547.219796388 -1803346.6057605569 4318882.168201642 -13071600.381859973 -12761777.066539008 -2864084.223796206 11475375.97302929 -11757705.71160418 3708418.78153371 -799398.6898062107 -2508547.185877473 3810431.265928938 -6342190.460691765 -2315073.7577856346 -2841440.070742478 2502241.5054248245 -23496621.185544323 1436058.2042702723 -10040559.322526757 11716038.282148195 -1339997.7906896786 3602028.9486172595 -20085852.492291395 -16526048.06503119 6210844.348815606 -193496.4666212712 -2496588.9920640853 -14596043.341214878 -4739846.929846796 4159692.5561499214 4571184.854016678 10875498.62085141 671898.3687014239 -21442743.383208137 6869775.351557218 6721070.486954227 7806406.248403728 -29811121.900184967 -5749904.181765313 -267750.1978124077 14849249.319214074 11094776.201442486 -1153844.0379681108 18362230.387970474 7438959.23968823 15334458.892972248 -1922310.4420049654 11147945.157703659
-8406621.750608942 3751876.5242397124 4719315.443251497 17980243.049370386 2091494.4815191794 19963407.93145029 -11396768.811119497 -6471378.5860996675 -3311322.3978669974 -11194064.358703697 12156967.419432236 10558318.028237939 -4018557.12180521 8193459.775251851 -2739457.976181055 -8335200.027465189 -1142925.9499192962 -6049297.434163561 13771078.536803694 -14086035.001770664 16288478.940215418 33849363.597539134 16037102.914766388 -1672417.9838543274 2522616.796797629 -14762890.50938024 1794130.9452366862 -9369046.833950287 -11576200.972551407 -20964519.16771224 18030005.88104047 -8050322.7194593465 -11675418.103127722 -11756599.407541757 -21006620.51805705 -3733698.191616203 -6387129.907858242 -1335695.872921652 -7154749.823982992 -7462631.982773721 19988033.891297244 -12702469.158773554 25261398.15578794 3979543.646029287 8960461.153403552 7623845.63249654 -3891290.9861677433 4743446.777005906 10006094.51910399 5674660.920122494 25182293.39241938 6764743.6583752865 8791207.766978178 -10587357.117616896 4640576.539164631 8404257.284935141 -7296894.675388621 2148645.3084819936 -9643142.291525703 -15314606.54400499 -22095581.59788219 7534685.278104498 -3840188.049411905 17925156.722844284 -15338039.270958249 4073049.8901547934 -19096199.967219476 4550774.583447491 10365796.957901213 21043344.8558029 -1724237.881255631 -8208275.082183172 13204929.334479246 -13003241.871322742 4317926.356813504 643382.1568039145 -9666114.34084631 -20265762.688613832 739632.1512362686 -16880974.505975123 9931885.147165641 -23346503.800291248 -15513313.813216878 21610591.436010603 12555153.046212701 -3595502.2515601628 4002630.050692384 10330958.738219963 -8468639.106701745 19843338.2673425 5367157.955274438 7370771.007164873
