35143670.73882615 2899015.555188239 -1310994.0778583027 -63468.76715808401 417724.6573023751 2343881.997717136 1735771.9182820169 -432037.7956645329 -1105136.6609723135 2769810.746690604 1084822.1521029184 -218642.0771465634 -4439123.12704398 1549484.5890414305 -830001.9324092004 787630.947264802 1635953.9057437822 196740.8536669721 2166529.9822586295 -1528429.8592521772 -373286.76131698233 1141397.1817989922 -131462.28343870043 -1061020.6086334104 1463603.5692682932 -444676.60090601287 565492.4507751097 -1195526.7775625244 4069090.6993642985 -561895.2911862247 1139628.9760458686 1641274.2581039479 4091357.7849119543 -915911.4990635271 1574662.5592651907 1750775.9329225975 2325831.4505364737 1114784.918110563 396939.4688928482 -831757.7685698961 -633809.0037409266 252404.9649394588 -4778340.081428853 -2766101.6047393004 -2181854.88640132 -1155133.2236931273 3587952.816173891 -1077276.5443589438 -3748433.8427653452 834538.0317477474 -1223156.7094684844 -498038.4020190032 1892771.8433880422 987280.0233868129 1801103.824441465 -851625.266373601 -48093.780938082404 -94146.47599637194 -4852797.913133597 -2751956.329907915 1289617.4124974257 -1017343.2878786497 420821.6867155286 165905.8181387825 -1513310.3673604352 431788.33265634684 208211.78804664823 1758146.7919820338 710201.5840840543 1388565.863402167 -2987929.921655933 -869799.0720928386 -1764480.2929952363 -310785.9045517602 -1826782.0348854333 -250834.75028437085 -913728.6327965208 3820661.2061714227 -641726.3828510075 -1830902.4631418877
2899015.555188239 37124380.08574145 676041.4574377224 -1921522.0773626978 1487149.1482728424 -1006871.1150423462 -1205238.0845383722 489505.4354601992 -549257.0256346004 -1680148.3585582 565856.0954647715 2686337.708552442 -1125790.1560754813 1484205.6727397025 1450531.8836312634 -550363.558678997 1795351.181468273 2070519.091477257 -1570667.56301475 -5764560.012496703 3974084.1800241373 160970.934639316 1371316.1621369678 -2217910.0740811084 1500609.8315300923 -1934226.0355405333 1072701.4597268105 1450274.030126121 2664369.370858926 -3029280.7237013346 418260.6083928144 -2235814.7196228276 -1373314.915163692 2291138.117209886 -1104320.1165171885 -1389327.3377440742 251307.11525729246 -2009136.5821914324 -43304.10021035458 -1117546.7014737157 -473084.8574184418 -1410482.6452880132 -2006729.908351613 104120.11872361018 -3758352.8599868654 -1157777.091723838 973016.4382282987 -1768013.5958418096 -1306885.1665695752 1800798.1879865935 -1383269.5783431984 3066793.04034609 -3107891.01153672 -1831528.6364288025 1164692.4872991692 832056.7249135002 -1883013.0170080145 -1514560.2951183745 -1876739.3596210405 -402871.7023314253 3158169.800576377 -838896.4505183682 1362.0852953082087 -1504113.3205198618 1313291.815219825 -2277063.986734176 -1837896.956223825 2163890.7465627883 -2309493.377674271 1911148.5539595522 -317645.5782256663 178163.47698182525 -1461602.2980408561 2637.1021836285945 115139.19086416735 -1621368.3657918076 29624.211958331485 -455878.57214156067 4318035.530424007 -965331.3419263355
-1310994.0778583027 676041.4574377224 33833182.53651418 -2007409.730980959 -3172523.881706428 636521.0433001831 -102469.3928730499 680906.9574344531 1442769.9895390605 617805.5274675966 3246479.3444225304 -2660012.4668949745 -2483887.6280674334 -354647.13111223653 -2444040.431504948 114349.59198738828 -176289.92594588187 -2437170.2873100657 -2349110.3780301167 -3569429.114559544 78205.26001372066 -2284315.009313657 -1009250.9533351345 545453.8087194352 -95204.95577293131 2763603.9750954094 2395593.5530420654 -1821054.5081782304 -497766.03627414553 -1316084.326451769 -125200.27421522197 175133.51488697174 463182.9746501271 -101697.15129054704 -985912.1895702708 1238934.1671912952 1447114.5724122021 -2234403.3614062453 1827826.949918407 2796226.862006988 -1835271.8805671819 2342533.571702537 -2432698.6186580653 518214.54969710426 -94755.62428203366 1786016.498328157 1366779.7601563423 2505304.6195691647 486120.02227539 3618678.9338268456 -2447165.9797599176 -911105.9654647915 2158033.344458169 -1610464.564750227 2256271.2027551155 -319231.54188076133 -2768997.0245534023 -245132.95406067892 -2291596.3059041845 -2412804.318343554 -2765637.9858523766 4169476.9615835226 -3517392.519641505 -2080044.0721235042 405918.33627220464 -603456.1854778822 -1138661.0907453806 -1709988.2748469925 979415.9915516292 1455809.0687631792 259033.15695262476 -4204144.857974726 876902.9660523761 4443429.6100024255 179811.0542761156 -486393.5284298482 -1172730.0556439704 -432126.67524741055 342425.562350862 -791599.6959749913
-63468.76715808401 -1921522.0773626978 -2007409.730980959 33595647.526922196 -30479.167767160507 2490116.7285727873 -2303946.5202034498 606719.8789684132 3472934.582286596 -1614638.785337362 -546318.3050149117 -1527460.561478159 1193326.6891316115 -470401.9548272356 1852560.890438966 3671211.565448624 -537869.3004892067 2442115.326224346 353582.6692131303 -279663.394052378 767091.7513315831 3674076.4705819706 2323692.982235778 2279253.7037822944 -2608709.4985910933 1512802.2810910896 -921672.0567078982 54345.68558086472 -581355.6637061763 -1952956.2569117097 -4395959.474958318 -2350491.5155490283 1661924.0943255858 3268494.4772548345 635334.1320991823 1206232.16160939 -3260471.931392755 -2330684.2243042854 963264.0053001888 1509728.7903940978 -1884510.1030009314 718976.4289547824 1962968.3644657372 -923729.1054489244 1629703.45425246 3820121.1131665567 -649058.4902806319 -569389.6328621146 3070810.2910407437 -3804449.2398832445 -381578.80593984225 -1335741.206829123 32461.44484278371 2785451.958605771 2955492.0668652058 186599.10234971016 -449418.94990951504 -2659115.803515397 867344.1005314264 1665834.9978834079 2399391.7436950104 -1179374.8801166224 882280.871848472 -174859.06451718076 123078.16153319975 1754165.461106573 -2627111.008155944 -212716.3172738515 620190.9943942832 -3749740.582006287 -670716.3223853715 367342.3659577701 -2817491.4454499716 -2733020.480323823 833929.9028062266 -3827833.4413982113 1226039.2025731513 -1564815.8980112688 2474311.9683106407 -398787.6883162476
417724.6573023751 1487149.1482728424 -3172523.881706428 -30479.167767160507 31287901.65363217 752592.9848912645 -1056750.0300709174 -1129094.3752945822 875979.0460890637 596252.6270205185 -1289882.883513259 -55224.31955892832 4972598.061445625 1400828.082561566 -1682486.9554890841 -2305242.7090664115 -1787283.2114108538 4027602.0688231257 2144006.933435905 3897336.52962486 -597330.9456883727 483275.6434833158 1611866.457535792 1915694.8591629989 -328115.77497705363 -831276.0386047926 -44575.56331311833 -698137.9736218245 3893933.189371727 -292144.5561569634 3918831.9066750477 -812463.9649704933 -1973277.273535272 -2663245.439693896 824890.4517038486 9317.618351408095 -1476944.0727007536 -474386.9181852859 405899.4452019008 -1254560.440197598 1702102.4567585657 -2571650.0802082727 1866088.6309086233 2769491.8578349473 -767139.5350660329 -1277898.4606021116 -1168173.7487796135 -144993.27588410402 1455549.52645664 -290229.9227462529 129333.04772595892 4366163.0245442195 -6966.639573703362 2102924.384515784 2523389.353067239 775934.0273264175 90386.91606076626 -1290399.3488150905 -2107057.17778747 -307478.4767415362 -2362304.261184289 518435.5562485153 276970.1850695876 -41849.16194174329 947934.6719188321 -427440.8680439986 2986772.539703175 98588.75015755167 1578923.866267794 861825.9236903663 -2992592.241398019 2579600.751118129 -398007.2804190864 183815.8556973025 2250796.560591746 -1564066.150024193 -499746.23375828937 -3191761.5150304893 297586.0109946808 -401777.8815565317
2343881.997717136 -1006871.1150423462 636521.0433001831 2490116.7285727873 752592.9848912645 32568942.420085385 -1131265.1037274012 121127.32265555057 6779950.820819273 690564.8184036653 438383.3479457366 1930267.6085740079 -88873.65736281716 -3096458.684192262 1390366.3889399206 2377528.9400730273 4193344.1925488417 -2360093.4729396603 749239.0652665735 -954133.4704158779 -2763679.864163396 304849.7431721485 1189726.6088556806 347935.58205011213 -1582031.822105711 -2185102.0047219973 -5695558.32821335 -1359790.224921561 2534789.7736754995 773167.4765999606 -1620768.3376950135 1958342.5053552715 -1090182.1197273463 -308017.9779414765 1699470.4306537532 -316548.16957754054 1659434.1575485526 383433.3117115613 258074.39681499233 -78061.23437923698 -1317806.171738702 773116.0862226086 2217793.3380021434 1578118.3592166577 -1373947.540253585 -253237.05526453047 -153648.1676127132 3273767.5050771018 -184010.42131344916 1466627.130061858 -1169228.7555387677 -1313456.981535485 -1825420.9825990438 735010.0332685725 -363991.5279653456 2572924.8959193113 -1034672.2614396727 -317293.6985645836 -3112886.522811518 1024835.685700708 -296494.62942577375 -1730889.6287371248 -1970777.945317067 5263929.853342656 4636229.093612408 746677.290270688 -1333516.112028595 -247393.18305546977 97991.40600837072 -810180.8927825764 -91898.08321500954 -3198116.475545859 339704.0088502828 -1132588.5942481025 -4370797.803114714 -269807.4641308275 387114.97854647326 -289905.20150289166 -679322.6152616794 2130207.0193297276
1735771.9182820169 -1205238.0845383722 -102469.3928730499 -2303946.5202034498 -1056750.0300709174 -1131265.1037274012 31966807.01795076 -23391.31966292432 1022277.9810529497 239815.5358958762 4192297.7096214145 -318741.7752323789 -657819.3344550694 5304112.556400069 -1493867.482595005 2450561.3717668876 -1739.4867859088224 1953206.1227464622 776687.4220919932 1486991.4722497913 1458166.528217563 2892887.0776889273 -2425182.3740175194 -400095.87921307556 3092931.365001138 858614.2530783608 -1971881.9567293308 3232898.3871937185 -3954862.2859794796 1704907.262508916 4281748.957528155 -2426941.1668775207 4239468.721612666 -886300.9764082357 -633694.9237518045 -3895191.821791733 -106246.21235701343 1860779.1539584536 -694912.138862327 -175454.23601976887 1492685.9810494678 440880.76645657094 -616375.0493664045 2846958.6005806844 684397.7420927808 2009871.3147231948 1127672.1219132089 3470133.6103160125 -4008456.791701377 -1166826.70473738 -1202472.1119356821 -570816.4816985665 -2976938.2723079007 -246330.53853398404 -1584443.0530681077 -2589273.1197472634 -3295455.0966056166 -408085.9553931012 158413.48259703108 -1349576.4947887554 -438360.8260423238 -2168783.512353157 -942834.8466324065 1285842.507653292 1821576.6789030172 -1076722.9375143705 5868856.896558326 -290674.120193272 -221643.46775322538 3062855.801610918 2799081.505488671 897226.1192552121 518461.29248734453 4055328.7080774023 1890788.6282304463 -980698.2689255268 -1093846.6686487505 -1565075.262587891 -526813.9763832343 -3212970.4175757784
-432037.7956645329 489505.4354601992 680906.9574344531 606719.8789684132 -1129094.3752945822 121127.32265555057 -23391.31966292432 29211929.564895716 -1420503.307549216 -2900764.5419085803 485949.26168800204 2546102.1973777306 -2463097.351210891 -2719511.782161807 -1727603.8667444617 -649302.3570252941 970266.1869233195 2773462.6071404363 -541361.8558663712 -246648.43865234114 -1036979.8058656717 1577723.8955587067 -682047.2165264104 703176.3199381995 -818679.1998583787 72468.10842252382 1276187.654956791 72874.26223952243 1846560.0736780998 3018639.528199776 38221.42585091147 605352.2805889347 -2011340.784508144 574476.22529866 -2785387.9764722255 -997767.1503622067 -1765407.126892789 3609985.085231121 3645146.5792307616 3029198.8839646694 -128081.96099788419 820456.4576764826 394326.8132971339 -2599527.778183655 606653.8851079198 399201.3019221252 -610856.6561000353 -2120599.8989162096 876337.4348890062 -2183374.753726097 -3587178.0248475154 3102199.474895579 1091579.7283910718 -989633.5414330938 -746629.5875023605 1385774.0475337661 -449460.76862001576 633573.7089703322 3840848.177201142 2917139.0222718106 -834099.0526115983 -2501919.1356024537 694454.6110335803 2415832.8557108203 2318636.704898554 1155123.1470165646 1740042.0483546557 -727006.4561276947 -3219596.019985726 591253.1376368002 2058168.8994361283 -1085356.4841887956 -2393524.353556333 534615.2291921283 -200851.37370046318 2210263.0124970158 -892658.1813380198 -2162110.2791730775 -3079197.936633684 -1701462.4079137791
-1105136.6609723135 -549257.0256346004 1442769.9895390605 3472934.582286596 875979.0460890637 6779950.820819273 1022277.9810529497 -1420503.307549216 31297058.64072823 -1424447.4579018392 4045354.707948482 2316857.807692386 1485597.9607476967 -771695.6687947967 -2045991.012518323 1389475.9178491847 -139673.39092966076 -3943928.8354716436 -2075507.067071037 -1003688.5573571712 -49065.976409346775 1972538.1878712068 -151564.53744371346 -1554516.6393857177 -1576638.02806233 -3521838.176110186 -1118539.8523024574 -1672779.9793940086 -1951219.4611489635 -512752.9279822094 1224468.1644030095 74954.83478294444 -4577716.173983787 441726.40829412977 813610.6282505047 3825941.930853425 -429271.0556792092 -1851065.5812220457 -287140.24124462105 -367178.30233740254 1462122.570132689 -1320160.1902860233 -1535271.180964706 2360817.923254765 391329.09216613445 -359951.2066530379 1771077.191985215 4191816.555289456 -2120720.7748831497 248257.5479922586 1389018.9224076113 -913990.9224377689 -1506053.2629063537 2488088.132705101 -1900849.2894849149 -188286.29050134547 -202029.02328620583 -145051.48742269835 -1017254.8047327157 -696582.6447406614 320304.3449268887 -551109.310645391 -331612.8011319791 3136607.7197892605 843016.1479242072 -2605099.1212428985 -19136.297459566 432430.46671483247 3297743.049122766 -1257822.4384712884 1896033.982857355 -1983682.8959565375 -541515.1546053966 -2109921.3726187944 -1322962.4793132963 -1581913.9257743028 3343126.078007611 1424389.8885729024 -5008902.579357719 -1131691.6646353134
2769810.746690604 -1680148.3585582 617805.5274675966 -1614638.785337362 596252.6270205185 690564.8184036653 239815.5358958762 -2900764.5419085803 -1424447.4579018392 33308808.646109946 1538797.2500041972 1321048.848988859 -1924238.603220123 497275.33914367075 918519.7967220928 -28466.31688201581 398337.551731458 553359.0099418397 3568590.9220970133 -1740481.6844737842 -1026364.1662996382 -963930.431491946 -1334874.6949438304 150778.65412381405 1151978.714118652 553053.0508534699 2757403.9039924094 -2258694.7631924795 -117125.69026799171 -248364.64077866744 -50489.32049718051 1814511.3564278295 -162433.0677521445 -813346.6796901288 48530.411720123484 2147817.56932975 -289741.31650465896 -1642858.193989763 -2319579.174836269 -2103388.9137729816 2040808.8511340376 -2663871.904806501 -780590.1656727359 1479975.1471195032 -56340.21485006864 154349.5297732551 192245.04486328963 4033011.3292382904 2147934.1935171513 1430671.2029595987 1314796.301706426 2036369.447149586 1283079.7179261586 4299349.819348382 648947.4091007089 -3520817.678053418 2089378.0617150743 -2875798.039108393 592838.828576761 -2819104.553800052 -214858.23047944816 469798.17450435343 477687.85747349827 787346.4836718906 1477306.7850765802 -637326.8224726834 370610.88855851215 2659542.171942019 1876033.1526429865 -1231579.6807696095 4172615.606355989 1874782.0750860688 -4075681.959438016 3112752.454440065 372650.70545960625 -2779195.722860206 -1100913.6633766172 -557297.2503972381 1336180.7336203086 -1078466.6984854238
1084822.1521029184 565856.0954647715 3246479.3444225304 -546318.3050149117 -1289882.883513259 438383.3479457366 4192297.7096214145 485949.26168800204 4045354.707948482 1538797.2500041972 35184578.37952776 -2544642.467846129 -2220919.1974827317 -1584616.2373410512 -1326757.761720617 307204.0887347625 -1281750.206465294 -408061.2171879174 -691251.8028779487 -937067.7224134208 288140.7047439506 -1623323.2575410903 514050.25162936025 1235389.5723998605 432333.89219963475 563099.6238533094 1028080.3036508892 -2124521.742148655 -484078.80698806216 -170715.37266511342 1712498.8064252983 -1196059.9288279442 488652.5272294161 1474776.8963352123 -4244389.820014043 2126042.9954228797 301432.2081368375 3149765.2778325975 -106450.54665322803 1650363.04096588 -1094392.3894493033 4563039.6100750975 536693.3186009927 489689.9961117978 840527.8343391721 -948524.1466321845 -786522.3430337955 133718.44403686628 -1644536.7419234856 1071078.8702316585 3342642.347603105 371523.734083641 3987601.8822387448 863061.9989355601 53878.90266393185 -772075.8355894026 -1010269.0334448353 -338747.0662265392 -2498251.431135311 -4056704.0572052286 345578.6928821632 912613.8121338829 3033730.8037739624 1918534.26773609 62733.98288419238 -128690.53802946514 -1393542.799914347 921230.3700607806 -2966595.333154772 -1222462.879947602 -360042.1170905981 -280564.7632905984 -3214772.474283011 -302577.45749361353 -1112950.546118883 500305.9078612896 -2149348.923823321 -1937062.277144342 105531.84118875558 -266737.48189100256
-218642.0771465634 2686337.708552442 -2660012.4668949745 -1527460.561478159 -55224.31955892832 1930267.6085740079 -318741.7752323789 2546102.1973777306 2316857.807692386 1321048.848988859 -2544642.467846129 34515363.37402097 -3035445.7869204185 1715283.9716879397 2494156.782411685 -98160.65263237132 -496234.17128027446 1823984.6747835705 -3067466.1255001323 2834185.2669577342 1002436.7868007463 3545697.43377646 -482979.7672618133 -177300.65021212975 1610641.8791086613 -3641680.409559376 1455304.4704379723 -1574920.0657489568 250953.1666804051 651919.3215944195 1183863.6276902128 -1500232.6439785433 28536.42171009949 3966889.6053749933 -1180162.6911489638 1726214.1666908204 676382.9678048696 -255787.76577117215 -2266372.5486109513 1513915.9281673115 1014774.28504035 1973531.7772894665 -1407918.4462608919 3601870.4133556983 -534211.2650535782 202580.75490643052 54408.26139494135 -1675211.607347574 488659.412695292 874850.2560203822 -3330518.494486178 2960101.735815712 -830217.7301375951 -1510979.3014371267 534045.711920218 -56389.13218414663 291557.03682402294 483282.1752629502 -1800844.8366920066 -1382140.3478445963 -741512.4579204584 2643465.2596610617 -773336.1175153926 4351265.303962754 -1999506.17363952 -9474.718668905667 -225902.1975530095 550357.6872759267 570429.2497442131 2020589.153851958 -1716207.3379001666 3581133.543640766 -823349.9340072842 -596812.4688778345 94328.66856702974 1368021.7254805146 1481185.7254057229 196568.50784352957 -461258.307116504 -1698141.2865786788
-4439123.12704398 -1125790.1560754813 -2483887.6280674334 1193326.6891316115 4972598.061445625 -88873.65736281716 -657819.3344550694 -2463097.351210891 1485597.9607476967 -1924238.603220123 -2220919.1974827317 -3035445.7869204185 36424459.42751322 -1402574.313214435 730757.026581267 -1100855.6226586036 3279133.6164289373 -3672018.2703024866 -518190.6454933267 58463.7325165233 1049267.7031596196 2567036.420806839 -4043563.2654837663 -707555.7468279327 -1554023.1385778887 -1375985.450652245 907231.7026165788 -2172250.0746459262 -954404.6022483989 3293103.8093249463 -3477098.7870554943 90751.49600535884 -1949946.2848527299 446687.17329372786 1724053.1109453817 -1994761.3849068996 29751.083838017956 -644955.9201027327 1400124.5017074815 -2088448.1789851168 -761053.7652970706 -1248879.7269922628 -54095.709940895664 -3421239.917959362 586607.6562095409 1588211.3693939555 -685200.588794052 4244535.275340455 -2546366.0459953947 -2246727.0165801877 -944094.3483954787 251767.6264522309 2860316.5251919623 -2522323.3559717955 -3572246.8100145566 -813337.4611161798 2204832.265461217 -901026.5830040599 -483550.56839005265 3383026.937328738 -1397236.4900520435 -2321796.602692168 843157.5904524749 1538914.4847298055 2904996.183064353 -176500.87405813645 2559152.1287001697 1754313.4908116667 -99021.1144167376 1461220.799288054 -227926.0472585457 -3367075.3437461313 1611688.8201902262 -720885.2558965005 3964027.0655015972 1295377.7378100522 471123.269991669 -505507.34863431763 -1500824.454248363 2036520.5761321038
1549484.5890414305 1484205.6727397025 -354647.13111223653 -470401.9548272356 1400828.082561566 -3096458.684192262 5304112.556400069 -2719511.782161807 -771695.6687947967 497275.33914367075 -1584616.2373410512 1715283.9716879397 -1402574.313214435 36027435.45043006 -3636308.8990281187 1997140.5568109893 1109130.2582706185 1420299.91720719 -1221616.388682772 1800631.9601294897 -173179.65785775328 318823.93823212775 669410.0139455689 -770715.3170001558 1436155.800021337 -284800.914432827 1644745.582569961 950875.7040509228 -458112.2000828309 1146175.2204532619 -420203.7394718 1681308.2580229833 -474180.3373150686 -805625.3654494801 2130293.7964812056 746023.8689651733 -940086.3771254802 -2318937.2318994063 473425.9369314339 -258195.43932871713 3286899.004926068 1532395.7461088072 1976108.2711770392 2764009.484784359 -447671.09907619323 -769148.620219637 2501399.441763518 -1462914.14888269 1591784.5444518495 135509.5357373538 1848662.4140210974 -2053417.1121526302 -185208.2340348014 1682083.3503368893 1926991.1919452485 807231.940315475 -1117375.2715234747 -5315401.592179696 1558836.6169735803 -1962505.1021982364 -602873.5449846963 781948.3196983252 -1513257.0711912215 -4303888.012685918 2563217.6823573248 46738.47804055987 2378956.742557409 -63878.92416876675 -909809.3397989583 50388.16444508584 1689563.4713845449 -435849.8557593459 -2703170.824278449 -32262.200729484233 2454511.9154884913 -383315.5997205237 594154.5814029849 -470325.2519343687 5283737.09467886 -535315.475301165
-830001.9324092004 1450531.8836312634 -2444040.431504948 1852560.890438966 -1682486.9554890841 1390366.3889399206 -1493867.482595005 -1727603.8667444617 -2045991.012518323 918519.7967220928 -1326757.761720617 2494156.782411685 730757.026581267 -3636308.8990281187 34707948.088553436 -2851689.5556924175 342126.1200904788 3085174.924824007 1641792.805437208 -971735.9245575564 664538.0458070361 1716728.6283058906 1533414.5408245705 371643.6533870627 232731.5657789096 295686.4525236438 -1791059.539270691 -1343462.978393369 -818055.1279840493 1601516.871671925 2762662.5464317063 436047.71817070997 976639.1110744497 2468989.3224520264 -1741092.9971858899 -1501464.5631989837 3988888.2102499083 -529849.214801835 1159592.2922058576 -1297403.958914045 458098.4015788827 -2967313.1645753854 861015.478709308 2935004.705328553 1626379.4552099828 1478110.3167958388 -102744.60210910218 -2039049.6177859523 -1774201.626397611 801090.315106734 615572.9682671787 219622.80671716528 -1534403.2207969937 965602.5294935856 -802531.355998048 1606353.0735372917 2396293.618679291 1434976.1170718472 139878.35644261105 1074428.4105726255 -442641.63168630697 -838446.5733572802 4271272.417006585 792190.1664709275 -3001358.3118315036 -762696.250041676 -2697009.7833123268 1383337.8582784748 -4597162.998350514 -1573891.8720303138 -2626107.1746743787 1023906.5441615806 -967801.4223600539 -2146258.9530180865 -706406.3105318409 1483517.8322925747 1572551.591699843 3110374.8666351773 1227194.044962546 -741119.4751627053
787630.947264802 -550363.558678997 114349.59198738828 3671211.565448624 -2305242.7090664115 2377528.9400730273 2450561.3717668876 -649302.3570252941 1389475.9178491847 -28466.31688201581 307204.0887347625 -98160.65263237132 -1100855.6226586036 1997140.5568109893 -2851689.5556924175 32021981.982303467 1850959.2902707818 2840458.1264665048 -4718203.7002100125 -697294.4485813142 -844465.0940614606 -221690.69129079347 3665715.580207754 -83632.18607496427 1038278.369512385 -2487039.505006362 1417207.6813873588 -3519556.6253560167 870222.5529501525 236451.80182117136 -4158396.1750662453 -766609.919177588 814300.8774631376 -945647.1460998412 -155953.65821671774 -203497.1121470268 -3627083.01672422 -4082049.0206661 441167.3255262075 -788107.5293099178 1387327.7599436822 1853720.5571283563 -1538624.7854845226 -2900405.129356682 -1584410.4711194674 -1894254.4990832289 -1504569.6338257852 -1660771.2745964632 -1592886.3174285684 1301337.7340703157 432449.02315030224 -2464701.225178458 -1233349.9601562296 1787406.019669791 87406.16015207444 -181927.52724219035 -596586.0761540706 -384427.63088914775 1773742.3155349444 -569612.0040452493 1451636.1926836662 -3474726.8766661277 3612471.471890443 -2206053.210526447 -970232.5315004674 -359040.4834220043 2099544.2312615835 -4577272.708578884 1178103.8971075246 -1928184.1613851876 -38055.74230346204 -238999.1834705871 782446.1387650314 -1973027.6869851889 819080.6967762612 3406362.731300988 -2715305.2180211614 -506834.88566133013 -1216756.9205562708 -3098608.820802821
1635953.9057437822 1795351.181468273 -176289.92594588187 -537869.3004892067 -1787283.2114108538 4193344.1925488417 -1739.4867859088224 970266.1869233195 -139673.39092966076 398337.551731458 -1281750.206465294 -496234.17128027446 3279133.6164289373 1109130.2582706185 342126.1200904788 1850959.2902707818 32274322.066110965 -5130975.342715217 -3146262.5880693514 -400083.3590787279 -891130.7075153348 773798.5335430104 -119961.59506188065 -46211.80059841707 1807457.7850445372 -2370826.388818219 -1691234.9259268965 -105959.72782800508 -138517.4407603381 933440.3534241179 -1865256.373230902 -444068.6742607925 -1301686.3021189803 -1587091.2744690448 151081.12879034152 -2539033.567809543 779232.9280462958 2327568.100934889 -152500.44141639894 -2988737.8192042876 812112.9303526622 1242151.0443043904 -868710.2707956461 -2354746.4383479804 -340997.4972534307 -254673.56970811696 191614.81449151493 1172695.785739358 2243395.2969197235 1526389.0330401494 -2888593.6892009797 -3433353.9992513666 2390636.353051324 -755915.7439895204 -2796697.5621018945 199931.50316907265 1255702.1077521676 -446184.22275031643 -3977631.035591155 -255938.34483198452 2325297.475460747 -3139510.805615929 -1071020.2429560365 286216.4621496629 -392936.5542040072 317512.5425842536 2451768.7835430647 -662681.4564147596 722909.8162735159 -705226.0317215865 872727.0815571909 -2415854.5571540426 -4067335.8761291644 1924661.9083907795 2129062.689230612 -476029.93778010027 171825.1120337411 1255764.5260439995 252808.94046985754 1312840.3064488769
196740.8536669721 2070519.091477257 -2437170.2873100657 2442115.326224346 4027602.0688231257 -2360093.4729396603 1953206.1227464622 2773462.6071404363 -3943928.8354716436 553359.0099418397 -408061.2171879174 1823984.6747835705 -3672018.2703024866 1420299.91720719 3085174.924824007 2840458.1264665048 -5130975.342715217 37624786.26704965 3390421.590140849 91280.12648084463 1269930.8816808206 -1290401.540161021 -1148185.8628093572 262898.7405329751 1242268.0184237033 -1047090.5700800498 -10386.896221624023 -663434.9393765002 837507.2703582913 422768.9722834545 2106841.3404516582 -2204555.714905399 642851.997717156 286604.56685656967 -96983.03113184692 -4550032.739257411 -1682893.324423212 -2400839.10883873 1668692.7695976396 -1409170.815712202 -3391431.0430791136 2766305.559959214 943930.4088864604 4745620.204707191 1598920.844613223 227322.45334583975 312914.845075044 -1126077.9948172509 2136179.041302855 2274021.4360986385 166609.76034429553 -1468404.216835315 -1453716.2727968832 4197588.604823553 4853128.684202659 891736.4924690487 6922808.396538625 2512762.6324740225 1228752.4527202249 482663.2108252259 1132280.0867526294 -3030859.055630428 -2092648.1572458406 1026804.416110148 1217785.146061413 -86741.83652540477 -2081485.3204763622 975288.9954356984 -2505045.840772022 3986882.4509692434 255316.6921244404 1758681.1289909226 -3619739.4905753415 851447.1060181018 3933330.1895563276 2080220.6214603512 -2193700.384614978 491803.28493873245 4009298.3077080925 -355599.8449492037
2166529.9822586295 -1570667.56301475 -2349110.3780301167 353582.6692131303 2144006.933435905 749239.0652665735 776687.4220919932 -541361.8558663712 -2075507.067071037 3568590.9220970133 -691251.8028779487 -3067466.1255001323 -518190.6454933267 -1221616.388682772 1641792.805437208 -4718203.7002100125 -3146262.5880693514 3390421.590140849 35525763.00872329 -2951949.301484503 2060112.6901237099 -1304657.1718989655 95344.4177403234 -667313.7650977264 -606199.4779532239 1357675.298863806 -2415611.03145861 1465650.3717374494 -608122.8667438863 180252.94204820818 -244967.66816403685 2888841.2136006104 -60306.87915247392 -2302967.910253428 -1479532.7062709949 -824007.7738793698 3107533.712468521 2631132.135914862 -349491.0695276412 -2463400.179410236 836121.6849430804 349971.7297410499 43840.47925846406 1138523.8533194684 311359.7705850678 2558391.44562556 -672362.9820319354 -483352.1063664295 3013520.198763901 -1658783.7751176276 746459.4194402036 2378865.0325519624 -2237278.2941318573 648540.9694183873 3186607.5395152406 -2454827.203945925 504205.44921320345 1790042.224945739 1648031.926188986 1979327.3394861505 -1397099.0939858018 -1355466.1860663698 -3637320.357192943 -2831684.536477869 1067275.164803522 1677963.9200213244 -6014525.705966724 4322522.428913963 -1220692.0425675362 255455.39890300075 -1899008.8819891214 -687278.7599170164 -517179.0598517854 1212485.4989929937 1062355.7944812677 2748915.2609791984 -3075797.4200213607 2959399.9114382444 568165.792838873 -3598527.0811374863
-1528429.8592521772 -5764560.012496703 -3569429.114559544 -279663.394052378 3897336.52962486 -954133.4704158779 1486991.4722497913 -246648.43865234114 -1003688.5573571712 -1740481.6844737842 -937067.7224134208 2834185.2669577342 58463.7325165233 1800631.9601294897 -971735.9245575564 -697294.4485813142 -400083.3590787279 91280.12648084463 -2951949.301484503 33479859.34598202 -3910475.5763230673 3672337.74869353 3443383.8115044883 -1339193.1329476584 2411793.769724564 -339417.93110681337 -2845190.4627934946 -373666.1712477898 807560.8055896258 -1024053.9181413442 -1349391.6204490361 -1933195.5557790473 -2726609.882939373 -1611043.1844355795 1625388.6595489313 443045.89610506647 474056.04424424033 -695292.1836939815 -4319845.939017665 -2546872.0362611753 762357.466427873 2188119.602633 277808.3062341352 2712054.620398513 643205.4537504378 1072683.1398773615 -2382523.5713697574 2898155.292864776 285419.30072524573 -3077422.462075498 -129681.72894130496 177067.76144941853 -1281661.4394515667 -2303080.8508465807 -644375.6614410212 -3474754.0773310466 -937192.1256550833 -1785497.1603748533 -1535820.6328645165 153965.14558207215 957490.522528515 -1142115.576386688 4938035.925637361 113334.44224842335 2949286.081469839 900341.3746314314 2362844.600559194 -1358662.3539123703 -1199817.8337764654 -483695.5213496022 1506310.7965571934 1502384.9211699106 1260216.9717694982 -1556343.5859988432 2147015.088326325 1749023.608053206 -290522.6221637036 984951.7075502904 -1745641.6412658612 1971395.7972710016
-373286.76131698233 3974084.1800241373 78205.26001372066 767091.7513315831 -597330.9456883727 -2763679.864163396 1458166.528217563 -1036979.8058656717 -49065.976409346775 -1026364.1662996382 288140.7047439506 1002436.7868007463 1049267.7031596196 -173179.65785775328 664538.0458070361 -844465.0940614606 -891130.7075153348 1269930.8816808206 2060112.6901237099 -3910475.5763230673 34489343.97480373 2312583.0059152464 -513828.05696986296 -572855.3142168538 2199131.6007774984 -826964.7623751612 1286652.0534345997 -4780457.276590392 -3225982.7724698503 281564.26924313704 1682657.804547762 -2971840.3872880437 -1435081.0332468243 23577.062937384966 -1160659.2167944307 1687706.6920233758 2967405.72093966 3343906.5483011464 1598937.5387017063 3022172.4433251265 -731339.2983436172 413891.20668436534 3038872.1342781726 -442107.12850190885 -3184159.9129683673 495643.7576650136 -1062203.0478033954 -1699357.7489207801 1069871.8569826926 581933.60329967 1674717.4288984016 -2458081.6442796593 -5007439.430893674 -1853302.0611057964 1811864.950684485 2121123.4302773224 -1203402.25144809 1143713.4420536 667910.369661445 -1628011.646612955 -1165375.0870182998 918471.3159865804 -453968.47832102375 716842.4003972538 -2440216.9218854373 3396038.5418285904 1085772.9219432438 -666984.4474568395 1256272.8863731986 -801624.6891220789 -2010313.4161465655 2046255.9116087889 -1407940.6673633596 -199495.1738448587 -131614.9888640103 -196018.94474422664 -1062430.0126970047 -2375691.537451343 1305113.7681720427 -5588006.9480001135
1141397.1817989922 160970.934639316 -2284315.009313657 3674076.4705819706 483275.6434833158 304849.7431721485 2892887.0776889273 1577723.8955587067 1972538.1878712068 -963930.431491946 -1623323.2575410903 3545697.43377646 2567036.420806839 318823.93823212775 1716728.6283058906 -221690.69129079347 773798.5335430104 -1290401.540161021 -1304657.1718989655 3672337.74869353 2312583.0059152464 32594526.06475296 -994000.7875405859 -1648344.008018278 1035946.2407066316 1850541.6764762278 -1340510.1633228546 -1106787.8650923404 -3027232.349447779 1660774.2959177543 -63116.28081200015 -587226.3032561641 -722124.0630632056 374259.61272901046 -255375.14422604925 -3124872.5532548814 1925607.674687774 -592021.3711673548 1453791.3386690295 -898053.535389382 1261274.4375739326 1732012.270015048 1420902.3048941533 -2076201.6770414922 982019.4792989686 271427.3043212923 -423976.78472455975 384842.9292545216 -1897787.3822697934 -3285609.838801877 -4898339.456555414 -2119415.7534975703 1384845.2021243742 -1094037.0560610245 -1142968.6236560226 -1619613.752984982 1635568.2909604048 -984243.2995681865 -2156155.458405895 -190396.43737011982 -1847696.34156947 -1669888.6146815557 2362316.791955376 3103133.053225428 2830106.877312199 1344787.658737236 1992862.2017081417 2614371.7399274744 -1866016.3818471003 1160387.7324984674 -1037451.6973910861 254848.7663216421 -3492884.596307125 -380534.76014627534 1256904.2843209947 -588811.454832704 2458760.750075224 -713133.3196502615 -1090493.7859597872 -931073.6424779248
-131462.28343870043 1371316.1621369678 -1009250.9533351345 2323692.982235778 1611866.457535792 1189726.6088556806 -2425182.3740175194 -682047.2165264104 -151564.53744371346 -1334874.6949438304 514050.25162936025 -482979.7672618133 -4043563.2654837663 669410.0139455689 1533414.5408245705 3665715.580207754 -119961.59506188065 -1148185.8628093572 95344.4177403234 3443383.8115044883 -513828.05696986296 -994000.7875405859 30442331.408435736 411525.31073030195 -2215535.2748763 2435021.0324038225 672370.8083671661 2815854.578593221 861792.8200740428 -192856.17623099955 393514.0016482219 351119.2246091911 -193069.92792555876 -3528753.451113611 -1240574.975379946 1025485.5472300586 -2953756.1500089066 2805389.433419078 -1242286.4395798405 -1261751.5861596118 1824182.0347715933 1848586.190024589 4262874.869677358 1780933.7462212022 2142241.555893767 -2871661.705753349 506527.7946828139 947445.8677642021 3333307.539749237 -3637444.839576951 1283896.8696227316 -1659454.2297078865 370716.6106543505 298715.0936092267 4597644.715842554 1216869.671057948 -473077.1370443431 -860420.7849056467 -3723445.437821906 -950935.8012076621 -1783104.7371512558 -4589165.901152397 1311805.909308341 125077.98152651536 -2730599.861603587 369129.4454221449 72412.53690211801 2257611.2447005482 828428.6261387257 -3298696.6262830035 -54421.79112457083 675794.9808215523 -535698.9355997711 -1402181.1556612223 -33923.76132120537 2573522.107796254 -3425610.9368988853 79104.54928980228 2451420.992169255 -587672.1961530171
-1061020.6086334104 -2217910.0740811084 545453.8087194352 2279253.7037822944 1915694.8591629989 347935.58205011213 -400095.87921307556 703176.3199381995 -1554516.6393857177 150778.65412381405 1235389.5723998605 -177300.65021212975 -707555.7468279327 -770715.3170001558 371643.6533870627 -83632.18607496427 -46211.80059841707 262898.7405329751 -667313.7650977264 -1339193.1329476584 -572855.3142168538 -1648344.008018278 411525.31073030195 33525847.53383111 1033390.9016692892 1680482.934775266 -961202.0278009176 -908575.7578171374 2889105.0897802613 2516868.1360154776 1583480.0194710179 -1548392.9794659214 -395770.47167243564 720364.387936291 69885.50645237471 -3470248.7335301153 -1604744.0522147024 1732326.0436843997 3965332.867215399 -460066.7274877803 -4022931.3031816967 1335783.6657897683 2902533.0882321466 777464.8053476269 -125585.42955933616 166164.6940024931 -2948190.6511259237 -1808630.936286801 3184271.3501083334 -3969910.0309404777 -1088574.486719963 -28875.803762410927 -1819442.3090298425 -529297.4332250708 1363215.9904979593 1247168.7871431832 629486.3741002236 1785416.7824582339 -4366304.275129907 1517258.682936151 -832607.2227008725 -3490542.431956577 -2814293.9564561183 772499.250121854 -4145735.9278695467 -2801935.71354582 1658062.761808705 2933137.383764225 2405545.505261753 -267764.85670720256 -1850009.010252728 -686649.0795669943 344896.4174540848 549238.718582617 1079733.3911587223 2598779.1512493445 443589.65577185276 207656.91569116295 3769276.2248028927 -3515360.085255055
1463603.5692682932 1500609.8315300923 -95204.95577293131 -2608709.4985910933 -328115.77497705363 -1582031.822105711 3092931.365001138 -818679.1998583787 -1576638.02806233 1151978.714118652 432333.89219963475 1610641.8791086613 -1554023.1385778887 1436155.800021337 232731.5657789096 1038278.369512385 1807457.7850445372 1242268.0184237033 -606199.4779532239 2411793.769724564 2199131.6007774984 1035946.2407066316 -2215535.2748763 1033390.9016692892 34048633.68012266 -954755.9255322347 425421.1776208541 -315726.0095895231 -4645492.959926566 -587481.3886877974 426082.41231545305 -2794316.21864295 2156420.0768950246 -1582380.681516648 -284458.10221889056 -719408.4428667952 -1149567.873136296 -2107918.352906522 -2611461.1445092107 -879796.7490353241 1494951.5833457282 395506.6307618319 1866768.4807965264 3395068.321179467 -370572.4670320446 237137.28974265783 -9709.19464064956 -256986.88705745694 779134.2734360307 1462866.223626599 -2032344.1167922136 -946685.4137206957 -274719.1227752127 -1605095.8545599675 -1887935.8396508798 -1009104.7919969346 -1700739.1281538382 1772137.5097714528 2139782.4691087347 -2528815.3516827174 -1195404.5356689012 1506500.9085823728 4378572.506605394 -1681737.3912401774 -797454.4466620839 3417284.840054427 4254378.043990925 4000648.0447284435 603556.6521225626 -945489.248684231 3095886.2397512347 3116399.3095508423 -1206972.694309838 1128192.5475970972 -325636.45486849395 1147112.9171281585 3053394.258921653 382441.8799606737 3543144.026289048 -1897171.4575080504
-444676.60090601287 -1934226.0355405333 2763603.9750954094 1512802.2810910896 -831276.0386047926 -2185102.0047219973 858614.2530783608 72468.10842252382 -3521838.176110186 553053.0508534699 563099.6238533094 -3641680.409559376 -1375985.450652245 -284800.914432827 295686.4525236438 -2487039.505006362 -2370826.388818219 -1047090.5700800498 1357675.298863806 -339417.93110681337 -826964.7623751612 1850541.6764762278 2435021.0324038225 1680482.934775266 -954755.9255322347 33132324.07965157 786441.5110188581 469358.2776683221 52059.081981189156 495794.2478732899 260136.0965825434 -1287914.3188101787 -866020.5364306851 -1227631.6017778402 -951646.548183874 1342797.42473274 -1277427.3208635228 2120081.8723975876 1275975.098379043 2184528.1339955484 -2431826.066469274 1907687.673839617 827473.7714549247 -1932624.0827788182 1937740.1165147603 -266044.7277138726 -495335.2405076694 -1622879.4819740604 1543693.2313807986 164215.77657356375 2018674.8934774178 -1120406.8140848593 -671307.0651386041 -442944.76378345164 3155151.805106177 1172127.9608589758 -1743845.0579770955 -1924390.6181416316 -454471.4810165815 -813714.1686366019 -1147284.3801671702 1155411.3102789614 2992481.602939226 -1431733.067038343 218306.16472896762 1140924.9923195182 -1370447.5958716723 2506318.036055087 -2295581.721908513 -1373553.1237364283 -2279590.6682223524 -615542.3846120705 -1437319.642769173 75484.46095961641 -2714000.7854460976 -577716.6832931609 -461784.91795393603 -360185.8873086882 -453852.63065083796 1511512.4316330708
