27357885.601533696 -2368318.1327285906 3704698.923313396 10921886.323896734 983637.6048343889 83383.46323166408 -983064.4840596044 -7096069.952536615 8962632.283083873 4100458.4603346605 -407274.2928975815 5021606.973172534 -2576209.8912214646 949374.3915945352 2384135.6761470344 -2093582.9864648741 -8056352.470226235 -5209514.006122138 -4356921.912835805 8552452.310289336 970030.0579500216 426428.4471265022 3010341.7202106556 -538082.314529016 -9629828.605032407 -2917133.074996305 -8288763.340082051 -10711289.180674732 10916409.221157279 10038717.038460817 -11976451.45943302 -851451.7164805864 184508.31375641667 1681220.1861733724 1839539.3141117843 -3275551.4242751575 6985012.016030574 -7382974.895282151 275171.5600378825 5155345.248234644 -4323977.170630896 -261436.72794867939 7361170.985538117 5120223.735853774 -11362791.868346702 -3531906.713259213 8986895.62725566 2321881.209391442 -1213942.2686204314 -4587079.883724848 -8964042.019069985 4329820.031150316 3394827.318956505 -1575771.3833585032
-2368318.1327285906 39798598.83772686 -7147819.954572206 5428788.598005264 8447655.800974078 -3530863.210093938 -10359344.116373181 -922581.9123242844 -4295090.36361481 1340442.1763348968 -4583319.295305788 7663626.445676393 -2703736.1564212223 -14812400.908775488 -6995305.805615799 -5947958.1305088345 8957315.922682475 4292910.817649538 -13657681.517232003 16012913.634811355 18166586.131841455 -2534741.219952173 2013057.6144554245 1743777.5199931012 5503023.877080586 -8315422.64264815 14842694.386076994 4129216.7399591836 1615476.4663339097 2957585.3183426466 5168230.301875282 5421032.482769283 7034865.462246308 -8837995.02526107 -2828419.5438079825 -8594629.232642869 5798945.173716748 -1325656.9598042013 -5510880.902295709 -9374067.265621241 11274953.355864674 -923766.2453937742 447342.93917257927 -955752.2720719752 6766883.472556851 69309.38425266823 -9145062.270202743 -2185307.5888448497 6643637.2288414035 2872781.981337965 3058214.2098208508 -7376066.229404746 -8810813.219885156 -8208649.8021299895
3704698.923313396 -7147819.954572206 34567917.61558702 -14952577.12007413 -15581391.935643706 3396454.7029568637 7517569.503841104 -7166364.1008588765 -4510278.16594114 -2785493.0514266705 -8790734.505081244 -6264091.777086125 1725406.5995633374 6300605.372092975 21391074.95264323 -1729990.9462799157 2489637.1349645266 -5296586.861796721 1104124.0543968403 -9387199.058975758 -3372128.6893636873 -3165757.952482815 -3634273.8176993374 10253863.144134669 -2918775.060642289 13281209.460967373 -10066490.583035968 -4654222.682077749 14290674.615107091 -7220920.061476031 4169452.6310352134 -2133334.2872766173 -1818059.217010955 -965908.8181994985 7919380.820465859 -1122972.0874141513 -946565.6086735115 5379529.545682729 -5005282.491426342 1659478.088546994 798543.6922866849 11470405.380441887 4146990.4586423477 -939890.6646261686 -3392864.171953116 2117006.070131288 16454802.186665501 -1187047.8154629779 -8613367.974937446 -2790406.924976672 -1870818.4014958667 -4905724.848695544 -6282471.686618414 5046533.196103231
10921886.323896734 5428788.598005264 -14952577.12007413 40283958.01459246 4427388.536784546 436063.9027133445 -8679851.692134313 -797573.5583888373 2185184.104477794 4188351.446493479 13260221.743701588 16263742.764315013 -4091456.088218148 6159193.568531274 -14238160.093814107 -7636328.066631402 -5540632.030090263 -6752398.97158524 1248273.9896830341 5515394.105999093 8344918.699283034 1229640.5098004974 12630679.0418511 8091892.924756987 6778444.29194382 -13248163.678530898 2863453.192478781 -15882624.209239097 -68502.61749751822 25404875.436860077 -16360298.915697038 -6200079.337620021 5654079.224214902 -616759.5548128363 -4007048.789087244 -1223434.1939431452 21597903.646420963 -8439364.464013876 7655576.139388638 8978872.315466102 11598195.914235549 -17233722.17387551 -5193294.666547418 3847217.909781046 4125282.0555108394 -80194.21489897849 -8955186.671649195 6573130.989798834 11270207.465696296 4329849.131357642 -1636846.7775562587 6300903.82113561 10216918.932459496 8779043.940513473
983637.6048343889 8447655.800974078 -15581391.935643706 4427388.536784546 37384001.13898604 -2267269.7295784447 -4081857.8525457154 -3972080.950455981 8363186.265765623 7397049.007975106 117204.0990720369 -3040702.269334245 3274152.6567086154 -10039749.703749862 -4935909.851010762 10115187.053544391 -3960537.912033103 16841746.304596312 2688710.057833016 2839679.6252503595 2287358.8603728744 9289496.518417653 -10511422.75824236 -8916309.889591636 1223288.6667400154 -4806649.300261955 7834061.752195432 4389055.083449126 -10676057.344876032 -2987776.2221377594 227802.413633252 11049698.590906737 8530652.368322786 -2292568.599862071 -19317989.32270124 -403318.2038635954 1641398.8508621103 -1517512.7514339467 -154207.5797010789 -3511662.601715006 8156642.953541646 -2177624.7523470246 -1512800.8639367854 1288007.0074647823 -9891759.03070672 -4698042.385124059 -7857918.21144487 -1616315.0765652847 8063849.372790194 -7636909.317574149 -4755321.8811390875 1101189.0255806595 1913748.4220089144 -5109689.0505154645
83383.46323166408 -3530863.210093938 3396454.7029568637 436063.9027133445 -2267269.7295784447 24593346.742756885 -6463698.635431982 3633665.8950767824 3361355.728560892 5378774.916089772 544398.2884075268 -2047173.6075929443 -2384298.8268850544 262581.4026218435 186853.21642339975 1663742.2901826038 -6756677.338521653 -10034388.438352788 705538.491270114 446372.1486961423 -1162338.3779159996 -156484.90446437753 907259.5950882366 1317449.4401352478 -4362437.63737672 13030965.469795112 1641857.2810053767 7003555.525965914 2451694.324723472 128128.32323758907 -669694.0702557391 708401.1588323268 3321618.281270581 16742527.819084061 2980447.2923076428 -2510733.9462869097 7493875.547257806 6128701.609377461 -3254932.388397469 2132645.08870924 8774391.012226045 -980399.8604284562 2077216.8149843537 5083018.323022259 1950616.4405553604 -3713828.376525267 13531037.05292065 -1998620.7053939416 4466112.065011498 -5007118.122137215 3708710.736367806 -4829281.394256645 -3034208.3733546333 797100.717865036
-983064.4840596044 -10359344.116373181 7517569.503841104 -8679851.692134313 -4081857.8525457154 -6463698.635431982 40829621.54443428 308728.9448403204 -2332347.145292875 -3940066.570235499 4518333.425284068 -2642278.937724416 1249044.803782515 5486835.892834591 -6790067.043453097 10646256.31494416 -427373.0787151219 904718.7996874818 9629452.400144786 -10594139.251789857 -13247390.149087436 13416229.33021423 7811624.515445451 -100387.7105348607 7659795.915486553 -2347041.0830713506 -4470946.392170692 1724903.932353661 2047376.375968731 -13414015.982179206 -12063236.930492032 560278.6961657486 -2347069.8145222035 -15141497.20550693 7169563.278269922 -5076335.114725908 -10348725.170699775 -5562231.401602739 5409325.528508525 4871517.345340529 -11207087.641314654 5191381.889230083 8085698.820974037 -127209.69062820692 572703.9027357028 1831254.2479471834 -1254442.377089499 -13198326.736228291 7685858.286563783 553251.1636406968 7335343.00933006 -3998429.006296014 305303.4710305372 4240102.807884401
-7096069.952536615 -922581.9123242844 -7166364.1008588765 -797573.5583888373 -3972080.950455981 3633665.8950767824 308728.9448403204 26347108.88639403 -1436321.462747083 -2496232.338585853 -665609.6990335005 -1053265.3816924838 -6478765.821690183 6091435.873562812 200937.53093598416 3285473.9454781483 -4207374.582237593 -12973590.936710773 1868292.306287952 5229096.841977014 2267407.5275800643 -1731825.7998001347 4100646.6702727196 1605808.0741896657 -1591093.2806572432 462736.67864922795 10057164.274008056 6079994.935762776 -6040795.034079498 -1380003.7294351475 4289274.759188908 7237826.167871693 222349.6107177256 3765845.633334374 7175798.232796984 -1107477.8273737535 4523328.761886218 -142511.21877468965 -5991990.532304072 -5296104.111675228 1996704.9663993295 1790641.1923889501 -4107101.1140214424 4583988.351206528 14621436.980960097 -11115002.210392844 270059.5249735309 3750870.0470880526 4888585.154870243 -9397326.283917608 -2009073.6459980486 1499819.8509343187 4199015.144529954 -515004.90795626777
8962632.283083873 -4295090.36361481 -4510278.16594114 2185184.104477794 8363186.265765623 3361355.728560892 -2332347.145292875 -1436321.462747083 34980841.31735763 -6842280.698888937 -9276701.822021654 -27979.90520520881 -2594221.204690416 9485802.53058068 -1113565.0188648154 5203467.593280413 -15250173.694123946 1286592.337606786 -4932720.16931945 10791553.563993432 -5789668.380186675 2337083.2942616036 -4319522.986228155 -12529835.601041373 -2354187.6437099744 5565868.485026871 -5885462.432595565 8364871.138140524 -2009818.960879949 -970342.1874741259 -3447865.5810188157 878781.3049529745 -1890321.911048915 6522733.531838607 1896362.7890124442 2833329.161950494 1838719.8894126464 -1649107.8672137437 2626421.8683487526 -3903980.7500016806 -3227300.332463409 2533755.0226697647 4659181.617777231 8264845.799518817 -2963991.841789789 -7164505.989343143 4414838.111738042 -4573246.404850703 2963141.899624326 3622933.7706611906 -11945368.39863031 15336174.853719404 -4063201.904399528 -2614940.208979004
4100458.4603346605 1340442.1763348968 -2785493.0514266705 4188351.446493479 7397049.007975106 5378774.916089772 -3940066.570235499 -2496232.338585853 -6842280.698888937 27907298.258326836 10114697.221943412 5647558.6478485875 4879947.791479948 -15351596.20865529 5791808.274660515 -2540070.8722719024 -4180502.1277490803 -5017658.725692789 -5301795.1286486965 -13297210.474892376 -3596225.3560064426 -3798548.31736615 3912620.667082664 1209691.283979032 -9497296.558301352 -951113.7467211592 4930225.973955631 -6782062.195851907 5800978.614627496 1351095.2227453184 -4556865.325985634 8083878.511376449 6533043.426576787 1332914.770127424 -11346477.407106344 -5986237.932368124 1155555.955357712 -5971802.5725065535 -726107.5972143692 1717676.6302579355 -1349237.1817705142 -3582961.4396758433 1825427.6054379526 7046122.853699976 2314088.160246062 7470033.953812166 10577188.216284841 7239390.80568493 2979419.136338035 1060608.2593562151 10449830.955200566 -13878446.19513171 2983024.0398175297 -2411010.7331007016
-407274.2928975815 -4583319.295305788 -8790734.505081244 13260221.743701588 117204.0990720369 544398.2884075268 4518333.425284068 -665609.6990335005 -9276701.822021654 10114697.221943412 28166262.388036735 3177543.3815609184 -3875038.7122270744 659746.0679058899 -13549735.006954383 -4876243.7948637325 3215401.669515833 -826034.3253881771 -7046591.544335978 -10897429.185170572 -6658706.162729434 3348616.3845648104 3440980.0821759356 6769687.187444299 -2787284.8806514572 -10689200.065023314 2712125.14858313 -6420837.548504423 -2593949.790509138 3846172.967935865 -12729815.985043315 -4839806.536588796 378384.7248965673 1635663.283304367 -3850402.13018949 -7023272.861117846 2331230.088218027 5443914.409407175 7594557.125670499 -1098667.1070413787 -1218918.6284946003 -12589516.944007903 -2681718.0488134376 1394828.1406835082 1726027.1585004642 10984531.950956332 -5649252.774798379 2993140.6615993055 -4678873.573683638 4955041.429512067 2320683.7198167364 -8474968.349456307 12618261.774239818 -3087131.2072683596
5021606.973172534 7663626.445676393 -6264091.777086125 16263742.764315013 -3040702.269334245 -2047173.6075929443 -2642278.937724416 -1053265.3816924838 -27979.90520520881 5647558.6478485875 3177543.3815609184 38763368.59097625 10172641.314705068 6839683.82342189 -6445183.742353554 -6023857.818200219 -4629345.606408664 -9219962.896451777 -2097889.56404024 -12108027.944496784 9433462.96424814 -7172745.482878355 2510215.5006685774 -3222538.0558419274 -3154150.0128741236 -12061197.28685664 -1109453.0294614267 -6425118.041016329 5793110.778247638 18647047.384765066 -2613164.364855145 -1666823.6991548399 6080553.613429844 -487693.1038563928 747249.9317613898 -211918.26371228753 3147241.0442114715 -8084994.793451965 12989711.802950721 -8134488.654037017 -7524439.625879063 -7363299.320776533 484852.8072702982 -3293291.1356833335 7957613.104709919 2409011.8189499876 2002256.5767383003 -11090466.233912233 -894983.414493513 -254146.85954246527 15355930.370568149 2876705.0759586617 2084361.5203052876 18041022.266990878
-2576209.8912214646 -2703736.1564212223 1725406.5995633374 -4091456.088218148 3274152.6567086154 -2384298.8268850544 1249044.803782515 -6478765.821690183 -2594221.204690416 4879947.791479948 -3875038.7122270744 10172641.314705068 37354989.44756251 -1623310.40907969 -107248.79794541423 -3076285.750264468 -8425839.845367016 -6409385.001917808 -2747819.76311297 -6192023.618108779 7700889.680058148 5901859.702922369 -11507340.465461144 -11847928.884609671 11052198.857980499 1761307.3744094966 1821168.1924593167 -1864668.9653877418 2544108.0685700495 -11612168.319710977 2797438.4346949426 -6606343.787071397 -1435534.0258351641 -651419.5509857622 2115027.2000383623 1976118.678446778 -11792288.472395452 -12789217.137384545 -5585305.747464851 -4919064.866420789 -10384942.026953496 11302266.011533378 5720884.281758998 -15324127.374636173 6852249.679619338 -5594540.202674771 -9383894.980217088 -1899630.595452078 2308852.9751096955 405411.65244258166 5956202.114686042 -10794618.13702838 3584191.9894966898 19348233.414570674
949374.3915945352 -14812400.908775488 6300605.372092975 6159193.568531274 -10039749.703749862 262581.4026218435 5486835.892834591 6091435.873562812 9485802.53058068 -15351596.20865529 659746.0679058899 6839683.82342189 -1623310.40907969 34654730.00013356 1204354.2971284697 6354691.285288271 -2461248.9175979747 -1853023.8954472775 -375717.0771624926 1869790.2339395755 -2883246.712283579 5334017.091975809 -71087.88774766572 -806370.8387066537 5307265.0101874815 -1972061.4038353413 -16421473.197264053 -6047998.599135673 -1580237.9654850592 -2637624.5519499364 -855820.8648164019 -6288783.672149471 -8800931.44329532 235004.78052591704 8452880.08708282 920947.1576578511 5601697.774944787 2114326.7982812617 6263392.111841472 1400887.8764208367 -8002507.410137298 1740374.8852190985 -4677895.977495149 -193618.81144131834 -692723.4484133243 -665893.637498396 -1372535.9264485538 -7250956.397226425 -5151327.5572950365 -5449936.862389404 -5560695.68913768 19558889.97595156 2550893.773432319 15664083.34609624
2384135.6761470344 -6995305.805615799 21391074.95264323 -14238160.093814107 -4935909.851010762 186853.21642339975 -6790067.043453097 200937.53093598416 -1113565.0188648154 5791808.274660515 -13549735.006954383 -6445183.742353554 -107248.79794541423 1204354.2971284697 37977909.52267832 2818828.6677660593 -1984435.2255266602 1401246.793690878 -3156147.6058640266 -4908063.89915554 -6341540.316003925 -78949.29869027683 -7201433.520266631 526081.2946641785 -10949153.292743068 11827704.101591863 -12983801.22455575 -5506896.985255714 5863631.833404334 -7805833.476160768 14234630.463881232 6983833.179516798 -7782721.391590634 1169376.2548699526 -6343278.843251088 4947613.273051054 473937.6576597109 2022360.071716497 -3607395.2378358576 -3538029.8022014103 3707928.4551158794 4335345.144904743 7253247.488149969 3013723.9299091483 -1826468.8481601586 2394723.96385957 17499674.823766973 9275938.859151544 -11848856.386103757 -1441538.6653811182 -5917439.977327456 2863772.5253000674 -7527831.664046773 -330633.07990146213
-2093582.9864648741 -5947958.1305088345 -1729990.9462799157 -7636328.066631402 10115187.053544391 1663742.2901826038 10646256.31494416 3285473.9454781483 5203467.593280413 -2540070.8722719024 -4876243.7948637325 -6023857.818200219 -3076285.750264468 6354691.285288271 2818828.6677660593 24093882.89991075 -488502.21749997477 10133147.011304421 6232343.253379376 3544848.714950599 -9481795.52366132 11212640.753636323 6875560.180629886 -11966875.624937482 2251258.3145520547 3137120.559922794 -4874215.869199886 4560867.432803748 -9258620.644007023 -6103217.606137355 -4460854.415952774 12476715.328082826 -8166649.464173345 -6960022.688665869 -7065398.806896781 -1266430.2877687253 -6727499.311698826 -4234135.5902169775 -3199363.067185616 3123963.759409082 -2172818.388556224 -428390.8485076747 2209091.157125765 8787791.488630816 -6822247.521120458 -2679028.847856573 6847202.435121816 -5423936.186979642 -1945382.0483619492 -1893394.179642083 5458011.95752319 8544801.544647262 -2779730.50679342 7942983.964958533
-8056352.470226235 8957315.922682475 2489637.1349645266 -5540632.030090263 -3960537.912033103 -6756677.338521653 -427373.0787151219 -4207374.582237593 -15250173.694123946 -4180502.1277490803 3215401.669515833 -4629345.606408664 -8425839.845367016 -2461248.9175979747 -1984435.2255266602 -488502.21749997477 39398853.5718233 13912802.508999974 4167365.849745387 8370556.152143872 5653565.250930842 -6378737.534187273 6532176.454191636 1579242.7287971203 -1344351.0482648462 4651857.98837901 -4640584.134131165 2989692.394365313 -3104585.215774861 2510348.8578948835 7425921.46791205 2834491.6281130686 -1436793.5656648455 -10987987.06006496 -3611550.8594862674 4299691.023113584 -329247.6209447877 8697011.730246745 9489007.718047652 5179127.696245379 1617493.722865403 -367963.5244581047 -346319.7830181202 -3002808.3304005554 -5184955.814995948 18110897.30073564 -6860622.204121083 4998628.971840233 -16416712.712534936 6056326.693101695 3141896.3911137586 7616516.248915302 2514612.7340269363 -11002143.101581164
-5209514.006122138 4292910.817649538 -5296586.861796721 -6752398.97158524 16841746.304596312 -10034388.438352788 904718.7996874818 -12973590.936710773 1286592.337606786 -5017658.725692789 -826034.3253881771 -9219962.896451777 -6409385.001917808 -1853023.8954472775 1401246.793690878 10133147.011304421 13912802.508999974 38175186.63918487 -3299388.1489102165 2091741.0395679404 -5005280.810860772 5566236.339865431 -10378998.082214434 -7593761.414069063 2976142.5854536328 -8819266.293284638 -5306156.365620275 -405453.82840743475 -4023867.7646730687 -5500459.24529251 -411984.37319862883 62419.140400957425 -3544417.5009808736 -11452232.362636736 -19943280.495742835 3439231.0043945247 -4895132.753204106 4295494.763658411 5493656.700544868 1876622.2828902267 -1754681.3153025173 -6800670.775788635 3661957.984616073 -3702716.3748701885 -16169496.08473294 9976670.429340927 -4189167.9730453277 -4577830.629568605 -12428394.420611475 5838459.404114101 -1248448.7164056427 11210317.472055502 -6512880.1611627005 -10786196.910984538
-4356921.912835805 -13657681.517232003 1104124.0543968403 1248273.9896830341 2688710.057833016 705538.491270114 9629452.400144786 1868292.306287952 -4932720.16931945 -5301795.1286486965 -7046591.544335978 -2097889.56404024 -2747819.76311297 -375717.0771624926 -3156147.6058640266 6232343.253379376 4167365.849745387 -3299388.1489102165 35950766.45253964 -6869118.173890252 -1128832.3514662927 654896.4942636727 6138996.279954594 5072885.596261011 4513541.135508807 7705943.914876549 40258.453054614794 6373904.3616508 -4825620.020149503 4326772.662806135 -213677.19999243045 509782.58911179577 4039581.2878256957 644238.943736097 6856614.559904274 7380171.6856836695 1231346.7201105824 -2130951.062873375 6204430.164972903 18837293.88876424 4553714.464577457 4528931.8476210525 -7084570.002571971 3491203.428945976 -1161623.824630823 -2124902.7171188276 -1294097.8504575489 -8356159.395821437 9194223.187348071 -7022565.915363968 3704128.9582921364 6086227.845784613 5834900.951874784 7052247.571161455
8552452.310289336 16012913.634811355 -9387199.058975758 5515394.105999093 2839679.6252503595 446372.1486961423 -10594139.251789857 5229096.841977014 10791553.563993432 -13297210.474892376 -10897429.185170572 -12108027.944496784 -6192023.618108779 1869790.2339395755 -4908063.89915554 3544848.714950599 8370556.152143872 2091741.0395679404 -6869118.173890252 48148647.33502044 11427911.882382957 1986991.8810130055 7022494.818536588 -5874991.827825303 715575.2999297621 2356054.8839674387 3892220.4399814853 1068471.4546871746 -5837245.819211544 -4475281.34837754 4449061.807671437 1758014.2236529076 -10867283.69569125 -2466740.203290795 6874356.481824089 -5456353.1923937565 10292163.987094356 -6507531.885744238 -17155373.882391598 7657348.36826527 9331255.432453342 4759441.75117845 8950705.486549547 2497793.9104173398 -3947203.374093168 -6673895.298481865 -11233732.003356507 873868.1057517133 4111627.696981122 -1812391.6535960846 -17554109.70826337 14072290.226695953 -7642152.12663214 -9346759.038193505
970030.0579500216 18166586.131841455 -3372128.6893636873 8344918.699283034 2287358.8603728744 -1162338.3779159996 -13247390.149087436 2267407.5275800643 -5789668.380186675 -3596225.3560064426 -6658706.162729434 9433462.96424814 7700889.680058148 -2883246.712283579 -6341540.316003925 -9481795.52366132 5653565.250930842 -5005280.810860772 -1128832.3514662927 11427911.882382957 42948465.77269076 -11030276.869066162 -770384.4123525339 -4010956.2700441587 9746092.686330123 -6865318.436930128 1052095.13037204 919302.1991452699 4295512.627838513 2441361.6859562425 -969187.5741767274 2689446.332312906 10175749.656704439 -2713450.127940341 8408057.15351863 3931969.090048681 11169010.26651273 5572342.7193705235 -2993746.3675174965 -5915323.058493374 8068607.8850050885 16123042.989433639 3733678.9843131625 -3672662.021652555 -3229009.321590233 -12264697.835946131 -6878475.726131892 -892154.4664683758 5540313.215400102 -5616414.550971735 3525730.4420599113 8217585.970711485 -5848747.346558468 4380546.944081067
426428.4471265022 -2534741.219952173 -3165757.952482815 1229640.5098004974 9289496.518417653 -156484.90446437753 13416229.33021423 -1731825.7998001347 2337083.2942616036 -3798548.31736615 3348616.3845648104 -7172745.482878355 5901859.702922369 5334017.091975809 -78949.29869027683 11212640.753636323 -6378737.534187273 5566236.339865431 654896.4942636727 1986991.8810130055 -11030276.869066162 31254745.854700107 -1966124.5626600906 -6997907.840551075 11909911.46631224 1578095.474158368 -6927727.839232832 5112477.953631971 -6657571.78756925 -14231821.207622562 -2850759.5927593405 -2138528.652254772 -10814788.010310318 792155.2170325741 -4123431.708538722 -2943689.388315308 -1190590.8205416074 -3938268.930699357 3756160.725371911 -197101.05247156322 -1238568.5119642476 1854602.7621878472 2067194.170845602 -429419.7783472736 1514569.085124053 -2985666.5766924545 -12869728.318331443 -1133891.6955655615 4444223.11758118 1067616.331700542 -6008112.647043089 -428142.25977458234 6799872.22539271 4235629.8187120175
3010341.7202106556 2013057.6144554245 -3634273.8176993374 12630679.0418511 -10511422.75824236 907259.5950882366 7811624.515445451 4100646.6702727196 -4319522.986228155 3912620.667082664 3440980.0821759356 2510215.5006685774 -11507340.465461144 -71087.88774766572 -7201433.520266631 6875560.180629886 6532176.454191636 -10378998.082214434 6138996.279954594 7022494.818536588 -770384.4123525339 -1966124.5626600906 34300525.87921428 1857304.003113985 4473689.145656439 3611492.446798919 534570.387207415 -5546813.805947546 -2235012.2251655404 16083689.685538074 -14457685.816990655 7699105.965497142 -4168655.7046503583 -12936191.80228387 2160964.703907143 -2826455.2775609074 5294901.66996647 -11658366.8865971 -450512.745139153 13152733.538651533 4726399.009732902 -6495351.2786960015 -3361351.5964511666 14970927.233726712 3383254.867879038 5047223.834155381 5315831.706165559 5931265.230562152 10918825.470389146 7831610.838952876 10005204.274050053 5897045.456873966 -1616492.4580314057 2260561.551933904
-538082.314529016 1743777.5199931012 10253863.144134669 8091892.924756987 -8916309.889591636 1317449.4401352478 -100387.7105348607 1605808.0741896657 -12529835.601041373 1209691.283979032 6769687.187444299 -3222538.0558419274 -11847928.884609671 -806370.8387066537 526081.2946641785 -11966875.624937482 1579242.7287971203 -7593761.414069063 5072885.596261011 -5874991.827825303 -4010956.2700441587 -6997907.840551075 1857304.003113985 28717648.035881247 -3795101.283104984 -3888094.132586429 12041483.843536125 -9461505.311964553 7520852.005008642 8229346.897125966 1116462.979792877 -4524119.451552875 7402158.2696933085 2974273.3688919144 -631376.0582839553 -4916895.55185375 12162335.25221568 5011782.014024822 -7265581.1071451325 11878267.536345445 10903638.914751885 -5604368.774592579 -8249606.562873687 720009.9287593634 8161634.884584387 3838242.0058332337 -442321.7737221464 -1163272.6074029163 6142733.29327539 -4776936.104063051 -2311161.7090107175 -10492610.244419327 4598024.872363598 -2979854.847396225
-9629828.605032407 5503023.877080586 -2918775.060642289 6778444.29194382 1223288.6667400154 -4362437.63737672 7659795.915486553 -1591093.2806572432 -2354187.6437099744 -9497296.558301352 -2787284.8806514572 -3154150.0128741236 11052198.857980499 5307265.0101874815 -10949153.292743068 2251258.3145520547 -1344351.0482648462 2976142.5854536328 4513541.135508807 715575.2999297621 9746092.686330123 11909911.46631224 4473689.145656439 -3795101.283104984 32829627.031609256 714070.5482109229 -484111.9743345705 3157645.499675756 -3427760.5759938797 -6669311.064107278 -10577608.273715934 -12769689.015244327 -2232904.436754585 -12204430.816903364 7089875.282958872 3850263.131315409 -4493266.234585461 -5338665.021186135 2139964.6612602226 6004188.311358904 2801837.8230421683 3365270.417213067 -6580343.691995727 -3078511.7151709497 9165207.608649772 -4162658.989281188 -16845364.154313304 3205177.857268313 12624919.312937517 3917373.9047866613 3389691.2218147884 -2129717.5239928234 3459179.016245591 8060772.59723772
-2917133.074996305 -8315422.64264815 13281209.460967373 -13248163.678530898 -4806649.300261955 13030965.469795112 -2347041.0830713506 462736.67864922795 5565868.485026871 -951113.7467211592 -10689200.065023314 -12061197.28685664 1761307.3744094966 -1972061.4038353413 11827704.101591863 3137120.559922794 4651857.98837901 -8819266.293284638 7705943.914876549 2356054.8839674387 -6865318.436930128 1578095.474158368 3611492.446798919 -3888094.132586429 714070.5482109229 31259658.742946822 -4778983.977564495 13344874.905074317 -1373812.6116125113 -3335736.280806223 7017607.087653641 -1239360.759448356 -4996808.688465367 8722562.63795367 5893110.393759938 7870094.199579474 -3449341.0968378657 3720097.8135362845 -570851.956838028 3416531.7892322643 7803802.474665253 6593093.193721103 260672.58754460112 5638385.07634991 4498993.204473436 816617.8640382562 8804926.607262213 9939361.403343026 -993568.7548352606 -1879116.7446916276 -4134432.5013720025 -1696878.696107928 18733.56725667589 -6894966.493933292
-8288763.340082051 14842694.386076994 -10066490.583035968 2863453.192478781 7834061.752195432 1641857.2810053767 -4470946.392170692 10057164.274008056 -5885462.432595565 4930225.973955631 2712125.14858313 -1109453.0294614267 1821168.1924593167 -16421473.197264053 -12983801.22455575 -4874215.869199886 -4640584.134131165 -5306156.365620275 40258.453054614794 3892220.4399814853 1052095.13037204 -6927727.839232832 534570.387207415 12041483.843536125 -484111.9743345705 -4778983.977564495 35988484.013052836 3261091.8387433807 -369692.7538731093 7969234.76342401 -1050682.279411408 4154089.3693670733 8584203.467062797 2543179.340389119 -5002964.216896057 -6394130.387120067 3079600.2197046373 -5799247.737866054 -20159530.936807938 1570537.7367350436 10086129.11734625 -5195620.578402789 -5684651.289735869 -313004.7935974939 17996085.5105856 -6677381.04765988 -5528550.733613199 -5037364.21141028 13785290.02437395 -4053819.0368750817 3711971.166858833 -16565286.174018528 1567715.8951892594 -5050841.424399605
-10711289.180674732 4129216.7399591836 -4654222.682077749 -15882624.209239097 4389055.083449126 7003555.525965914 1724903.932353661 6079994.935762776 8364871.138140524 -6782062.195851907 -6420837.548504423 -6425118.041016329 -1864668.9653877418 -6047998.599135673 -5506896.985255714 4560867.432803748 2989692.394365313 -405453.82840743475 6373904.3616508 1068471.4546871746 919302.1991452699 5112477.953631971 -5546813.805947546 -9461505.311964553 3157645.499675756 13344874.905074317 3261091.8387433807 28016404.865240343 -7921942.261591394 -10811973.12643501 5844942.333940576 2033032.9234449835 -50185.91074686039 8894108.130708558 7392297.248907521 4994254.92022581 -9512855.544213023 11130678.705657892 5099063.977886186 -7241589.410386772 769291.9814281593 8568121.784037601 185516.12657697994 4376911.649819331 7365938.267437716 -3788475.1881853985 -2585465.1963459617 -6030629.458179361 -850806.518314452 -129669.27751527325 67556.87461368028 -936520.863883439 1571856.8056527409 -10039684.049030023
10916409.221157279 1615476.4663339097 14290674.615107091 -68502.61749751822 -10676057.344876032 2451694.324723472 2047376.375968731 -6040795.034079498 -2009818.960879949 5800978.614627496 -2593949.790509138 5793110.778247638 2544108.0685700495 -1580237.9654850592 5863631.833404334 -9258620.644007023 -3104585.215774861 -4023867.7646730687 -4825620.020149503 -5837245.819211544 4295512.627838513 -6657571.78756925 -2235012.2251655404 7520852.005008642 -3427760.5759938797 -1373812.6116125113 -369692.7538731093 -7921942.261591394 23566762.15963392 3210351.4311708915 -7614529.341578075 -4852207.090077575 3943466.455653057 5265560.054243888 5616759.327122098 -2438804.578029338 7409945.380953152 -222438.0138414809 -3437842.249173356 5107009.123225888 -7616331.556786861 7488107.1537172925 4928018.682554732 1099487.5551966226 2608605.187851364 546203.9886667648 11274702.38468783 -5239815.268246965 -501228.2368065453 -3540869.6250823163 7230635.769632934 -4120195.0096400175 -3694751.8435304556 193071.3133030537
10038717.038460817 2957585.3183426466 -7220920.061476031 25404875.436860077 -2987776.2221377594 128128.32323758907 -13414015.982179206 -1380003.7294351475 -970342.1874741259 1351095.2227453184 3846172.967935865 18647047.384765066 -11612168.319710977 -2637624.5519499364 -7805833.476160768 -6103217.606137355 2510348.8578948835 -5500459.24529251 4326772.662806135 -4475281.34837754 2441361.6859562425 -14231821.207622562 16083689.685538074 8229346.897125966 -6669311.064107278 -3335736.280806223 7969234.76342401 -10811973.12643501 3210351.4311708915 48269124.97566226 -12868800.377903316 3011599.413922836 9381773.116341995 1791548.182248719 -11932499.40562221 11180295.67688625 13387812.280494094 -2613357.8997899047 8173683.152722869 2146661.060655932 11708605.05652347 -25076355.065106705 -7603563.415503928 4367692.647909492 3204176.388332545 973793.6195505152 8756428.525144417 10098198.685798034 -698945.6527596451 5350012.9159997 8328540.210756062 6524883.599981033 6667652.341732258 4007219.050898823
-11976451.45943302 5168230.301875282 4169452.6310352134 -16360298.915697038 227802.413633252 -669694.0702557391 -12063236.930492032 4289274.759188908 -3447865.5810188157 -4556865.325985634 -12729815.985043315 -2613164.364855145 2797438.4346949426 -855820.8648164019 14234630.463881232 -4460854.415952774 7425921.46791205 -411984.37319862883 -213677.19999243045 4449061.807671437 -969187.5741767274 -2850759.5927593405 -14457685.816990655 1116462.979792877 -10577608.273715934 7017607.087653641 -1050682.279411408 5844942.333940576 -7614529.341578075 -12868800.377903316 36751931.75462966 5197607.066816024 1329714.7230337309 7941866.984020103 -2900309.2536603143 53210.43920843661 48557.883616034946 3836924.176191955 -3195043.33770872 -11296645.169172985 1607035.079034677 10503267.764587265 -3513149.784305694 -12712334.601063114 -1607141.4158977484 -2183896.2465229942 -7055114.215640327 2118324.2480103867 -4626075.986109584 -6422753.756520268 -8432238.238247445 118227.53069038704 -7017933.586667999 -1789687.8823093686
-851451.7164805864 5421032.482769283 -2133334.2872766173 -6200079.337620021 11049698.590906737 708401.1588323268 560278.6961657486 7237826.167871693 878781.3049529745 8083878.511376449 -4839806.536588796 -1666823.6991548399 -6606343.787071397 -6288783.672149471 6983833.179516798 12476715.328082826 2834491.6281130686 62419.140400957425 509782.58911179577 1758014.2236529076 2689446.332312906 -2138528.652254772 7699105.965497142 -4524119.451552875 -12769689.015244327 -1239360.759448356 4154089.3693670733 2033032.9234449835 -4852207.090077575 3011599.413922836 5197607.066816024 30166803.77597433 6090789.679995131 -3766164.6675511543 -14076176.876248322 -569585.8746179341 4097759.3979963786 1294293.7219233238 -5457864.336543967 -7425216.462570872 3567893.893887205 3375685.246202753 1829754.7805704225 8062215.947233236 -5906463.01277628 -4107683.13339869 10839425.912860202 -1029750.5169734173 3165006.3836076627 -847990.1968175228 7921188.645729888 6633915.696082413 -7432251.370693926 2915671.6481993194
184508.31375641667 7034865.462246308 -1818059.217010955 5654079.224214902 8530652.368322786 3321618.281270581 -2347069.8145222035 222349.6107177256 -1890321.911048915 6533043.426576787 378384.7248965673 6080553.613429844 -1435534.0258351641 -8800931.44329532 -7782721.391590634 -8166649.464173345 -1436793.5656648455 -3544417.5009808736 4039581.2878256957 -10867283.69569125 10175749.656704439 -10814788.010310318 -4168655.7046503583 7402158.2696933085 -2232904.436754585 -4996808.688465367 8584203.467062797 -50185.91074686039 3943466.455653057 9381773.116341995 1329714.7230337309 6090789.679995131 22702275.063870814 991114.281627368 -5297584.21067164 789481.8711913031 7077705.38147024 2805510.774261352 4429477.145202994 -4466261.141331887 4671245.069945621 1113991.089976486 -4986791.0185946245 -4666470.971560309 -3093612.946198449 -6597743.945765792 2449387.9109407035 2109744.5958152926 9393735.189665694 -4654182.919933686 4545739.927307668 -6690647.1552315485 765396.0287075362 -774076.8562639151
1681220.1861733724 -8837995.02526107 -965908.8181994985 -616759.5548128363 -2292568.599862071 16742527.819084061 -15141497.20550693 3765845.633334374 6522733.531838607 1332914.770127424 1635663.283304367 -487693.1038563928 -651419.5509857622 235004.78052591704 1169376.2548699526 -6960022.688665869 -10987987.06006496 -11452232.362636736 644238.943736097 -2466740.203290795 -2713450.127940341 792155.2170325741 -12936191.80228387 2974273.3688919144 -12204430.816903364 8722562.63795367 2543179.340389119 8894108.130708558 5265560.054243888 1791548.182248719 7941866.984020103 -3766164.6675511543 991114.281627368 35707056.50888286 2993392.111589877 2284173.783190961 11300243.403292183 13775586.92316103 -3711170.127744462 -3337084.1726746294 699195.5119921935 5540584.521625116 -1352535.1068663707 2082310.614066207 5487761.025086224 -9633898.13534497 3062800.4443101706 -1199710.4558635475 -4466004.401899623 -9013057.056448953 -657791.318558377 -2671388.626299348 6079115.970372723 457566.7245771049
1839539.3141117843 -2828419.5438079825 7919380.820465859 -4007048.789087244 -19317989.32270124 2980447.2923076428 7169563.278269922 7175798.232796984 1896362.7890124442 -11346477.407106344 -3850402.13018949 747249.9317613898 2115027.2000383623 8452880.08708282 -6343278.843251088 -7065398.806896781 -3611550.8594862674 -19943280.495742835 6856614.559904274 6874356.481824089 8408057.15351863 -4123431.708538722 2160964.703907143 -631376.0582839553 7089875.282958872 5893110.393759938 -5002964.216896057 7392297.248907521 5616759.327122098 -11932499.40562221 -2900309.2536603143 -14076176.876248322 -5297584.21067164 2993392.111589877 40128949.89416291 -5782097.891234328 -4009141.053130908 1485796.8745680435 2256933.04988189 494068.75672830915 -6345426.87734487 13561410.346154634 -2023404.8135667855 204203.72031709805 5912465.251699075 -2491903.92254734 -881664.6874553817 -10760979.150618132 5815741.001053805 -6231747.884341855 -5722747.282177685 -1477008.6879539776 -3456099.316701625 368456.47027997737
-3275551.4242751575 -8594629.232642869 -1122972.0874141513 -1223434.1939431452 -403318.2038635954 -2510733.9462869097 -5076335.114725908 -1107477.8273737535 2833329.161950494 -5986237.932368124 -7023272.861117846 -211918.26371228753 1976118.678446778 920947.1576578511 4947613.273051054 -1266430.2877687253 4299691.023113584 3439231.0043945247 7380171.6856836695 -5456353.1923937565 3931969.090048681 -2943689.388315308 -2826455.2775609074 -4916895.55185375 3850263.131315409 7870094.199579474 -6394130.387120067 4994254.92022581 -2438804.578029338 11180295.67688625 53210.43920843661 -569585.8746179341 789481.8711913031 2284173.783190961 -5782097.891234328 20810904.782206323 -2825215.2415270475 8187864.988864132 10138894.893000491 -359408.05751917796 3379468.3347673863 -4816446.322245131 249849.72853614748 -1854526.1453616275 2831741.5600813706 249415.3616324601 -206865.63508125706 7829186.355256245 -4687644.849564603 3991253.1078671617 2744704.8288114485 9152312.056288304 4644600.765738185 -59086.01052303867
6985012.016030574 5798945.173716748 -946565.6086735115 21597903.646420963 1641398.8508621103 7493875.547257806 -10348725.170699775 4523328.761886218 1838719.8894126464 1155555.955357712 2331230.088218027 3147241.0442114715 -11792288.472395452 5601697.774944787 473937.6576597109 -6727499.311698826 -329247.6209447877 -4895132.753204106 1231346.7201105824 10292163.987094356 11169010.26651273 -1190590.8205416074 5294901.66996647 12162335.25221568 -4493266.234585461 -3449341.0968378657 3079600.2197046373 -9512855.544213023 7409945.380953152 13387812.280494094 48557.883616034946 4097759.3979963786 7077705.38147024 11300243.403292183 -4009141.053130908 -2825215.2415270475 31932824.11979667 2630861.8317073877 -2878274.341151465 5361002.696584069 13716424.255164985 1576849.4941080266 -2004730.478843816 4907249.388978767 -723849.0953816772 -6619775.131630149 -548445.2862646359 2178758.9969602516 9218357.187775599 -6105362.433208252 -4734047.515068975 11980725.64591406 -2140529.440042925 104928.72998344182
-7382974.895282151 -1325656.9598042013 5379529.545682729 -8439364.464013876 -1517512.7514339467 6128701.609377461 -5562231.401602739 -142511.21877468965 -1649107.8672137437 -5971802.5725065535 5443914.409407175 -8084994.793451965 -12789217.137384545 2114326.7982812617 2022360.071716497 -4234135.5902169775 8697011.730246745 4295494.763658411 -2130951.062873375 -6507531.885744238 5572342.7193705235 -3938268.930699357 -11658366.8865971 5011782.014024822 -5338665.021186135 3720097.8135362845 -5799247.737866054 11130678.705657892 -222438.0138414809 -2613357.8997899047 3836924.176191955 1294293.7219233238 2805510.774261352 13775586.92316103 1485796.8745680435 8187864.988864132 2630861.8317073877 31694872.866704777 7699867.976722181 -9069947.394873668 7979361.061858276 -398835.57706233015 -438813.02429151203 2260233.0296780495 -1943694.4351742463 4752592.500356479 2300918.8170466996 -3168107.045085686 -11261697.2709487 -2235241.8671460506 1491821.9432538014 1953914.0034339537 46652.2643857051 -9562268.604773095
275171.5600378825 -5510880.902295709 -5005282.491426342 7655576.139388638 -154207.5797010789 -3254932.388397469 5409325.528508525 -5991990.532304072 2626421.8683487526 -726107.5972143692 7594557.125670499 12989711.802950721 -5585305.747464851 6263392.111841472 -3607395.2378358576 -3199363.067185616 9489007.718047652 5493656.700544868 6204430.164972903 -17155373.882391598 -2993746.3675174965 3756160.725371911 -450512.745139153 -7265581.1071451325 2139964.6612602226 -570851.956838028 -20159530.936807938 5099063.977886186 -3437842.249173356 8173683.152722869 -3195043.33770872 -5457864.336543967 4429477.145202994 -3711170.127744462 2256933.04988189 10138894.893000491 -2878274.341151465 7699867.976722181 36946816.46947464 -7281047.116602651 -5434737.291755284 -10572053.064310975 -4009769.6738923 -2417217.720487135 -4988811.994724483 14353045.551143032 -1387373.7262826075 2305713.0544331647 -6513265.501355547 8486692.113756666 1234347.2579089527 9551646.92293404 6694557.348144384 -4132498.0235045427
