33046681.70304555 1028784.0366929241 1311811.6198936761 3909713.147643657 1238633.58158905 -193158.18917781863 -1193352.5546043157 -1369225.8269742425 -77462.02095828448 -1732736.479204729 1205237.6624943742 2032024.9418961946 1775166.3507296161 352555.89184060093 -2117112.8108869465 -4686314.60314657 -1148821.4963120345 15957.35556060017 1569307.4491226985 2335300.896570629 -980879.8729875807 2246734.3418929055 1777441.250924315 216392.98408204003 -2653820.508709071 -55008.073497425816 1309120.9083313025 1238475.3316565398 2366541.777596218 -331915.58481043903 -2242161.599669126 2437793.5955089573 -560964.4221861986 -467483.42098046676 -1566319.7814088683 832488.3189533557 1950338.3283062454 -1085990.2716446705 -1591202.7302311559 2148698.0001954553 -928886.4273864871 -1508550.9652431807 557477.2387793693 112825.70144080216 -992340.9613442102 778592.4328016376 282985.0925836955 -2730369.3763923384 553107.2140953931 -640929.8381356301 -2155870.9518396505 -69138.00270745203 1970518.0806235988 3899170.8151214984 -719256.2840243935 -2312541.620517115 1830381.7195661573 -945297.2711758326 3067299.3861918007 311812.8269570899 -2371988.28451882 -1480483.636308064 58171.00453093795 -310440.882427091 -508789.344201494 657402.4702743123 245529.9289958245 2781157.5864217817 851052.0354474866 -1595873.7465280823 1522134.0394272115 30501.252982371814 2777384.7222198285 445784.4444120172 1215461.027734925 176831.72707285424 839338.7645266751 -11569.169473647842 -1087842.0002441418 152797.76589994007 -2187557.7217997257 141939.4567401597 1556591.2351836427 -1679956.5089798563 -603566.5865803749 3058450.6191118266 261664.10363572484 -1773066.7784990515 -1291831.9021244086 641837.606794662 1190111.3677361573 -1329894.8390487994 -2035927.8932234365 1605647.9054326974 607196.4950047418 633410.4168919524 -424655.9785015625 275694.36547695624 3461167.521861404 -1679428.0774428188 1858687.2960491378 -671552.9120450924 -304858.0016205482 1076571.9376084607 768980.7637771908 -893735.3637641638 -2898348.8682744987 1266938.986486344 -2150963.560034821 1667517.7349893777 499812.5809541962 -1041113.864140802 -724754.0397573026 -1809021.342532201 2895554.812613667 1102439.7607330885 1006682.0389980176 394749.3378424467 -1547322.343296132
1028784.0366929241 32853735.170766264 894727.2686695062 883037.4824780765 37056.40931609708 936926.7468597988 -1821198.6273168786 -431414.4606112315 -2524971.687291439 -1541773.2100006116 -549800.1410027231 1046301.5160990055 -685985.4624622362 -1507477.2660120192 204810.28327146443 -259128.98490066553 -541884.1040919317 -1521146.7167235932 -106366.53691869174 -1543210.3340318105 1332153.5380825957 88370.12859885929 -2275380.346575115 -2258747.116000245 298668.1666363258 47039.47140425715 -1021093.150609123 504984.0631997893 -1340467.5302777975 589761.824083414 -1130170.6590897418 1648190.8611229444 -656486.1288428634 1524290.6167289738 -1900153.148599589 -1628174.9874396776 281697.46689734573 87103.83469202767 1580663.699328582 18442.138232682173 -52877.34658184687 490504.3027524774 1319974.5813721598 20725.54729055383 376426.2551750074 715782.5677982353 -318455.8151011456 2327888.985845448 547528.770805888 -1317138.0237686122 -38662.68416395976 -1540246.1292839358 501083.6074630521 826233.9038194228 1344138.3458918778 -2113517.9392190967 -201241.56936881974 -1184943.0226741794 1101943.4715237648 -2302008.4999886528 -110734.89741013729 -3027974.371822563 -868605.3779936356 -856225.0944042398 1813007.380119712 2649588.5898769153 1079663.1929532532 -840399.5894765588 -1664049.8940331715 -3454648.80897321 2018746.3313966864 -688350.0996841056 1728595.3530578953 1446873.1065671076 -1656349.3670334509 -1401818.421019455 1640913.271957162 748186.8974856449 1487792.5969397312 -2802629.853534436 -1319525.7319499678 432764.7192040512 -443436.32346476614 -1426728.834888077 -128356.00519801668 -2388486.749114121 -1654234.8152585414 -334206.0335397201 -577189.2873194726 2621678.3470000797 1260912.5422943626 546549.6493585822 -1141764.59138672 -1691674.4332978376 -260471.77528356246 -1040336.3045760829 97453.66946967955 36741.25955531918 -1410709.161785866 -686017.849677118 -3313952.5176062076 -173812.96175551912 -176871.2372489889 2094462.979822581 2453122.631532166 28512.99311507057 1192030.10984445 1086110.8585466081 1413269.9128247008 2679767.047800444 -951343.3401259915 -897797.665002211 107794.39828537115 1482486.197817362 -567551.9615570608 315000.85942902596 -898633.2368315835 -1643481.0168232815 -2763115.3065860113
1311811.6198936761 894727.2686695062 34686234.52531295 -190277.6906885202 -617333.7297777799 1914826.9854619668 3087842.502099998 446957.540281359 -62018.73161197367 -1682148.440243924 820635.7291343603 344815.1989776288 1017431.2902986315 -554548.9249309241 1725998.4751402126 1122069.888703944 309688.98974120565 -1060716.4977238337 -62499.7318455116 -194988.76925338776 2482981.7648437168 1162125.8525362266 -1112784.1468944654 230909.9632423479 1787586.2813251256 121904.35833590376 -1805739.6302180376 981314.2563952751 -2462046.8865980105 1515164.4648184946 -2175283.8022692567 -792205.5940425277 -308084.86628506816 1658296.1665862668 128815.16814807801 1558653.1376105084 447807.9715645678 -1334799.5335974793 -1050533.9700548016 -701024.3799815823 290203.9726852328 218650.28440188256 2411633.9691913743 1257188.835934077 1428927.6017390771 -607355.8765553304 -1066854.7992464956 -1315470.934981772 -2329460.258621977 686684.6647256402 -343750.369473322 -228419.71059460225 877121.4513347164 -1368511.8029349076 14348.138323458541 -1335958.3776848507 -2583688.2005213974 -538515.0039789279 468498.5638802207 -1106780.5345273805 346924.1343987891 -2265579.3424145556 742154.1521376552 -1701380.065718823 -1099507.6797935648 1250834.5959394616 553504.3120574427 -471881.94677848805 -1601381.3803304562 -77144.58353982664 666764.0592309855 -814007.7504583417 -63410.10682386844 972255.075809144 598911.4431323301 1610794.5401151718 -3686052.0272162985 1212821.229835562 -1530489.5901453458 533704.8062276114 -346700.25035005936 -286175.92865766375 3933923.1248278525 -303342.4444599892 -521513.5036955343 2325222.216647761 -677813.549312428 418993.1058393907 1291285.457467381 132182.6685823594 517343.80692129454 -269183.0338149561 2528448.976616322 984859.5643439039 371043.65537631634 -1336259.5986643927 777043.3039281083 -97189.58968568589 -531872.0351519033 -66440.87300912091 607045.710592059 724608.8418359323 1192986.051271224 631223.0801545494 199731.54137426967 -1193318.3997259263 10311.344795429637 -751237.9666709612 -251860.44439788512 1226284.3005286462 771017.7205547822 -1630039.617865894 -1212094.0263107915 -313472.3119861232 -1238352.8981644027 -2987432.5455830568 -707127.2296478907 -1600475.3838520646 853549.9972258148
3909713.147643657 883037.4824780765 -190277.6906885202 33159266.21634388 1573145.9028411591 -351749.5019075861 -772749.5949819001 1111773.12026428 -626416.7447132383 -781702.1782740231 3663059.8474689396 2108709.3136016484 -3153999.4193423386 1198641.178347367 4250088.2927270485 48779.923275618436 -1764678.1434592763 -1170687.1954912527 2306936.698405796 3383622.7441068646 205069.35926233942 475110.10961368895 -84200.33052376716 -641510.307403023 -395706.1336950876 120065.12933146505 2389556.09475356 -89173.7304426441 -1202646.757362412 -1337467.8910651866 -570295.6606130131 2067879.8353896295 1249160.930601824 419589.42496409715 -1970754.617470549 -531013.2734255395 -96874.58138730377 -178421.28980281256 -1139529.2804509492 -605903.0638749832 1143623.753101949 883585.2097715774 432324.9827247679 1549773.7147626467 -1009113.4835456747 -39898.266069074896 1419752.4556646708 1638774.485428807 2432831.102527423 2521675.504278105 838004.9645332185 2024690.9594776 1421158.3637299472 -690552.349545033 1177120.3241338222 -284717.12490470725 -859997.092678357 278780.16681751213 626959.5865125835 657577.8550803516 -1226530.7139032492 860723.5314690635 503010.71582836914 -594913.9682038241 384902.826475275 -1418687.7952126532 2298428.847958506 4272539.549505785 776610.3428823391 1621584.6900015108 -415185.88719752646 3384486.772546147 -1046064.2586037403 -1127203.9758033582 -186052.27174937734 862682.2181989648 1306568.9303862965 -2058396.2538100686 1580337.592588791 403984.14875674597 1661187.9040035394 -577626.6146980437 604852.8214818828 496622.0931622212 1925335.9970562588 -2159847.241500138 -2079194.9852762998 619074.1468865221 546988.4552068908 -508452.2273876718 -158402.40782077098 -1193518.3668393292 -111443.55707596336 986655.063949807 2576518.72060768 -795316.3102575842 1558708.6406569025 1121250.964639035 1165357.3395316238 -1069751.5122464725 -1425206.9427371118 -744538.6405544174 -1298350.5517941401 1379114.257884236 -1488130.136507875 12879.761190607862 1731326.9443233586 -1326783.3579739102 -1296158.7839815354 863025.0649065198 2311679.788510096 -708143.6587571029 -619332.5238814347 -2518712.805119663 1790764.054412461 1805153.4068615013 -1313371.3417209114 3209186.113948829 -313428.6118379606
1238633.58158905 37056.40931609708 -617333.7297777799 1573145.9028411591 33332399.016566478 1478756.5901882942 861049.9097666466 1034072.3537130117 -1675218.5419730446 -776925.1355502713 238472.6840355197 -2345496.7422355763 636680.105616658 -1172149.7153409927 -732499.2170051755 -303884.60289181373 1038797.2806097574 -2678317.0719749858 786017.9633582846 140379.66735672514 571212.7309172407 1780928.0416207844 1834524.793504143 -1018999.4903146605 -369122.7223507443 1277115.6858634243 1202787.6181061887 -1582945.2976392081 1310441.8888688814 1150918.3483415437 3587939.9005532623 -1445629.2362907117 506322.67974504194 2441445.6170764305 -2108758.4253538204 -2929597.6623108173 1518592.963965574 -759542.8866438571 2013340.8212236068 -582838.4732303767 -2789357.290819873 1335462.7862146415 -2456458.175039089 359572.84868172137 343607.0862675891 -125727.34520525788 2358037.5361103984 339315.0841647262 -2975395.83075989 863118.8963889936 -1061696.0144384345 -2871001.7157946136 -326880.1630098081 1094705.585650421 -362217.163646175 -1625203.1697141202 -325994.9322108526 -2600450.252280423 1924561.0704973845 -2797152.150267358 -1258842.7476109955 2008608.1065438066 -197299.26706809236 -612915.9331305262 1747881.4214609182 -1130505.951180506 -133294.06736250137 -220420.52438531088 -3437019.566436011 1441622.912000476 2180895.5284220437 -966039.0730024015 2861003.358170038 -676614.6440727572 -476611.92470873665 1904258.5515436819 -798424.3756070712 216300.36529862252 -376764.27906717337 1126299.2230117882 -2013582.5409787437 28948.63918360459 -1366736.9117845441 455815.9424076997 -97873.52208010986 409093.8892493413 -1456935.4637271545 -738393.4322230028 1262531.0326712097 44230.56551474522 -1301958.752579892 -631983.3940822092 -1142056.0723455772 1629287.697088087 2600348.2048005257 926523.2904127757 1338100.134002723 -2299173.381484201 -321121.03793769237 -1370132.34287641 -945294.1284873813 389598.8665786269 2764730.2901738267 2038674.6583560838 -116066.26467457866 -971073.7142033463 1029867.7003185247 -3507391.8916556635 -733056.6618032506 -531182.7591444287 118050.69996829082 2658077.6376838326 -823050.5705463936 -630206.2097642955 1134228.1922743109 2684772.6628963123 936350.033738615 2355465.1143358643 31578.69257802098
-193158.18917781863 936926.7468597988 1914826.9854619668 -351749.5019075861 1478756.5901882942 33809340.594885 3090163.655298007 2864660.660195473 1467615.6314202007 -1353687.8200859104 -1003573.152007465 844085.301240578 1860690.031873857 -1646783.5186501166 2568762.77177534 1778303.9064139465 -12530.638312460658 -1012402.5819629704 1203180.6136114022 41211.93513962008 796499.3390321054 -782508.5211830105 -1393440.8747335367 -18038.29211732353 2084423.455974424 -1929987.0942081674 -346720.89206653665 1130238.9885240593 154806.6506360675 2509315.869256863 786408.5310329931 -848540.1205916796 3104262.7963732355 -540931.1020664625 -1423103.7135058315 323464.7390991128 -31727.76408010781 947848.5885637194 -789235.5116153874 215147.38918679822 -552896.3327249216 1407073.703311335 1173935.0785963575 111822.69530130312 528138.5901763114 -3788209.5315339896 170450.4386233355 -618458.7762859103 -2109138.1712700967 -2289615.078798437 -1410724.8641154747 1531037.046724342 1163455.8803322772 -2405125.675549452 -1028762.3813102915 -2980602.040064875 -649231.9300931621 -369038.5714670001 90365.42883666915 -1446724.0489080749 551400.5067870874 -1026800.8683726838 1843469.1127647106 345383.2226227599 -2018654.19617556 795866.2651932559 -391680.7648828233 705132.9701448943 -258738.06995070018 -1097222.7676744505 727231.7140471954 1209825.4077955394 90118.50032911306 -1347660.771285888 -2230324.548690322 -562620.2894868308 -1462751.9825903615 -953916.8811444169 -938577.2944913623 1345201.0546818175 -2673176.9043888124 2507339.7903292254 1717256.4098533732 -171468.04072287993 2551150.4175899248 1061285.4238556898 -3112696.1214036625 -2225600.2052326836 682693.7450768171 1324602.6587148486 1911628.8212413664 -959723.4257039719 1474679.7056946505 -90015.83708036762 1730611.4881777235 3105266.9750091173 750714.3174302271 -3060326.848030064 2146319.7585272747 354117.4814328448 703950.0604041518 1544550.720956609 -2256131.58757325 -213757.48833881176 -954460.069862741 587568.2601242034 908328.065449642 1014157.0914594331 1705435.523921775 1191905.190698567 -292845.485144829 2716605.5085720816 -978144.756835863 -1487620.3350165617 -1650123.6813416302 -922305.5586151307 -381386.63531420386 -533812.0121300675 393299.6988234507
-1193352.5546043157 -1821198.6273168786 3087842.502099998 -772749.5949819001 861049.9097666466 3090163.655298007 34215772.80733444 -170955.97149456703 980906.0084033312 548567.0803269569 1051127.6194276994 502827.5838302931 4527783.436371538 985423.7773425787 1173030.429512593 -1657552.844092406 1900827.455485884 1351688.3236462213 819971.4258771527 563585.5908422616 1170320.8658233637 -543361.3708104034 485372.56580806506 1961741.877562274 1796534.7616346418 -2364809.0162170837 3335483.406449498 976913.7701263713 855746.4610035231 -1403736.0819435439 1470828.8021725602 -1075197.716364548 915798.9847711549 319811.06500824617 -415808.98117284145 1557087.4147707338 3058403.766624667 108694.0726313055 489023.1523128688 2756931.142224367 -3063341.009859293 755523.7361671234 3506249.038553213 1734528.7443451795 -524556.6624307008 -498198.11043114495 -454343.3970940782 535079.5287024459 -1896035.7088118948 -217472.78683124005 -1638046.501523159 2670616.8029735503 -420108.0958180737 -2466881.05107302 925424.8079588874 1477366.0818602184 -816378.848802412 -1621195.7015411837 2759481.4846540727 -318985.4428050665 773342.4155033149 -661977.5264103529 -2857621.1572845858 2777386.278610069 513068.5843993518 744707.6816173838 -936462.03519402 -2104024.18824091 -1067422.3683371004 -2228089.3082139553 1897468.7122102473 -177269.76095824153 1191242.7695621487 -1710197.9274872418 -833391.7288270809 388045.9149984362 2079974.3857439414 -413314.5452400314 28320.5338222899 -550583.3487564737 2573755.0639578886 -1259625.98210347 -814618.4851072227 459791.3707983082 2339826.2900715335 3917363.173962669 1552829.70847284 -1510741.4298809925 1314136.1177057347 1963536.2672455255 -2153363.958386578 1998167.5242161679 -839686.4346921578 -2733329.5996462605 4891803.517384679 -2274164.81587854 2352097.2602242753 252312.38539344503 189753.78438293652 1192728.628345353 770795.1068573226 -1165902.7469609748 -410612.6484051255 1232974.5271339784 -1947228.0744026876 3853621.8317347667 -270794.1905402436 692336.4664539767 1048495.2178125884 247894.43655282998 -2993820.146978424 -1069550.5086714681 287197.20487955137 -739552.3231659632 -655605.9244440603 -1514635.5295173437 -2836154.4167640284 864825.8420178875 1699617.1206946888
-1369225.8269742425 -431414.4606112315 446957.540281359 1111773.12026428 1034072.3537130117 2864660.660195473 -170955.97149456703 35056541.12087759 -1067917.7941982376 -891943.8864843142 690130.7038583485 -3619238.219227791 -1649539.1146320673 -1019479.3203810889 1550168.8347818977 2829887.3773125573 662816.2222962904 1942065.0655500365 1706488.2734094693 647475.7541117765 295446.8379486374 -1957117.8773802512 -590150.6356123682 -60077.90292619644 2035090.494887652 -1398968.9459434368 -1595036.71268207 1456275.011573014 166658.4803700309 -2051841.0311230184 495406.3543000225 2409546.961837073 594033.183186467 -1901488.799646579 1580188.3450864407 -171682.3436369594 2259812.4820980546 -457274.6704555318 -1021246.7499295924 989862.2179233596 783044.1060418425 916988.2023191645 -2703735.5293570333 -998488.5183069018 -2487472.632214944 -908491.1531545416 1121269.1360170513 -462151.58260565164 -83909.01939499858 -1665222.352223032 -1206899.98972982 -1629282.385993854 1064737.26051199 115592.73538187596 -3157864.2699153973 3285147.855843862 1580676.8187986375 216236.4316386975 135932.38872619323 965061.6270621016 -269956.9726298408 -250431.84748483123 1364038.4015037038 1998843.6525723394 -607226.2747480931 1928156.2230942007 665957.537966428 -888874.2988557812 -403217.17465979676 1191128.3276385195 1141573.8015202158 992385.3154315978 119378.41642019594 -2659245.705943066 372452.8406949447 768513.5986923397 -1868535.890998283 2596627.2377619813 2973609.598611028 3438937.4360768483 -227517.035661238 -1307037.3761237666 -1124933.7682716562 -468249.7194564047 994991.0462014962 -1853732.277298419 2332199.2554603117 -85789.79850093812 1809306.0434028755 -2742010.2832240406 1356798.0373983656 2099230.556802249 -757487.2872696028 -744376.9300441606 -782128.4890296634 -2590565.960784577 1762110.0991017171 2996470.674941385 -1342080.1280553283 1524630.588971568 2159962.5531804683 -221957.14474399443 1371974.8971564963 -94098.39838162874 243879.33095917932 955316.3339775137 -1536560.8457125889 -2128124.2011709427 1584076.1654760307 1481260.6250110855 1202581.1331011215 2314735.2325339327 -3570952.1536155 3345361.0156902852 -2172585.033207596 945252.5744651147 -2085668.9918156948 -1282081.4063227174 -3376829.9589512683
-77462.02095828448 -2524971.687291439 -62018.73161197367 -626416.7447132383 -1675218.5419730446 1467615.6314202007 980906.0084033312 -1067917.7941982376 35671103.40487209 -440374.18220569636 -295349.3809451189 417705.12734963855 -1031491.9608179601 -2443657.7767665368 1161194.4818404543 -1712772.9314159958 3750090.5936261765 2229514.2763837604 1894154.2293938056 54996.55188476046 -5634611.191871861 -4108396.026680136 -2976316.6726750433 437535.9815865543 417509.68599472387 -1171445.858565319 -1639540.0764364172 -2458917.349299932 -506129.7605761256 251609.87580114827 570283.8784527581 -562373.6879133328 -2208999.7657599286 -2879014.5632368615 1951908.9209339945 1650812.3279884967 -1311058.95221141 -178537.81752151568 -813701.795599323 2226800.4810070745 1874371.8475720354 275651.5885543649 1057200.0866202184 818438.5521907689 -584265.876818119 -205891.2266506629 1075694.3917827555 2650654.620418286 -232159.14910980198 -1624709.2870045376 723081.0622599911 -2892437.6455317317 -2735681.435797344 64201.70018497859 1518632.3131388603 22576.656369856166 -1237098.890812922 -861382.659583869 694998.3854519784 508016.4925430683 4817900.792079901 -1499229.9609163615 436794.2784119395 2120878.2233484103 -114992.81629605885 -202000.8791668436 1428544.5209683469 2871832.310676497 361863.74617263046 60834.444062172624 798842.1743654038 -899303.9685429413 -910454.0274323681 469449.8139620129 461740.0233748817 456117.8755337181 1133207.2503268593 2476119.807544262 292872.34346106014 15775.483985397168 1606017.7734907202 432870.39758079016 195839.97858077922 -1215313.4930337088 -2080275.8949785014 742092.5977932118 1470245.463943577 -22016.539130788355 1608160.0190828997 4648492.429924969 -2003857.3964270959 -465506.91992658365 1048504.3922700713 1465181.2999203731 -878248.126260921 -1953478.1135337537 -656216.6436443343 -3478631.1302734106 289024.4918781401 101664.90963113339 820860.1465477899 -271799.00181299896 -473265.0837170872 -1249872.5951680206 -708464.4982128184 1156646.2689905686 894713.6365565871 1794185.1312406932 774906.5248750254 1723419.734862443 858369.123602354 -914568.389952074 -1325680.8087639748 -108769.42880962619 811866.6644265149 -2392190.791478154 -1464689.136499439 284539.4069722234 2197071.9247254
-1732736.479204729 -1541773.2100006116 -1682148.440243924 -781702.1782740231 -776925.1355502713 -1353687.8200859104 548567.0803269569 -891943.8864843142 -440374.18220569636 36653997.274147086 1822288.1509813853 -100644.86058328784 -1883870.525790917 2217503.837913093 708586.1340362628 2121485.6183518097 -1359781.2970004051 -2143832.7216673084 -1551418.8934246933 1811400.9054741263 1635289.753859204 1931189.7388669862 2521198.5700436234 984015.1691621449 85980.88925768068 995809.8132841025 1533707.1090682084 -1260303.7682423412 757477.2929884698 2947891.683586 302687.5360899097 -605433.8988404229 -655348.3474766507 2134675.6621358143 -17335.538200936968 -1588420.3825246193 -1900797.5197906133 2369222.2737911046 -1021673.2785008677 -330059.3903952945 832353.2199447856 -2176047.6981261387 2633126.0408263984 -320668.2833134676 -782271.5843843825 532785.1420151938 -1893814.5251420403 -966123.2085935147 2379047.6362459376 1143250.0161168305 -962543.0190331985 -1144287.6049218383 2158552.76486731 -1886642.6583876933 -1165635.8232489596 1218301.9755433563 120586.61939832638 339252.8517453998 844250.7760712428 330723.6937459409 -1858130.9847465665 1824918.4191931544 -888731.628582409 846853.5303133719 -496950.74184388336 1918759.0031533723 -1752299.8955941543 604572.1017131337 -881072.6375312817 -562479.9637050353 -2446836.477919743 682604.7729974531 444352.71778925176 -253002.27494783883 95713.45166762767 -475774.87067192217 657212.0256240973 -341935.65857800905 -401050.90427951515 1654153.7282741244 -3015113.495663028 -3351387.5201257463 -428805.5944802495 616492.4564715396 2198070.383808567 2610824.194003787 -584819.1968132905 -579706.8688929839 620879.6599079171 1024378.5336090497 -1250602.9738989333 -3118475.5319112656 -998821.9121746483 -2930599.446937719 2440733.010567534 285337.977612719 -2345664.5712083797 375744.7442124303 1476082.498707005 -607517.8602641159 2577154.0425095125 2145719.5671594515 -2929230.4531438802 -1405075.6718252234 -2415636.2017880417 -1879776.0694906332 -2171167.980442076 902605.7515439756 -2789097.5316562485 -1625932.2356488677 990152.9070405887 -1569382.1383910724 2228696.0735523156 758263.2044994343 20418.89333837181 1507263.3479669713 1637631.3007811615 1282126.3435625236 4064128.613971337
1205237.6624943742 -549800.1410027231 820635.7291343603 3663059.8474689396 238472.6840355197 -1003573.152007465 1051127.6194276994 690130.7038583485 -295349.3809451189 1822288.1509813853 31349565.923575416 432023.2414652778 -3525484.9568394925 -632019.4540120359 240323.8163302085 -2304015.5325470264 167144.32298391333 730942.1607072898 2431014.5923019405 -542740.8744483041 1476733.921161578 -2364977.996115049 -167965.94426291814 722278.7261968375 501727.1905953143 -1280236.2864223542 1747609.0317886458 2563988.7449353724 381366.57014796906 520522.6078099905 -1766640.212283571 1528131.474187168 1832477.9271886973 -438509.30633291585 -1475324.3270564293 889897.7758771145 3813988.79568118 1563892.9203925657 1626634.755135092 -189096.68530409032 -1405874.767130005 1101592.5705416377 -4175249.7233554 -4202668.2116336515 -604198.3208199033 657010.0940160446 2371926.4408025597 -1802943.3817577553 -145713.9749526281 1434544.3624461 1128819.6231137197 725875.1546927384 -317313.3138508394 -1149528.4276414192 2810426.3787685693 811012.3036089174 2751605.4066035612 1225346.2491757413 149239.20902403077 -29786.246745999575 -1078595.426101684 1237213.3040663279 1082592.4106688907 296754.7072086295 -511874.2562259015 1777105.9139280648 -489884.9249039419 1460130.1434578402 -1882014.0725980678 -2572070.3435462797 -1871536.5340819783 2885795.5938955336 -451207.29845585994 -213552.2816899191 2559149.6121142074 2761768.9557154872 100847.92193363949 225298.38119633318 -1408388.8679986703 -630514.9012731647 1245548.0028821984 1178809.2106897116 1633877.9133945745 72507.16392849042 -53456.975753665196 2452294.445574712 -620718.1435863684 2192674.553481033 148631.00310507594 12953.25657761329 -51526.41047331464 192983.44244219697 -207236.04957354546 -1683347.4134368093 -986166.0130483245 1957274.9935274173 2167708.8122499962 669647.0785764353 579362.8878362152 -33727.14610966367 -4523941.240499633 527069.8488757677 -1384346.7309420789 87771.80413160635 -1179343.5145939204 -2977238.5945975296 -764618.9850795879 -2554189.8949309327 -567776.5652909979 -781236.7559653234 -1736079.2569066011 1169775.563169231 1075410.5881611852 609378.9356662323 -3228928.46591387 -480393.6918686345 -8344.685203559467 790415.7082060947 910137.0015211076
2032024.9418961946 1046301.5160990055 344815.1989776288 2108709.3136016484 -2345496.7422355763 844085.301240578 502827.5838302931 -3619238.219227791 417705.12734963855 -100644.86058328784 432023.2414652778 32115838.39073509 358200.40688263753 -1756836.3285671936 276885.5533150493 -118510.81181177772 1200416.0913927145 335136.5249694132 456643.1603218842 -1490635.255294448 2294079.06134454 47630.082050309546 1037822.9508398423 -1017544.2182798121 1440097.8870437513 -319303.1863679374 -1260351.8954939207 -1233898.556740142 -744490.4880356144 1204088.6585261365 -420265.86862421536 -2546461.4563267203 -512390.47248387727 2232231.5775588434 851183.8873645649 2292576.3381607966 7156.448669796613 2357470.698190532 -1557766.5634010728 -1054329.691188501 -366448.1154226304 -434804.14703720843 3109083.752624815 1623690.334306355 -359524.6745604332 -564501.3633094539 -1446055.6507505279 -2218981.7047854476 4017480.823651798 1622470.3517406587 574945.3915642025 1638418.6011992688 -217815.5355059456 748131.5196851352 507745.7197524544 -188296.71078807887 1629483.249164468 1281586.6856281292 -1125020.0720464445 1414740.3404130808 -1038579.5170765282 -1068678.1448803048 -441472.24998371257 -429515.0117909359 -2944639.1443891698 -3343048.9502170077 -4425327.899391023 -1816940.8499249339 344279.0476541551 -1955944.8544512328 1974330.5253833146 -1045833.2010164042 -449127.3703140955 -2107260.6990239075 -686474.935161908 -916856.1688055288 -1919542.2443292672 -1386571.5622189941 512749.0386144335 3232378.4841446457 -3067333.7474939004 728307.3183672725 1321374.7735307715 -672414.5629020636 782683.6382048259 141173.79767019532 -1037017.2899770909 2724195.1862146636 735793.2891901648 1065853.57564974 -696601.1932982128 518544.4087886957 1752637.5413257072 -585448.7474424061 2225104.8237405783 1912089.8858071032 631009.3435576675 -612691.4567068841 1719781.8807980644 745814.5585144659 -3896571.6521400427 -403976.7580689115 -2760874.905108065 -460264.1576305611 -432626.0383240224 -265367.99303482776 -3531171.315693878 1900005.5369550812 922885.3982260021 -230621.28245527885 238353.7383053263 -1939913.1011368402 1233513.05358853 -257179.54424312766 322198.75991318584 -1025581.8417564168 1611060.3927016472 235711.66403215585 -204589.0668742386
1775166.3507296161 -685985.4624622362 1017431.2902986315 -3153999.4193423386 636680.105616658 1860690.031873857 4527783.436371538 -1649539.1146320673 -1031491.9608179601 -1883870.525790917 -3525484.9568394925 358200.40688263753 33623941.91945608 1629326.631277286 -1994222.8925990732 1204644.8670216224 -503076.2088349174 -2465091.263792406 -656794.9037448906 -198703.68731293007 1700195.1478730151 -563008.4118804157 -2392262.0729710385 -621765.3755095408 168046.96355345694 -171633.64913859774 1146232.6844060877 -4426.060032151521 -1703146.7305735904 -313481.2703299478 1802845.1530953278 -136745.20133790065 1138779.2477698938 2411311.7246309356 917561.3692576968 1131073.7571006308 2151000.823540028 -1857265.1388082304 1631763.3341538433 1845380.7309247626 -344878.40479025914 4092531.3847230086 349330.2446166119 -1047301.2702787133 198393.5721515272 577217.9314504031 -1797404.6775815377 659023.7243035162 -1836781.194429234 1156968.9823912808 -24678.037043059205 -895440.7754124808 21263.729185426637 -1184010.4907588598 -2098691.6977948416 1278035.8096706762 -74204.51452872876 59866.281677634135 -761918.4997452456 -1090057.627063179 -776535.7022884398 -1163255.426845661 -1295179.3066593173 494053.2625507801 1479992.3356282972 2786848.539742094 -1975419.4659201072 -1064641.472413419 234587.2049715324 -1659588.6850522014 241775.51577253712 -690162.1876239938 5164.838602621843 -446180.29861069773 -1575652.2221634772 -1541593.7834786985 322397.78459853085 2532286.8808510955 2140185.4406540547 -2171780.742478539 -870404.7879314076 1788682.44982882 -2538018.7780350694 1789216.875904971 -932604.3664899567 -524674.242794119 -173022.18036948764 -211248.46912876767 -1926112.4719128192 1579375.1748240977 1031418.7721451996 2549677.1798788514 259106.3386222536 -1037796.0821424244 1072230.908884841 -1509607.614101518 -800030.3657512219 -3434986.5338731366 -405609.2415288478 -857116.340335745 1560687.4759365467 -691351.70026738 -243751.116901397 -301958.01859808236 -1286019.6225235423 3956518.8182355394 1092062.1224743617 -701363.4453066732 418951.99717845535 413990.0423685461 168322.09734961766 1498272.3915404272 2339558.944395469 -277289.31020116905 -1114631.1075389145 -1305941.1449854898 -375476.3315901508 -3002351.6842973144 266969.1744748558
352555.89184060093 -1507477.2660120192 -554548.9249309241 1198641.178347367 -1172149.7153409927 -1646783.5186501166 985423.7773425787 -1019479.3203810889 -2443657.7767665368 2217503.837913093 -632019.4540120359 -1756836.3285671936 1629326.631277286 34025412.78246744 -995931.3420554625 -246358.89490064056 1326652.6637929685 -1665491.3725762686 -4160539.495332108 -1568138.550071007 -571791.4489182608 263088.16947890195 492322.5600975497 551435.0581193145 -1332269.0464408416 -1806228.5022085987 1241972.9401763736 206393.86326486815 1823076.473231998 -1233544.7774647602 1501299.9536094049 2653257.651673612 1089920.1400801702 912672.8424250692 1959397.7676371438 -2397747.8450597166 -624905.5775837749 917523.0765834196 -962813.9806892335 2596351.131861481 -1217060.8480069416 407125.68629380985 3714875.6739014983 -222690.93234362797 853140.3315646291 757666.9248832513 -627540.8604120467 1499121.9728715573 586388.5241509938 -845378.2928434985 -895546.4345620604 1229920.69014959 1494896.0053542058 2144686.805540304 -1597135.525846387 1067607.654122705 -1010252.3046544302 -1838554.1225370502 -2112899.710343501 849401.0402792554 69663.7950978541 -877561.7607742792 498680.41965615144 -565337.5919275188 -437296.1645886598 -2263511.8523066174 -726498.2072735919 1721295.885737013 -2890160.6151329414 2518019.694541643 41364.53759807468 2431002.868757969 -1202470.7959433247 -173853.6121093792 -271948.82442107785 -1717115.4494809688 1327608.4965165996 -1013333.1401908606 429496.32032455184 206004.23875022942 -2553218.2372431066 505741.3450927031 -483150.04187420226 3898920.8534120773 243600.58043563634 612361.2008883964 -15222.85556166093 -1433365.336019221 432669.21003206336 -393057.6438466398 172488.21203409348 1872035.0830239523 -3326873.512625068 3613612.6693326626 1351619.1226920227 1394670.983304054 -2317298.9691929487 536098.8404388345 478476.4095786976 -1471216.3236019926 236847.05245623304 -482283.2059508535 125965.58140354244 -2328023.559667561 -932216.0125364756 -2640287.0741441105 3790435.771479434 -1791969.004123828 1237640.648358195 -1143611.4916791252 -2341510.017352233 -1243937.8037449121 1675658.9846710647 731575.7830278933 3995435.311189444 1272566.1812770602 -575665.6953884511 3719000.184190123 31059.71797984525
-2117112.8108869465 204810.28327146443 1725998.4751402126 4250088.2927270485 -732499.2170051755 2568762.77177534 1173030.429512593 1550168.8347818977 1161194.4818404543 708586.1340362628 240323.8163302085 276885.5533150493 -1994222.8925990732 -995931.3420554625 31737195.84297677 -2925436.3149146233 -2429065.3024407695 1840850.1698625705 1755864.4997524074 3614448.026865549 -3392672.716486987 -1905719.2292936952 3998981.524839047 -1652990.507989642 -1743675.8756199135 -179634.098781559 -91573.69892668462 776982.2411604623 -689487.4808491571 1008888.0491948948 -1673688.2775538955 1390909.1746789033 80498.77948584087 -3609412.8913384457 -292869.4935493882 1376081.6974804508 2284999.194116063 2795234.4439296494 1271301.5577086532 -2936294.380138368 -1904269.6833570455 -660059.6557595287 4218322.037496677 -16711.907259366515 2643019.313949028 608043.6211640016 -1509354.953213403 2230938.226059443 -167592.18910516356 398997.3514880245 914286.8309652088 -1171866.336330708 -353410.5182074392 -1177004.584390427 1078768.3095798944 84590.11155831507 2267618.920032721 -2605453.3506789343 -915456.3763931259 3131371.534233577 -1125496.6223947625 -439411.65364256146 90559.13971974344 2069994.0278624352 1178857.1638820847 439188.3289656999 -2841384.3788429867 -323656.2091750649 2539299.701808669 -507372.9885222782 -173157.53871010858 1400574.6105573573 -1602421.3198540537 501721.7557454013 -2958592.925304684 -1741675.9668925924 1994470.601530066 -656919.342422514 -2699049.1767218336 -864991.9404212194 1174180.9208593469 -781016.525332071 3398012.3039388717 -283267.6480488794 -2150929.666222708 -1261715.1529240764 -1123289.9108436578 735430.778124255 -425044.30328838294 -577088.1413907679 -502712.36816039204 2967764.4781157533 1956416.9276815276 -248868.48721684935 330885.57595828944 -539197.3220045749 1093391.5093724811 2246438.2052456625 18110.442610237136 -699916.0821874763 266333.6280970066 1819313.8145966884 1029869.3468162613 -270910.3244966792 313540.9387167273 1305951.1472304354 1805200.1441193342 806119.9809796184 498801.15822823095 -309853.53055661544 518881.51145953813 899901.7762634116 1170020.559459358 168477.02107791463 -1311208.8707298948 -2408542.7786284946 811260.3571902581 2623074.181110488 62799.140383469596
-4686314.60314657 -259128.98490066553 1122069.888703944 48779.923275618436 -303884.60289181373 1778303.9064139465 -1657552.844092406 2829887.3773125573 -1712772.9314159958 2121485.6183518097 -2304015.5325470264 -118510.81181177772 1204644.8670216224 -246358.89490064056 -2925436.3149146233 33790673.37914631 67399.71646681566 -208861.89129810943 -698919.3378464615 -2282511.182050246 399560.4770868181 -162772.6268546966 -663595.158293894 964915.8366064365 -1347411.520510573 -1032470.0945845902 493672.9957954381 -1085218.7802533458 2340911.0787083525 480106.2019501288 684024.8009503921 -933162.7198040838 1067377.2854081688 -2300337.1473016655 691678.5248330742 652678.9151146682 -1840022.943367944 -1231196.904112299 -4785353.696350472 269366.56011135364 -1502729.926223854 120719.75975514419 438482.60683604865 1559730.2093948212 -2832601.052403698 679580.491325717 1204743.764905053 -531991.7136833648 -918513.2341462495 393307.5725114533 -1511859.8852513335 192751.48655929664 260983.30531160752 -1271589.3184528907 -646694.4564383869 -59754.48295674174 -1745618.0014450394 595701.0581063491 -98050.64545067467 -1098071.904992059 84004.93887242254 -1849818.3569297637 1271289.2320044758 -163338.85561660712 1111906.5326689947 1264999.6622518182 -1470341.4323511403 1066588.3404215854 -848080.8796214148 578913.1141187638 1987851.6078661948 -153538.9726212108 -2282880.16900082 -1602204.7256514179 1633872.665835255 1881246.6740442438 -3255381.8775818017 2306006.101390629 2948912.3081547027 3884710.587135169 -194529.6072591553 -1784159.928151986 -2821218.74259242 3098413.2126476164 -942972.5484878505 -1281547.6607492096 -563111.4887399137 -2914090.512856397 -1520718.3780914687 -1262503.0858275415 1585082.839052914 -3310519.9707487165 -2338650.58155785 -1735107.8684574023 615550.6566359712 -2563246.5145258163 -1156977.187633063 624029.2328839718 -2306064.4887115406 -758812.8038766072 1265697.1169292757 -979851.6543695348 -571093.3351556123 1271235.6756517831 948126.8206198076 942753.6225607672 -2563662.867162487 170783.4529614249 3297027.3085079533 1070374.5997994018 -2673018.179320737 -575586.8481412939 352559.6216209449 2066787.6098862404 -2767335.4842225756 -80566.06640658746 -919954.343195976 -1804238.4390400571 -325860.8937988383
-1148821.4963120345 -541884.1040919317 309688.98974120565 -1764678.1434592763 1038797.2806097574 -12530.638312460658 1900827.455485884 662816.2222962904 3750090.5936261765 -1359781.2970004051 167144.32298391333 1200416.0913927145 -503076.2088349174 1326652.6637929685 -2429065.3024407695 67399.71646681566 33471954.196214337 905551.6376489028 808194.2283289765 -2196677.5093908343 -827108.960880732 -1587041.9315900393 -243242.70319595365 2445489.030151358 -21649.525024799703 2240579.7209811844 -2152797.3674399527 -1448781.9006204342 1197881.0492312433 -279372.18504187895 -108565.72756329895 1618704.4660231955 1956505.110866029 431774.31001671765 489712.1080243769 -3336326.251520175 1384406.3240107277 -2045449.6538725346 -1109245.5181832116 -1383928.2010971478 -1035647.3330592145 1615460.5929892422 -2044448.2150469678 -421149.12754921487 137146.2678989413 94983.72538574509 -1545076.9790784428 831453.9169682036 -2121213.4899621946 -879885.5138710801 1994662.9903530087 -2065018.9279400704 -94623.53284353057 -2590843.8670762638 -1127559.6135197189 -674091.0286885296 -611586.5159843903 726221.5672184633 -3191808.0835239054 -9474.47518578394 -1058596.1423022165 -449561.1735084373 -1036605.8814014081 -2070344.3107720662 1428471.3649538597 -1133179.929410192 -2943156.0677263015 136801.66118277403 -336524.2786990493 1366432.6301138974 -3105812.4522681525 378189.27633733314 -2951123.3888095706 -1989017.2117787017 -1100709.5517152287 725407.6009242128 243224.30592145905 3307641.285863693 1074204.264724105 234195.96320220135 -524029.80416264065 1602780.4820576182 1767868.7005605141 436077.15812227124 -1944966.1191781547 -69077.70122075161 -450020.8619295895 1559824.1362448684 -514262.41206724604 2858603.113805117 3492590.616311867 -973813.8022750425 -579781.9828666404 -179611.7318778208 1892239.0111591495 537910.6454274612 596790.7752623732 -1399646.476087737 642141.4581725086 4719491.190098047 891338.5359504211 -2150383.4677280765 -1157073.8917932285 -136616.35804836042 -1258370.878200011 -2194967.5692760823 -1496870.2426915697 -823090.0656972663 -751604.7466798127 -1465341.755390137 1240673.1347870885 399387.60912397684 -265754.1639577306 454272.0434178125 -680487.0049548835 -948789.9143169689 -1155559.0482498466 647529.0434559052 -936073.3501367079
