33474131.82082155 -1393300.257082324 1959070.7578829401 1207160.8442763675 -2365705.4271000447 -435885.89635058073 -4648842.501008489 -2197670.4924352346 -101957.0987395892 945901.4624991134 -1701493.1511007152 2227619.90013249 -698465.5276848702 3510335.1561773857 -965924.0620996676 1548050.6802666693 -1835417.0308425885 1524455.5344457058 2811985.2420280357 2311645.3693957147 477963.92944966356 -17546.672565212786 2682584.2772982046 17046.55456909752 -1439105.8221172385 -4333293.736782432 -560885.070389163 2103865.6367040314 2091765.136173093 -419389.09641912644 1238431.6965243206 307726.67342576105 -342482.43241462385 -630207.6864059214 -351900.14905901195 -137870.7129058271 352424.54312467604 547436.9427004306 -1119750.182281827 -1833580.6399865435 888171.2268332508 758713.281864992 239796.567932751 1390677.6853982222 938357.6657982025 -748920.2120030993 862478.0950957885 -1501100.0194742172 2037544.8979555613 -1488862.6703928304 544026.9967360588 1995911.8226452451 -245768.1042181312 -2990284.396346633 1989179.6439210656 -690438.9127478697 195239.02383958263 1689315.5902414196 1364253.1080076427 4268747.788488818 939967.8973966618 623539.0158095392 -528217.976566765 -1432250.5727849018 -729096.2382587347 -813613.1244325767 -1127315.8701397039 -1434408.8888849313 518565.475517511 291491.9622066184 -713085.0373316222 2098525.3902837313 124837.71865933202 67427.85036462951 641405.8330834092 2185041.0563865085 -3166819.8173539024 466017.9463109721 -364589.37637099606 -1266283.4772644523 -1936329.159133865 770721.0266349594 -419497.5329784174 2993341.198852209 -232128.41289814087 -2349746.384113847 789134.294394264 1184587.1033401466 -699986.9066656688 2330957.4715826833 335570.8659502597 3395094.634632042 1605523.2312213846 917798.1221092361 -382251.22543027025 -340777.0306639209 -71021.94350841138 -2244538.4225335177 3944423.6081540794 1440372.4562130633
-1393300.257082324 33796529.39696235 -278968.65849345335 -1051365.89109053 1598108.3233251371 812540.8526381634 -1082095.0622153648 1775584.863361903 -1450061.19531815 1051966.678083689 1083538.4816096066 -1624166.290141657 1055824.9802460822 -1277673.1638517973 -2410118.03342975 1216008.6178414698 127069.86226003601 -2045165.0738178734 -349535.7569371484 870175.4435476246 67082.73922466075 -837068.1004627194 2620426.9169924324 798077.6091646688 1526676.8572699837 1094563.5132533035 1894282.741629565 -1637933.1671507068 -816823.9060628872 676455.7650860606 -2705729.200824166 2310664.024056269 -1243761.2137656377 2996276.0429953295 -1058576.2347231568 1296942.8263307146 -1429915.0092703134 -521208.1913211468 -288878.3784374972 -2143445.463904411 -15747.60494929681 -738077.0024068094 1257523.6638410466 2107275.8484572438 -676603.4922542294 -921722.6994561779 -1205916.041261777 -161738.28073764234 -2985196.072660015 513087.0221210033 -113191.2002361903 516532.56626808795 1308434.9863286337 594658.9450275336 576162.544235114 -171591.81927815237 1682527.4487235872 -220509.77113858188 524881.4553606405 875659.8423455737 1922546.2667885153 893750.7570461963 2726493.2331736037 -207133.1362404468 -1081814.2454840268 1362543.1149637382 -2922301.1241177064 -3740540.984848807 -160702.69344289543 1842492.3223463553 -1453206.9623673891 970303.918933615 -600208.6707002831 -1467447.8302203258 316822.4842177455 -497644.13467514666 766504.833208914 -3779371.000044739 220407.07680742565 -490790.35381827713 -1572601.0639811703 -1994080.6586284991 -2786023.773617981 -7423.003564008162 1547577.0422595392 -1825356.663715058 -744535.6837288262 330996.1330605988 -106208.57048360704 -16458.084429313778 44114.60379252407 949535.5365607063 -1023393.3950075423 878391.6469324726 4370280.510281913 1759804.3679134706 -2490594.9580450407 -634825.0838936422 -557699.2280351092 421644.8646875975
1959070.7578829401 -278968.65849345335 34226969.39064732 187601.9747477686 294442.0224463633 -2040808.1034339345 -3020078.7854146264 -1048388.2777306486 -4242008.700113396 -473599.61881738657 2111570.738379133 1414828.0002533237 1111242.1326957392 674489.559978084 3039395.432980254 -1058422.0122627649 -3034729.530036868 -633992.0687496727 3313962.0580976917 1271713.4913968595 -139553.96544880504 720858.4474066043 1198484.9027396876 -26273.080047747873 -538426.0926433189 -88053.49115379943 2097038.794261084 -1029854.0789618823 1722631.4171069274 1643479.3174190004 784794.9563406712 -74178.84495815846 -699301.0710756531 -1333758.6786383695 -3764597.2436160515 1269280.0519805131 -1160121.6970611643 -1856919.625034703 441420.73512779165 -461523.94963910285 -729149.1698907012 887552.3421836244 -619858.0087578564 -204702.01034594412 -1956781.5151156369 -11225.695029596756 -3729051.312098131 -2589855.662333994 916115.8146981415 559315.9632211445 508232.04496297 1990105.801088034 -4673068.223126585 1670368.3981166142 -122318.5333884093 -1475471.5565632018 -3039476.4246142497 2200468.1239526668 -652751.8037777902 352173.56985551945 697079.2023845741 1954206.8470842429 -948570.0381600909 2215774.6418914776 -459158.4665959603 123947.36507802599 612690.2175582751 2142151.0344855576 1297644.374495536 1904065.2851635225 1778999.9481861715 2767746.6750182966 1745484.2626412143 4029150.5492105233 2900565.592757725 927718.3563908929 -839354.8199773298 -1570833.483290023 -116981.54747693619 1801641.2384874052 -3575081.4378417623 -1068311.8748979236 -315150.3188122345 78863.66752415668 1629459.8943319041 351358.67048418924 1067798.5871084447 2149269.846548615 641786.0319304109 -984426.8021566764 -2888804.1370225414 -1979153.370522951 -2832436.8653280307 -3111905.488962511 3657915.481803791 -172473.49387878735 352130.17446920066 -4919650.979391106 1095521.847715446 1559207.4727928871
1207160.8442763675 -1051365.89109053 187601.9747477686 33203177.595582973 1998615.076346773 -2872164.2868040823 3862803.357890004 1168089.6532726395 -230728.04402613864 -295925.82802084705 -1720226.1921223702 -2002571.8584665882 856057.0450451841 -870598.3628406374 2800345.7776626037 -569102.3247057222 -1373211.138924197 -3742523.5043331333 -717517.0028058852 -424010.20019687375 1910709.5055362983 -1178234.882124385 620217.8048013098 499095.12831010076 1374075.4982418504 -2060703.4090874796 -2946560.0619007675 3273979.5381074436 22006.239154451956 969198.5273326719 1860593.009559767 1403381.2012562868 -4393895.568383949 -68866.79240346752 -3769976.683791788 -1425561.3781445157 -2036049.5656573102 -323952.7269283881 841323.4173021369 -1669430.8848584443 250702.33382333547 -2331841.1664024615 1846368.7204154206 -746704.4433129028 -5035037.869928554 1493927.0896292704 2353448.2538239807 221430.15104625886 2085754.6632514899 -451633.15604324685 1789284.3590636372 -31438.945561533183 2954610.2547369623 2255430.763614473 -1582564.243485452 -1301452.9565592008 -129180.4844591272 253313.88018590937 1004888.6292689928 -1236244.5214060424 -2975158.9053769917 -536354.4113587161 -86380.22634963505 -1828686.2812672444 1611915.0684982038 4255485.175854343 -1844791.1566151562 -333864.67361475766 449619.77099120774 851130.6275315954 374285.15804819297 823005.1498471303 1346790.7183755485 931640.675354372 -714111.2661372165 -207750.3494502741 -2637096.171021394 1575511.4816753494 -518195.88334201166 -1965879.515068753 2525044.9928146563 23600.355758890088 724626.8530038657 4889805.114457765 1124366.1139838025 -1444505.3568292432 -832503.6330801225 -2980201.1075487966 -448913.8512026132 138215.37842963947 -854443.1204614328 682713.9574306826 529171.8312422525 1179233.6745579166 -801706.3285481321 -405354.1249853632 295469.76028821396 2431864.5081184558 1976315.289481543 -1415246.9610644171
-2365705.4271000447 1598108.3233251371 294442.0224463633 1998615.076346773 30413405.258262888 285343.932863602 2285899.587588649 939212.8084520338 894298.3633138258 -2179456.238634657 -3201975.6654763543 -1462031.625623528 2038328.303170996 17534.681265200034 -489538.91520821035 565039.6090161599 -943912.6675897071 -1705095.6292385436 891181.5137981476 2374861.8204294234 759613.6109626873 -56879.47729591691 -2095674.9341111279 2032263.8769365451 -2082549.993865663 1253889.3664672375 -351688.82700978924 755971.4548564146 -276651.19143405196 1478567.4943879817 -783913.9752362096 -843236.5301974117 -5270184.476401295 -631922.6937408505 118721.46977646906 224975.692816122 -2764100.1152159567 358194.2779185319 2983707.5393445967 851732.6778220943 1335900.2464630904 3170564.233536103 1276744.4304881457 1604002.3619638688 -902104.3781968672 715919.1618731513 1537396.0579968155 -1303815.6500319317 -1120380.4873766066 -512715.91069237003 -152110.1027874343 1094614.966751856 -3689031.005011411 -929241.9013802063 2154284.93118403 2304577.982426111 1419567.2695976542 3048158.6674864227 4355365.863566873 -2179025.404374233 3504212.499041263 1532827.8938470157 -3463933.9555648854 434378.35322994745 -1002956.9810103299 -2117010.801497288 -352902.58212047484 -1041309.1269156195 -971830.4974665495 -3242766.9293836835 1680645.475778519 1343165.2246382257 1039975.8810050519 1288158.435661869 -380914.1612110863 -143242.96732231346 4010097.2613531495 -311397.3501237533 -1852531.1991219835 -2161555.288583007 1717350.5931300153 -383732.3616651553 -3288144.1473831087 1316476.9993983037 2365594.900922102 -703217.4183010523 -1569847.0912382172 -824657.8375964927 4102758.4298045402 -1643026.116272128 130177.00607375133 301483.61105700856 -1010429.1557056649 -1720102.7781953786 1473910.6424046652 -220298.01610216705 -989720.1416840162 93288.55320644095 -2031273.6803427117 1401507.9386106536
-435885.89635058073 812540.8526381634 -2040808.1034339345 -2872164.2868040823 285343.932863602 32820566.4845261 -4260168.39249626 -1861436.1735094876 3263506.4219142837 -269273.94260929583 -173259.3251833981 2737847.6589324046 1098300.4966256523 214209.89646594948 -1229817.3641443143 1517455.5608773786 -965030.3818052787 2140465.7306537833 -1136628.8745936216 1423803.4153356836 2384254.0729220365 488445.8344260339 -3045441.8700390668 117176.99561259091 -319549.6001432075 1470510.6958403692 407633.40155151347 -799086.2337743726 3303641.806849019 -2847308.9323796635 1045399.3768977725 1031720.9721660474 536867.2886080003 712455.6585756316 1810731.5672768722 -1254574.0232906707 1225565.78221214 403797.19999566395 193665.618333829 -44405.53425273535 1528584.1165268053 -691835.7891339534 -2799620.563633764 -697685.3681451856 240123.47588890896 1438460.6769896855 -1642934.640578832 -1852544.3129775545 2942976.101819715 -815462.0180110834 2984257.466843438 -1342022.2178479345 1299478.5303467175 -615836.0388198321 -2371592.683617049 4021832.3728718935 2912941.421254383 -3678168.9211668605 -1488588.888912617 98524.6148365422 2224317.0180426403 3460104.728314712 1258923.2064761026 1147569.8135019734 996763.5047980023 -999225.9337557004 2140804.604705525 -2787826.065542146 -391322.8517322126 2751267.79058648 1586579.035530498 2897110.175786696 -782913.4780118691 713532.612474353 1237960.1838782523 3106383.426657735 665486.1851249888 -3814325.774928227 -1297053.5851505005 1861677.5824595615 -1068341.6667172108 -514053.7190487179 4311924.364901916 -897632.7918458668 2760041.9842167962 -633166.0820360163 223794.7339583813 -2882625.9889775002 -417066.4930995063 -2977374.219276627 -591677.4856089923 1040677.793641498 -1389572.48429158 -2992573.504196548 701474.7399111085 -293040.6959468416 -1464408.451683648 -1968889.4273253623 1378229.7994111285 2196778.2138054366
-4648842.501008489 -1082095.0622153648 -3020078.7854146264 3862803.357890004 2285899.587588649 -4260168.39249626 33498099.313010633 2820802.617860541 -991560.8388553355 -911310.3464300215 -943538.4889760052 649555.5793469052 3298815.5470246403 1118110.9872074032 1604309.6970423274 1575460.5507150183 -1447261.8387729577 -986866.7742508248 479482.5444950446 -2595610.696426327 383189.3086244442 481008.8190528862 -1410961.0614453182 1658555.980092757 -1431102.9336605254 246936.09132962924 -1743178.7249061635 -1926211.2921798348 1307549.1441486615 454944.671955005 -184148.8558989268 -1126920.3121912202 2325748.494301678 -450772.87879327947 530079.701143683 1482691.2439958209 -848491.7119116301 -338261.2078530241 789582.6000449497 2875462.0086448146 3964528.864066259 -681216.3033012354 -2253486.1464792592 -4238455.824975194 -2544372.4492684826 1518385.2431502405 547981.5436143597 1016216.0836148456 -2140650.2095079497 -4096955.5434230487 -553542.974977208 -2592761.2539673015 -5036855.806232955 -776326.1844773883 1784133.8875915525 1899832.4390877576 -1229245.9792160643 2434617.3533037286 -1934692.907532952 -1743134.1902688043 -366730.3769482648 -1249077.9899643473 -1117348.8019741252 -1312465.5838076617 -2104896.492366494 455138.1067987267 14170.39089900761 2773213.4697914016 1905728.6343818577 -2554991.676247439 -2607244.0777586526 -2707945.71673451 528428.842211775 842615.1703298098 -1042525.3748520452 -222153.79057968353 -2774009.3074930855 316597.5062737054 254714.5416221495 -643690.4351003004 -494886.0242559873 700926.277552311 1576495.8071549288 886731.5759214654 -3716198.999645078 -3516464.2223219206 -4611215.568227182 -1891164.2353315195 1951019.371354244 3236712.0390101997 1686409.5924651693 3096924.753203085 894045.8364385956 436460.26163550705 -88286.79589079563 -100756.72154364652 2540388.2217500946 815198.6480583269 -794837.4127352587 -1599332.1926794176
-2197670.4924352346 1775584.863361903 -1048388.2777306486 1168089.6532726395 939212.8084520338 -1861436.1735094876 2820802.617860541 32110511.713455565 -396934.37480747077 -1551661.7974860438 305694.13452448836 -174565.37055199413 2895236.9092761227 1348402.2344427258 -2205328.8522657393 -394073.39576327015 -2572975.254199786 -1763211.4081357927 -1893490.5964121786 1166447.434936953 -464532.00298328866 1014088.1143966011 873246.6552352045 302189.9524612699 -552655.22649531 122781.79359491418 -2213859.2814448625 -359680.04825305124 -3789092.1578228325 -448403.1206213893 43600.865461980575 -1097158.2796192034 -900236.7008979428 -839499.2457488939 47120.246090017055 3770293.307402456 -1040518.5199947883 -1474665.8907962516 3848737.2329460196 -649860.9613657707 1146231.124993761 1299306.33801604 -130388.34709810828 -1565159.4181419266 -3098815.7627362064 1064771.5471323612 43659.91540103528 3821366.073097915 -226109.3834409297 1718420.2383120304 -635341.1553753477 -1179071.1306383067 60504.88367728772 2021981.8978471085 1158672.1084917372 34648.78448869083 1852694.8310921583 -2572215.5969285304 -1247524.6335672266 3620339.2890744763 31575.38882492835 -1240632.447831063 2103271.4691899205 2392784.7798225004 -873879.2934992616 -842569.0617128509 -5497641.671900532 -590472.3509591533 490607.654867719 355420.7057863641 1108739.0142965622 172413.94734393922 3139455.3734206473 -652681.1142814683 432571.48849445663 2161384.107917492 1488165.7376056388 -1859963.565247194 1056689.6579683519 -1584378.3600697748 2498323.038574981 -99615.66690963937 -1160096.878671399 1256493.9474109423 1429749.3981534976 1445227.2485144376 3086709.7976521403 511478.33597163163 -100938.14089946517 611255.1866992913 1691258.9284060537 702769.4021473174 -2421886.30560408 -176048.46720231767 1462091.7090249576 -550791.145550096 -2145823.829972498 2097031.2913302362 1321745.4371228355 904802.3991619714
-101957.0987395892 -1450061.19531815 -4242008.700113396 -230728.04402613864 894298.3633138258 3263506.4219142837 -991560.8388553355 -396934.37480747077 31516326.549369488 802246.7178257145 2143643.7924178117 -881604.255965488 -3354893.3604864976 1899800.078501565 -914808.726032718 944597.7473692239 -205453.6597478035 2231205.476525377 -2538027.8251675502 2136683.8391505247 1769623.3875302577 672045.4885107516 -77983.24221669153 662405.0627503527 3422873.8025917644 1835855.5594544592 -2414015.9445453933 -718713.8928232401 -2220309.7741241343 522315.34642944206 1101049.5827295547 -229114.15796702437 -1691355.8984462854 520737.12452541 1149453.5316512918 1043767.7487397217 249486.924453109 -3137752.5862243413 364248.06348562444 100611.6764879011 -232325.37240803137 -486349.1068265675 -708851.9433481419 -501061.01018762763 -875482.2235625753 1650471.1741931743 2321249.049760313 1455558.2047947946 -676359.1914488594 3460617.853160429 132315.05338847951 -1441303.084170452 -846576.2128778079 1611576.9547123238 -2264586.3700950053 1063632.786449309 -405061.8901652394 1306132.7580198885 1861816.762581727 -687473.6002958454 2026065.3180638421 1953713.8071533488 -489124.51745460025 -736953.7511087429 1261346.6134093974 -511817.4986556214 -209669.7149224181 29245.529395245045 448395.31133944873 1474760.816888383 1969588.6089021552 43832.80707563787 -3025068.2415297297 -888392.9343987684 464834.5481746366 -491444.51057997794 521127.733158304 -1070925.1971479522 586993.180996278 -2505498.019583511 -911517.2504501577 1159274.0222474134 221828.87622606865 -1051341.4514944402 -964571.6071413042 -708037.5937257016 -3597800.89950704 -2759771.600801676 -1211007.384980439 -1245516.9398180998 558145.5729813004 2845057.8996928767 -89080.72310720662 887434.372691655 469630.5633908388 3362399.282738885 -2853744.5847964534 4336821.55920269 3456918.186619781 2482539.816923473
945901.4624991134 1051966.678083689 -473599.61881738657 -295925.82802084705 -2179456.238634657 -269273.94260929583 -911310.3464300215 -1551661.7974860438 802246.7178257145 35415229.82525786 419869.4066529924 -1923239.941444717 1826202.658818447 -3153310.224487394 -2240989.395886976 1788639.2884155728 -836264.1627671378 -1213540.9908955873 -910909.961713845 1527.113177231308 1582466.892426639 -651601.2597930317 3085577.121318249 -607697.2142426544 611550.951299744 -967819.8400608314 845868.3458178715 951129.1217572716 -1804540.2768723262 2474957.79878362 898105.710634 -870242.7793991615 -198477.06080737623 -1824776.0503652247 967384.5166775096 -262251.0981040809 816559.0237156084 -2495388.7894283165 -2277427.0023185736 -3514374.5476191877 2208603.411767263 2745153.180433989 543864.0697481632 -477067.6080407488 1384896.5652398772 2673566.6576267835 -2011586.6476618825 -758578.345799994 -2117554.2509871097 3023009.820386388 1989007.769200338 275363.60561021644 3908391.5290249437 209599.13596946996 231436.9957640638 -2715080.516116769 -379248.484371303 -1258110.1246115793 -928487.7956855604 367598.0808323007 2020964.749160264 454805.16069749166 2339950.2118475833 -1342648.3010623509 2047896.660288782 -628007.822762252 -2768876.325701927 253487.42144699197 1072867.0114852698 -403322.9303521762 832165.09035344 -746955.7641488157 -2010098.318255168 802854.2410082294 2463878.4401112846 81394.85796388188 -1068120.6630986233 -2284845.581467394 -1586808.794710255 -375727.59582307126 -1739382.5349008646 -242809.3311548498 -3178709.6562263337 -439507.31327106594 -352673.1105929158 493738.29960887774 1758691.5638482315 2084793.8430905754 -242854.30305620923 3125407.1467681513 -756430.4629780845 554838.2768443043 -2593516.340962691 2417907.8852500673 -1739632.4434901495 4025237.3243564223 1009597.7681291612 320074.9223304261 -2675114.2136550075 -4188905.821721546
-1701493.1511007152 1083538.4816096066 2111570.738379133 -1720226.1921223702 -3201975.6654763543 -173259.3251833981 -943538.4889760052 305694.13452448836 2143643.7924178117 419869.4066529924 33447885.033721816 1019234.136011702 1830872.6520618459 -1374216.7524444358 -1710733.820043451 1478646.9035793496 1544119.1887264813 3571917.8772838856 229391.1623587219 156963.2292808626 -1397442.0311534835 -1391256.1305578044 -3736.25741132056 -1428335.4835008937 -221592.7486025068 -1638305.6260825265 -852807.6588963111 930525.3385637053 -1265225.7785243292 -3568775.264554502 -592414.4642891114 -3514818.1786990175 -1218044.2147201288 -992441.5029141258 -139945.91320760062 1003873.7788094174 2456356.4629692025 -1449809.9652200425 216120.78913241727 366847.6883889404 1886158.3844296834 -404389.9968307374 -1884622.463168009 764026.718724069 477577.26234041963 -1921870.9799305422 -410173.06362884433 -256726.5455130108 144422.99687275576 768622.2337785102 989128.347028754 605211.5800253814 -923590.9667159078 1740081.4091012306 1723277.737557409 -2420151.170320071 2554574.8291343576 -939979.463073721 49100.42810009769 -871713.0814336978 314358.3317790551 -914815.239535276 2434830.049630721 1345543.6366315621 1139474.8160921051 -1183953.44718517 -3259394.189501375 -681864.2034224729 883302.033461997 2763045.2576651736 609496.3349123376 -2844801.9660322536 -217561.95812324912 -99772.95980904387 180014.80419618823 -422208.59234394284 3718953.2001078306 523785.7233340697 2128062.4598548715 724937.0763756845 1037339.8809092317 42319.53899748018 -1543325.4383941966 -1837517.8633078171 -103615.86499198756 441681.77935011516 -88464.18064356674 994946.5949105008 -2061357.5244168476 -1087423.1348234038 -512510.2848343949 613413.3784352712 -1047548.1596495069 661051.2927028426 -1373624.4138854293 2689582.5467407573 3525286.377619142 585896.7920845067 -1246165.5902224695 1259009.9586137894
2227619.90013249 -1624166.290141657 1414828.0002533237 -2002571.8584665882 -1462031.625623528 2737847.6589324046 649555.5793469052 -174565.37055199413 -881604.255965488 -1923239.941444717 1019234.136011702 32224596.39836103 917045.0772705952 -1053020.5004937323 2851143.9602257214 -1790771.814868462 958710.3841107073 -3174384.504054152 1426542.300669585 -395897.1004814474 2619080.188925428 -482976.4374849483 -242879.63588452947 -707677.2615596604 -1989261.0655004932 -1264584.0052100613 9242.876118780276 -220988.18169624338 -1956638.1024054957 -3150590.6309096953 -961199.297926072 -1686672.4712539152 2215365.9433070663 -1000638.576906589 -2849018.22624458 1589504.4971598554 4801311.173028191 2020748.3726186748 189338.33533291443 774135.4221641058 1513487.230653608 1233385.312099474 -699918.0918736103 56498.068578852806 -638828.1951183822 1685045.0448441012 -1384922.0762755054 1072024.096709767 -51026.52682551227 -1503069.164899923 -1663376.2018983252 664172.412187007 -1428537.3728020093 -1265818.5530897726 2035137.9589479186 -2347413.386341825 2072777.114897849 -1687582.1209174248 -2560205.816144372 1843146.638029567 -768465.4477960988 99752.83065532356 110893.6619897364 1075490.8658724725 -703642.9144271861 -2098164.567071197 -440720.7849549033 3034847.7922785706 1677469.0591294297 1647127.6153567457 -1269252.488116008 1979491.5588657062 129774.85164302199 506479.03756724426 409722.41013851773 -1142872.1433180738 -306440.85235955374 -2076885.7449074166 780702.7844643695 -191005.3936714156 612311.3675727268 1826803.2704143762 1967825.0330785145 3200423.4811058156 342647.254284492 -194332.86137208523 1283677.016236271 991724.1098874138 508387.49520676007 192853.03858561712 -279672.4725869218 -822517.9989313517 1097766.1035514819 1935828.7053109715 -1267083.1794270624 -1746721.4440837393 668467.804849916 -1411475.2481474367 349840.95360321086 -577503.3353891971
-698465.5276848702 1055824.9802460822 1111242.1326957392 856057.0450451841 2038328.303170996 1098300.4966256523 3298815.5470246403 2895236.9092761227 -3354893.3604864976 1826202.658818447 1830872.6520618459 917045.0772705952 34836947.82821557 -239038.064947982 1845564.5553300895 547447.9435689504 1134835.423279034 537642.8407505179 -1030835.826235716 -1135509.3029076497 4180683.899257818 -379143.44226237386 -1254242.9910764508 -527543.9832127752 -303643.72247915895 -21127.783482328407 16883.479910573325 -871223.6376382057 -2111419.713092224 438691.4569716902 -53481.061179130025 -1141366.3341212636 -834947.8708682674 -613845.7372935714 1307149.8693773856 -2500139.078703913 -389463.4149658818 -821615.2153163919 1404572.6484556743 762810.81586338 2633954.100176676 -3086203.9125057887 -769732.8532109988 552747.7751563919 -3041864.7064429806 649957.8679536695 661349.5590028575 530750.388076557 -1640873.466800088 -555220.4242778418 530517.6525208238 -804789.5978231245 -33689.80315342471 218514.61621135238 -2505987.1423135037 -519410.3508192336 -542167.4001419295 -2769056.053895125 -2691384.8182152696 -788728.595121993 -547262.5359530458 -1883896.7825609648 -1569463.4645732965 214047.19885280874 -1242330.9185373492 -1492054.9891863575 933836.7138400704 -639101.2512554062 2838151.839429319 1494679.161564102 1495748.7722884568 1495956.855835902 1092376.8273038918 1327954.1046549175 1347568.8687133116 -2416878.611712675 -1222068.8256548124 158818.97083014596 2546217.8698793263 -87237.74392867804 1015954.605806414 266621.3381076379 -2229856.1703211446 -610305.040885901 1220494.251612025 -857881.0309328953 129636.65305426402 2044179.7057874042 1870350.0472423676 2598112.1601300654 -395776.15216106316 438836.05953767494 -1209822.9427632547 425624.61087552283 3051513.8792058076 -404707.6665162244 672203.3134377543 -1149585.856728967 -3497354.145077746 -84628.3850473959
3510335.1561773857 -1277673.1638517973 674489.559978084 -870598.3628406374 17534.681265200034 214209.89646594948 1118110.9872074032 1348402.2344427258 1899800.078501565 -3153310.224487394 -1374216.7524444358 -1053020.5004937323 -239038.064947982 32856025.26276381 -96160.73092091765 201994.56636151543 -662230.7967957533 749904.32909109 2817298.571451831 -805608.3100145947 1089537.1558697396 2409609.300617275 845167.0423479516 984464.0343015996 -1685552.733149946 -1493669.265644061 230893.3543000716 -141367.34327765743 63857.04748423402 -2857029.7791290362 521837.31755929784 4009320.5602749214 -1579209.2223506023 -2811928.5349074635 -636213.8715417588 -175961.8684391601 -2546098.3506522537 -3799036.5833384744 2194458.6938754823 282385.1532496569 1130435.4501435212 503409.62791017396 -607620.855967729 1031361.27689618 -1143716.664073583 88849.01606880869 526358.1734530595 -685164.1078782305 585392.8978041186 -2101458.0962986816 -510016.7639408537 410358.2267295727 -1432179.8949947488 -334233.2703679424 -419634.2414757247 2957482.615476377 1432232.076035406 -2687942.1592120593 1127894.8507923274 4423477.898732832 1125268.7586403529 963628.0807596734 206212.29212217222 -819720.3155090739 2406839.002034926 1242143.4960297926 -1003575.6712533378 -1706808.518033652 -399844.6613410539 2334473.7954293354 1738673.281166366 1201356.236730467 643372.9968423242 1248544.828767497 323491.342962657 791263.2021761825 -3136204.341017058 -2168598.6075115935 750735.3429454429 3863000.3963428643 314665.165281441 -1091157.6703427858 -1094438.94086246 -1183914.232917981 -2344527.1321220784 1677567.0102497088 -2054183.6326027787 1587977.8926011834 -1237231.1656500055 -655438.026228444 1763978.7455931252 569421.5524316888 2493240.9693720364 -2811282.3957646834 3640080.609207841 2969185.3804360568 2487422.161516817 302350.3237071706 1020028.297932186 2534863.0634707627
-965924.0620996676 -2410118.03342975 3039395.432980254 2800345.7776626037 -489538.91520821035 -1229817.3641443143 1604309.6970423274 -2205328.8522657393 -914808.726032718 -2240989.395886976 -1710733.820043451 2851143.9602257214 1845564.5553300895 -96160.73092091765 31291028.815443136 -858658.763430779 -1548136.5758810686 -1107358.2060942624 1909027.814712402 1226015.9794602827 2607519.277474479 -177880.14319657398 -2346268.30771047 634874.8668958995 -277592.4954347843 -1134490.8426778922 -3769911.173286482 476357.93279271584 -1063514.8319338153 -449971.48175015615 -1704604.458756438 1909670.3336533783 2893978.8449617373 -558958.0028445302 -3860415.6890978836 -2974579.1502732118 185587.4804262309 185133.8970518857 -691044.1188620378 2346560.8841232886 -3075750.1205173163 57907.72434421297 -2901055.2219946147 104107.68376000586 -3072418.257203978 -2565128.5206346777 -1120636.9182197 -2432792.2988238693 -32467.723292725692 -578707.137686704 -511158.12409797584 1716289.7061629973 506061.0878119671 3206744.317032231 -1120809.487277476 -1278150.0521178185 -699.529772143232 1806076.0041860307 3946208.745892389 2548790.1232077014 314522.4427452787 1575977.4809803967 1840607.3968356673 -222612.69151372407 -1425933.1634681213 1385814.991901724 -340960.8892855966 -1584427.9659905739 1296726.5713623115 -39379.298821066004 -598727.737008092 2651161.9964170954 2396475.8374203336 1503746.1733631236 -2443794.4611269156 -3922268.9285661327 2227515.4090260738 451011.5104695485 1706987.3883262316 546799.9877475593 -1599612.646354107 -2193336.2089058305 168538.92647609266 2330951.8971446254 -400681.0077268974 -2319016.6686865934 -2670149.992139146 20251.23952231043 648994.7923018391 947218.8877039592 -1923336.0872238392 1953683.8648978728 2264249.5603106203 509696.7406281578 -197716.83619770285 -926305.9253971799 1957943.1276260873 2376961.241604783 -1622699.0462128706 -2099977.6842424106
1548050.6802666693 1216008.6178414698 -1058422.0122627649 -569102.3247057222 565039.6090161599 1517455.5608773786 1575460.5507150183 -394073.39576327015 944597.7473692239 1788639.2884155728 1478646.9035793496 -1790771.814868462 547447.9435689504 201994.56636151543 -858658.763430779 33114935.682916462 18579.735021838133 3681983.9519222663 -695748.4130381359 3889893.0567598026 442390.2244665794 260430.77010945708 -509287.8862860111 -672798.5965731584 882427.4416626424 261500.6026337124 -268078.29900048097 2029952.9953588839 -1615604.854694702 538312.1418244019 3127553.7774669034 612767.072109027 3092631.7854522755 844717.1413145389 -647862.6855330904 -1453529.9279919039 572932.1741945479 -1028268.0835291598 1852318.4554074227 -1448107.1510241358 -1327573.5110506376 -2667795.2996588843 -686694.9142662534 -2428196.2332048467 2359089.0070451843 1528808.434561404 3105894.7170686773 -2155493.1531692226 2398719.4585129498 -1234546.6350726828 297856.98995690676 236182.25563922635 1510143.371196398 490241.4344325914 -1089807.0740296873 1902868.5609250814 772230.8513911086 2883455.730325713 -1059641.8024116557 1088188.5392339549 -565983.4086545928 128695.65522537188 1799643.019521696 776559.3001216277 -528383.1734178355 2228493.956422628 -2427201.0793033694 237740.28076173554 -4566196.703334051 -300183.5254283567 1959555.3306762795 -344303.7732330723 364047.40443002834 4751589.860184727 449421.4643987315 -3174163.8693814403 -1764671.2906587648 875470.3460433352 -853866.9648173943 155914.23175529626 403773.2183219926 -4748075.874452284 110016.97633879492 -976797.8934412707 -368445.54872188723 1045723.991829489 956496.7316134345 2925008.6999893975 1293608.0075512128 899661.2470654964 -152018.24520079413 1894131.3960668743 1344167.4449687474 2866990.851823956 -374652.7080315306 2188008.9234710783 527387.957656583 -2358396.2147127595 -764408.1470316494 807179.7917992574
-1835417.0308425885 127069.86226003601 -3034729.530036868 -1373211.138924197 -943912.6675897071 -965030.3818052787 -1447261.8387729577 -2572975.254199786 -205453.6597478035 -836264.1627671378 1544119.1887264813 958710.3841107073 1134835.423279034 -662230.7967957533 -1548136.5758810686 18579.735021838133 32148949.67858512 4951434.174919734 880640.0287702836 -145345.7722860819 591404.0234727411 -1241721.6796651746 -652896.4636796886 -188592.5143364045 457603.3574153149 -362392.109616813 -53343.910029697465 -1435891.687310676 -893688.2923758 -2196093.125788201 1278787.538074573 2298291.5002793823 1275031.5428735632 1237863.20621702 -1849037.1512452178 1877714.909980191 -86283.59882466489 347238.8485334141 -2036552.386077643 -239588.74597003474 -1141655.0693891656 -710930.4470156654 -242155.27204473884 3752023.6058239047 -39462.60457368172 1261630.0423494577 59511.7443819809 2040430.1135752946 -2361803.573916783 -475417.83519305 687936.924854919 1878903.110935808 -1847862.9731946369 1658149.6213508523 -1038511.2083198314 993519.8539250144 4837912.999811718 -2276692.6143277064 445889.1937218415 1060214.4184186072 1550972.3876518297 2363847.6169082336 -1620828.6642372468 -3299535.272712352 -3757935.1358769326 -1663297.1504058328 -1856087.0116657955 3155064.3428754555 -1517145.0193856324 637102.9560278238 -251757.286740342 1790769.9245223184 549552.8538925321 3455412.6442098725 1065363.421890989 -1586236.4288876622 541593.3729497285 -403400.0617343098 -1755785.343370764 -2036241.652055649 -587469.3806998023 1602383.4227951234 151702.64454216172 274016.2274715128 128847.95594750773 -2590942.4785379013 1342120.7141134199 -2814725.1474095955 344801.59224605147 273885.27277126495 1733140.1333492834 -7344035.460643623 -1767784.806448263 -1854799.3048523902 2581549.0515581975 -3128301.292113277 -5995997.9783116495 -1098864.7574168087 -4398016.264470754 3914479.107069467
1524455.5344457058 -2045165.0738178734 -633992.0687496727 -3742523.5043331333 -1705095.6292385436 2140465.7306537833 -986866.7742508248 -1763211.4081357927 2231205.476525377 -1213540.9908955873 3571917.8772838856 -3174384.504054152 537642.8407505179 749904.32909109 -1107358.2060942624 3681983.9519222663 4951434.174919734 32937493.089788113 -928489.9289994536 1562666.1996058081 540841.9370307305 -1509014.3987076846 1456505.8976126786 -1113966.8044915814 60834.62871596407 -1771228.0111749806 -781468.1572173953 -589770.7734791765 989518.5847845823 -2866669.2721860562 -819018.1370154176 -1872638.5912083841 2509634.05096644 1475261.4948728795 -1143137.376674679 -2062576.1484268047 1982030.4422959893 2338250.415012387 876067.7845424878 1056836.691091104 765152.2910790611 3937528.498009569 -4097175.4467792716 -3198968.962228436 1605794.4946832245 317730.25708155957 -2075940.749762261 -1831266.04340647 634065.1535233422 919718.9238957815 1012498.4946717059 -434192.27804592304 166845.489718907 101733.3920001744 -1158795.089083083 2502301.6020500083 1274888.7521672447 -3089985.4329365473 -1690786.6939553677 1212599.9831451841 1887180.2316623228 -3129133.8118597902 -105374.39067916777 -1827056.8521998809 101395.61548088003 -187515.92359071088 2188909.0876373406 422338.8026882772 -1548795.2366524567 2200553.049452338 401108.87522519875 255465.54854354533 -149824.40939293566 2278911.3964132587 1059934.566774466 -2461604.1954511986 23829.90758139094 2915054.348798263 601653.7413719085 2553088.1961594424 -482630.72703693743 2091484.7023222407 4265999.23033318 -1546060.1336914585 800481.108920458 -123718.16255638604 -578488.6952745388 -399020.68198010797 -1065223.0795676133 456683.49182927643 3110210.678752346 -1100202.4246131675 -155659.38193806738 1184691.0938500639 1146644.021750602 859172.2361247657 -3662419.005259876 1893182.1232208842 -3607929.6995545225 1926916.1366826359
2811985.2420280357 -349535.7569371484 3313962.0580976917 -717517.0028058852 891181.5137981476 -1136628.8745936216 479482.5444950446 -1893490.5964121786 -2538027.8251675502 -910909.961713845 229391.1623587219 1426542.300669585 -1030835.826235716 2817298.571451831 1909027.814712402 -695748.4130381359 880640.0287702836 -928489.9289994536 32457981.960389946 528643.3933969828 1793676.921433184 985081.3326839202 -118183.29589936002 -797709.7232849984 -619376.0644669067 593785.1536325503 1550848.5183857817 -1443330.4178376787 -868175.1677300194 -1349476.7352340845 -3115603.9472739757 327862.82355022 224671.91435716534 -413675.0911926996 -2873438.0889882557 -1730612.504734204 -1271935.3223457206 -106594.79184394695 -1176313.6071852874 382243.23039965535 1415460.300171274 -1013740.3460710404 1745243.3471848296 -3010579.2050185027 -2047849.49887762 1138286.1629383536 -1762945.2795655269 -1064462.580210058 3624379.401604846 -4833313.197478598 -323490.2933298148 276268.74427149014 3700836.2680964293 2073162.3522157718 -2745668.2281658957 3069143.079190443 1646844.3321928617 -3141710.9653835837 1452703.1609753524 -1889043.8038760328 1219063.6181391915 698857.0831144545 -2230603.458855901 -130450.7571356862 -941764.9548380058 1031673.8432829864 1514916.1472280975 -429176.5970421542 -660684.5061663731 3421094.5910227983 -679788.2643067627 2699372.5175628415 1708917.919303226 1608838.4259257768 -2720471.373973967 -3457748.487505163 2754787.5565450527 -857822.8277695744 -175588.0574928157 -811253.8552168406 3365455.006095727 757842.1897791815 4333348.851107459 -411715.32639017905 -3685220.584614779 1311294.2573334337 1891321.3466040131 755130.4483856709 608487.615408514 -91079.93311925669 -2054341.8310261997 -660380.5896669392 -574252.9505591271 207838.90928520897 -1219401.4582438965 -2699317.983600798 2216082.70447474 -1059297.6031945343 -546470.4454263159 -4397950.535564948
2311645.3693957147 870175.4435476246 1271713.4913968595 -424010.20019687375 2374861.8204294234 1423803.4153356836 -2595610.696426327 1166447.434936953 2136683.8391505247 1527.113177231308 156963.2292808626 -395897.1004814474 -1135509.3029076497 -805608.3100145947 1226015.9794602827 3889893.0567598026 -145345.7722860819 1562666.1996058081 528643.3933969828 33586645.1076005 -1104260.139502475 -1966135.022642682 -327083.43450430024 -871518.5886015074 -133487.7598683737 -1180529.3676853734 -2031789.9877339944 1110992.712911076 264502.12592885154 -1137274.075509118 698952.4336869413 544663.2034349649 766992.9913823006 -156478.28943755545 -644904.1804094679 2545681.672843041 2382973.625588084 -630692.0606450705 -4407168.212945098 -2231655.7411613176 -440723.1888605431 -371051.0083845082 -1547314.9093223927 -647415.358902502 -1572328.5011802425 2788976.5029038577 -534592.9338335799 761719.1041750243 -51300.976106728005 1110147.6199077691 1935335.4279591746 -3856580.3208463886 -1522423.9211831775 3228351.2556718956 -54755.43198045783 -463909.5978749856 -3303650.0193581637 -1692686.5017335434 2227857.7491566376 -667051.4792711755 -912312.560193782 1506001.8097513665 -272525.19853079057 -1248075.998549739 -88074.89852480277 2506774.4469405077 -2880789.6472718245 -1255656.883905064 -4981762.818251726 -1171046.146122122 -397536.86705581646 -1812273.19704383 78200.22327109709 -220940.95572220607 467017.73842367594 -1485952.4887104305 1519661.557756756 793351.9947536169 -1145089.975124952 -2463919.0782347186 568850.0211108539 -2859352.156345036 980906.9042949739 -185789.73006206728 -56864.652205661325 -1974613.9411841456 1466225.074329632 -1033007.0127419642 5108128.467430894 1380238.52781443 1558827.1901325318 -1687000.3377261313 263231.1421477767 -1109670.6839435555 2396125.6101581375 -904437.0092113774 -1880526.8847380937 2660752.6626575794 106249.83402110993 810258.6817042307
477963.92944966356 67082.73922466075 -139553.96544880504 1910709.5055362983 759613.6109626873 2384254.0729220365 383189.3086244442 -464532.00298328866 1769623.3875302577 1582466.892426639 -1397442.0311534835 2619080.188925428 4180683.899257818 1089537.1558697396 2607519.277474479 442390.2244665794 591404.0234727411 540841.9370307305 1793676.921433184 -1104260.139502475 32869247.111505706 893518.0320241723 292246.4567396134 -393672.4441297465 -2669899.873085686 -693288.6300491369 980353.8302452456 1518058.9146654613 2116097.4076043614 -1328538.8983017905 443208.57454807626 -1398176.7923471562 -3902751.326730437 -1357099.133725348 74596.49992610877 32158.424917491193 573807.1975029887 -4241593.104623731 2280519.6250555296 -3567254.5034465888 1793106.5911938522 1421453.7753583724 3012271.120776842 3085342.5849062507 -1526200.9497774085 4776129.760469979 2264612.5999053917 -2999988.4227053705 -1751092.284785891 98662.20961065734 2160790.223334874 -599555.5943224158 1999922.3047500388 429043.37709636416 410521.2789317518 87776.16504238662 -2516857.9055242017 -3146227.307842364 -1634543.93106322 3633816.465340773 75010.70205542416 -919944.3096627478 -2684802.0045807543 463288.2949232358 2976595.4607504676 965524.2077090506 36738.688765816805 -143652.85943609464 -2539831.0086202477 -568312.7637715231 3299368.4596364098 162590.6990160614 -240429.76208479423 1111881.4296126245 4593110.267517229 -1197265.4150185233 2280511.111146093 -2015755.1446143682 1511807.1340229886 469932.1444079905 1632086.8967624158 -854854.2278926857 -293592.30758082913 -865647.9717931738 2320025.097934339 -280482.7433728797 -818670.8371958738 3286800.4152606367 -1073131.6065815473 -1296529.894696821 1656420.6637033182 -1013784.8512322617 -1874354.682154081 -349231.5439379589 480741.8306884666 1941787.7387403299 624509.8755096123 -610716.8584877384 -785131.3391139706 1098931.0703172942
