30537043.406778097 -3592201.826795258 -2240144.6832495844 -5280577.252350581 -61755.94869557316 8803322.843083085 -3042031.5084137805 -13460202.31114386 -2334062.097775773 10293808.685323548 4914970.708968209 -1079323.0345529423 5267776.823754967 7064664.821981926 -8824006.817208108 -3076510.9301236807 -9021419.440995637 1653958.2932593988 25116.845865041043 893316.3390268261 1251866.178869274 815.6087915669713 5854519.1008309 1834985.0474257192 1466849.5554086212 -948413.5317851314 6286117.897897149 -1846657.391215502 -9502961.69766621 -3761187.4459599783 2635936.65037462 -4992228.582338975 -1527913.2108105007 1215055.235497901 444789.82087300613 -2068554.123637723 6399744.936358835 12542567.829847002 -1402683.113589436 3661311.016943744 4041358.0361013324 10308787.543143854 1751115.452610628 1887519.1948695017 9362709.572013993 -82128.52759112921 7125250.369339301 9375918.64133875 -8573959.211915048 3656113.087923208 1427254.8296920361 -9267153.444022808 4738222.41503244 -4707589.08217078 -5175344.083411233 -1448768.6965354646 4893331.0909823775 -3219161.5885465853 -5951099.603213246 3127285.258064435 10197757.707183326 -436051.2711610414 4928570.507484268 1469224.703670835 12635727.394229911 466593.6161801363 7160943.149439477 -2002123.2917817244 -2944799.795159286 -12772488.051605586 6032761.501929627 -7915485.648792909 -7743.244292479974 -5252381.853434793 -7353577.151633766 2402346.6929448475 2748718.747526594 -1627899.5045688301 4347.241337872834 -8690710.169920951 3687188.4986528894 -11586788.93275546 -6018404.716490618 5555384.020348871 -2612694.1454276145 -2528438.759716632 -1337581.7570589932 2436529.0747164246 -1094739.3086126777 -6359965.903908007 -4034958.6102793105 -12656557.88843361 1619543.3198501384 -6113669.093303668 -8651846.811493056 -644609.8159249929 442861.21684101404 -280973.47298796184 1872030.7483800536 5185751.590363099 1482093.7949583435 7569273.273751241 -4520887.536819864 -4343828.288618841 402386.13452484197 2857825.275086168 -1864325.5879166012 8039585.039830891 2198545.9897374697 -7350019.0253845835 3930517.7088067653 -3766772.633459676 -9534546.022509262 -977750.68891344 -3561973.172768392 -11503974.10996251 6507495.747092597 6865848.86952561 719084.4201461913
-3592201.826795258 18926677.643884394 -5628893.86727109 -2507267.4183642888 290209.87123225705 -1522638.4122564176 4553679.599680262 8868505.235334367 -2548393.161479686 83058.42341020454 9790343.636040349 1719905.7307231503 8946441.004824013 -6996645.694483434 5705389.870906286 2054149.7039843549 4708325.298144333 2982466.405607951 1932762.7908789013 3453060.6500069997 2964986.0145237027 -1897247.284610391 -1939469.0737361768 4690671.322729945 1969854.4465593302 -2204532.1822170196 289674.4882925513 -7756404.153272371 -8212163.949211227 10476885.335588386 1459922.6508086976 3184756.0915560955 1827530.0434059903 -1782068.809547736 2055323.8623897273 4527041.557209418 -13769.34158207421 -5023208.312411505 5290560.840183397 6445057.407191546 1696039.037500368 -1654769.297212213 2062864.2338567227 -5448503.747129384 -11718904.011029162 3674113.255507179 2192975.295446161 -398300.84549561096 -1803474.749225708 1729254.5241864184 -10309568.786582576 2214681.4484183807 -4310864.288135458 4959506.693660035 -6319558.900057905 6859723.847962104 430463.4540714945 -412512.8507114319 7576011.6956761945 -2219638.2209478603 3681690.3983217776 903648.9286027106 -4274558.324050951 8429752.638295202 -6503183.502584814 1062322.138335898 -3882373.4962739516 -2444065.3984259 -3693732.4254248403 256066.05217868256 7422541.102863943 -2688565.619305447 11379315.130324248 12004888.097831098 3543492.2065555328 769195.3606724044 -12223408.20797216 5815665.2595096 3465994.725100287 807027.6400351039 12375166.967085151 856737.7143335529 5275091.778085987 6438161.536318926 7077208.4717171 6378995.590628427 -815154.2639993685 4674301.128599024 1576293.89066589 2432154.1981094666 -4716818.596586793 2276993.3306414415 1696750.0461982053 -5130701.365260124 8570055.333960412 -1729746.0589571486 -4197899.469026298 2593996.3855824005 1953974.202925025 -10755236.374492722 -745139.7841318952 -4453301.535896531 -2766581.8728352007 -2506668.9462361834 2553267.1424450963 4760431.851561177 4540476.017887964 -7508109.735812686 1565419.4484551996 7116741.513557754 -830585.8322774398 2549702.784050462 3528618.1021212847 467259.74670803087 553574.8113216973 2302765.120086955 4692579.14999638 -2395060.833259481 -833959.8739566975
-2240144.6832495844 -5628893.86727109 37097909.32120925 -1463564.8785701683 -13286374.991655996 -41256.75590297304 -10009969.573227601 -151677.9457213797 1628958.6597086578 1296316.319631261 -6369403.3228791 -6010233.385840274 -1352687.2043732768 7690556.103310169 2144933.504565246 -1271859.2393438532 5549738.875186174 5853776.019177322 2788657.532362852 -8348968.438046056 -10004845.2366955 -2157541.5464895517 -5074030.461747276 598311.359092348 2869464.889543202 -2843269.32945595 -579120.773836911 2515104.0160802878 14176895.689031253 3866757.331491415 -4656250.084988124 -1956007.5089307548 10543822.43819832 12552635.962129805 3950760.570999006 -2514578.5806889306 -8651015.923609793 -2474056.39149464 10016499.837864118 -6386683.395874772 8147481.330742009 4757858.663728517 -204123.5656315701 3423711.760057926 5130576.169989557 -2156154.411149946 -5326971.97748469 4075926.7748129047 -2943698.546946009 -4626518.506518337 -5062689.754198711 1566213.668254311 -3591895.186642295 6521399.597965779 -3954751.8706905446 -9526058.435082175 -1330900.43099628 -10496443.656557193 -4452071.957232647 -5881665.13824479 5308075.54870667 3741017.869080231 -1785107.1886860724 -15850883.758018823 -3294858.2715092557 8693434.340069259 7174883.491708789 -7478581.757270874 6323916.593266352 5059267.039046321 2529641.994579386 -858605.2546431168 -6981653.843119647 -9337333.778431704 13164922.875977872 -6749112.529663645 4092241.9231835846 7517642.343731099 5120368.997546552 6374367.6088200435 5525622.957910014 4055904.041635843 7030221.695059723 -4966178.113117748 -9381722.775619213 579461.9079108597 2873694.5942864055 -8334596.990196149 -4268278.084063854 6388877.303959738 2083323.0507537187 -4062721.4039919907 -5625486.518706439 67419.73108843259 6767200.376496505 5211463.587042177 -7113145.613484745 -3507861.134417766 2879970.0436207363 1851658.432116865 3953966.253222921 -8601170.401553772 -2193522.571301206 -10092368.011991635 10982213.561448406 -6029124.238853208 -3407302.1155284764 3585238.8474512617 -17052697.211532827 -17379885.21814389 -4140272.731993642 3148346.9609208307 -6002624.885573783 5420785.391856124 3288036.3673286545 10930995.640695838 -4313011.3227460915 1778204.4109806528 2534298.388043026
-5280577.252350581 -2507267.4183642888 -1463564.8785701683 28455232.47246689 -3183476.4501002617 5428785.139260866 -10793842.302045133 -1957090.7449789124 2183887.8639861443 -2552616.121169715 -7114196.760225387 1029326.7000098645 -11842625.561474752 186448.61199509795 1863179.5832255902 2904243.651773584 16819293.461488146 5335485.340595028 1926518.5636706492 -452285.48707387515 4082621.8363922327 699789.7006480406 -7548416.765961046 -1331377.250620894 8323902.241484205 -1487950.2188760815 -10179735.965616917 -7733904.727424999 -5468732.9703049 2225539.366275678 -4884405.649303486 -4703725.203587328 214309.02120394923 9551582.44330734 5562582.227803261 -2221884.188426184 8978603.550688328 2553087.1978365155 -2342742.0322295586 2276559.475137334 -4197060.9115430005 1206881.7884159023 9783484.387052624 11406029.389383303 -2429986.1657326072 -5182887.213798553 1990984.8945489097 2113362.935856985 3793103.3005938595 -8379476.208656748 6104584.264399625 1360084.1115456268 3897966.8199828714 8588999.448934386 -2837221.969443526 4386459.304502423 3875497.605157744 -3109769.2136608153 6114509.780083555 -3081995.7471762337 932103.6901757902 -5496552.744376612 -8574978.700136803 -2591611.9931017556 1395940.8878971133 -3140996.0616743686 -9716773.326629786 1909280.3736159455 8464917.856423823 432788.6909910959 3357454.687293851 -2139854.650632689 -945789.3899813121 4313273.825653995 -4523947.241020092 805063.5043056469 -12845860.345943151 -6381522.713204541 -5267897.983396462 -4222852.463798499 -13271250.123802986 9003784.56136446 -3848431.247300603 -2030110.7065512885 -4903948.661138643 879976.7474187599 225098.94158026273 4578112.747841899 -2727692.473512214 5643717.5656189835 -2164791.282737015 2795830.8193018977 4062139.5527928495 6022209.451583533 4829396.087779272 3221204.950112492 564954.8414933969 3510436.3098003985 -8599017.374897955 8869448.243669484 -2105529.344838318 4279391.698171087 -904916.9957232393 12210948.80218986 -15977394.015944924 5440849.780227094 15548797.046692165 6636884.213961418 -3346919.3471128494 -2113872.7885495634 387884.9818824563 -12633833.02315657 -1248133.888114801 -4868230.368904062 -9260422.093965212 -2686856.5660762396 -6560032.239907605 -3090793.6395768225 3950662.5977419573
-61755.94869557316 290209.87123225705 -13286374.991655996 -3183476.4501002617 26484187.436553415 -4924582.832963014 11749984.528790427 -4372328.411452413 -4457657.230642992 16329986.538044032 2853943.420986572 6161016.352585949 -4933827.727287762 -442923.7663940645 1326474.0903694916 -7706877.913008614 164035.43838099128 -7172296.3899708055 5970016.259272372 -1599945.0467331922 -5457376.08860468 3712717.7561655515 -930621.0583636507 -7662653.970848309 3045487.5745868715 2202688.694799265 9673550.81425979 5398714.920030083 -1617727.9311096852 -1144736.3037587153 -2890833.9935048004 -6239414.331685358 -43212.106448570026 -8883335.365170725 -3550591.5638092747 -382604.4365284134 1347920.844737318 6367991.505810583 -1888255.2224644069 6439515.893144027 -89158.0560912287 -1600271.7294645403 1173105.765982836 107695.79080814413 6235342.580162167 -6246630.16956001 3019406.259214035 -5135524.709587638 3265269.1608493906 -1973348.5513065963 6998752.575424243 2448384.4267269587 -1402964.6684868825 -7264499.311311626 1450490.1194402224 1439383.9221368504 553160.4389823849 4070932.781312384 -4096719.464758863 2217241.7292735334 -5365588.400611643 -2316086.3490599785 7443244.368057497 8076550.539098584 10975028.699414816 280427.2176003096 1363936.0256387102 -612629.9695594655 -6988214.636735467 5583714.493500393 -4654957.999286509 -53671.07139352954 3149248.700066499 -4750095.093990166 -5093849.026275499 7342188.271996975 -1802466.384498131 -7329975.814068778 2176918.8198013273 3877472.7581686433 -3564411.598423808 -4547836.531329379 5498790.249106016 8921642.858977854 3404872.8506070683 -4038119.8182835947 -3812610.4819691544 3294557.2873421125 -1542895.4060712287 -13250976.124942537 2843954.7681806064 3593129.054352769 -1746789.4604501585 -8475351.438719343 -4790935.586529036 -6993246.565149307 3263547.3614561013 -202894.9226363346 534142.3867342114 -3699473.9240225176 -4582015.58093188 794789.5056839605 -3131909.842115123 8918915.00581465 1652216.9860441259 15270962.931327423 8651443.743574623 311530.2871139689 11576602.092571877 3527081.198492589 1356178.3414062886 1405326.9924331626 2847293.4424017626 -8890860.98588431 1405738.9727646946 2667590.959607837 2435073.9332312397 -431193.6244793221 1714588.7652176637
8803322.843083085 -1522638.4122564176 -41256.75590297304 5428785.139260866 -4924582.832963014 31783133.431570534 1877481.4748183638 -3482188.8298199894 5658781.608481522 -3181388.506059513 -4004303.518495666 -11196539.754922947 -10673540.420438113 3289793.348342472 -1027344.0119410449 -1712346.432394476 -1881886.4138703584 4616417.96824406 -1748830.1238389153 -6026542.253442364 6023252.913800092 -6897405.478183002 12236637.969568908 7045782.326408578 3427109.5268477052 1908314.193893575 550388.4791017356 1176846.815686829 -15469307.93936226 -354450.47362713545 -3921421.6813255167 6347728.340875917 -6454983.259043747 4186184.1186934356 -3728620.941850547 5943255.507617391 1181322.0420986807 3411262.22902819 -1107875.0108859474 -5330276.658366234 -1653051.5435829936 8337941.457660122 1024779.4797448312 14950927.7163625 -1795593.8472364235 8412555.688418534 4395739.038122493 2939108.525340184 7194331.846736563 -8040340.146764739 4183384.3859542143 5544675.261198331 2743119.212676764 95592.71851266424 4004087.122482109 -2172917.264788711 -2159525.768733072 347539.37314645643 -2801434.1112411474 8137903.581162174 386712.00892140355 3000261.654836745 5577714.696577865 -5804606.735203799 2570803.822342976 -11667085.079496674 -6701376.0211210735 1380840.4890219346 -2419678.9593327725 -7714219.2426307555 9242736.476405634 -3135183.3368078587 320793.79728890734 -4920239.461652228 -4364661.352263431 -1948829.9406748728 -7588365.5202153325 -6183792.256168527 5309923.037415266 -3369166.0974427382 -5257042.89397492 -1490289.6363905207 -11972525.312191248 -7618572.825320021 -8590444.520486036 -3400239.140454138 -8658064.88607801 12933372.811317038 884668.6380502298 2712556.5583126456 -7248924.544267782 -11830871.771899195 11066810.793169785 -7396177.329524875 -2411981.876114705 371454.1745133334 8146268.50926036 -1014126.1734687338 9700592.648628961 10808432.705612225 6510501.401969689 5841872.478735824 5651607.436211735 6345239.866688639 2141025.221134056 3281407.6367970165 9630.415153129234 4776174.293848674 -3063184.64438853 -7435884.415422945 5776083.868161492 -7539674.159099281 -1566903.4341777954 -650948.096805612 -4496064.329347077 -9764765.035569102 3516542.9997973717 -906912.0805064528 437423.69062607764
-3042031.5084137805 4553679.599680262 -10009969.573227601 -10793842.302045133 11749984.528790427 1877481.4748183638 32123434.945868388 2120157.293169235 5032274.100004294 1162712.495089734 10093308.892193759 -4556306.160312217 -414255.57199948584 -4113104.7704728 6363155.332433731 -1437087.8494110885 49366.9235279676 -13791229.5956724 1525402.9938138183 -3484707.3794436962 1971913.3357293888 -12065862.038511548 8106985.832427734 2818366.1818428813 -799384.6670421974 1831730.4194103607 10939335.171590956 2117382.368334163 -11630205.176745538 -4486262.113489735 2024012.7960700495 -2061870.5765916228 3911594.961632368 -5467128.630728124 2474616.077337513 10345267.327997886 5093672.893638833 4915669.762338755 -5792613.413369954 7389052.218104704 -4101264.6246965346 1058457.3851255279 2952083.0431355564 -2233658.391841043 -1802238.298088668 12360285.016929068 2937316.0644651297 2006237.7643018828 3831340.2483531693 3486772.295831602 5598667.725634712 599168.264960175 -4081279.0102717844 3614419.326359695 4298640.809277496 -4055066.866293829 -5503143.312590318 7204760.115155734 258310.49138587617 5708347.2896127645 -9417707.322647415 -4760583.843881882 -2811560.9310866534 4187412.425345526 8207705.601860708 3238213.127910759 -1595572.5429019774 13016521.964477979 599566.8495630936 2148365.8890121854 87655.54985623145 7664100.3896495225 6166502.353912973 344964.554816118 5697672.055742794 3790938.879802682 8515261.60518664 1362333.6232010378 2429574.208783253 3011902.368429411 8628845.731665371 2838476.697460442 -4279657.31484125 10701396.379353415 7231075.541009162 -1291715.683532722 -9554909.435519889 -324812.4872506701 5407897.458047946 -10439030.90115225 -1632094.637465231 796269.1591790402 -5418296.450917896 37646.38645834469 -4744233.371267198 -6895345.0922487425 7841832.798741208 -3093049.759717112 5873256.790201861 -6213402.333842158 -6675161.844115759 4436959.646842499 760247.3864441271 -2186079.8133249334 13610886.513671204 8749361.216310464 -5164406.067657809 -8642971.030074451 5950735.504780423 7837252.370092152 2800067.6188544123 4139493.5402279473 12112150.242017405 3557349.3021026156 -275047.2857516416 1510539.8320412997 2046427.5642403031 -3136919.6886264603 -4814238.549756702
-13460202.31114386 8868505.235334367 -151677.9457213797 -1957090.7449789124 -4372328.411452413 -3482188.8298199894 2120157.293169235 27297914.16546164 -2878203.4067139477 -11393308.036822261 -693331.997209044 -3498448.634296426 3264052.096839965 82292.31087031367 10534903.183200765 -762821.6435328583 1311455.6841451062 3620460.330871489 -9869789.472407702 -1422668.1200778168 5277781.8315794645 3003168.0456937696 4113656.912083343 1394632.720117021 -4643533.651029257 5086391.875415876 -1962428.675167186 6502507.56023237 680414.2733882525 3830097.236774499 6124312.549954092 -8058923.005500514 2532734.3407610217 3687473.138712466 4285397.59435445 -5960775.427727974 -3227900.837575732 -6927278.046635705 3676356.93554173 -4069541.3149761143 -2009688.0229133086 -2773199.697551921 -1137357.4485664857 -11089699.852095198 -7301676.916363066 2930717.8097077664 -7000916.708412986 -6650096.769524829 7638964.095121496 6302139.818213217 -9443966.058558015 5256978.034446626 -5114951.570766232 3199830.4235173855 3344536.806113332 2201523.5438044174 -3263518.331839826 7566405.462583321 10468530.707847698 1991022.1410905572 -11807621.83024582 12752552.091904232 -1565922.8882484855 -4069051.806216761 -4715490.121655748 -7335157.505931363 -5718246.57283271 3907887.2754329387 -149427.20385431 -1339772.2755024808 -8923409.055501202 1047287.6202381612 5602412.948997555 6432005.13950748 6509467.380283194 -2681218.3862794377 -5844191.905776857 1474921.3785088947 8849524.579510257 3932827.8642041814 9567232.621799635 7699086.957889313 -287552.38577139215 2674862.606770525 3982914.467186902 2710550.581663475 -481142.00746672606 722823.2949134065 8364426.404342048 4918193.82836169 1866469.1405272915 3638612.9625457916 1585184.2409397832 -738879.886427357 5818424.155093973 -5801519.902067173 1214482.3665106015 -2438993.4003573535 -1155861.8470801215 -6445570.970022236 -2070571.1372317106 -10979103.841626279 4900574.25767291 -2752565.6050860235 3822438.7769079385 -3437504.305940593 -7922616.5164509155 -9298742.271657139 3444081.393034294 1619029.3447599467 -2420291.7274794388 3036515.594177446 10294510.044809796 10307340.420422051 3035018.026017968 5284484.146976701 -234268.56713686883 -6319489.6024646815 -1260670.5738013105
-2334062.097775773 -2548393.161479686 1628958.6597086578 2183887.8639861443 -4457657.230642992 5658781.608481522 5032274.100004294 -2878203.4067139477 34105474.142522216 -6044024.421504681 -8930154.881024022 -1643841.6950364779 -2890728.9186985116 -1036600.4830528902 -1498335.559002411 9866442.681807777 1996154.4949127594 3774934.116883352 2558746.269803058 1331376.837463542 -4639046.137385059 -2761612.4535816987 -2689056.0575269465 5559156.970046848 -7868034.471795815 6763620.135267783 5324083.727158853 3742262.1691914233 1600370.9853264631 -1324559.8705002908 -3439207.1313958974 11482910.521020379 1683338.5098192564 7385297.044288295 -5286013.491644317 7308549.635188385 8781673.43858277 -11031628.145978268 -8889333.92867171 9892596.773044942 5198386.359509438 -333022.558478931 -4773007.849308082 6274501.479192622 -1709116.779529944 8677588.858837096 1795125.2326495599 2913028.9813057296 11140304.010497013 -3981035.031873182 341308.2816955842 -2181592.327459883 -2171361.6623742813 -14683426.589673307 -10474.541752714802 3142072.1896228977 -2433622.6395860366 -2714836.181926944 3492286.8823846914 -1949055.3952697655 12366380.67955816 -10301606.271079013 -8152759.026407237 -11002934.329129616 -6368584.636621676 18853263.15895804 4717949.670224073 4559317.37877711 292589.1784372542 -2579969.704697868 -6100403.708614226 -1178924.620179129 -2574503.772056822 -8009340.948092323 7009525.48182627 11406924.129574882 4844007.585458878 2588354.2039652904 2418872.286867713 -2613532.8704135325 2681852.9806346497 -424706.4293043881 1470201.0151088045 -2725978.420334167 3928650.6086354675 -5440543.89250821 -4527696.982714676 -3214276.1812596717 -5968759.619200366 3747420.573923632 -3700574.303747844 9154407.158309018 -3844617.3021735945 5002505.137389459 10824711.64605578 -5568.36384121577 3860307.5446014674 774033.956263078 1087560.9489988228 9902781.311732331 2584558.9147522864 1712885.4030254623 -4071947.773077858 3136397.786957976 -1799960.200024524 -8640846.763277885 -9139456.137237895 -5342046.909488696 2493117.0433454546 4019282.982890683 -2226207.326402985 4630277.508139247 -3658587.515139743 394553.75494078547 3260914.7762909136 -1832052.7556842086 -934023.0041652973 2397130.1243960373 -12517016.151782501
10293808.685323548 83058.42341020454 1296316.319631261 -2552616.121169715 16329986.538044032 -3181388.506059513 1162712.495089734 -11393308.036822261 -6044024.421504681 34592045.18374692 5725882.951144203 3960123.042580098 -530376.2566876127 7305280.257043298 10666524.50215418 -14711194.112304524 3118996.371100184 -2944977.003359875 6998217.372022633 7381106.085554386 -13321254.135050168 192717.26217268905 -3525876.6073646867 -6949742.695533131 6372555.580668016 3317069.914454692 5139121.280717051 -2930375.685293947 -6018814.134745912 -4470680.355251549 -5920499.436091178 -6104049.101196986 -1119006.1714014593 -3176140.807059559 -2982219.2192677865 -957631.289313598 1241855.4028680872 9194950.90708033 866598.23124659 5229563.241662844 3555202.7100096885 8881070.383273587 -499303.81964605354 -38759.901815871395 3735433.8487526784 -1203003.042517402 11723977.283825088 16093298.3960303 -2882342.634648183 -6813979.688352298 2164890.3203134337 1743608.6397190786 2379233.9208185915 -1555115.7864752864 -4023893.864333773 -5978779.061840586 16711295.734817935 -7963532.140044087 -4721510.177800149 4768099.861567254 3549553.984905996 1802610.3156790277 5094973.076573958 4158785.9026115504 16872805.951539747 8127915.943917208 2892933.6247274904 -8191128.033191485 -1938020.770640239 5157719.998117573 792437.082012193 -140711.11925135428 -4350440.213696473 -1793663.33157336 -13125716.532416822 4296285.052147284 -2849716.541190364 -4311856.594147364 2790962.614527005 8220062.704843961 3708795.750452896 -10530987.431632029 4829834.809567817 7543211.754399377 -406334.7220877127 -8410220.173281623 4984722.152593677 7594344.905304072 -8831278.515445054 -17799556.89029493 2712488.8950115433 -449908.31368534104 -3369780.61303227 -5629540.830636203 -6034693.141622413 -3886881.336940043 5382286.263147016 4728968.420566917 2222666.1912767533 -1680329.9026670102 -1073554.17449594 -5914439.50149537 -3368439.9518771204 2017346.6141507076 4977866.1970712785 6144282.481769544 11011090.17189426 14660181.898104953 -4066961.219101685 -9343898.584279386 -4310643.049785431 -2614819.006426229 -4181150.491376547 -11813989.35206178 -3110384.1458222386 1886912.8427353858 4249383.731301672 3661294.6172687523 6277127.482436902
4914970.708968209 9790343.636040349 -6369403.3228791 -7114196.760225387 2853943.420986572 -4004303.518495666 10093308.892193759 -693331.997209044 -8930154.881024022 5725882.951144203 31630763.397641946 -7426859.155279943 3698332.382653701 504540.67347075377 4762432.483540993 -2209624.964717632 -8404482.8824593 -6324390.603381914 -44448.64357586981 630110.6387958631 -3699253.1115141115 -4658295.719536501 -4390423.767336243 10501638.428844228 653147.4880629395 -4672302.309125934 -6665573.071751037 -11162457.626276184 -12376280.243382921 70354.84711690771 4937137.424811798 -614331.9831382298 1762065.1845922237 -6196431.736672137 319890.15302473516 3127313.20850595 3114239.831245197 -3430945.32872864 -1507332.1799071014 5603517.920797893 -87652.11023541236 -6767747.472116494 4603372.962327616 -4004579.8763873964 -14937010.120781919 7344307.873076964 1902785.9106782537 767930.4483013751 -11539739.621919097 9537671.871532932 1111141.6289678295 4958126.370852628 1913648.1624749198 3900222.2937753587 -5190422.417163222 1150134.7032902336 -3405173.9766671965 -2067891.9609348641 -4114107.745375481 6651533.381867414 -8234096.448569775 2149999.830089845 -705387.6174794039 9486820.701648401 1250382.7378662152 470068.5518190908 424232.1386441732 369451.54329512763 -6969665.63211909 -7293280.899618761 5991129.687326019 -2360146.575912079 3544848.814586372 3803669.118029549 -2938340.739461508 -3691592.5264885314 4279269.607778949 12297557.57188193 3862636.7085903296 4290960.431964613 9380852.42586456 -4890485.907344155 7410324.805002625 758685.9268838923 -8368968.824134594 7498626.793068267 -224618.72744962765 -526548.7331357552 4993697.376915031 -4964168.856127118 3217698.807419523 -3691714.87947978 -12298027.51839637 -931425.435237514 -8914107.780544927 4697744.286367577 -3111572.0075670723 -6926499.1799688535 8088270.071929235 -9583175.41996067 -8398925.845879445 5928437.721928205 2972901.4287320045 -1941470.4341268928 11160878.539993104 -1091145.1277229015 2304451.7581904917 -3885294.633215123 -272975.0921734243 -758862.7621689143 4925483.647180886 4447263.712862016 10465748.875796128 504604.5362247165 -4471834.009806421 4672833.332258407 6563529.492305726 -1633382.3791796516 4240873.360581954
-1079323.0345529423 1719905.7307231503 -6010233.385840274 1029326.7000098645 6161016.352585949 -11196539.754922947 -4556306.160312217 -3498448.634296426 -1643841.6950364779 3960123.042580098 -7426859.155279943 34937473.981557205 1616705.9977379949 -8011929.75349704 2509743.2178212474 1489453.5852875663 5075846.775729517 102141.38356940282 -5008387.626333 151400.7458743904 3158434.4841103703 11048264.55044169 -9598909.135028882 -2981005.5173472087 -2099146.7547416533 -994647.0271991526 3504665.0590790845 -4429004.024929528 5862685.324782722 2525646.9813311943 -4399278.472566926 6458865.883678578 -1153657.2455495072 -305924.85259659897 248891.23514760085 -890011.7683367642 -2067952.3347670077 12289631.243652614 -3434990.0599205284 7937547.37800355 126094.67741121324 658804.4037602723 5301090.705177286 -4838838.699807062 -745047.9605828758 -9801303.48954135 4124316.14469794 -1815056.1182529086 2964126.9149475717 -2008482.026745129 -5972819.565060687 -5401189.744661965 4139149.5868599205 2388708.2707477235 -2391546.5821743514 -2167862.6293368405 -273459.69692906353 -4968479.455077102 -2650537.527517226 -9035135.350707458 7778278.924521659 1840017.20459056 -132544.29510959957 2162320.4893944766 6420758.839923329 -2078286.3304154498 -3185498.2038587886 -13424016.839810899 -592760.0052764823 15367707.127549639 -1064670.0585227956 147711.14818577978 3532860.786039495 4946286.952981421 -12469242.455220126 -2878017.66961507 -8263529.480143249 -10557848.464508215 -2293039.8558514263 -2930407.5067614573 4700756.399310693 -6842754.470106073 5882164.577861037 5522334.853893664 13821031.428756978 4190527.105530721 350290.8586324097 -5943989.673406483 -2902555.3761611404 -7554524.092074905 7014053.895226483 10734881.612575157 8425343.804982819 1395143.3173535347 8226517.924017217 3022501.103666259 589810.2838237425 6648649.480366639 -12329451.783020178 -614156.7558172459 -5681860.025830996 153314.03768203352 -14730089.841911133 2921888.321452928 -13069834.403080214 7942326.47698573 -2030199.0178600985 2146565.517648045 2374679.7605799325 10511910.085551096 -3075746.7266368438 3432649.318413207 -1931160.3983999372 -9144477.13066691 2599877.2615407365 2586128.2021090053 3047088.599712299 4933070.178962153 785358.4665230225
5267776.823754967 8946441.004824013 -1352687.2043732768 -11842625.561474752 -4933827.727287762 -10673540.420438113 -414255.57199948584 3264052.096839965 -2890728.9186985116 -530376.2566876127 3698332.382653701 1616705.9977379949 42621586.04393798 -8750343.135890977 -1096029.8229294403 4786640.145138915 -395962.8625835528 -4695774.871961683 3563925.685542276 10510083.725282706 9000152.895850234 -1720338.4931688362 7579590.236249115 8815129.676835092 -6435854.987867234 907676.9612074216 15052560.157922292 -8968163.133160707 6351252.87214867 6266394.204310242 6055446.151225458 -5672577.358148291 604213.0736586882 -6097737.810390372 -7757890.038358611 -3104633.577112352 3390419.430049803 -5684400.404286186 -2297978.2116195653 -1626606.8425858656 -3071092.1734887245 -7249173.688825769 -13063062.815003002 -2338053.98870464 -1281044.8795755154 -2973718.594565066 -11294022.797725065 2027265.5454459714 -13755294.377679667 -571586.4782761465 -14531855.449894764 -4667771.986744323 -2975375.295412494 6937438.38110188 -11977615.905194394 4163555.7218120056 -2235536.800917789 4194829.418729578 7944135.753016337 -5556463.464919516 6129138.750848776 51391.394283697424 -4623917.26403398 13651997.4258267 -5834792.41874696 5107776.052820124 4924414.605325879 2245900.432083384 814075.6341108255 -7819987.607068223 7117198.023232888 -6703228.903463739 407707.9880673113 14435846.687468208 4969130.680911792 -1766443.8137695992 2838698.2409395543 4292589.734330969 935933.491423874 4035477.359600416 7753451.072221202 -8872044.380373998 -2840740.037390728 12040252.225501489 10298007.609432688 8533392.744851118 6197308.671909575 2849682.5303519317 7989911.650271314 -1091144.8395585439 -1230469.8402739721 -2135213.5815232154 10355822.811561622 428831.2601999465 4469473.974417957 -13688660.370643402 -6066438.6499172645 4817230.072021122 -4373583.333634218 -8415476.285210421 1923745.7798024893 -7605539.523107674 4596717.833889006 -17839141.458020933 16641863.41979327 -7299690.281169658 -2622071.9742426444 -6874406.257257509 289692.43686057354 2241165.6756169056 -9006432.5111012 3927583.4294152847 -6082687.2673926465 12424279.949511755 3850464.1859020744 -3365576.665586198 1097758.8560863885 -4100237.633338341 -1232606.7048870826
7064664.821981926 -6996645.694483434 7690556.103310169 186448.61199509795 -442923.7663940645 3289793.348342472 -4113104.7704728 82292.31087031367 -1036600.4830528902 7305280.257043298 504540.67347075377 -8011929.75349704 -8750343.135890977 29532346.57002084 2516755.948225294 -13211489.059372727 -3612763.33001982 7868342.252770026 -7733774.61525923 918768.937876035 -9243192.092624227 122332.46903910901 8149431.688393789 -4908714.752584613 -3441544.274269107 1842937.784382574 -2943486.273886445 4002938.0818731673 -3578688.017586496 306118.3859474252 3736475.175685813 1497736.3800054681 -6455701.1916774865 2068117.025261635 -1301504.2142948082 2606434.4481890607 2716729.4811118576 -3602160.770097131 -1600040.9962562534 -2551349.981868309 190158.78927860962 933861.2104613318 -4758460.892184498 -3136592.262237328 2871067.835220956 -111671.1452335667 10527981.114396263 1662457.605193798 -7366482.972301452 759575.1771430939 6436290.6251939535 6290292.857127713 2690333.9034114187 -1323193.5065510035 5410018.914582782 -9388071.501833042 6621964.268384672 -1560092.766280651 -4474393.86501132 9776806.681447947 3234984.2118676966 5134797.221463378 6866478.669452901 -1003572.388122905 5889669.514953714 -2616639.445155981 5042147.457399612 -4238597.5181397395 6959068.43217486 3164569.7024700427 -6239231.891289312 8773027.95027515 -8230558.834695051 -8363640.778350325 7550132.573069867 1381362.1645170138 7620941.435441864 -529409.6445517452 1771757.3632065062 -4828559.522817931 8036905.407815607 1032607.5536896324 -4202130.97591211 -2116949.1768538198 -5707039.815764191 -11794617.602881204 9793348.95053471 119439.04729543599 -7382577.693258791 4826218.802841695 7045370.224008004 -11282857.05010835 3232121.3855675543 -2896774.1376477326 -526430.6282011654 4865819.305820818 -1643336.8932694525 -5356678.441600808 6823516.555489294 7995749.549818047 -6140427.034585275 2018498.298545858 6723971.684575035 -4400504.6022965675 455291.14283240313 -8214627.291253673 -9703205.59878117 10387722.159424039 -7421297.023649967 -17528485.123817697 8393919.86753397 6579.2265587771935 -1473347.1168217093 -1331881.3882985373 -5650456.848423884 -11779845.001495482 170607.2172039314 -916737.0259871075 -6552473.134259289
-8824006.817208108 5705389.870906286 2144933.504565246 1863179.5832255902 1326474.0903694916 -1027344.0119410449 6363155.332433731 10534903.183200765 -1498335.559002411 10666524.50215418 4762432.483540993 2509743.2178212474 -1096029.8229294403 2516755.948225294 29121627.711279128 -9726504.475999415 4281329.178396532 -4615998.767905176 -6824649.77377296 -3858967.409364019 2830239.618104925 -3082183.9385948745 -568425.6762214348 286702.96323636686 2584162.1259198645 9007905.967884127 -4182809.271078176 -54511.93479232207 -11999926.936330434 1139303.098462898 -5671499.394719399 2020814.135151111 246410.18646159113 2163184.92392221 3124989.598495509 -4677929.632185048 80611.42363673773 3778930.100569084 -2155722.362304958 -223524.7949656718 -10477515.645313919 -230796.3414418744 -1466094.3074334483 -3279486.3485740577 -13578785.264978206 12662529.464617645 8409340.318495126 6075189.853266288 5170978.230366607 -4311244.750514419 -10117775.882840788 7967908.130624589 7154788.777296978 6142608.419676402 2716504.236607013 -4119428.8744352753 10182552.49554106 5047416.926792045 -1363543.9274789605 9312467.55663285 -9182703.951161977 11581048.468131462 -3421900.740678164 1641040.7447747944 7071426.784240157 -2021705.7684078296 -2301071.689438831 -5303504.2007778585 5389777.638532859 7822311.218013597 -215803.10414581612 7270103.811264681 671731.1132877858 8659752.697383935 -9365548.48875589 2492088.717046859 -1797657.7340193999 -4988265.96168387 5868555.830604379 14226804.384481559 9416675.564967064 -1290455.3104563223 -3238332.5631758114 4483717.544837063 2087969.7167068943 -403435.92378020356 5239823.726010471 924055.59017709 1734578.3782218648 -3533099.509598119 -659621.6890225441 6574386.094081802 -3857500.844975393 8408577.612564722 6267755.63627481 -6738248.427530902 6875204.481984753 4479144.719292926 -2327748.2461852124 2396197.2601943514 -5540501.02535053 -9691442.017829753 2060299.6025961055 3387664.2180056064 -23370.109360133814 -4342154.179830115 1243427.46711285 -885392.4356614138 -8931613.458085082 -7744925.693450427 -1739875.4061653146 -1826809.0266602356 12288434.490982564 1316847.0837792163 -8860981.521715881 6075217.7484512115 6173943.340203957 -9652195.860997967 7322938.695725294
-3076510.9301236807 2054149.7039843549 -1271859.2393438532 2904243.651773584 -7706877.913008614 -1712346.432394476 -1437087.8494110885 -762821.6435328583 9866442.681807777 -14711194.112304524 -2209624.964717632 1489453.5852875663 4786640.145138915 -13211489.059372727 -9726504.475999415 36077594.97990368 2163992.455755675 11037556.423660997 11509342.738750912 -1398168.0849719187 10611121.668324372 -13163480.630095849 748662.9155408668 -9884259.240401069 -5081942.971587084 -1247442.0794468666 1851421.1211909095 -5790528.506502925 4276593.470420608 7408636.2673556255 -4309826.677321629 1621854.6960288996 3424263.233520634 10362397.662661605 -4603084.167038801 893608.4590664903 3823489.527831292 -5256613.288450522 3813115.9455472273 -2239668.186639117 9502665.79654865 5173153.5583641045 8264586.065864678 -928851.7296581502 -3558255.835388137 3278555.781158224 -10264376.11432532 -7270043.095637619 -2128898.9482927006 -8871381.739876369 -444217.61497734254 -11600813.863156505 -10952012.968975738 -11879311.044714496 -5844128.7957716985 13364068.619087184 -12231406.795797737 5323359.45308184 12938665.48336225 -6364344.919328665 -730772.8328524315 -5346117.1445342265 -11307531.102676477 1769874.818648851 -2209921.517755783 8776025.345771298 2609106.038392609 10950476.174959516 370071.2190931583 -3498888.178837562 3183441.6822824734 -10418206.931138484 4532798.921280079 -4591586.39876201 7005138.065508021 6542606.087857981 -8441278.46983532 -1747106.1767198176 -10781213.336813362 -8379914.135265339 -3047153.5097940587 2386002.565524768 9483365.92867038 602912.5384201081 -1165664.192183468 13230626.368842728 4485881.804819818 -13356031.634959469 8451760.485313695 8976245.09356038 -8876010.162405733 16043968.859661786 7974311.711818086 -825306.6697244443 6864868.988758849 4778580.198045592 -11459878.59144127 7815121.7868537195 9231116.338345738 1176111.7552222423 13723470.75642515 1039160.2765974852 -4246712.590517424 -2872657.8824703447 3867538.973236839 3278326.234577868 -6988030.008183384 -10322377.683467353 4217715.091056559 7731878.893822187 4403752.46982394 275153.3769085402 -8857052.869736562 10655493.441655006 -6263159.5844675 -2278226.0592317986 -3679308.212694915 -5731657.960862237 -4704394.684318678
-9021419.440995637 4708325.298144333 5549738.875186174 16819293.461488146 164035.43838099128 -1881886.4138703584 49366.9235279676 1311455.6841451062 1996154.4949127594 3118996.371100184 -8404482.8824593 5075846.775729517 -395962.8625835528 -3612763.33001982 4281329.178396532 2163992.455755675 36270566.90100504 3386490.739869978 5575055.95225794 4589744.83278637 -5165620.774217088 -4685841.84414408 502661.2290161365 2114908.4354371983 9021188.557216965 -2565787.133003065 4662080.438986633 -7033261.8302019425 -2376152.8013623036 2774126.977163059 -7893362.0387613345 -4707705.600960874 11439665.441834327 1377196.1512424985 7356344.643976901 -1519615.2934936092 1579054.881084159 1004291.8289053534 8532818.51349202 714455.6525998937 3561567.8981626066 14961788.94316425 1465020.110655131 4090386.295163509 -1337627.8029348468 -12606943.663889786 289439.8752729153 2913585.5657547237 1318843.7480785935 -13294520.546631865 4464827.568581482 815188.6576798004 -12503045.348983644 18212259.596901283 -2411275.945305597 -2256423.8813602817 7372849.422127952 -7465968.571444713 8776482.193753222 -8917531.31840256 5201926.612634415 -2954584.252344602 -12646186.506206205 -2398153.285051909 6367393.6260786485 3438969.6177268294 -12008575.513525443 2519086.9839298646 11487502.298110245 6121733.46542214 4988567.595107897 7660754.170756195 5961304.327710537 7499933.324273633 5036548.8151952075 2289561.7789755436 -9565188.083086142 -3561741.056113962 4985104.877294409 2253762.539143788 -9011762.198352221 8888204.178767666 -2995538.5595219424 14516341.52877607 6686815.168731832 -5957587.202551062 5973663.008322016 4123629.8160171616 2138795.3515312625 4643572.832129421 -63605.94469860307 9941261.537280997 9030475.884320214 7383814.315188936 8770376.978648152 3535475.7472374556 2587035.3420451116 4720474.841216795 -4487829.648218064 -4727395.761441589 -1161589.3033461343 434746.9661144465 -4848091.520369816 1863906.1478216508 -3169018.468733427 7784094.223234184 8645648.496385347 3558132.4135848796 -881281.2946509322 1937810.7667318434 -5410453.211675452 -11482881.3663389 -1417100.4885306386 -3718158.3695503077 -4401068.429518763 -1903051.7244434257 -734803.8739151747 8783844.771452371 -3210255.731042256
