36926752.0103241 -13234155.507636635 12286631.892156366 -8981154.035360565 17663500.985030092 7179019.079393016 10457663.103701646 6501574.4247611165 13160272.774173206 2328117.15061371 -11865975.976588268 7458872.566437455 15520777.489672648 26347723.762941442 -28081885.23446163 10126112.837924939 18827892.855855577 1093329.1031728655 7006106.346920022 -19146431.869132143 14685066.915497748 7951537.618636498 12877016.756558519 17278463.418407973 8737075.97449377 3582437.5910063344 -17285798.579105753 -3141548.4317546273 -14507553.020088017 8817227.558741307 15798664.585047046 22281331.322876275 -6733321.4305732995 880635.929398271 6445562.9868541 2913153.893099971 7074746.736801918 2009202.4971432465 6270021.533680743 -4080419.4036027906 -4749655.473689286 3887135.9930076594 -9331819.41010995 23963688.578899723 1908711.2737057428 -4014498.775433175 -2697199.3409607303 -19195122.897693466 -182227.07399482946 -17950370.67189071 -18579067.40966162 3310133.1412505084 -12827957.62764869 -15341745.013722831 285339.10069607187 5851202.683682084 7127650.913451008 28357816.455866333 4423506.378578378 20100943.986204386 -6718539.327156485 531827.3098621211 18458131.307658438 7076688.771464981 -7917507.016438796 -5779185.516549043 5743420.893475315 4736993.779798573 14916614.758660655 6791206.198184563 -2357451.4249001564 1614918.961176528 4181556.03596735 -4552255.932369412 10985936.981225213 5680174.469688087 6466080.1502595665 4810195.253180618 -3887914.589510426 9779317.657010658 34262240.60466619 -6659242.856825567 968158.490012063 12817663.029075101 14489741.725180095 -3428348.646179918 -7840263.959266369 -3540981.4233646938 -14911722.103239043 3155861.179383228 722688.7314881744 -10540634.703242272 -2153409.6318763024 -27376577.12702472 4611174.19782724 14787087.307689106 2632606.7764156354 12583339.715015158 4895669.645227143
-13234155.507636635 28657206.858090695 -1717014.5385666587 14516967.944295423 -169806.90857936203 -3401553.4297774537 -7208825.930712017 -16724536.818481835 -19025577.468971755 -12327311.25184367 -2747496.0855425335 6010297.839997848 9585120.165214946 -4654809.815398196 6712389.807854926 -13466648.404795375 8514273.663125377 11403586.089016685 3840990.959412501 15578760.670112804 -1966365.0057063785 -19493010.15621256 -19230444.35819915 -10462923.650450146 1656330.4617051792 -15983562.090258127 -16559383.751707943 6845060.120532958 3257600.4260467067 9901300.551872166 -10111902.369903103 -12286868.119228123 -9069077.89631219 -6647305.404411249 1918259.158248357 -388325.29469606385 -373683.83546787367 -10048422.086674565 -10406909.282790517 1581871.046735219 1518256.7523898147 -3783153.385682924 3382938.007762736 -10727747.038842084 -3708101.2112899204 26589444.48180088 18548395.621318333 -1391229.3332276975 8405131.919623224 26510024.656356934 9591748.771005368 -10375930.633900912 2298168.896989811 10852527.132113973 -445286.4627947105 -8349443.394761786 -6784591.348759921 -19395076.36866475 14159139.867046533 -18606670.98481463 4347957.25645338 832082.1892420182 7506353.434022446 21435100.87448975 26758089.940433662 -7354766.673979483 1608863.1166937167 4653567.928699106 -19950906.815999713 7449446.611292086 21528967.796953205 6412281.522119845 14285163.91460522 11108956.858636547 17175.299276481783 7490435.072111936 2954510.4544634596 6952099.806850596 -5213085.43659591 -26341109.14361046 -18072879.628869522 1488401.026719312 6072272.017979338 -12866533.50665642 -7481258.274575882 -12104169.559590433 -794255.2629392118 8911954.702441737 1586329.4027165778 -8170590.673811453 21466351.9648081 31182240.58276549 -14994093.197210526 18292924.339861654 1939951.847529316 309814.3858586337 -3084274.8359425724 12502533.046138074 16514627.508980181
12286631.892156366 -1717014.5385666587 36788413.935615 -2493106.9021529993 861165.6605048227 6330884.820198665 -9386152.795872876 -1032302.8957231223 8641093.193266707 -11304538.466450203 -508965.43863649 1232755.4481535193 2359509.718558847 -4478967.071996106 -23601987.1863141 14454694.267911062 18088256.493918024 10790073.306982962 -8635121.45493511 7816298.304399876 -2366741.7976188017 -13948149.856508764 5926656.933678859 -5892487.51451088 -6302422.240614337 -10918537.496195214 -12958609.596257297 -12996678.545943603 -32173345.261660423 14750982.517794164 8861140.833908368 16204237.996729324 17036530.37762675 -24866689.7760352 13392132.046306638 -5758048.291809549 11316527.649588747 -15636695.120238248 12570676.997209264 -13029090.35356398 -3356608.6257496937 8151356.030189474 -8585570.387510912 21144927.13578188 100056.94473809269 8794616.778843703 -4176805.70458678 2375194.4847881934 15177380.090978758 6459630.083873191 -19765048.808596704 -25949193.30015061 -24327040.103218704 -4436937.401096166 9823441.974704226 -5273940.726478325 -20853260.27801583 -1357898.3187697087 -7872004.287413473 10870807.498609364 8769564.690543354 2817662.59697899 16468032.53712819 -9747081.058847563 -5756591.419122664 -4954775.5536162155 -8087801.158759945 18755071.536501773 11244446.413424572 24444360.90399614 -11180926.332791863 3429480.062011193 14062793.449841257 11680707.81745452 -2457561.8164583487 5740601.281637243 9975507.281392131 6640647.106792428 -12944386.041320935 16671799.43818432 10262380.990669968 4082724.6633263202 1492779.1774360777 1532630.9022909137 6484240.578303452 -21680753.744095944 -5344077.320727239 -18697884.643091667 2328776.808318284 -9669922.64474176 3347112.1691113985 -2162081.1609067633 8392406.412018288 -7639272.765287549 15416778.994848441 7197043.688514045 -20263577.112298496 642368.4342428616 -7372870.994632001
-8981154.035360565 14516967.944295423 -2493106.9021529993 18404186.604590394 -14173634.996708432 -3294275.995271874 -2076673.270666625 -20331672.54892951 -14400486.984911602 -18830164.42648563 6564623.327689192 7230100.454181211 -5389722.190697326 1756876.9901121648 3986424.267191843 -5835265.037328901 2635172.2528417856 7916442.511306179 553613.9749010412 2320485.298960656 -272621.32532534056 -12585880.657986488 -12021686.000255805 1907494.3506382315 -4634457.10254175 -17014254.672827385 2427796.911677075 -4719357.268720687 9713792.285137834 9198214.306777688 -3564724.1090513594 -18387306.600334957 -1453680.3900965597 -6627206.973435427 -17398102.1693528 1731061.2694549386 -5226586.055012306 -1237037.7124021098 -5568571.191756581 -9347264.749294087 11205194.570705255 2034128.0261392626 -14051523.372648016 1140605.6724208433 -3918784.634258326 13343885.39568615 10759156.519816611 -2381538.216855508 8451713.797197247 27763986.460686263 -508989.01571794786 -355660.8687685874 -326725.71845257125 4455214.970942326 4011231.7865947885 -8390029.435054526 -5909311.601307353 -11780368.898252236 3588111.676472007 -15225096.340175768 3983743.3032283303 3108685.998093882 5202760.47795889 13063967.784804638 11591329.868799156 5470312.214062952 6008109.386484337 -14859652.790886577 -12856216.705577534 12391119.561329076 9385924.07802326 3072848.2722641625 10646660.751534794 -3465644.8263288895 4816430.841566806 4877112.122761483 3366148.001589194 -6417143.155928128 -5148720.682265825 -17587596.09463846 -16437530.866020458 -2481464.839251627 -709066.6058004099 -13504167.44302236 -13176048.299559385 -3093918.662577559 131890.1747585221 12111797.162129669 8345327.263692392 -704274.4624283591 4758315.161138563 20573569.4272623 -2521810.6790613304 11623155.372787105 -2044700.2830639672 -9718079.283552544 406212.4982007992 -1495261.883747194 12821409.394095039
17663500.985030092 -169806.90857936203 861165.6605048227 -14173634.996708432 38892153.64499114 9543500.284667663 7786949.206067743 9434661.275054997 9626003.094019353 5198956.226509967 -22451128.723063428 -7979221.732236763 11145836.257664176 17104996.617236786 -23224882.167201675 -9045061.89358998 15295848.098997006 5481327.954937435 8821606.14554244 -19359709.412679695 20696083.154146828 22432354.450420886 -14663572.253282066 -1824688.9872778326 12936423.0900836 20667851.864811752 -22361615.587434143 13479974.057023615 -15425511.273295552 -8808384.259058641 17482754.065333124 22160152.214724313 -20812204.260750506 18189150.8733358 24918244.60899285 -2082077.601075789 -6066979.987097988 991533.7692624247 -8656725.256215071 11778697.149762964 -9580225.903862823 -19753821.32638957 19887510.802853208 7015047.0637893975 7616683.512675741 863388.6953170842 1486529.689740773 -893698.5223402203 -16235773.856387898 -21623307.77058029 10538395.122971665 -1263377.489376521 -18229544.18120963 -11910632.40123154 -1428609.3644178733 19189313.858605236 6683184.735066413 18606278.37937822 18326410.64329382 5267787.410037828 -18040731.783746157 -1823221.9860083614 15070190.975010464 -1443038.5370212162 -3422094.639819433 -13548918.99448056 6695712.388178824 17827529.45121321 11966218.3829859 -8324239.185448227 7929156.692163807 -9962551.417401591 -2149020.682245062 9673560.428316932 14158529.093881859 -7810791.879568628 -1063140.0858771359 11469407.661970852 -11852634.80912703 10293400.059307853 19930009.682428777 1686815.5474157243 1350262.2823858478 8553562.625731872 7989848.020881199 -5797869.822588901 -5304628.652328187 9356867.740499604 -17911949.499080855 3613745.2636352396 19950753.729922514 -12114813.897759918 -9037752.885763602 -18513544.34346028 11594239.231549645 9805444.904778687 -4663853.012767957 24305848.117057566 13239143.780731129
7179019.079393016 -3401553.4297774537 6330884.820198665 -3294275.995271874 9543500.284667663 22758450.779953413 -14574330.912138585 -14786676.990294175 2502757.697605751 2286123.3968589385 -9065311.830149088 -28722782.166620813 -7057190.450190964 -2555164.3845853284 -9024847.45049947 23186243.46503995 4589691.626614394 17508685.66690284 19852999.076447017 -14854101.939240415 2474723.0609894404 6635038.569747999 -2372592.8515524445 7528917.783597435 -6283176.84264904 21900665.030023288 8780708.509860726 -8676865.776190761 9853622.658596113 -15716598.341154417 -2163134.636004525 1414804.9697349113 8346059.12491287 10338745.471222758 4917309.607352748 19175836.749808397 -3980684.7435523644 -22449328.698954973 -12894962.636301843 -5008395.623184574 4311915.131030301 -6869162.752185403 6252527.277154361 13332530.56028987 16859202.648858245 -4201513.146233366 4889716.434357935 140444.51609766376 -12153368.350341896 -386447.6651336178 -1375105.614013662 -7821291.841251312 -10938624.048542883 -4838991.633006851 12287268.763528887 14264373.249267604 13068403.466683056 1836403.554045609 25222186.089561913 1791186.1897222835 -9675138.430245344 -12313585.828108674 -2560127.5472758627 -1778009.3876133705 -7351320.4582575215 13956489.519530568 7453404.022368029 6806650.094365778 11542115.767786654 -4120211.411671273 3274255.7421792513 -5932075.7432913715 -5449503.79402593 15679891.06489781 6614162.6036985535 -7911377.557508771 19682430.27933415 16630032.38944901 314160.1911604091 10065356.167764595 3106217.573055756 -14428263.296057794 -3048832.9291173187 5696445.273604216 5752950.662826999 -4596496.621537582 -10418320.680664333 7619563.99011952 -13165291.573306082 -8469669.775170641 2128763.220878502 -18586749.385618918 16090191.401202703 -6364266.617028586 3104740.017869079 -9911898.05574424 -16684933.33302373 -2401552.5526365014 17627845.40727449
10457663.103701646 -7208825.930712017 -9386152.795872876 -2076673.270666625 7786949.206067743 -14574330.912138585 29218475.533957515 21922381.944351308 7990167.193701451 -72583.57786642201 -3848853.934467465 30044889.715414315 3791870.625322479 24119600.127073713 -6051356.31990318 -23308308.149842624 10391263.463874158 -21287014.40040373 -16186405.637723226 -15007631.183578689 14039399.425283238 13213163.144755265 -5972430.999654904 1811407.9222771688 21587329.001614507 -2345295.0553715243 -3236665.278787948 12029038.194555972 -12350516.33966439 7169660.714223887 19402182.52043214 9668887.958714455 -28772728.558010507 6678674.350107344 -8552219.28480076 -17977333.514484204 -6653444.34687686 34710279.40484877 3152466.7713179453 9031548.27620298 -3432432.1147770234 -3984734.5823380575 -7309929.385651891 8639163.07026769 -15602371.90064925 -13910791.213454608 -4518323.119248557 -5073242.887155535 -7361676.993303618 -9964502.837843252 2882056.106006802 21280643.180114813 -3364852.8684300706 -5177431.753071894 -5430225.318626574 2607783.1664373847 -7811069.325374151 12735192.499518497 -19816740.382102672 1960078.7606226914 -1296145.866279492 16627128.579700034 12561550.030805556 -3289581.4812603113 -6666589.152926439 -10880851.312857833 6735811.764462949 -18634470.856917348 4688029.075670498 7029203.49684221 3353768.0807827194 1235577.238478359 6068624.924489719 -28441478.650862753 11037928.15674177 6642021.04152943 -21356332.977928605 -17479208.226127826 -5397673.2198469145 7896251.3879086105 7128035.072981407 11436821.164658055 2666686.2625707714 -3236934.645166858 -7027315.245825901 18412557.91306808 2906960.031093657 9098183.100454401 6719564.143787905 14118463.817057934 -191886.2478514945 170056.04050975418 -8645095.384365575 -12971163.54234497 -2939882.1335996646 1946459.4258348062 9068781.036473619 1266209.5906574426 -7735741.3197491085
6501574.4247611165 -16724536.818481835 -1032302.8957231223 -20331672.54892951 9434661.275054997 -14786676.990294175 21922381.944351308 47795730.71715837 19221358.202298053 27547838.90846909 -5161652.812465439 25568147.02028177 12442120.0264938 2409997.148901235 6846051.645118917 -11361495.473009247 5803021.337523505 -34195673.85496268 -23315344.36034877 5360351.733430185 -3513616.789766584 6525729.606868085 14082409.633819057 -11602216.929688102 26703196.487710692 9746527.101234883 -831746.9824479079 16507220.012826143 -23170030.729037464 710621.2836334399 7324130.639131985 25728204.45201836 -18627133.64049413 670510.6758501987 11887277.958988074 -21215911.74460705 8446123.030864103 27845052.537082396 11457349.929588744 22015383.566187263 -19750821.578611773 2881741.030309307 10559276.899775295 -696539.2517943515 -16880547.630497113 -26948915.826973073 -13460798.424721647 1462069.4204090298 -9830976.150012465 -30248507.26867435 2899862.8378380756 12732141.942648763 8172647.312023757 4048896.3434813176 -8584167.252631847 1777646.9556440304 -9848588.619462738 4739929.060809031 -31830900.408404637 16190812.922261624 9405394.013308955 13988467.884855693 -2645686.6759789595 -17739776.764569364 -10967085.660874685 -16770879.267807944 -9036423.865456533 3013914.0592900417 12034489.9302912 -1962185.2829770783 -3964401.244729782 8863183.101253286 -620257.3426511133 -20604362.140045606 -9149685.501637144 10156207.63585587 -24781989.71579146 -4819064.809811161 9765726.35939707 25051011.61981984 10516123.833332833 17647359.30246266 9637262.31786565 7917814.358247751 8673053.345769318 22139247.05766484 3131334.6491371887 -16660374.300550308 5220683.093064307 3176970.273828135 -8280803.6334199095 -14509893.832324026 -2455279.2886867006 -10703882.938625712 -5034224.940192543 11534918.900721433 147457.77032922208 -9542839.127615985 -33257452.082180943
13160272.774173206 -19025577.468971755 8641093.193266707 -14400486.984911602 9626003.094019353 2502757.697605751 7990167.193701451 19221358.202298053 17753200.554238062 8996739.994148728 -3873059.2487741434 -214950.35060010426 -2604985.129895643 5377626.040027775 -12309771.504525853 5515084.953234772 3548084.910600248 -9041243.717673054 -7462869.969891016 -11100281.332749376 4726725.992740368 14514017.798955923 9029130.996186709 1163347.9875463604 5314694.096503807 12996465.862694133 3473581.823409385 -867321.3791984202 -16261540.654891165 -4803069.648523783 13516647.715032723 18558029.283037193 258887.57620738554 2712258.0030372473 7939554.53231215 -6083768.240004048 1124284.5553884136 8487281.172072915 7835951.725095912 2567588.1519546923 -6199097.6934612645 -951633.9057766286 2095745.2478146942 12567975.676097084 332977.215023684 -18324060.327153344 -13302471.548075538 3059741.868116281 -7528844.686973165 -21671685.384196214 -5668082.373583317 2438427.763629634 -10311375.585859863 -8626065.71683872 1537691.6390982743 8473512.029705252 -2563745.1778082927 13906273.776477892 -12158527.27779253 15060468.701989817 -2758902.6811503586 3116740.4067538 2220292.2955943677 -19196328.53760341 -19744336.200842805 -2079108.8918614115 -2161836.8627652703 4018818.3012475534 18494954.366662733 38472.62340210258 -13269113.82438271 -4096655.264149194 -5089878.572418718 -6232240.635459726 1721550.3581944797 -3362631.1510755173 -4923414.840775785 -2112694.070067353 -1829413.8522668215 26056923.230394695 16008873.898139218 4338241.632807331 -1415308.7880479076 9239261.409190347 6754024.396352558 5620862.596082243 -1135311.091060351 -8295304.968879773 -1686595.6592042462 4201685.935273638 -8339467.357172915 -23313199.082407713 8928961.066635633 -17013792.479336526 4051067.6933633313 3225614.4957679324 -5001599.1813486675 -4727511.536817806 -13678874.444476184
2328117.15061371 -12327311.25184367 -11304538.466450203 -18830164.42648563 5198956.226509967 2286123.3968589385 -72583.57786642201 27547838.90846909 8996739.994148728 40794517.546252005 -7369103.994833978 -3609019.2171880566 14510188.558474941 -11097104.855764585 23077683.748328317 13720206.302558962 -5434010.085937734 -19689990.526355974 5287684.111143182 8507331.441756226 -14772676.113722865 -386104.15684438765 23289808.612090297 -1467127.7293582184 16367915.36617455 24809499.148091517 9969159.65615351 10852621.989638746 11052378.709638102 -14774304.892692363 -18301071.713272348 12256160.832104236 -4873321.331712365 11231526.917576242 11007627.75402826 7342740.831982836 12094812.61255111 -566660.1229472522 -2699276.9287808165 21233377.702610653 -15804657.570366418 5163202.452737813 19631348.138310604 -10597098.181979854 -571661.9703328094 -24130272.5295371 -2262706.508566537 -5835379.946988849 -15898523.14167541 -27176178.124768667 4911529.0889050905 10456257.892882215 26533367.27036388 10701491.534932276 -5705893.066780084 5487076.159872347 17238876.40563373 -2209823.8797932067 -899649.9333176416 14095963.06706357 5585640.1012915755 -5553012.995022572 -22077372.643864516 -1217259.8127471458 -1187625.8375888974 -297773.35626201757 -6054572.0883311825 8573551.261309033 5920052.256427714 -20737488.99936501 6102553.964243525 11214474.362002494 -12114110.755196853 -1899090.559981531 -15571302.892971354 6723862.291925297 -3148185.4116804423 15877975.949940924 28279101.236668486 10270958.096917199 5603002.449410612 -3241868.5704767155 9396113.470412452 14605069.041722523 18484284.09901295 21440570.725564163 -3444691.179374035 -13288957.95443027 -10063863.037749732 -9375515.83798646 -10975206.984922653 -18265549.943271868 4764795.0154852215 -1102138.4016080513 -14919889.112876054 6203389.441872084 -757381.6490857926 -13154541.768914374 -15922794.098263623
-11865975.976588268 -2747496.0855425335 -508965.43863649 6564623.327689192 -22451128.723063428 -9065311.830149088 -3848853.934467465 -5161652.812465439 -3873059.2487741434 -7369103.994833978 17126004.21404233 2595689.2116884002 -9789760.353913737 -10188243.2746247 9411019.698237952 285725.4704088931 -16886963.030733597 -2357811.8881530366 -8485766.731994567 11926961.377249312 -9381206.648172043 -6753132.84479548 9104199.159931665 387918.49005678046 -15020688.12483683 -16176507.937348159 9453460.253070364 -8816446.47507123 4701078.462322894 5905246.487137922 -5331066.289989315 -12643279.883600855 18159709.47940048 -11581874.917020062 -11683563.908380881 -3070536.799525573 2435864.115800758 2394245.618189254 11787033.30951426 -9565110.724095752 6172352.254299422 10629614.224775996 -11350827.212999849 -9625056.671280947 -2826207.9007140184 3076934.4097265997 -7718076.015347815 5057543.644345707 14054746.914269615 7188965.432088478 -6043684.768210637 -598124.4919739278 8313787.4668916315 2194744.474115257 -3491539.34341908 -12456534.93888484 -5217321.059875238 -4399351.102017657 -15295403.839537637 -1410082.6507515025 7168318.056344368 513256.6051005914 -8607261.009419298 -4774962.206891112 -1706457.3815814469 5101880.701299862 -7597181.566332455 -7036676.230755551 -7294026.480536021 763862.1067813246 -15076586.131667912 -526197.5072578298 -3713984.458579488 -3817025.570192156 -8912003.598289557 -2216086.3786646505 -2653919.635359946 -12804304.190047149 2030849.3834797964 -6460904.144972368 -7155027.024203996 2303421.079003707 -5247876.952120273 -3341521.326605272 -5411361.615966256 -2329283.3195569576 8283334.262235828 -9112710.410040487 11810709.340140061 4204411.043032679 -13457264.109316673 6430091.1055275975 1625630.7668155495 9496389.598619437 -2551993.9210020467 -1291573.8545023364 10492259.90316989 -8495348.281997325 -12159156.003681807
7458872.566437455 6010297.839997848 1232755.4481535193 7230100.454181211 -7979221.732236763 -28722782.166620813 30044889.715414315 25568147.02028177 -214950.35060010426 -3609019.2171880566 2595689.2116884002 58396712.335399814 19801016.924688913 19113990.642568894 2780451.091471208 -28576763.73686563 21209457.619896658 -28419955.922392163 -29458726.20784225 11496419.069774535 1325423.907673826 -18287732.0311921 1504831.7226616591 -6223025.905157305 28326383.950797386 -30604437.10442283 -16140328.491289021 12953233.236859899 -23638512.598973554 31818303.444428805 9418407.55286706 8203346.579102425 -29686631.84157574 -18546360.199884523 -12039156.743492672 -27941591.4109397 8266772.8507346185 35694156.72897581 12444377.27329857 8022819.661728233 -8166075.000493677 12445751.182017285 -19228503.289651982 6109686.872534476 -32232087.574878935 -362767.05123371194 2615832.1360930423 -13410820.652068827 12816906.450612532 8435506.307615472 -7202440.2882835595 13914246.207919942 6116254.511653549 7693168.970878511 -8494884.01910888 -18274638.64908165 -25190946.836986054 -3437221.0718658664 -35682300.65992726 391261.05517901946 19521066.216025684 26197121.684728213 19365007.13759328 11311718.654629413 12164989.630557556 -21456710.51402322 -1519784.4804147573 -17875194.53466872 -9218984.877143634 26545485.308272455 11384771.299180064 20271796.444443908 25351201.472964488 -33720000.038061686 -380873.65903884254 27982968.13139791 -25423243.052797496 -18438396.25349044 -1594702.165538123 -6277143.578900183 -420030.9868085725 18737059.18300297 12758761.61645491 -11121720.276199063 -7028367.056615519 14085361.580538819 3950574.1598930983 -4781027.126611604 17404285.19357647 5279479.890879859 2836678.7824864103 27973785.006274726 -18873351.848076075 -979417.6369056281 -6155205.187682375 11389815.723970516 8884689.901977703 -1342258.4483542815 -18410431.6355284
15520777.489672648 9585120.165214946 2359509.718558847 -5389722.190697326 11145836.257664176 -7057190.450190964 3791870.625322479 12442120.0264938 -2604985.129895643 14510188.558474941 -9789760.353913737 19801016.924688913 35865357.724988274 6845632.82758294 1044153.3270281375 -3873232.9987531407 13320502.157440515 -6188693.575203607 3538276.635460738 17807442.178756434 -3152376.210390922 -17872244.759898197 13653492.707359403 -859050.9581371092 15309364.60920049 -11158806.623185938 -31974779.20635637 12153575.306121018 -8996364.28334117 17008144.774505362 -9333533.933989024 14473954.65351987 -11935340.230174722 -8354106.32932613 16259127.725879278 -2122083.3809074657 19278563.068171564 -2829418.554768652 5223421.022884762 11091912.185430769 -15529080.512383642 9480582.201544212 5462236.944348839 -7830543.295267033 -8154772.125156971 13832334.553681936 8615917.657931263 -19918710.722490154 9945266.423306275 -8784553.384229055 -5791985.202660735 -2410201.443912649 14677661.455693182 5944765.463150671 -11993992.622946251 -9900753.397111049 4065219.595163278 4102583.0648331014 3638015.6537814806 10148621.774544755 7640416.755715094 709407.8895700853 8060159.187976765 25612622.215087373 22347100.056892246 -20014844.829540167 -6135884.320422388 17820079.12100413 -9752876.56948334 -583033.8426237563 14392930.944847034 16489803.169421706 9672512.250634601 4165271.9274721593 -8498041.695161844 17888278.659053665 -1000501.9777096149 13746597.927207008 9602066.902400939 -17440709.043812137 16750235.785315597 740285.1445630902 12576518.712855559 7608356.327590138 17275915.630399566 -5750035.308667241 -2424893.0747696026 -14133550.267930552 -11759111.5072806 -7604275.9445751 11497189.399568662 19388196.883489065 -22286023.42396334 -1680745.1042117937 -2880938.0816016323 26538585.67189582 9804979.643859645 18140795.61998827 -2328974.5989175113
26347723.762941442 -4654809.815398196 -4478967.071996106 1756876.9901121648 17104996.617236786 -2555164.3845853284 24119600.127073713 2409997.148901235 5377626.040027775 -11097104.855764585 -10188243.2746247 19113990.642568894 6845632.82758294 37351292.1764986 -24667062.156879004 -14546998.713571792 17604987.223608963 -3087550.759428069 754562.6115992104 -29088092.04061875 25388135.212175753 17086702.271894358 -9120617.50649974 15429497.425854359 14319939.954805033 -2021402.8941676877 -14047325.486470912 4944158.086142353 -8307430.671707721 8967994.877568986 24679988.346645113 9827904.627535587 -26025284.637595315 10331069.982282493 -7786598.642283583 -5795819.004681821 -8525440.823265761 21807312.729272965 -1472965.859473314 -1413841.4810888127 2679252.603720944 -6735711.465713247 -13138777.70253256 19745797.136473816 -4951451.015552342 -2105601.774880569 1533270.8154911995 -15051294.876128372 -5366725.559502351 -6766929.039677286 -4776690.407648156 16905086.09169205 -14658916.453484433 -15642382.678534526 -1795544.8972084906 7341469.489829394 2562232.024380741 26106672.776738364 1641775.260653416 3641501.109197733 -12034353.477837237 9133784.144907711 23717957.904422317 9437828.297354244 -4630384.345270099 -7144097.255364486 14940241.726108596 -15302235.939908346 6632233.636600548 8542135.964678735 6038545.115626635 -3863182.9453679984 7313715.296169622 -18606269.293536212 22454878.899153005 2879404.8280729954 -6226055.744342509 -10797738.867702642 -12954488.760832718 331334.2579381519 20377310.437987737 -548648.7238447082 -1398746.584625995 195504.8438238112 -3264922.8536695964 5400021.120591426 -2903203.596643588 17491033.77405329 -5910930.301674391 14532019.195211792 7295164.693132954 1057183.4113841914 -10335385.709704299 -22449674.951868385 2780490.8991767974 4619594.930564789 10384607.694951558 15729391.350899896 13443019.708037501
-28081885.23446163 6712389.807854926 -23601987.1863141 3986424.267191843 -23224882.167201675 -9024847.45049947 -6051356.31990318 6846051.645118917 -12309771.504525853 23077683.748328317 9411019.698237952 2780451.091471208 1044153.3270281375 -24667062.156879004 46664294.07095151 1266983.577595642 -18359036.611073047 -16885714.000754703 -451672.96408446453 24331635.44294444 -25492371.989929877 -17676897.499535512 9608581.076488463 -7937263.224761807 5908144.395281551 2905449.1460593767 23591209.10100736 7911254.584630074 30653101.094135426 -9090049.293848053 -32312753.428309746 -19667287.7238473 -533134.9151308069 2963460.591894649 -12426670.213258063 6055481.362349692 4865402.73081098 979137.9793883146 -7723010.012928734 14451895.408706212 -2429718.7975769 8568598.838294445 8893292.124770775 -26848484.021930087 -7522525.528659384 -10386306.942680607 7001561.748519154 1547942.2437221163 -4938640.769049534 7481751.224340013 13358935.090169813 11664645.995351 39092614.760794 24234987.518537305 -5206112.306982721 -9226010.291654712 8423345.036054218 -28136430.6034804 -5297215.01461501 -10255736.063455889 15084480.0076492 -2212419.2736872183 -30490215.616777517 7662406.200787054 14303980.013856186 8045690.469567888 -5545579.995314643 -11067473.197833488 -16887673.76055228 -14698010.053894484 13128235.719382895 14346993.262814445 -6211025.028706425 -6411719.056316143 -20002349.138985097 8928421.917401772 -6315763.712691163 3208004.6252283487 28575974.015748363 -14490961.033375395 -28676721.5123958 -1148426.3207125722 7678651.38396938 -4828267.335097929 -2035624.9034284526 22799412.717336025 3669867.525059383 -2749400.5821961397 8335490.132176936 -9596736.66154368 -11488010.986691894 8829987.31354185 1935663.5398454654 26478701.000658263 -22138245.086368363 -9461148.971482309 4239075.431418851 -23346844.225692164 -11265742.297496613
10126112.837924939 -13466648.404795375 14454694.267911062 -5835265.037328901 -9045061.89358998 23186243.46503995 -23308308.149842624 -11361495.473009247 5515084.953234772 13720206.302558962 285725.4704088931 -28576763.73686563 -3873232.9987531407 -14546998.713571792 1266983.577595642 45028979.41228479 -1963345.5153220412 12373425.761162212 19464760.89458183 -905243.3506470935 -14639588.104726112 -8890956.401051372 24898355.13392943 13082287.691619098 -12477934.71170178 17250027.027923808 18800911.81495846 -19539506.837393384 14574281.18247482 -11263849.168840433 -16460040.829266455 1444689.335631791 28592353.361338932 -3053866.638742433 363257.06239225075 26103920.02584669 11075876.380284341 -31626153.518353634 -2062513.3773975596 -10537087.883855587 2459029.9414700163 12186508.866054015 -2399182.932249658 13897456.320474932 15903324.144997884 -11249057.638805633 -120255.73772906512 -6189689.14089403 -2440319.8830645094 -2761079.0444499054 -17765144.944828793 -10788488.372609707 3123930.6247361973 637607.3013700651 12624830.707370609 4090792.2524816967 15917241.728679549 -1662676.213465051 15264298.546774251 14141251.121587481 3179421.9981729942 -16250834.644741477 -14527479.573770748 -1638991.096343254 -9592652.177882507 21260520.271721933 -1427285.6902996413 8518210.360812632 12906574.796618382 -2835125.0033464655 -6376563.90298728 4629670.629910988 -7715690.98513936 15056264.114565972 -8248714.113335149 39923.01995155215 26734389.095535602 20437265.867203712 16089132.099021256 12843304.942462767 7008790.377084914 -20058106.738774143 -1210966.2581068028 12537131.197497588 16209568.313411081 -2278656.0706678107 -11358254.72217379 -12167023.127406657 -11583734.759552984 -16458719.37039178 -15707871.222654095 -23081555.309569 25767135.80625171 -4098160.044599072 -4561275.4310787525 -6014938.959438709 -16239441.350033518 -18140482.435957354 2561917.7283924543
18827892.855855577 8514273.663125377 18088256.493918024 2635172.2528417856 15295848.098997006 4589691.626614394 10391263.463874158 5803021.337523505 3548084.910600248 -5434010.085937734 -16886963.030733597 21209457.619896658 13320502.157440515 17604987.223608963 -18359036.611073047 -1963345.5153220412 40052765.910805784 -47168.87676934745 -4540032.5452341465 -9356915.05041958 9349056.553472253 -10847524.431718426 -13007873.206782315 -3234067.455452091 25259734.421142828 -396118.13142960623 -13941376.383640813 4686009.1872171 -22712356.485961873 12964052.680563563 12363033.441631095 16567869.642181085 -25797867.392215986 -6519827.170146489 3266588.1772302026 -6450976.051573122 1336248.0492925232 2508618.5453924607 -8921068.292193236 3240068.926394681 -5046583.492585714 -3122807.492142853 -6322245.202048091 30377554.059173275 -10303605.639309963 -298106.26977497287 13675549.702114016 -10587400.936957663 -5147715.933286658 12556563.263797501 -6042362.240928227 -4679490.94156083 -20775843.61527303 963268.3183135508 11959100.73416525 4149734.5638492717 -15904901.059549615 -4583403.179472679 2414002.291904248 -308421.0208691225 5731584.159927482 12567741.338384684 26123300.067648295 8289421.81242662 5095920.83418303 -8781265.280762112 10018292.824616801 -1447976.2729622573 8469041.364991257 29050503.97087782 22511517.36430251 12162926.0739941 26065476.48078205 -7366298.168981789 13008579.798512248 19066269.696593493 1508779.1719694014 8925540.655363418 -9864192.507909391 11088561.873870995 2555717.303566075 3257019.752735389 11586647.437082851 -6616988.331955209 -622869.219743764 1534542.0146295142 -13386665.403280096 8461162.756747091 -1254824.4067125532 -9678556.119730556 17747044.816433366 5822421.1993696755 922415.2723917876 -10945468.786140712 5082805.857925645 -1631178.4509241867 -24475302.738067467 1621665.452349089 10543120.949854096
1093329.1031728655 11403586.089016685 10790073.306982962 7916442.511306179 5481327.954937435 17508685.66690284 -21287014.40040373 -34195673.85496268 -9041243.717673054 -19689990.526355974 -2357811.8881530366 -28419955.922392163 -6188693.575203607 -3087550.759428069 -16885714.000754703 12373425.761162212 -47168.87676934745 32548985.399085157 20214236.89221487 -4915646.237419507 6083828.5793901 -662310.8556062331 -11419962.281768579 5299756.439539983 -22324367.239262898 -1453681.8987081083 -9439794.836523794 -12427101.84311548 5770184.847266415 -2698072.348628401 -703402.802424827 -8518669.51593121 17967130.471105184 -854606.4738821631 6482803.391123833 15900516.031056894 -4143132.9497920843 -29608289.98688687 -7124620.428809988 -16236983.671928953 10210907.3970114 -6453376.228036791 314997.58472839324 3482556.5078152167 18633299.092575137 24091824.47150773 7682440.900669039 1992990.7276072535 6777728.583570833 14650504.446404165 -2907788.0345985466 -19960615.44264441 -16479737.919682816 -7776264.721181578 7549999.874514666 3698957.461770253 6548209.92414691 1589449.4812407044 29857725.391477745 -6651406.921704376 -11489420.29850265 -13998440.684471413 6758424.044877218 8159894.749955846 5184691.895505358 7812488.7471071975 3948569.7070208304 13725712.191554865 -2529593.1956637227 101000.77885581688 -881474.9440604446 -10934149.062861225 -809542.5389194293 27352208.975428637 7439094.965639716 -12187322.649394676 22851351.427408595 11444971.819799032 -13026634.280616073 -11387755.222593704 1398020.4631770917 -12500062.234672796 -7689664.275907117 -512110.56704376213 3769.914632112185 -27242689.88690086 -4367496.440670559 7180826.9055655245 -10659465.604460184 -4727047.097705256 12349512.69619186 4096724.0260068253 1876586.3671128068 2019291.288513448 12367404.586405555 -2356590.2098172884 -6207466.4641799955 15812587.990543783 25891554.61692229
7006106.346920022 3840990.959412501 -8635121.45493511 553613.9749010412 8821606.14554244 19852999.076447017 -16186405.637723226 -23315344.36034877 -7462869.969891016 5287684.111143182 -8485766.731994567 -29458726.20784225 3538276.635460738 754562.6115992104 -451672.96408446453 19464760.89458183 -4540032.5452341465 20214236.89221487 31911174.271595825 -10314436.470753197 2355295.859150122 4045750.8500906187 1494703.7857959734 14958271.191663068 -9374303.281262493 16318941.424189469 60391.30029208958 -4464382.609198077 27344262.91094671 -14057953.865943491 -12633910.191220945 -7485384.119542792 6695098.834170973 15910216.147389023 2810268.767697031 27119343.669767458 -1338630.8146951068 -25188111.68982592 -15145271.674958374 -3087858.580479748 5142384.613722377 -4705305.020081485 7982044.965541184 -2339681.159132114 19350063.909213863 7152130.348428739 11005672.857157614 -10027303.384655919 -8004208.74469941 -1362534.7022604027 1542048.407305219 -1396035.0044263366 5816284.208235468 -3217579.4525966556 2686496.6905226046 9662408.161230464 28496547.787142966 6378140.970000805 37481874.723961845 -718662.262080944 -13375922.52820729 -18893665.492619928 -7392769.415882425 18035105.658249974 6865349.147012 12336940.88047638 8478793.874721184 6911843.2154848 -1853113.3398560605 -17419668.88305526 9836663.98652439 -4350684.958344126 -10461997.34885436 19309752.999000806 4520285.142033919 -7771646.485646218 22199902.500762496 19029508.127364766 7921073.85874547 -13802002.760807319 6256829.084647492 -21401701.968082454 -3062452.232833821 8204628.037697567 9465725.92124942 -6410053.869940383 -7764074.731591282 10637948.397276836 -20994413.447172735 -6325038.862199388 4689595.528846731 -5294708.093562378 2254079.199986547 -1022194.8389658572 -3155844.147403469 -1750383.3277524742 1735865.7431880874 9402926.488394616 26604799.21093207
-19146431.869132143 15578760.670112804 7816298.304399876 2320485.298960656 -19359709.412679695 -14854101.939240415 -15007631.183578689 5360351.733430185 -11100281.332749376 8507331.441756226 11926961.377249312 11496419.069774535 17807442.178756434 -29088092.04061875 24331635.44294444 -905243.3506470935 -9356915.05041958 -4915646.237419507 -10314436.470753197 48443154.4988098 -26851449.675449695 -35888508.041231185 16789986.268168055 -18149922.785834633 -6209244.583836862 -26184466.657537658 -14164375.266356323 2621520.109787351 -5607679.979246297 16951168.605113782 -26519786.34710905 -4634764.46060212 17744935.57461726 -27481566.878889225 11484955.147566421 -6722926.554138924 22587848.43054375 -13228050.887561874 14193115.927327495 3817655.9031213564 -10714245.726897174 18636422.40181762 5213251.997907913 -27910068.049225926 -9798778.186032908 20422015.505501274 2295932.0322463205 1348416.953206798 25327646.669035766 9916871.97317286 -3175776.34427489 -18015235.574894242 24341519.13972162 19873419.508139465 -10767848.624782484 -25237790.617119465 -11680443.59814482 -24223985.564939033 -13532654.75622326 -168752.98543905388 22958613.281688873 -820050.4723420542 -11254678.942932457 10366253.312943304 24266718.5844663 -12527562.863425383 -22155656.802442137 20879916.497925486 -21185791.71270529 796374.0173919396 -639183.763182788 17019709.394356243 6382223.108026905 13244851.003864627 -28908645.939178128 13455604.76922426 -2387471.312492835 7167261.482200621 13060650.91042635 -20771679.677842516 -11661807.249472076 8444014.204513928 9220655.273027038 -1735982.297928032 7867910.7403373895 -13129468.936760345 7288411.16145052 -29814359.720266312 8183646.517284183 -13859385.808443334 216884.35960923502 27644787.515565045 -13375397.723757526 25234118.463529557 -3167710.5635627187 17336121.38625688 5235395.734066059 -534650.7202942941 -21159534.561882358
14685066.915497748 -1966365.0057063785 -2366741.7976188017 -272621.32532534056 20696083.154146828 2474723.0609894404 14039399.425283238 -3513616.789766584 4726725.992740368 -14772676.113722865 -9381206.648172043 1325423.907673826 -3152376.210390922 25388135.212175753 -25492371.989929877 -14639588.104726112 9349056.553472253 6083828.5793901 2355295.859150122 -26851449.675449695 24781692.037600577 23235652.589709602 -17914950.957823504 7231423.028991171 3556343.5238454533 4134265.4867151105 -11904893.347626993 3712588.2610955415 -9360912.935820498 -548157.7192473321 24646481.88995891 7071361.581369792 -16410671.851170706 12996923.116315613 1231809.2528067783 -5037999.921890193 -13665205.06939575 12466788.864449272 -3783365.511394013 -2389174.1872560377 4068687.8646524907 -14927313.93022971 -2271856.542362829 12511387.912508104 3310227.9129367736 2566813.302368626 -1313265.5014235678 -1293644.718931911 -7379860.783041941 -6507485.635648851 3567269.249297343 6747199.551061004 -21475947.773754288 -16538745.997161815 176545.1403950937 12032006.048620401 998452.5484646471 21301897.03729054 7641492.793617004 -1369172.1463198327 -17299714.4719516 3784806.874597075 19013541.047913104 -1432840.3450737796 -7969476.57475836 -5269384.975798592 11622685.837464508 -5007845.00428891 7573130.1251341505 1877436.2245043071 -79304.47466121081 -13461635.192122916 666993.9858128801 -4805441.164576965 21009656.48937428 -9149768.952745637 -3642101.5033594654 -8072382.424872978 -19000936.412909355 3887659.6943843523 13834724.634484844 1289803.9534524921 -5889553.231794949 -438247.0509031629 -5886642.667516566 -3737274.205696246 -574786.4826177963 17687554.60040789 -5820141.053670099 13903199.0016949 11038015.12961098 -4295851.579433472 -6876528.1410344895 -17134447.130869802 9864418.203178758 613951.8570209853 4827174.415385566 18339824.19804756 15089581.896468963
