32814965.665010195 -657617.0709830079 6091043.221534982 1941539.8171520338 -646110.476451983 -1456806.2141106543 -115283.18879389683 -1530229.275555172 -3340495.6990714655 -2970998.0780159174 -3360350.5819554618 1718222.8408166377 -1452239.3205004034 3225030.4849241413 -736002.9010098197 1052686.5712836932 -205587.73981186238 -2346825.7157416884 1256239.4158469706 3316804.04276045 161794.13525811333 4776016.198495843 -2353734.4129501283 -1219073.505804177 -3807780.021089077 3906348.3871602956 849023.6119266473 -3447848.8599235797 3673291.89291651 3360316.34920974 -5244163.664656704 -3147877.6636048383 -1722479.7232209449 195301.01260775392 1093526.5529107845 1125603.3706142996 3483162.0762002654 -2032845.0167859993 2010539.2036695261 -2700435.6468341174 -789142.2321211713 4549877.056369603 -2952627.080580643 5393851.0707954755 -171784.34485512428 1039301.722897163 -1147261.7333595476 4672566.757093181 277040.08867246093 954233.0820346653 1406297.4751286185 -2214159.223846931 2178374.935157185 -3214415.28899443 2851804.8577278326 -249666.2155232137 708290.779726893 -1172553.1125613505 -1633393.74259072 169932.44377752132 1726013.7912015922 -2426097.2019920703 -4558038.761938874 -3742444.6504883296 -3235385.7090521115 -28485.143475828216 3268552.4993134122 1207827.1153584982 -1428093.8004834214 -478300.8154534128 -3990582.747048447 -375977.8271106608 -1189959.5134689438 1102197.164332781 -1978106.4755103316 -2642549.9499529717 1259355.3985731462 -245110.63244698307 4084980.62858162 -2252490.5084563275 6389323.319019093 -489921.7625667169 1805728.7355784345 2137424.640483694 5770446.447978757 298581.52772793977 601132.5523901776
-657617.0709830079 33909955.98509019 -3138420.75596048 1052174.4276973843 880999.8335959332 -2970373.35431351 3837664.6074581305 181067.80285069565 1218637.3959873328 -4875371.5330144875 806569.1571757033 1038201.3135077653 488721.4729594945 667060.1456146586 2966716.6224346524 -512584.02956053894 4408525.159877967 -1458154.0299000433 -2466173.126082233 -1836951.8170144763 -1744957.751088993 -3329700.270426287 -1485998.7495873454 4478113.826565303 -3506548.5200788896 2005747.886338791 3489259.234307034 4554126.55769126 5187276.600590594 -835401.6458779683 -226336.6423047574 -159462.5400106581 -2487291.669685961 -960392.9843502265 -2733430.278591142 2634354.7206063275 -3575116.1531012035 -3881252.5308914185 376819.68034512334 2848020.6001915256 5069920.591279055 -1940682.3839495885 2857471.7117971503 -1534556.4538431768 117367.9847130383 -3825955.0354338526 -3070318.012178465 2297346.374388853 3578542.7421379467 -2638159.33018121 1605444.5058289678 463554.09116785636 -6527795.181889997 -2341357.7300127572 -8148724.911224557 -1054880.080370859 -2088011.2152564626 5517152.540231361 1185392.0166710636 1909955.8794442392 -3329845.394965481 1320130.651373211 1126625.5228229102 -1205478.5106225011 -5168370.071764437 -802548.3829127409 -1148187.7629393686 -2231733.1638508397 -1257553.3280898144 -2844386.518281416 2194122.917999224 -2083139.6180869169 4850474.479669079 1928413.579203276 -3842350.293186422 2629601.6542637423 1203485.8711941845 702704.0292407302 -4373281.302681346 -1216190.136098329 381077.16110262775 1472141.4335630937 1899140.658756367 -2595239.4811144345 983365.4983598253 987819.7103369174 4251998.982680297
6091043.221534982 -3138420.75596048 30760195.28068721 -4662141.1309125265 -717284.6585812414 -737116.0786804861 503062.5827752562 -222807.6753299317 -6624106.561342077 -1942612.9779496822 -1204769.4691351424 -3162792.217217067 -1932947.2986560569 -52808.993466730964 -3958248.2771793515 -1219450.1407436288 487228.92553911573 5092368.382584462 -2848774.312734157 -1979593.9410131574 -1026430.1842302724 2192536.762052574 621919.0501522666 -3471405.5327937347 1063916.0605389397 -2284264.313589623 -1123818.3974979196 1677692.7295392992 2836792.542411155 -1907599.1898503716 -6665270.321559358 -2677785.7038567266 3530008.967526973 -3928710.8307677098 2929391.776365911 2933995.086169761 1263116.738054333 -3928886.648063251 -4758934.59834927 -4024027.273561275 3890772.2669922914 2681846.3594252574 -1329720.5882628541 -50109.004339850064 -638155.3531076806 1508296.857122054 2793513.1631888393 -1556060.3998300922 -2558090.136345425 -1169699.4599218266 4706341.287298885 499730.504716067 -1380559.4345778956 -192062.96576764202 2209027.615413091 431149.04980582185 -5389093.215423313 -1323858.9635214475 -615167.6345174307 3675085.819275097 5088632.896166637 -3994293.471911124 558325.330433238 -71248.0233957166 -4288883.907272609 7686308.057008687 1314596.6334962004 1901760.1987876715 -2477661.879121376 2713768.4049173645 -5405853.361270731 -2366596.2141216593 -2511817.323635103 -946864.7152386692 173847.96185353113 139268.70259713367 4421.322098184652 106924.07978161324 -2090837.224694168 -2175492.5494601782 2509312.313669294 5015397.379368598 -892738.6466441053 2154614.358569786 4891891.928421838 -4221506.38294579 -291012.3808924256
1941539.8171520338 1052174.4276973843 -4662141.1309125265 37334957.591735 -2418175.5246778005 -1491331.6083656326 1554097.396412447 -2127949.4921077965 -381450.4337042264 -3757848.7562013227 2560739.207862296 3163145.70283374 1162234.007884589 1220313.3419941922 -1133730.1708661441 -147774.28440510473 -2405355.14141998 597466.8600861098 -2571174.610777754 890338.8104124198 -308371.235030689 1866975.8991658855 -3977122.957917603 666299.9657309192 -8422453.338231472 -3112321.373976385 -317031.3605839337 -5536797.0682276115 -1010232.6534036282 2375721.761005272 3071048.7266650214 -501037.1203174244 -866809.5770823178 3458207.1876714155 -6045462.222466255 1854420.7444212853 2163146.8096790095 1477037.648528021 3618736.1454774924 2433739.3543774546 876121.3898824804 -1046211.1940282831 -2438942.2935886495 -1620676.3373210193 3176159.6274850536 -2436455.240840955 414011.6287591048 -92792.55398833811 1361185.6278635156 -3177369.686600164 -564568.7333974579 1510983.969743556 1640201.0284236562 -1113154.5250236564 -536115.1206323688 -1766988.0944700837 1039801.2123344557 -3799398.2458896013 2262360.333849419 -292918.0053967551 2717618.4981248574 3357148.6615719236 -1577277.3680217606 -2552454.351005705 1909115.1991348662 -2967120.348491893 -766771.2277189686 723948.1800530109 221899.9169311666 -806881.8146564609 -1904878.9111861694 -898864.3260455258 2061685.3529740607 -1552746.114668996 -3219718.3254877655 -270914.10339323815 2102442.033325928 -1536253.7883332719 -1154145.1269853755 -93965.97467053102 -145086.2185993021 -1959347.5506108447 1784598.5483257351 987426.3622917373 -2027138.9707605983 8476425.428525148 4124755.1874723067
-646110.476451983 880999.8335959332 -717284.6585812414 -2418175.5246778005 36963276.634013735 5186035.0874907235 -3610309.051974632 628994.8551321812 4032206.561576264 -1504065.757199899 5642807.18720604 -280393.5994026522 4053280.1838214598 4792615.281796225 -1233807.950279825 -573082.2919307795 -6860104.462335241 3139195.7550512366 2993217.3548581623 -65807.59225768986 -915199.002240493 1806415.0297780721 -2023247.912630096 -5420110.985988816 481897.003862523 3287082.832013878 3798147.332388701 5350652.133282632 1151181.8348617544 1753438.8124397045 2122053.7457109476 2438223.552855334 3625116.0976769268 2195340.5702236923 3328109.878836948 -2433543.199660628 473527.0027284735 -5281700.66776708 1273539.769241172 -2538377.2632927666 -2030882.5429645714 -1742152.7896315698 2602266.0522104856 -2012426.2648053165 1018452.4556863274 -6428860.272161999 -5999987.572898595 -3102126.8781889956 -2509326.4533314174 -142206.86087006962 -2397821.0581476428 474162.40044026787 -3113264.289255086 -1190117.6979560931 666238.5915997 -327828.7847451424 -2515787.0182409063 2464595.2139547016 -2939140.6983409584 1854708.7723486116 -72444.8673187211 -2398330.1094442816 -218166.0467573799 1812653.6910296022 -1403402.3427703246 1536799.6372014012 -4229012.149026204 -1029165.7260996199 -2386473.302501058 1736029.3585415178 -1120260.4092208976 2937222.670164511 -4502195.795355137 1102837.2156997842 -6632110.129729393 -5125960.912173244 247560.53951482344 2624182.91554634 1304407.8326859497 3650554.741524119 -483907.49615853716 -2499311.0613915394 4675709.621086691 -1724941.217298963 6488022.130100615 4129309.4989670413 2840511.8410399025
-1456806.2141106543 -2970373.35431351 -737116.0786804861 -1491331.6083656326 5186035.0874907235 32681222.976245772 1621693.7463687737 4584586.7772606 -60977.28277785496 2458637.9669107324 -3769550.010704408 -134138.0842388123 694795.7023148921 2172646.1752735563 1252528.967322748 431945.28260782367 -2711051.3169616065 6631356.766610144 636690.2387354528 1652197.0183831768 1555151.329354457 -1982043.9461600357 775747.7542676363 -1505569.8980363486 -1553029.8124051706 6494737.526812501 2380479.5212994497 -2609976.5721838092 -1668571.8720173743 1637336.470312682 2672843.4216523007 4825193.600821604 1915284.8470958779 1321025.014361832 1605007.9536285386 2777872.9339118684 -1977054.588364219 -2317097.325921887 -2445576.4185050395 848526.3231913445 -6117864.937055054 -4802785.324278341 864841.7671028067 -660061.1264968112 -3104676.8770592324 2882402.7149814153 -1565824.1341018088 -3579548.606295691 -2069505.537195907 1106393.380439849 -2747608.6328621376 -2688367.653153869 1400953.5939216367 1217436.6248210426 -3332032.914262943 -613873.7063675857 -1824433.4148776263 3406919.897254999 -4638068.166296851 -698189.806190367 1632667.4181860797 -2646874.014709471 -147038.5130479814 2494259.7908971505 -532249.9200285566 -2235918.360976996 -3296996.5870320327 -241238.45044193868 -1698908.5404045829 -3392274.9184725042 2486816.5829048785 1641573.2632871924 -4341986.770290817 18591.46119530259 121914.65412857196 -1343460.1427893622 -1652958.2236438778 -945853.6114425795 -1688517.1614018732 1730228.083411938 -2384910.8109425064 850943.3875248199 -3917032.986466828 -2054769.8192894775 -1517041.314322827 1152279.572405392 4915238.140300361
-115283.18879389683 3837664.6074581305 503062.5827752562 1554097.396412447 -3610309.051974632 1621693.7463687737 33187927.198584512 -417064.3954356772 -1250893.0009391217 -1381645.757757638 1527576.7980825135 582016.4043754366 2040825.891449273 -674111.1143481754 -1888222.6180995402 230362.31907569437 -694245.9410139598 -1997747.265180897 18658.515438764287 -558718.8008854901 604082.4979185663 -1630946.0991530824 -1643145.5923148969 2278862.761022427 -4070532.84826748 1654493.234144565 1087378.5129020982 1722595.8081052748 4634570.260246507 2307540.458793599 -117855.85001081643 -2072802.7812221078 -345397.61065474985 -2889548.546278914 2155630.2751752622 -2215491.811265595 310658.0282280404 4212958.685261431 -2385031.1623954694 3338970.8624737444 4922951.469634752 -536430.793721426 -1221062.7947480995 -1944423.7192841556 1905222.46857591 1177080.373750191 111999.71391505204 1389086.3990833594 2506640.1870577927 -103303.3255908091 -816607.2890498595 505482.95227197715 1804366.1214523183 1317851.707152211 -4393306.964057944 1325917.492507612 434385.3533788006 2997560.6692409166 -3814861.838619628 1505945.214942277 572471.7999343509 -322812.7428440936 2111453.554338645 1063315.2312316974 4024257.7350233225 -3010239.084609488 -1639685.9026115367 -4286217.105307192 6685448.4083953975 1296133.9066150493 -875624.806929683 -2721750.780956677 -260961.78152382484 -241153.58378224014 2212431.0972691216 4454016.806463582 4502086.604062139 1257306.2200098836 -3095198.9382411074 -2418108.126008359 -1300073.9338873436 3017005.9351084847 2137517.7977091605 1162778.0067946643 -536647.7096109237 -3366611.2498724028 -2040763.997306796
-1530229.275555172 181067.80285069565 -222807.6753299317 -2127949.4921077965 628994.8551321812 4584586.7772606 -417064.3954356772 35380944.15425622 850568.8820332611 4749633.444364068 -2365805.4585809903 -3342255.00455496 452609.2776439144 -1124090.6126464782 -4584307.512345492 7859688.05808423 -1989595.2787372698 1024344.6224979636 -4000978.2505465723 -397806.9054866898 797084.9460113437 -6511144.952999979 -687957.7229176528 -2835928.8677451373 3764869.233414124 2633997.6438417956 -268818.15740176797 1807489.4515866432 -240182.145544438 -1017872.8146377226 3753996.924112097 -149599.07920271048 -4493139.742808916 45089.304318371935 2419715.8857343295 -2435424.6685621412 -653744.5681347831 1086017.1768919197 1065262.5822516736 359983.96754706564 840323.2359091735 -872224.9619695222 -4179478.405751026 -33096.45443288152 -1536589.1877514329 -231834.37399197643 74159.04570724134 -108981.03608484067 4704120.322062731 -673439.4405335869 7093019.587279902 -4421497.21166759 1474192.9938131124 4080165.1284401114 -640586.3060794699 4592994.165470298 116950.78919550589 -952422.570058716 -1496845.6572779445 -1691855.74635891 316087.0235858961 -1158380.3135954507 -1772181.5072852033 2602102.038401248 -977319.4099606721 122071.61258136976 -1441648.1070814836 891435.5411954256 -1075944.6996208471 1959981.5583230094 647739.0071533695 -4162256.3886564323 4364044.134182694 -1106477.0658329597 -604409.6541586907 -3401878.7124736956 -706871.7107901092 -1008176.6171092903 -4358476.80996497 -1696003.9172640904 1970068.9943102242 -657105.2888862042 -32733.9573690587 -2605720.275995324 -3491473.7573757144 -2385254.524412303 -1689507.5634432263
-3340495.6990714655 1218637.3959873328 -6624106.561342077 -381450.4337042264 4032206.561576264 -60977.28277785496 -1250893.0009391217 850568.8820332611 28276096.2586788 -1731483.4744268514 -816458.907177201 6725055.835367527 -1975724.3665938606 1629196.661864263 1795264.494735871 1698507.128546479 -948387.0279684243 811666.1405022439 4357336.987094762 248146.67967709713 1577353.9684801851 1987669.0737224072 -734414.9643086178 907438.6799934963 -1279592.9374066016 5294387.118511757 -1156004.7229604074 -2870426.962713323 -3654258.0528265894 2155817.07503504 -2479718.696104218 -3990315.5787835186 -792949.6113598192 2646015.773439845 -1826008.6339233217 768847.7410116859 1678725.9940627923 -1202762.2381019813 1344361.3719743341 1612669.7175229383 314083.28084425925 -28648.28024075599 4150646.996641833 -358524.75004423177 2564275.607032074 -1320293.4027918861 -20898.341814067597 -4418793.471690954 1004485.5142088337 680965.1964417975 -2248577.888884825 2650248.403838338 91014.68472813551 716967.963687563 -1765936.2723230757 463508.0923357548 -4355490.295064862 2628042.0569893196 -3175011.9196688053 -3261905.022305124 610215.4299147109 3653576.556679208 57332.59946284368 2940974.8246160108 -771097.3933298284 -2417820.1072904025 -3043882.4245483377 3725380.9057291676 4480046.005856343 -2832166.5014492017 1499307.4999360347 231497.3163292789 -808174.934448293 -2216354.3959430405 2158781.5163870077 1620324.9196143367 3528517.775436377 1867407.7302726896 6125980.462488052 387534.3754484146 1824825.085605262 -4899348.566676636 663541.4064140656 1285765.1781744987 1256771.2641217222 1170654.2046705708 -1765012.756381097
-2970998.0780159174 -4875371.5330144875 -1942612.9779496822 -3757848.7562013227 -1504065.757199899 2458637.9669107324 -1381645.757757638 4749633.444364068 -1731483.4744268514 33982391.48798062 -1081331.651857936 1279194.4423953432 -10303642.28433967 -2321034.502078117 -780320.590739563 1543486.8525572785 2840980.8558623027 4906519.479762723 -2186084.1522908784 387656.60066831624 -369849.7864932903 -1574437.4145231713 2016387.305369785 -2716964.7858970463 1264378.234877809 3590001.7686811564 -3712672.218203316 -2203055.423432099 -7003145.001356897 910883.0914053338 -1522664.80368384 -13362.559006562513 3066726.364083098 1968163.1693440983 4494717.600571167 1655486.0299422615 1851869.318041676 1783382.5470176935 -1944759.9422082393 610258.5339497963 400924.39278301346 2301203.949328283 536189.1137027509 -144054.14669308098 -3724337.1830935436 -521735.4904142457 1950196.6460391895 -2462319.8354900214 5991108.062582615 -799646.225400092 -3505965.0056035216 1106265.976710831 4003263.041092079 4118617.2880603652 2650149.9974476513 2581506.1579083204 1012019.8963009339 1371342.961262549 -183129.3941065727 -4539907.63203515 2369383.068241179 1515341.026124893 -1124147.7034812125 971097.798423661 -2706184.650078372 -392158.3859463976 -4587822.826960606 -980072.5722421675 -1331391.857707568 1212490.065898581 -1628828.3783491498 -1698372.06838045 3337380.95815332 3105128.7071576333 3163672.370609495 -298610.720260933 -2118258.6274312725 -916504.0563279839 -830745.5128809334 -2868535.1589519056 2336898.6331785494 -1887193.8144647044 -3325375.7094451925 2045038.5060764235 -2266586.3114318913 -2541369.1847649044 -2824425.6769731753
-3360350.5819554618 806569.1571757033 -1204769.4691351424 2560739.207862296 5642807.18720604 -3769550.010704408 1527576.7980825135 -2365805.4585809903 -816458.907177201 -1081331.651857936 34742913.174314976 748896.6944977108 2599452.094630948 5676474.087689979 5893342.106399037 3243456.4122156966 4623307.013902689 -1428980.033664155 1391519.1918779688 -4398056.7051080605 -2289662.350931922 -3269679.284821554 3662131.120955875 5253220.859067598 1530766.4871280442 1098726.7714520097 -3305637.013311393 -1549144.566826749 1847787.5716085106 -2953460.164754342 659242.1442152114 1394540.9737105134 7334841.760721506 -2332124.7623244487 -1194626.0322162868 -2556102.0620223605 -269158.137897654 5981450.717472359 -640117.9001996631 -1788087.7816034849 4699923.466716246 465334.3988840078 -1339417.7625035923 1683363.4491335687 1608051.0936159187 -117325.02128304941 567363.3517185827 -2097802.75457797 -1143073.8587663157 3130466.672893429 -2540002.8284993893 1581534.691039631 3499636.343784266 -5360434.935963067 4751508.979959758 -541444.3893059737 3830629.172910824 -2603163.0094598075 -609734.9506609826 1155077.0676515095 -1138158.5733721568 -445642.80875661597 1870711.9432016462 86247.07044267294 -1138260.7881510917 3103156.17108804 -3912427.2696924 3114881.8263004287 -2022965.658851356 -651871.804972668 3470530.09616522 912971.3143320797 296073.6797709485 -5076066.914324613 3440759.9260117547 -3292812.890820801 -1447914.9888162394 -3781990.2565130005 2333542.069164795 -3918945.524581914 -5140784.965734648 -4468759.919546733 -934647.4148679932 -382404.3770243642 -987545.824665979 -729900.135011652 2703326.864022771
1718222.8408166377 1038201.3135077653 -3162792.217217067 3163145.70283374 -280393.5994026522 -134138.0842388123 582016.4043754366 -3342255.00455496 6725055.835367527 1279194.4423953432 748896.6944977108 33403540.184244122 -3117068.1621392183 2139257.362335763 3576106.219835598 -263529.05943886173 -3470758.8253396116 2524955.45544359 852744.6661714567 -2081030.4112221932 -1784641.3491690569 2649159.9384216373 3163861.0734203584 -5194708.858119205 3143914.366255428 -451875.8753362393 -514879.9440345917 -10138527.128699513 3506982.568695442 6570491.055772693 1131202.0951904287 -256092.61895230162 175814.61464050616 4408206.434072101 -1591512.1179871042 1198556.0101297998 -1522059.8105906316 1227706.769283875 2052557.6304830268 -830583.0893228945 387293.2911643698 -3038435.0100827985 683211.7001426356 3398077.371430129 -77362.47504315463 -278469.39148534957 -2433360.4501989787 12120.389133817773 4356433.671828059 -3933086.7593262643 1287797.0272494755 1500897.5879599988 1749577.9475085626 -3707733.8132830556 -2910912.258021601 783671.7245902403 1038460.6670490166 4247514.706544005 -3452834.711901959 -1898401.645841716 -2492520.16645995 3046661.1255955626 21291.57453108214 -2948680.384417476 -2909599.0625463463 -4189885.6308534425 -1111055.6983917414 -1426358.7079652126 6620134.139384737 -3382793.3400571514 -1272337.9287844733 -5721770.671130736 -3063959.3640446453 1905985.99976771 -550638.0417832829 2244511.527702458 3192695.327436194 2821005.204269495 -2598618.298870508 -1645974.8753867468 2336483.134954559 -817367.1845298508 -1403568.156961064 3483365.3053852203 1806401.0353099755 2984566.657606969 894857.0396352839
-1452239.3205004034 488721.4729594945 -1932947.2986560569 1162234.007884589 4053280.1838214598 694795.7023148921 2040825.891449273 452609.2776439144 -1975724.3665938606 -10303642.28433967 2599452.094630948 -3117068.1621392183 33656874.22423612 431943.8435687399 -3781340.814762709 65750.60005823663 686652.2685080263 437105.96781265613 4188105.9945277967 1735501.3557696762 -1340992.9269829048 1319285.472800929 685744.2641411441 3098534.279130164 -1086218.4149957504 -2631077.4260442574 1858343.1586375982 2151059.423294726 2772015.2575252242 3749860.8466179995 71085.90252603062 -840290.4236477631 -37337.51985728586 -3360753.752726539 3884523.819685451 -4807846.11293458 1999758.720233244 -2310179.0297956653 1378614.4665908033 1996277.1873979296 -2674647.659684471 -1515076.7780383874 -348032.40349184925 -1407091.224426347 117845.86612403007 -2215840.8701534383 -5697134.305753975 2204345.9689567643 -2317233.3594815843 3809931.832736746 -251187.69912753903 -1816660.1292170978 618259.1815009526 -5695800.838217702 -3630582.195640145 981538.5671257254 1785336.7559262777 -408333.41362546274 -3325075.951527517 -1093651.7578502675 -2853199.7911814 -623874.8948424932 -3346617.054422999 3203229.0862441873 203419.04388165718 -1516237.2741866629 -3711729.946246567 2922110.752300807 708186.3794794505 2925148.956543346 -1989031.6459053243 1435078.0415409503 -1027152.6392689784 823654.7234711538 -4727104.595466882 -1566660.7782367638 -562338.7174921791 -4427144.8285638355 143450.61048399916 -2944288.865962677 -3046531.270848594 2683721.9917076486 -1077829.8051390073 -3988455.2167353174 3211187.267986966 1075467.9880189933 637575.3264475813
3225030.4849241413 667060.1456146586 -52808.993466730964 1220313.3419941922 4792615.281796225 2172646.1752735563 -674111.1143481754 -1124090.6126464782 1629196.661864263 -2321034.502078117 5676474.087689979 2139257.362335763 431943.8435687399 37136937.98500263 -644576.3407481004 -2333042.7941818447 2156893.7979745935 6153065.279852675 2427640.385944419 -4430492.313736027 -1183572.8111773185 531203.4548249479 2413187.5440205312 -2996385.029881549 1084292.587056107 2874392.898317886 6295542.105433305 -2942786.090151482 2638186.311071722 1974943.8392952748 -3544596.331688511 806880.2703483573 -520436.014236226 963372.961345003 16673.80133381381 2760132.5241043586 -3216338.750758132 -2867083.962815146 1616910.0853130925 -125206.34335515846 3709287.4945687926 3099880.115360751 1324713.2074834586 -60039.124120205175 -1224528.0718992925 -1273026.8326699142 3212877.0606425228 3893990.6825183686 517048.0967773972 -1000258.8185431561 2340296.0388560165 4709840.873963495 -3597971.826824942 -3100126.796335386 1657937.8913472064 -2408542.998511578 -2580158.4112714203 -5064770.206160984 -1899505.8170050678 -2501953.6322292704 5383367.814667005 2287794.652179019 -268065.1942758499 2212630.2096772194 -5356757.740153705 5385640.160397418 -1907554.6000555013 -645459.2062017652 792873.3452911119 -4657029.380651761 -2874736.8253886076 -89776.5668394259 -3613623.855859284 -5696068.686885156 -2186174.006118583 890207.4910979116 -1070485.354467275 2009362.4720342364 -752002.1373895558 1639914.639318601 -959460.5307803678 2138617.2506858297 -1640916.9213494083 2250404.6567153917 -2382098.600658764 1509031.959047704 4541978.147247218
-736002.9010098197 2966716.6224346524 -3958248.2771793515 -1133730.1708661441 -1233807.950279825 1252528.967322748 -1888222.6180995402 -4584307.512345492 1795264.494735871 -780320.590739563 5893342.106399037 3576106.219835598 -3781340.814762709 -644576.3407481004 32819110.646369845 2315441.919019624 2466245.7449013996 313192.71247225587 1212447.1078819006 2213005.28714454 -2094611.891163364 -1858877.6558171106 1767159.849002735 -690141.2296998518 -127933.1009632076 2815729.6253794148 -2267359.101160181 1994730.9449539152 1007007.3350499629 653242.1573482413 937020.0227292026 -596572.8750403336 1122001.3654286286 -34382.922486275136 -85924.6688639784 526802.7255764105 -1645867.212867267 1396831.6085287263 -306399.2180895672 -2797401.195758941 -425190.60877777927 810393.3900309303 156122.04863147624 -4168693.615130598 -405072.3970666266 -5114019.066457511 -143541.19682971653 -897414.8022870917 2172946.822086708 4396170.126051248 -2081213.1100099338 22464.544973424316 2646928.334185396 354927.37546023825 -2965534.8384078937 -5677789.532225355 3456549.708335937 4812736.900747182 2106639.3489496415 -3464644.2694145567 -1139633.040885922 -1817483.555360227 -1123263.6886700906 1959885.3707857735 -5757898.619111911 1210010.4500691337 -655752.4687054595 1137469.3250732017 -3670781.960581773 -2054912.7502936292 925217.9948502411 -5893504.150650783 -177902.38420358344 1810240.4367591846 359697.4809614919 -130989.36539952717 -4268962.222893065 2104440.9149943814 637856.0928291329 2761686.314499887 -3608916.295077931 -2156088.837219715 -5000366.223672088 2505602.752389518 -1361629.6217888715 3932505.938216222 1846467.8215476258
1052686.5712836932 -512584.02956053894 -1219450.1407436288 -147774.28440510473 -573082.2919307795 431945.28260782367 230362.31907569437 7859688.05808423 1698507.128546479 1543486.8525572785 3243456.4122156966 -263529.05943886173 65750.60005823663 -2333042.7941818447 2315441.919019624 34860218.76672183 -345563.1639673903 721477.9494361926 -1749968.0422709533 -774199.0106527419 -4932734.678559142 -2009705.8668164862 -2046074.0015742918 -2342811.650807097 3824479.839193869 -31937.687790695167 -718793.1795219769 -512517.0481901087 1814677.339489448 740813.945617372 -1019183.1261821657 -650618.3375231982 2938929.1282339804 -1816722.3930418163 1566800.1380736344 1823313.9398035023 -492197.5390697148 2712420.5321780206 704731.755595716 -3124065.0509043005 438169.4716962558 -1309946.3537781981 4216505.556347274 -1497240.4913716326 -1869718.2664141923 -1664039.3107707943 3138062.6166278166 -2232406.1175923077 -2332746.162215746 -4036869.0713891606 881302.9568757478 -316638.41716153733 3205130.4307606844 -2891635.5220950805 408373.205071579 2984427.800136346 -6446001.517806111 -427527.5653166822 -1731611.3988226135 -5523131.529829676 -2696071.2133677555 13185.886724632002 -2433131.6224663965 -1128890.673777362 1781717.8746545555 -4853186.012408855 -7303596.299740572 -1474736.4616052138 93254.81862150505 -3319574.829042882 8940.412390963931 -144407.30060927002 6133672.032327973 -1735859.5765331974 2235758.388958882 -1680440.7669269545 -2286543.2863662797 1437285.4369068737 -2646715.6327938363 -1274944.2304908058 -2308406.0556405797 5154622.348342197 -1945352.6369445263 2067031.926253135 2413128.231708261 -1172020.8011819029 470358.24366426637
-205587.73981186238 4408525.159877967 487228.92553911573 -2405355.14141998 -6860104.462335241 -2711051.3169616065 -694245.9410139598 -1989595.2787372698 -948387.0279684243 2840980.8558623027 4623307.013902689 -3470758.8253396116 686652.2685080263 2156893.7979745935 2466245.7449013996 -345563.1639673903 33998134.22467853 -1944605.5022423868 -1639980.0968814283 -1225972.7804501134 -1860636.276265077 -4203840.257098535 -2481313.7647915278 7606257.352936657 -1616559.2541053756 1285374.1680899689 1005121.9448912294 411998.4942732551 3328004.378411037 1301131.762103013 -671044.0956875702 1786808.755977515 4758161.424761486 1757378.805098603 841392.0394554458 -3054276.577101985 -1596696.6165745493 -893500.8011554446 -3262643.4116071216 -3340044.5662933374 -1385324.3326438803 -1119704.2256547618 1454016.8284485708 -1281880.0146064213 -480792.10680474254 2317177.461800368 -1840994.0744503073 660532.1574021388 789585.534481399 -3140887.023411385 -266576.1820940966 719136.9378418764 3911697.421541138 3266189.4348384878 -1322939.5067078562 -2770649.8741087033 2991115.108196114 -888902.6446620016 6340283.1738572 118725.20469975054 -3114407.460977692 4981397.246320706 1547263.3551784577 -492092.6233884662 4057505.361912626 -3116222.6128802435 -387548.6834549042 2253603.317565446 2252441.966381932 1430980.5898245324 3584469.4722473277 3464289.7679312057 2618815.281905789 -1389078.485005671 579441.002580826 -781459.586312013 -2564907.0375555875 2188443.1649693777 1111524.1833253002 -5901316.179137995 -854900.1122972857 -2497205.2383515635 -866100.4718301579 6392870.869221964 -555747.0447945059 309638.748984907 -323528.05092302244
-2346825.7157416884 -1458154.0299000433 5092368.382584462 597466.8600861098 3139195.7550512366 6631356.766610144 -1997747.265180897 1024344.6224979636 811666.1405022439 4906519.479762723 -1428980.033664155 2524955.45544359 437105.96781265613 6153065.279852675 313192.71247225587 721477.9494361926 -1944605.5022423868 33796334.25065392 1127743.2992406012 -5030670.790090245 -124876.41469134617 1597824.366608812 1778020.6684112453 -7055642.904510531 -2922981.5134299095 842179.7585603454 379413.248067319 -4068404.2970497287 796772.9108185545 1667688.5453589002 -3088641.2981782826 1831185.814413151 773753.6672203584 -2122548.502020392 2997632.4731719303 1117815.0006602178 1022825.088224984 -4247693.364980773 -2390486.191521065 3099849.623416369 -1750171.1781460645 -3123684.478629243 2718812.189199436 -2727912.5875359196 1927440.5273866158 -221734.63882174742 461858.45406764804 -5438407.917393269 -1418657.3130109743 -1230156.8111619137 1041863.1914569983 -653805.3126886754 484591.16480395675 2198707.990194511 -780181.496887947 391422.49640298367 -4016516.170380045 460989.8257147861 -5034591.950518958 -634905.2678379236 3479532.247038589 393926.5127877886 848600.6228149566 2324584.8587116576 -6018660.171774237 2086089.2856958553 -1981676.4830290987 -3436334.4171121055 -812696.6442190105 2962058.4812399326 -468145.51698808774 -295634.97532791644 -3359303.7627726486 -3851444.277949759 -2401225.316954582 205002.1413616601 3729262.845523951 3003054.2380198566 -2639357.341632327 890131.6636036702 -50772.97797776155 891399.2142258198 133332.31152031728 776106.0198999529 204835.73605731694 2750627.414729738 -256917.55764513116
1256239.4158469706 -2466173.126082233 -2848774.312734157 -2571174.610777754 2993217.3548581623 636690.2387354528 18658.515438764287 -4000978.2505465723 4357336.987094762 -2186084.1522908784 1391519.1918779688 852744.6661714567 4188105.9945277967 2427640.385944419 1212447.1078819006 -1749968.0422709533 -1639980.0968814283 1127743.2992406012 35054042.07227305 -7118058.678346483 3121824.216017318 330280.5911765999 3254216.4553787606 2698767.1178366523 -839404.4087872563 -2212811.1737777772 273089.74550054065 10039.131815497532 -895844.7828535024 142388.14013957375 7270.803009494564 -3575609.2761824764 935756.5139607575 2619484.1652876833 2533276.487985623 -2352260.6796293017 2229171.9912183103 -2757102.9012374184 -2063051.836630893 -922002.2566365213 2076399.5786742107 -226656.0166359321 2188622.4224628895 -2234080.5229691206 4901293.876428077 574536.3197345494 -4489102.508199948 -2813026.0419880236 -645848.7705826329 359733.97251812596 -3741359.7676411523 404084.94693843205 -2555919.780669054 -813198.1644260819 -4330177.312948237 2160683.545524705 -479410.8933966727 1773904.077383549 -4731884.171742876 1587082.7138768295 1424161.1487367328 2402040.762628207 5080463.050993103 2509141.220259719 -613134.4440969415 4252507.422155739 797614.5681927569 285654.89122694085 -1363222.3933930227 -814901.8838963186 1123201.8187543787 -4137022.6584198885 -3434100.793011582 3440520.108075347 -1362924.775636992 -2453177.8578403 1844478.3699293465 -2874753.980722845 1689281.1024530563 -155622.54261674036 -711468.7445266573 -2305123.4281719313 2473379.1470972397 -3270445.1348755797 1372842.3680342934 148111.93257023423 -4367300.528551447
3316804.04276045 -1836951.8170144763 -1979593.9410131574 890338.8104124198 -65807.59225768986 1652197.0183831768 -558718.8008854901 -397806.9054866898 248146.67967709713 387656.60066831624 -4398056.7051080605 -2081030.4112221932 1735501.3557696762 -4430492.313736027 2213005.28714454 -774199.0106527419 -1225972.7804501134 -5030670.790090245 -7118058.678346483 33616448.81571823 3555339.584363405 -1906565.8366854836 -4051292.2414033124 -10285.22800218539 2479874.1529719373 2573302.907878372 2466727.090370753 -1791457.9722069483 -1485042.337520767 4848792.482809707 1982192.5078869695 2245970.173601921 1175443.8528308054 -3334924.0374550363 -4472810.466186172 -1705310.0919408614 158372.50536293077 -1609119.035749212 -1170882.5129294652 -311301.5946603236 109734.83175867266 88360.15920734286 -1794580.9308224644 -553321.8772461788 -2996097.6200458794 -1985748.161894835 -1404189.2717558392 3641680.944559942 1801540.410557536 4376974.478677274 -3115113.066222144 2031167.8464901063 661554.9752247133 -2948218.8402616535 -1986595.9777593317 764189.0347175049 1596808.7701346143 1528677.1401300346 3618738.4830451594 1448907.7049579679 -793972.6028877203 -341496.4788851275 974068.78793771 -681079.1311633891 -1747168.2011230765 -4343153.896556215 1221844.2729417575 -82370.30081872697 1094001.88358623 -4090663.579985674 4868959.042300385 4217774.771530822 1978166.217718115 3304259.730427371 -4242188.887966616 -1699244.793272998 -1170831.0326539995 -191778.01049226592 5570543.133434582 3013071.057616116 1468087.622366293 11289.387265375277 -4208090.010663489 3056881.4278282714 790152.8234663261 88910.78627442168 -79413.35960450319
161794.13525811333 -1744957.751088993 -1026430.1842302724 -308371.235030689 -915199.002240493 1555151.329354457 604082.4979185663 797084.9460113437 1577353.9684801851 -369849.7864932903 -2289662.350931922 -1784641.3491690569 -1340992.9269829048 -1183572.8111773185 -2094611.891163364 -4932734.678559142 -1860636.276265077 -124876.41469134617 3121824.216017318 3555339.584363405 30757574.669432633 805565.9046135229 -640177.9713024194 1633666.953996792 -887857.2699295494 -1303433.2087548443 -683282.7508977272 -2397403.991808517 42572.57075188708 -2544731.5945891873 5007453.112775782 -3742605.1524584135 -3708503.8655360737 2747795.551851075 527590.7890638408 978432.8737042883 -729454.4646419666 -1786548.8890052466 -1334172.223930581 808836.4764756022 839516.6934034878 3126257.5011281166 -882297.1554346984 4091756.8714463566 -2964233.5568592013 3429525.053225038 -2001999.2325135604 510313.68371760653 2438958.250509982 213034.68715083075 -2014775.4847029855 -1804104.791623881 -1420565.159763975 151245.5667429882 646282.6032736823 1404154.6525496896 2809798.284015104 915818.4988200701 -842312.665807985 2849006.7065059124 -415078.66239845677 3851335.041326056 -995062.7499946944 -218538.44914761544 -913184.8579622909 -1366707.879301006 8506366.063461991 394068.21146945725 -1735750.7467583015 4957480.922466508 5300926.970960783 -3997908.8078781324 -4089387.379127694 1946523.765362364 -5089829.625304021 1326867.2893487616 -699076.4028909224 2109373.8084006766 1046648.4337487803 58904.812045129576 -194444.514531024 2161677.1946141506 -115297.92662078617 -7041505.717561232 3375816.11516127 204257.77396272894 -1646784.8945999842
4776016.198495843 -3329700.270426287 2192536.762052574 1866975.8991658855 1806415.0297780721 -1982043.9461600357 -1630946.0991530824 -6511144.952999979 1987669.0737224072 -1574437.4145231713 -3269679.284821554 2649159.9384216373 1319285.472800929 531203.4548249479 -1858877.6558171106 -2009705.8668164862 -4203840.257098535 1597824.366608812 330280.5911765999 -1906565.8366854836 805565.9046135229 32075445.262622327 -452883.4215898787 -449942.8058625735 48376.1635664569 -5756152.392398777 -897645.6184519498 538772.3110254285 -1501730.682847053 186367.02298818761 4503686.707967502 -711871.296541356 982973.7426986244 2509113.2949481276 2383098.5056339526 188321.79436827826 4450699.072742552 -1768172.8793329531 1754517.0994804823 2606200.2607119135 -986658.6371742949 171080.25566306245 -613598.1991001577 2214094.4413787923 2033674.7245659092 75293.87218805113 -1466308.4992226157 -1401838.557599623 -2500099.2906821566 2205963.006026567 -658784.1521743311 1915132.2422427111 673913.295324036 -3745125.9404438855 4557354.042137227 842217.2367004706 857483.4322704492 -2968876.928521957 -2388867.2217426337 -1147468.8369561404 782729.8720208767 -3193084.311444163 -2354714.884090625 178786.46878792517 1155315.2928139542 -942863.4368721576 2550906.243591591 -1697502.0890226613 1187249.1348821567 2809355.5866047265 543183.7822874095 -1776593.373382437 -1291345.0666671274 1636487.9542174155 763615.8415005783 626854.1643334553 3752997.2527347757 -1816355.6672875062 2499170.431397278 3531440.7489218335 4032289.3740413846 -1288458.5139064796 2357313.657519834 -721047.2274031087 3559140.6597472676 1940319.6158210004 3154624.024612481
-2353734.4129501283 -1485998.7495873454 621919.0501522666 -3977122.957917603 -2023247.912630096 775747.7542676363 -1643145.5923148969 -687957.7229176528 -734414.9643086178 2016387.305369785 3662131.120955875 3163861.0734203584 685744.2641411441 2413187.5440205312 1767159.849002735 -2046074.0015742918 -2481313.7647915278 1778020.6684112453 3254216.4553787606 -4051292.2414033124 -640177.9713024194 -452883.4215898787 35193221.54822323 -2384599.0484337774 2061502.3920917946 -2890748.8291211585 -3017697.2980321213 1556958.8714815406 -153901.99556781427 603264.7099055746 -491769.21845653636 -2907592.1078967582 -1947120.4520295567 -2264481.5680406014 245309.4343856651 -702657.3957829282 2210033.945758827 4118556.566832361 -4366999.985286335 4373385.393145528 6101039.177469252 1300320.4461215148 389111.54699544265 3301602.451851745 -591374.0142094216 4266258.6322834045 1438271.743790034 3369826.4404878905 -3443337.8253156627 -569676.0231760665 -340025.6110813014 1421028.3395152967 3568560.47095065 1820965.8218327726 -4947419.984056982 -1571324.3243358308 -4933884.719397778 -1326452.8072112405 -2953923.075341944 -2235565.639088275 3515082.020566041 -2809.608190522698 2249155.685964407 -838027.626955303 -2693971.0046128402 1580044.423492087 -5028538.422246427 -1031969.0166870598 2067810.277390374 -461307.4418811912 1119392.5734341484 -4704627.716240605 -3304666.407876694 -4394883.896850578 1777522.6731014925 -3306878.9379064143 191986.0401003635 -4718.083542105585 26905.280222902562 4332885.474257472 -4814825.11460265 -134422.05595681176 1453570.5623885717 328176.0595344673 -1730802.4422866185 -2715106.794315402 -3804476.4113768116
-1219073.505804177 4478113.826565303 -3471405.5327937347 666299.9657309192 -5420110.985988816 -1505569.8980363486 2278862.761022427 -2835928.8677451373 907438.6799934963 -2716964.7858970463 5253220.859067598 -5194708.858119205 3098534.279130164 -2996385.029881549 -690141.2296998518 -2342811.650807097 7606257.352936657 -7055642.904510531 2698767.1178366523 -10285.22800218539 1633666.953996792 -449942.8058625735 -2384599.0484337774 32281040.712464448 -4060789.4403659226 5116673.1293966165 2268312.2971928525 1525600.0151095137 1459596.7458412217 -4271971.410434386 2927646.9325896087 5123221.939883625 -2362714.5980136683 -1376972.6493189824 -3634822.064487053 -1198641.227113907 6963636.826508802 1036654.8552247774 1820888.218467801 -313836.3119172093 582324.6130304339 437066.18235688284 -2681760.1736548464 -143267.05430597276 -385955.21851743193 -1732509.3087704561 -2189931.1454861998 404849.1626272594 2297649.714423889 -3721389.382061993 -6562081.583142148 3153728.6759540597 -1455907.0055281527 -1030833.0407222896 457990.9543584085 2461639.4400976207 -620211.4285421104 -1724326.157921057 -1416783.6112189263 573232.6678942048 2538665.7726107975 -731652.7353503746 797122.9744160142 -3243793.5224540313 458073.60327844694 1236104.2114150391 417543.81257457915 4063628.9492326775 391175.125403237 160273.63135268193 4510980.575344433 2495534.121441686 1355022.1634391234 425533.6595978155 1568398.9543450207 4997176.894976581 208002.87280641685 -2961682.320599941 -1437892.3220137013 -262323.0798665412 -1708832.392723119 -3547778.8848724016 -22542.50422153822 -1406819.2833348473 -4170789.79965393 -1050588.2771656234 380841.8927542704
