34197009.03511684 2589081.4305899283 758789.7036935706 1942151.211032369 1527878.762007228 3481449.6283051125 2188523.1357087917 -634422.7702448949 1522312.7589098185 1031105.0389647774 2859236.181741617 1643591.5983464983 93223.65871566831 -555079.6000889104 -1369803.5475076893 2261600.4151737606 268906.47502790345 6510419.385671535 -2284093.5879508085 -2627460.5460896324 569080.554309325 -2067458.574847028 -1057318.480268291 3428266.743384253 -2898700.715363235 -5037235.79875627 -4090015.483212168 4308413.21552154 4525610.2693038685 -2780092.483434711 -1175771.5724612288 3076689.886972765 185855.16772353818 -1000015.8059854752 3760817.7204562416 1441808.3006520513 2545275.500195564 -3876174.604392589 941134.4259509601 1965571.2790676588 1150088.8435716145 842235.6084445422 -3222396.980227118 -760216.0163108157 -8163171.213370822 5634166.105829469 2355403.5470234514 2478123.7312818174 953788.722165687 -284327.29044791305 -372449.0742362142 868404.9004654854 -1954962.4459600714 -1397001.3123550497 -103328.5792447775 1006864.1991228507 -964939.236298594 434661.12611748494 -742450.5782266393
2589081.4305899283 37534545.25294346 -6564759.091301059 558236.8285010556 -3155294.8980525415 -3722509.7130375295 -1742831.0257580054 -2549929.663552063 -4625116.500821617 -4005524.6422092943 267358.4416410566 1276293.4287699957 -2994780.460166764 2960411.423290241 -605499.5320954359 -2028195.0480315557 736445.3231662628 -1115189.249126057 591215.7641718488 -3032817.3024387914 -5375429.863893136 939283.5828247594 -942812.7114939225 -295441.33982603933 -4066147.8419324593 181503.27352592984 -5459278.666384834 -1304181.1656893485 2304638.2736803032 -1366749.37702188 -4338109.84176627 -5218361.628305575 -2669188.670304636 -1357970.8295837776 -376493.5981174127 645252.1226200436 4535546.475182987 1886600.7438518594 -1585982.3347102373 -1314720.0962410048 661596.8990243366 -1373617.1691450956 -4665553.661810497 320807.60657491453 1256401.5527798617 4921284.982144341 7578510.164078696 -1976679.013374276 2207092.186591152 1808793.7307425844 7155886.059066108 -2112451.080806864 -2217239.2819475625 988990.1550942456 -597631.9565749178 1899916.8793332747 -5648609.629520883 -2113892.6788063683 -1634224.1503600394
758789.7036935706 -6564759.091301059 38647581.01417565 -3021724.3506964357 -4273357.783663588 -1094559.5986725017 4314926.517290496 -1272908.8582182343 -779467.1746699455 3159829.5576816476 -1492510.0250319466 -1153161.9164287979 -1478727.2867877518 2582189.8669399573 1489665.2403499496 5114571.470964624 -402492.21076233656 1163725.525541209 -2691880.3703506757 -630869.509208965 -11203379.390476262 -1069467.3732385058 -4570879.065842466 -2292873.6852051592 -3829176.8225800614 -6673207.797726205 3240855.677849544 721671.2824138064 1862399.7054546126 -4929495.70311542 1983266.9902049769 -1615248.3741810983 -1775930.230224465 -1673386.8183223566 1927962.7744633064 4619186.708668772 -5975744.77475161 -6029761.230930709 5091004.677058673 19680.86253024364 583093.4805081465 -805878.8500184757 1453663.4972562145 -104390.05995371577 1016988.175491581 -3381615.9097524667 -129851.07706436815 7545718.2723180475 -1790428.448736133 -2587812.26027241 -2389323.1411470417 4344612.475050162 272445.5518020964 2812115.610323734 -1800909.8690844313 -1425789.8144553583 -5712263.987362855 -1684410.046900735 3293110.1922615133
1942151.211032369 558236.8285010556 -3021724.3506964357 36735054.41709856 952759.9215595946 830561.7082304171 -4614550.835992715 -122855.17960548273 -2451291.0583243947 -868440.697634263 92983.9443374981 3825300.610322081 -4680886.3491073605 -3966812.90993351 1049149.0366815086 -685634.2523085243 981561.2465360936 -5921126.982666971 -5592282.0046107145 -6956290.409205292 8977348.878284814 78497.65755374622 2259947.9243999464 987858.9794950301 -6063067.0983664235 -1926008.3732059167 -2281244.440815722 1468142.3218395226 839718.4473972097 -4909344.565580417 1471648.9758254935 -1254296.5209348446 -5380748.448907549 -2725691.0261099003 -5303409.086415362 565713.9443247988 5459260.644457632 -2046780.8627872125 -313530.7432771659 -783375.9285470692 2095349.2385688366 -1733752.6164264195 318160.2002533297 -1329097.6217566372 1279693.161139763 3726600.202914268 1044144.441293394 986668.787263124 -3697789.136434876 -1184086.6552650928 2825306.4519658987 -3772335.6067586946 3348256.266178397 -3282364.4794346266 -9502140.219884308 -107656.4923920593 -5637173.358575443 -4860287.150011087 1194661.5039419965
1527878.762007228 -3155294.8980525415 -4273357.783663588 952759.9215595946 37674651.278308645 -1993076.288998668 2415169.3033365626 2287875.93089963 -1894377.431007003 -1844550.177841208 -256013.04337777628 -2304265.7030876433 616708.2767917558 1462162.5655234253 846751.4969025758 -863659.7805040192 -1909225.8314739533 87134.81714593378 -1841285.081352781 -517460.1723004012 8131051.699685635 1308483.536290938 -208128.6722582102 3473280.548072976 4629632.3038214715 69461.80646986351 -1543361.9357069856 3116295.22496208 -2929458.4864710597 5797648.050940681 1685266.437324009 -6639432.9237937145 -3626699.6853273297 7780610.146641749 -2509694.140960062 -873429.7965993264 2575332.897761288 3363615.1385986367 5449662.738756764 -766802.1704843616 3211947.1967089325 -1348472.0319574166 -428983.4172957694 496174.1026746615 -2346804.650187908 -4215073.428536068 -8922.694085380237 1051237.5268373387 -643752.1528913593 1336373.1635203508 2915235.07745204 1281625.2017322204 -3535908.8817785876 -2124988.9624539367 -2021278.1721452228 1856942.6172468127 2594001.0027418723 4831653.9962350605 -1302899.8489728228
3481449.6283051125 -3722509.7130375295 -1094559.5986725017 830561.7082304171 -1993076.288998668 35010825.342559636 466621.1026818502 1911141.9343471285 6180435.305746678 -4623311.410151636 7343492.004321325 445965.8328087834 -1208838.2521578772 -1722762.5435509793 -1192764.8152958888 3085370.496374474 -989874.2284452969 1136794.624304807 -1174118.1155932827 -40727.06122473095 -4747319.275068642 -1916964.7310945892 1744704.7684251221 -759688.4182620196 3778940.307976424 -4135432.452865857 675572.5138997851 1722243.0017593168 -1757697.970773156 -1626128.7417381895 -89854.27253483723 2994171.7600031286 3982353.440826804 391961.8058377517 3005215.7081611683 407956.2472096039 -4177613.9732177183 2338009.2982934862 221689.83510210935 -5936559.687485778 5707182.605233752 -8270858.921861776 4797998.939018626 -1091751.5291563426 4284546.674538085 788124.4783770439 3728367.521271929 2096467.8685366153 392371.3330935576 -5646331.4874140825 -4838202.761972691 3926398.147364541 -3308832.2744513266 4433457.189399629 2211207.493625568 -378032.6871225425 1325796.2043977012 2634620.881669244 -2243090.613412428
2188523.1357087917 -1742831.0257580054 4314926.517290496 -4614550.835992715 2415169.3033365626 466621.1026818502 32502087.104836892 -1554260.13485623 1600322.7669966922 -2384734.5717076836 5155139.132122652 520367.6329947021 -1326865.5950323043 1024646.6130271085 -4531992.824072728 -704840.8693427527 -1990136.782239041 -795691.4181031332 2098858.5581869176 -2749812.260363677 3748608.6949484386 -1575400.21436794 554192.2846537597 -497193.9587584523 -227716.08096789298 -5061034.098831091 -2920301.556046366 2312340.236249196 4755602.248260819 846169.8526497997 2723192.4164798637 2754073.2122750096 837533.6069388221 5887236.147056014 3522435.2481139665 614283.9576662787 -3862273.8588408637 -5669392.399916375 760298.3025026966 966183.6485680509 -494199.6056607204 -351206.0983468339 -3970036.1405521296 3582770.0467953053 -1957486.8319352434 -1720411.9359436338 -2772139.5827864925 3533185.543802465 -680850.5721941071 -1578883.5305976314 -3098185.2887285496 1784774.6966819074 3521886.133627932 2049845.3871677744 3100510.152015034 139966.94822160708 1137771.2824224662 3385663.723266963 2308989.9279742846
-634422.7702448949 -2549929.663552063 -1272908.8582182343 -122855.17960548273 2287875.93089963 1911141.9343471285 -1554260.13485623 34002346.119703 1559189.2753147534 4462251.45060892 -1142676.551305456 2550343.712753883 1712338.2940596496 -4134682.3684013644 3857705.3232200253 -3487679.3230937403 5903055.803106711 -3158065.8778976994 -2531966.604331859 1055584.3339897334 -6648531.154028871 6527370.867048006 -2195069.1549395667 -26283.815963396162 2455960.27999581 5004278.368276621 -1388298.0795925083 -260107.8214626759 -1292101.581503336 1603343.1342541932 4029729.032834357 -2822796.0638645533 -1242721.278221501 4073456.7615440516 -5215936.192354076 -3121790.3036067896 -2726964.1175809517 1474678.4131549897 43195.00503437682 2089456.1655399331 -5896112.125384075 3668670.260846657 1939164.00681902 1575906.3392567437 700755.8034331213 -1657012.4664961842 -886923.2056665504 -1087964.5079895807 -219714.5473265297 -2625518.596105542 -2877631.204318458 1715412.6399077298 -1903595.1938211375 131334.33758029313 825754.7695601545 -2159474.9150570044 4280889.772272786 -275616.51708480803 1736958.8979083297
1522312.7589098185 -4625116.500821617 -779467.1746699455 -2451291.0583243947 -1894377.431007003 6180435.305746678 1600322.7669966922 1559189.2753147534 32837096.190517228 4081002.9713625126 -4624398.296130299 1140462.6496708603 2410901.774152225 -472670.93785632146 -733277.4834795905 -426776.3712001239 -6222497.642815854 2743536.2263672007 -4544105.554288651 -5526390.388642747 2099926.0239792587 -4268041.287646564 -3199055.856277663 1434919.513146307 1760180.065232788 -1217147.652560192 4369730.8730606185 -4573612.507812018 2365490.3962528617 1596671.2156570917 -3737121.6606054506 3916856.6314875125 -3185288.4636923745 -2125618.940341354 -1083220.791633493 -997625.4708100271 377841.9904238495 2384900.3648832794 -1921553.7280210631 643667.9252390442 1950522.0915574615 58895.1332768772 -3735094.135365782 1710843.7143734756 -3216510.969839144 606309.9919533647 1105976.2327839306 -649987.4655693923 1701162.3660988254 -1849799.4466610393 -7686153.4672645405 3866759.3032618067 -4379433.473622048 674298.7485519383 3550649.1411954304 -2127393.7593502165 2458236.141955658 -1686126.2289570945 -694049.1505674068
1031105.0389647774 -4005524.6422092943 3159829.5576816476 -868440.697634263 -1844550.177841208 -4623311.410151636 -2384734.5717076836 4462251.45060892 4081002.9713625126 36357168.29419175 -106860.1251616638 226960.343506418 -136282.6799926326 -248579.78319500067 2754115.3259980846 1438547.707859531 -538790.5681094785 2348814.746440841 4685015.236677331 428358.84911427344 -701778.9139742237 1202636.897429402 944643.6625123357 -734185.1198302851 1741062.9305068306 -4377764.229808951 2703066.343764967 3336828.9800291806 3331703.5410311525 1580632.2177140757 3776824.6381302206 6668593.435278862 -551350.2929655833 -5247088.603134769 230663.5016721814 -1099037.7426390531 -57745.14576143683 -660854.4028944226 1838456.549836231 3264219.5907654697 -4063110.431917801 5681825.481919877 -1156206.0233633155 5421425.829847563 -3067431.781800172 7540497.573600339 -706346.1725476001 3959946.08123791 -1390485.946453086 2582485.7094329717 2228334.6795043238 2307410.6179569573 3136712.828857066 -2380788.808321945 -1084030.8484438325 -3406536.7593445717 1048461.3059922013 540538.9728879946 7156073.385917874
2859236.181741617 267358.4416410566 -1492510.0250319466 92983.9443374981 -256013.04337777628 7343492.004321325 5155139.132122652 -1142676.551305456 -4624398.296130299 -106860.1251616638 31410670.70869381 1084328.6969618725 -2582877.9917571046 -2378818.696794419 -4582261.287985283 -1127601.6090383665 2932801.3460579896 4817347.471523999 2129159.919503002 3592490.677440986 -3263191.822735422 -4821035.911434038 -3018767.5026510796 662280.2247450411 2175524.5949995234 368331.1664207588 -1038336.0227180116 1884074.0085207236 1747347.757730272 -3232329.546810502 4490136.01886913 2236714.010400066 2039002.0768557251 3643821.2168586752 -2412504.0275152335 -262678.1656349881 1813766.0538855437 5118814.02153326 570391.9040181391 -2246927.29533045 -2190846.2729118634 -4334325.434974224 2123329.1984621384 2324737.571820837 126821.41745380357 -1218501.9784018947 -624793.687753372 -1572305.4296918567 1154773.4527041295 -266023.7064920218 4352660.811531972 -712156.6447980491 1747571.5001585204 -1460246.314628355 -1041288.3677855593 830848.0231570834 3055380.1136276633 167307.07831206173 805437.7502520393
1643591.5983464983 1276293.4287699957 -1153161.9164287979 3825300.610322081 -2304265.7030876433 445965.8328087834 520367.6329947021 2550343.712753883 1140462.6496708603 226960.343506418 1084328.6969618725 37339089.47443684 1860880.4553807 -3247058.7931593703 -7787.641349491372 -2188941.0257219113 -2131383.3695257576 -490785.54305600765 -1516869.5177670587 -4929434.15134298 -4405511.662496527 -1507733.8078083927 -2231566.1936373706 2362639.2093180907 -1001737.71773055 -3303907.2349317824 -433715.89393238834 -2987162.382901793 2461705.223948073 -607678.816374166 4795601.924672995 -763211.9589514986 -2381873.1878743665 -2426378.852348523 -1325713.5707351596 -3059746.299973848 -2492637.414095634 1674003.3192475308 -4375853.856205254 1323638.774502221 1577394.6585455579 -2029588.2059126778 1009576.2317446409 3322078.927990579 -1455475.2992333947 1212707.8145497078 1229169.8000595719 567798.59390083 -2489426.6477331696 830047.1972600732 -2179708.256013553 -3844593.3081133226 -621047.8593526245 -3249889.8646420417 5619705.624207197 -767251.7365895736 1571441.1745762273 10908163.418520132 887981.8097901642
93223.65871566831 -2994780.460166764 -1478727.2867877518 -4680886.3491073605 616708.2767917558 -1208838.2521578772 -1326865.5950323043 1712338.2940596496 2410901.774152225 -136282.6799926326 -2582877.9917571046 1860880.4553807 33726130.36972022 -308785.6799896237 3885003.1972176 -6731765.145423534 2317120.420065274 2854796.1032033316 -528629.4092524388 -594287.9422153685 1882481.8301828438 -2648391.7251095306 842285.8312165481 3051216.1131273992 592816.3888993487 2624555.3237549644 2732599.978646705 -493225.0876156632 -2058776.676997702 -1813865.6341420258 -5522125.3436402 -3572829.233872954 2667892.283200035 -945817.0619394146 -544546.3006433598 -6854830.034068327 54106.127276277475 -2118241.665764529 -431650.46974245616 -1501497.225913268 -2695200.6852767025 4626845.401296117 -4121483.6236329386 1132744.824639714 4003164.5055641537 -3387703.1535320375 -3654694.8078246755 -2548755.852619743 -1647761.2614825638 -4265862.174147938 -4853200.214919787 -1333866.3654389787 -7252165.606046595 776907.125734935 -2408714.105310295 2969340.131813516 9023011.408864057 104397.22543855262 691478.3127267568
-555079.6000889104 2960411.423290241 2582189.8669399573 -3966812.90993351 1462162.5655234253 -1722762.5435509793 1024646.6130271085 -4134682.3684013644 -472670.93785632146 -248579.78319500067 -2378818.696794419 -3247058.7931593703 -308785.6799896237 32746150.221662108 -1163612.5991461566 540350.623510564 -4922475.884284646 2250335.8259663414 3591484.084882775 3657370.288020759 141064.68542279679 -1659431.0077287683 -1543801.566675497 -3825070.3135085646 -3816166.625853408 -4773232.357592669 -1832154.9918808052 -1390411.8530420372 -2417588.1943331026 -266911.9938457106 4814457.110099552 904810.724063052 -2235848.5385330007 224804.80753241066 713112.6062561808 832652.823705802 84382.9225503795 -3301241.3694799882 1671650.4603185537 -4496554.413803243 1206857.1461005819 -415938.28268761584 859544.9511809552 1224338.3716393965 5828036.2619276075 -3011954.5121714557 2855334.99114819 -52679.56765333115 1840491.0764945943 3398987.6595831993 3609955.3542577196 3281513.286734522 -1231833.2039682292 482148.7798314052 -3143012.932637578 -3506931.8375769006 -3705699.522301193 -1669068.3023927847 912912.3441152248
-1369803.5475076893 -605499.5320954359 1489665.2403499496 1049149.0366815086 846751.4969025758 -1192764.8152958888 -4531992.824072728 3857705.3232200253 -733277.4834795905 2754115.3259980846 -4582261.287985283 -7787.641349491372 3885003.1972176 -1163612.5991461566 32731068.891599335 -5941194.179825509 2283299.6611420116 -1441037.0083268275 451814.90111043194 -5651889.311489099 -1192483.6011741848 602762.3998009078 -95444.20122726755 -3257154.0817747945 3256032.6384792887 1141634.049398046 -1257699.5994859121 -1082490.7896331353 -898367.8608008428 7799136.402897254 2897361.639251609 -1788460.2870820411 -4194823.399783727 4993583.648416134 1366448.7284817717 -2079713.6820922357 -2594099.3982159817 4335279.253707517 953822.0635298943 3102083.8348006806 2501395.117899186 965940.0552906141 -2460684.296615577 -1409295.699202852 3266871.716965845 -3112411.0685521006 228523.7129936879 1349132.9504475943 -1052675.1255533213 -2146045.961193385 -86852.53057409116 -5145015.017063449 -1167011.980571642 1383648.5647290903 -4958126.091618848 -1789093.113043665 2349395.3984193318 -3642544.0686559426 1303558.3247421808
2261600.4151737606 -2028195.0480315557 5114571.470964624 -685634.2523085243 -863659.7805040192 3085370.496374474 -704840.8693427527 -3487679.3230937403 -426776.3712001239 1438547.707859531 -1127601.6090383665 -2188941.0257219113 -6731765.145423534 540350.623510564 -5941194.179825509 35820918.52853979 -2490986.715247583 -4056464.9390866174 1276329.8222442141 3928518.536907814 1012525.0464473903 -2949999.0584905725 -2589114.392147485 -777308.1266599157 3435301.380936891 -1040449.1746592834 4491548.202612059 5052439.907768578 383906.66314424475 -264031.72178827925 -87395.64568861699 688947.600479421 3974197.2591772326 3959168.779411633 -1135869.770853588 -1173548.066853195 -1888412.2087212466 -3299672.4878014866 1437354.633809257 -370766.58401873324 1868771.1113114783 960685.2101956562 -2345765.4536704393 2020657.3159929384 -52788.753433228005 548949.6812972932 5197213.514546195 2272390.3816503887 583524.0139683799 -5964829.135507321 390437.57357159245 -2246003.4165195753 3191233.629099242 3962196.5586520187 508656.16014670813 -837608.6671089537 -6818337.557033597 405176.1912172324 1620722.1406612184
268906.47502790345 736445.3231662628 -402492.21076233656 981561.2465360936 -1909225.8314739533 -989874.2284452969 -1990136.782239041 5903055.803106711 -6222497.642815854 -538790.5681094785 2932801.3460579896 -2131383.3695257576 2317120.420065274 -4922475.884284646 2283299.6611420116 -2490986.715247583 32577687.04620533 2199721.1940521523 -80964.36549571279 2478633.0950700394 -2509239.816026235 5328866.185941268 1459724.8595853325 2012579.337342468 -362975.1256583166 2695373.787319652 -7143489.346342897 2070649.8849836811 -1982240.7381665665 -1796109.9725033394 542532.908858117 137742.80660502054 1472709.909807764 3657048.7374043297 -2408281.9967312333 -903675.9685511633 -1473920.5316536666 1005153.4960785899 -2585231.175697764 628584.0449163932 -6359815.072677365 4912163.966906335 3879396.168631682 -902088.6105822922 -2900971.1421061065 1608155.4893890214 1496014.9954967014 -1256184.5177799223 -2849138.1882781796 -8965117.820590615 -5754213.775506764 -3358710.5434205336 -230525.3673694622 -264345.0985078725 -5675883.040402132 -1283754.2753066039 -872778.3205631594 -2776559.222840216 -3960328.4359915024
6510419.385671535 -1115189.249126057 1163725.525541209 -5921126.982666971 87134.81714593378 1136794.624304807 -795691.4181031332 -3158065.8778976994 2743536.2263672007 2348814.746440841 4817347.471523999 -490785.54305600765 2854796.1032033316 2250335.8259663414 -1441037.0083268275 -4056464.9390866174 2199721.1940521523 35508825.36480633 59834.23077786686 1239194.6653422797 1608565.5081871364 1194341.6243509206 -3656536.0451665777 4694829.078622992 -36825.372266465856 -4512859.687306781 -4465757.605773651 2588312.7522764113 7209605.158182664 -1470071.421619225 -157099.9955333901 6933668.138668941 -4544381.885320664 3118762.8242705828 1468241.6069827029 -513999.40467455314 -2638777.279666117 -2207842.9661377347 1839124.7870898594 5326002.673908264 -4666746.3989098715 3290385.0192776266 64227.20243608387 2883006.8110981807 -3909442.5434294017 4430215.256991748 -1651606.8889469 -3601788.0770302354 4940512.611209109 -1429102.2718762436 -1600055.8173090268 4540010.554679647 6463767.049401501 1628741.4202284252 3578356.0596784377 4769199.748728785 6227600.897157061 1022386.5198114509 -762199.4146620618
-2284093.5879508085 591215.7641718488 -2691880.3703506757 -5592282.0046107145 -1841285.081352781 -1174118.1155932827 2098858.5581869176 -2531966.604331859 -4544105.554288651 4685015.236677331 2129159.919503002 -1516869.5177670587 -528629.4092524388 3591484.084882775 451814.90111043194 1276329.8222442141 -80964.36549571279 59834.23077786686 31984379.698847476 -446545.42159615655 -2194786.853822217 1244697.7016753932 342682.8334391649 -3765524.3036121167 2262859.5139061036 1237674.5325864635 -1286351.5338960174 2506472.854997643 226471.8137146135 1690278.3886280956 5666602.278944381 2117522.8474463806 231002.1414833316 1568926.0131294858 5868690.968421015 -4590716.42176393 -326346.57739526435 1941849.372429017 1288255.126840194 -1478484.4162581782 -2298523.892346626 1686389.8619434522 -2441823.73659415 6476926.780551368 231169.7932075798 -1352240.2164423675 -2111627.6252600555 3124142.04687245 4888854.426553152 2201129.342320517 1326619.703800503 -294303.9301445661 3630293.199739529 2834725.5747602046 -163717.05446798558 491452.90334315225 2304963.437308776 5538156.427396426 1187444.359939614
-2627460.5460896324 -3032817.3024387914 -630869.509208965 -6956290.409205292 -517460.1723004012 -40727.06122473095 -2749812.260363677 1055584.3339897334 -5526390.388642747 428358.84911427344 3592490.677440986 -4929434.15134298 -594287.9422153685 3657370.288020759 -5651889.311489099 3928518.536907814 2478633.0950700394 1239194.6653422797 -446545.42159615655 39082991.507934965 -472788.1752710246 -1685313.0401323647 -5019342.414312935 3265800.327098923 -8866.626523193554 4265122.960689929 -3381446.368517079 2206348.174480325 884072.9834709215 2231749.505519289 3364459.9595125318 2342472.7115652044 1862679.7740038652 2327788.529533401 -245838.22071411254 1361564.0586172338 544768.8414759577 -410899.00098523404 4593264.702126259 -3270401.6418257803 -5614334.988570631 12941.336485048523 4323357.657731611 1936540.2986296888 4106471.2361042164 2586658.3766998495 -5844286.937349844 -205011.07981134823 2870878.248283721 3585896.4876044914 3093736.576704755 2676505.3295018356 -3781973.120876705 3855274.5077875317 2648302.413907244 1823020.127351774 -4976095.16520467 1292214.6112027303 -5468726.076943864
569080.554309325 -5375429.863893136 -11203379.390476262 8977348.878284814 8131051.699685635 -4747319.275068642 3748608.6949484386 -6648531.154028871 2099926.0239792587 -701778.9139742237 -3263191.822735422 -4405511.662496527 1882481.8301828438 141064.68542279679 -1192483.6011741848 1012525.0464473903 -2509239.816026235 1608565.5081871364 -2194786.853822217 -472788.1752710246 38135373.17702066 -4931275.374468735 4172923.08061896 4035026.668029712 54816.03661746212 2184759.4669715506 1206116.30886588 -843188.4641971363 -1595287.784406527 4409837.7532883035 921900.1502172642 1251719.2223811133 -3535874.4142864607 -1332614.108142468 368651.64632272423 -1193038.264238006 4781369.425221093 -2876440.1598929777 1200127.00306944 -1219446.0844298985 2540770.071323083 5052214.921085937 -6903215.162487673 -652519.286567478 -231998.20305302032 3798405.7167193135 -2033610.2399286998 -1501607.0218756937 -424567.14808702446 -1626594.5028757064 -1759782.008554855 202241.8832013758 1930014.4303456976 782495.1105378111 -143741.65393693154 4683535.806247959 4275932.191381948 -469350.7684532869 -5446313.671116424
-2067458.574847028 939283.5828247594 -1069467.3732385058 78497.65755374622 1308483.536290938 -1916964.7310945892 -1575400.21436794 6527370.867048006 -4268041.287646564 1202636.897429402 -4821035.911434038 -1507733.8078083927 -2648391.7251095306 -1659431.0077287683 602762.3998009078 -2949999.0584905725 5328866.185941268 1194341.6243509206 1244697.7016753932 -1685313.0401323647 -4931275.374468735 35599221.79033381 2364634.8171809395 -3118510.465626585 -1081943.3065577883 536490.075080958 -4608830.849143695 -2624957.3037956767 -123111.28262102933 471613.4650454315 60899.61241770486 3385585.9762027184 2507506.9136995026 2023947.0896718442 88609.09470431285 7903305.953260387 -3231642.478519571 -3393603.457237237 -3859157.937641137 5915767.365826918 -1189684.2487956518 2062587.3127729567 5603121.255878215 -2133161.7785858694 -1166164.3607406907 -3874287.6923644086 -456921.6433682012 -1490764.9554665359 -977822.2374925332 -1567545.7346611617 -2729040.716244881 2781782.815532775 -78800.7222221249 -7048003.795825535 -618691.302100562 -3409584.049397109 2348067.85773242 -374656.4820260198 821858.3320574256
-1057318.480268291 -942812.7114939225 -4570879.065842466 2259947.9243999464 -208128.6722582102 1744704.7684251221 554192.2846537597 -2195069.1549395667 -3199055.856277663 944643.6625123357 -3018767.5026510796 -2231566.1936373706 842285.8312165481 -1543801.566675497 -95444.20122726755 -2589114.392147485 1459724.8595853325 -3656536.0451665777 342682.8334391649 -5019342.414312935 4172923.08061896 2364634.8171809395 31347732.47118857 1645089.1665770053 -2632983.507248345 -2698853.196853841 -2078542.7473081609 4711546.183522846 965522.0008116564 9070265.696862089 54548.467652904816 1580380.6176634764 -4471314.894527379 -830259.8468174266 1338005.250073593 1649259.463706609 5511745.322728711 -1899532.527644822 222238.34596070758 2570042.184277595 -441388.0973590186 2160707.301680036 3808189.5791927394 -3470066.7760795704 1944542.5651792414 2326190.7748994255 1628472.9337569731 -126480.98854172017 -6141509.827862023 -3397803.132765828 628236.772659294 2420986.7855745717 4603942.360307669 -3985569.8427776936 -1018853.3862734869 876973.0928271983 250886.37096696818 1502699.115146312 1315134.81876583
3428266.743384253 -295441.33982603933 -2292873.6852051592 987858.9794950301 3473280.548072976 -759688.4182620196 -497193.9587584523 -26283.815963396162 1434919.513146307 -734185.1198302851 662280.2247450411 2362639.2093180907 3051216.1131273992 -3825070.3135085646 -3257154.0817747945 -777308.1266599157 2012579.337342468 4694829.078622992 -3765524.3036121167 3265800.327098923 4035026.668029712 -3118510.465626585 1645089.1665770053 27508113.545716614 -1495926.7374863618 943353.6499552294 564012.2899796616 5167420.56164168 68963.55561807757 648845.0052577672 -309641.27279301116 -1042078.8785693938 1565456.8031604516 75750.96635144483 -62303.731219494424 526886.6327181279 -875173.6791127332 -696836.0000149284 3333983.3413271043 -532886.1048860851 -1722537.91874666 -3718519.152411435 2145312.405852452 2053403.9834356469 -2540538.8684641295 223530.0904748541 -516146.7745864608 1868557.8015809571 1920131.0369173132 -4701679.033521111 -3339232.948377997 4103402.5938771092 -96613.65295704137 4166345.9800333143 -396237.30089672626 2435301.342299735 1196995.682836453 6281568.4530596975 2250345.12318007
-2898700.715363235 -4066147.8419324593 -3829176.8225800614 -6063067.0983664235 4629632.3038214715 3778940.307976424 -227716.08096789298 2455960.27999581 1760180.065232788 1741062.9305068306 2175524.5949995234 -1001737.71773055 592816.3888993487 -3816166.625853408 3256032.6384792887 3435301.380936891 -362975.1256583166 -36825.372266465856 2262859.5139061036 -8866.626523193554 54816.03661746212 -1081943.3065577883 -2632983.507248345 -1495926.7374863618 33484226.97229778 968360.578631294 3896059.5139908064 2030045.839383536 -4984612.061420765 -553315.1380074981 2630001.337731943 5682688.978774452 5036824.286962162 3129914.3790674247 2490097.9749988904 -7895192.850361685 480473.17127348506 3083000.929889176 3035385.586305158 -59998.92170898593 2425790.1897939583 -1781014.7357235379 -4532060.2175439065 3044153.462604426 -1299946.318460974 -576757.9362906929 1099704.1231195761 -204440.21264439495 4059962.5898202853 -4006290.8999825083 -125076.30954887447 -2521173.8367084647 99104.99548571848 5927882.816901953 2275137.2536909254 3397524.393104507 2714819.247528008 -1061682.114458834 290513.4683745211
-5037235.79875627 181503.27352592984 -6673207.797726205 -1926008.3732059167 69461.80646986351 -4135432.452865857 -5061034.098831091 5004278.368276621 -1217147.652560192 -4377764.229808951 368331.1664207588 -3303907.2349317824 2624555.3237549644 -4773232.357592669 1141634.049398046 -1040449.1746592834 2695373.787319652 -4512859.687306781 1237674.5325864635 4265122.960689929 2184759.4669715506 536490.075080958 -2698853.196853841 943353.6499552294 968360.578631294 35056753.944309466 483815.0484987208 -1935889.4675018685 -4021973.2001151396 -4592347.795772735 -1367694.6153556113 -281493.6452974637 1659082.1503803974 1590508.6342269233 -1263119.6704173563 -6630562.895065156 -2426004.970682075 3857098.1764151994 -2643549.995343235 -1635477.148449942 2039884.2872967483 4294330.810339644 2027616.9976141748 3744193.6895215535 6115031.362179667 -2129214.4748188145 -9479310.03920564 1187370.260284648 -3144800.4253137056 623859.4464954265 -2206462.227019283 -5299885.48234556 -1706308.978951151 3000874.333729777 919781.117981297 3852788.201892742 8714275.528197048 -4671467.995787453 -3311325.4730173275
-4090015.483212168 -5459278.666384834 3240855.677849544 -2281244.440815722 -1543361.9357069856 675572.5138997851 -2920301.556046366 -1388298.0795925083 4369730.8730606185 2703066.343764967 -1038336.0227180116 -433715.89393238834 2732599.978646705 -1832154.9918808052 -1257699.5994859121 4491548.202612059 -7143489.346342897 -4465757.605773651 -1286351.5338960174 -3381446.368517079 1206116.30886588 -4608830.849143695 -2078542.7473081609 564012.2899796616 3896059.5139908064 483815.0484987208 33121860.104089577 1520561.2795655802 -2241323.907761733 1895306.0046022178 -3062981.1191329164 -1174980.040425661 986507.1657556932 -2447073.379423676 74871.15415081661 -1880698.343966849 311832.8135965915 668173.9828138304 -820508.3888031741 -3458383.9486434916 269837.3794388895 -2149474.642801727 -6326048.752763355 500937.19469946914 1981472.6980375957 386139.7777456017 4158249.1350876032 616649.9834599611 -1453521.6546333418 997477.4736193772 89261.52253601828 145875.66644562536 -957408.9354669935 3649148.0542526525 9440244.986870488 83719.8117024487 1310182.2886751997 287892.0718143408 -299086.74468748237
4308413.21552154 -1304181.1656893485 721671.2824138064 1468142.3218395226 3116295.22496208 1722243.0017593168 2312340.236249196 -260107.8214626759 -4573612.507812018 3336828.9800291806 1884074.0085207236 -2987162.382901793 -493225.0876156632 -1390411.8530420372 -1082490.7896331353 5052439.907768578 2070649.8849836811 2588312.7522764113 2506472.854997643 2206348.174480325 -843188.4641971363 -2624957.3037956767 4711546.183522846 5167420.56164168 2030045.839383536 -1935889.4675018685 1520561.2795655802 32855914.85314524 940389.6525491544 3838488.5058047283 4358333.330508621 -4995747.5160009125 -2405582.9981480814 -277881.5952063738 243233.39037776762 3667315.1820092383 2212073.48615779 -2680288.6676954064 7695780.050490238 -4152256.9393566847 -208885.47160800296 -2975610.3862252054 212670.8940855783 1694599.9446594208 69799.40416443985 1905103.7791911515 4268360.066895676 1769634.3219162358 553534.755459144 -5039038.208120686 2754955.645256467 4125548.7301030196 3499526.725687783 984288.3445613023 -932989.0847789161 277891.30277812976 -2210603.9423898906 5631147.06595273 202246.33464410546
4525610.2693038685 2304638.2736803032 1862399.7054546126 839718.4473972097 -2929458.4864710597 -1757697.970773156 4755602.248260819 -1292101.581503336 2365490.3962528617 3331703.5410311525 1747347.757730272 2461705.223948073 -2058776.676997702 -2417588.1943331026 -898367.8608008428 383906.66314424475 -1982240.7381665665 7209605.158182664 226471.8137146135 884072.9834709215 -1595287.784406527 -123111.28262102933 965522.0008116564 68963.55561807757 -4984612.061420765 -4021973.2001151396 -2241323.907761733 940389.6525491544 34294226.922935426 -5176368.236690449 467490.73554672603 204296.028131528 -5118990.509598581 -501548.1141439148 227606.4342524978 1012961.797656993 2470544.0567021207 4772540.767990321 607439.0414670568 2316868.804170764 -2978951.9987564394 1427860.9456329227 -70162.67250710656 4091961.629655941 -3564790.6973222103 451642.86141435156 2152410.074975965 3411440.099087524 419775.8027790526 777184.3309766869 3668112.600960227 -2304392.938760766 5878229.854811334 -1911046.753483265 4355085.975414958 1105565.6406304946 1278067.8852127385 5127991.758477326 331754.09347916127
-2780092.483434711 -1366749.37702188 -4929495.70311542 -4909344.565580417 5797648.050940681 -1626128.7417381895 846169.8526497997 1603343.1342541932 1596671.2156570917 1580632.2177140757 -3232329.546810502 -607678.816374166 -1813865.6341420258 -266911.9938457106 7799136.402897254 -264031.72178827925 -1796109.9725033394 -1470071.421619225 1690278.3886280956 2231749.505519289 4409837.7532883035 471613.4650454315 9070265.696862089 648845.0052577672 -553315.1380074981 -4592347.795772735 1895306.0046022178 3838488.5058047283 -5176368.236690449 37639201.16465282 3617443.635859918 -804131.6386555859 -1116235.932612445 7249459.367889589 -247392.0287424537 -1474840.87709787 -498571.90441940754 2329321.023194745 3078411.6374158957 -793321.677866588 -4720725.834037896 1640530.5090362083 -4798255.174524502 -869346.5554854362 2605531.545345965 -3062912.8013145556 3849798.9706633724 -1765426.700829246 2182666.92367046 -917168.3916706687 -283772.77408065717 3117080.455388699 952190.8212537246 2250544.736465788 2349766.1439334177 -1167001.5141868421 1178860.37598423 4036147.900404771 -446428.2355214297
-1175771.5724612288 -4338109.84176627 1983266.9902049769 1471648.9758254935 1685266.437324009 -89854.27253483723 2723192.4164798637 4029729.032834357 -3737121.6606054506 3776824.6381302206 4490136.01886913 4795601.924672995 -5522125.3436402 4814457.110099552 2897361.639251609 -87395.64568861699 542532.908858117 -157099.9955333901 5666602.278944381 3364459.9595125318 921900.1502172642 60899.61241770486 54548.467652904816 -309641.27279301116 2630001.337731943 -1367694.6153556113 -3062981.1191329164 4358333.330508621 467490.73554672603 3617443.635859918 31351105.1421334 -2733602.2804516735 -5250657.905691225 1032761.1289761269 1131068.2887213705 192676.43279921002 -3717723.3536040494 -1898979.9877844704 1344413.1052028348 -4305492.30414578 446508.4823167148 -260838.00289122362 1532001.365033973 2601777.500570105 -13695.586643691306 -812054.1578321017 4309574.348197871 5865471.762056748 -552636.5298179935 1491310.4513883607 2438435.809399911 -1215640.9925725167 2070420.5437543762 -466876.2022452827 -1472641.7492444832 3330215.646723179 3007036.237097787 1837302.5066524323 1836383.6522426163
3076689.886972765 -5218361.628305575 -1615248.3741810983 -1254296.5209348446 -6639432.9237937145 2994171.7600031286 2754073.2122750096 -2822796.0638645533 3916856.6314875125 6668593.435278862 2236714.010400066 -763211.9589514986 -3572829.233872954 904810.724063052 -1788460.2870820411 688947.600479421 137742.80660502054 6933668.138668941 2117522.8474463806 2342472.7115652044 1251719.2223811133 3385585.9762027184 1580380.6176634764 -1042078.8785693938 5682688.978774452 -281493.6452974637 -1174980.040425661 -4995747.5160009125 204296.028131528 -804131.6386555859 -2733602.2804516735 33867726.840891525 3900545.1683868803 -291531.0711537493 6803529.106804232 -441514.9186825365 -3523924.9231225564 -1500043.020788427 3163602.674256926 3438545.966846912 -1430430.0077930412 -788950.1498370207 -2694595.2273928635 313734.1496440053 -5308499.234353261 -935630.9247922747 277286.3882009451 -6941454.643418197 924149.467595862 -1793787.126850175 -3442833.7879595533 527292.4315319126 6035051.950846681 4062021.142094697 5632572.062892989 -6584501.277930371 -75279.40419136998 -4120056.874040531 298075.4234043506
185855.16772353818 -2669188.670304636 -1775930.230224465 -5380748.448907549 -3626699.6853273297 3982353.440826804 837533.6069388221 -1242721.278221501 -3185288.4636923745 -551350.2929655833 2039002.0768557251 -2381873.1878743665 2667892.283200035 -2235848.5385330007 -4194823.399783727 3974197.2591772326 1472709.909807764 -4544381.885320664 231002.1414833316 1862679.7740038652 -3535874.4142864607 2507506.9136995026 -4471314.894527379 1565456.8031604516 5036824.286962162 1659082.1503803974 986507.1657556932 -2405582.9981480814 -5118990.509598581 -1116235.932612445 -5250657.905691225 3900545.1683868803 36270389.156716146 3172786.3713581804 2193741.551038866 2456204.0599651993 -1564435.7453936564 532903.4721970255 -7959385.099090137 4185706.6159572317 -1530671.7793205178 20018.53785467995 -2549634.202637475 -2737847.2297155536 -2047915.6822749309 472584.1272980183 -3002825.4841213045 -4046524.833433311 110228.5214921126 -2155496.63139377 -3765898.785475982 1132304.6271974654 -662672.5966892807 2773924.2291037026 1932820.7878624967 -4045789.1499660173 -1929290.933073013 -2714041.8323136284 -5327209.461575435
-1000015.8059854752 -1357970.8295837776 -1673386.8183223566 -2725691.0261099003 7780610.146641749 391961.8058377517 5887236.147056014 4073456.7615440516 -2125618.940341354 -5247088.603134769 3643821.2168586752 -2426378.852348523 -945817.0619394146 224804.80753241066 4993583.648416134 3959168.779411633 3657048.7374043297 3118762.8242705828 1568926.0131294858 2327788.529533401 -1332614.108142468 2023947.0896718442 -830259.8468174266 75750.96635144483 3129914.3790674247 1590508.6342269233 -2447073.379423676 -277881.5952063738 -501548.1141439148 7249459.367889589 1032761.1289761269 -291531.0711537493 3172786.3713581804 35394035.07957361 1507165.8825165753 -2918648.1532752546 2616696.746980743 -885642.5728920434 -3455258.6201831005 2904792.9421275784 -2939105.8788076695 -3819274.921795493 2234445.981033216 1629043.7622273348 2960145.685609303 -7325914.658873044 3373468.636450699 800020.5971084707 -202048.04315505188 -1841094.7408222724 1762408.4725124356 -3370117.7349460535 -1615502.2119580328 2539536.8850922994 -47950.396711784415 726689.4229563851 -1165152.1933657434 1223799.1411264874 -773923.8432584086
3760817.7204562416 -376493.5981174127 1927962.7744633064 -5303409.086415362 -2509694.140960062 3005215.7081611683 3522435.2481139665 -5215936.192354076 -1083220.791633493 230663.5016721814 -2412504.0275152335 -1325713.5707351596 -544546.3006433598 713112.6062561808 1366448.7284817717 -1135869.770853588 -2408281.9967312333 1468241.6069827029 5868690.968421015 -245838.22071411254 368651.64632272423 88609.09470431285 1338005.250073593 -62303.731219494424 2490097.9749988904 -1263119.6704173563 74871.15415081661 243233.39037776762 227606.4342524978 -247392.0287424537 1131068.2887213705 6803529.106804232 2193741.551038866 1507165.8825165753 32033300.735330414 -1147445.7223424911 -774137.5849053605 -8077035.654536658 1504061.5069554541 -2208175.380870652 2448968.6893944633 -1178659.850298097 668878.2927877891 5108694.394015478 -5406680.323665956 4105409.9189487724 1192082.471181241 -3313211.860894409 4580752.701057277 -1197022.7580661327 458011.8398582872 2164909.0972759523 -907278.0580398276 7025270.299288612 -603826.470183208 -865548.3943870038 4387182.9211455695 -16172.351194849354 2877004.2002037154
