32979626.461359568 -1051972.65430116 -1968514.3537338828 -473757.88050795987 199724.44619928405 -2717072.791350758 -220759.67249777602 589067.3311406858 289001.9948390777 2588862.818991803 1860243.5990043485 1132657.363231145 724693.1455372002 -1320582.5622155946 3590.1875143439624 874423.9276008591 -365503.01474010496 1085825.2514065504 112870.1095695725 567781.3366841181 952597.9347097358 579306.4146215501 -2432193.4553605192 -5094515.509649832 1214830.833721607 -2471446.138627326 -340644.5735205616 -153135.952715656 1272303.6928042918 -1479543.5294423804 777975.1760146836 -2083492.2726153783 3217826.6079026004 2861138.173538575 538175.8949254818 -3185985.815857612 -2318645.1390170166 1689394.5789849078 1217171.0266544838 -623380.7537388428 -733640.0127079501 -1555906.6231702655 1800157.8328815955 -1764486.0155671707 712900.3181857831 2603332.0707888305 3008989.6593661695 -85441.61593805271 -1499827.0795521394 -608054.3861312368 2683372.720271013 1454610.161584173 1773775.0860534282 -788182.0959548014 -1436300.3725457725 -1044931.3915113026 -1820938.7794226704 -1329856.2584533268 216654.27323089045 -713440.2747624841 -1942116.6383446432 -1883293.6435342699 -3327105.456655601 -1628213.3236407312 -468545.71386525425 390021.808405368 -897448.9046646415 -186935.82141205916 2176063.2745516705 2006205.388815338 581452.1448391112 -1721445.5235673392 -1837926.1261535878 -255071.89927054718 1283618.5347366158 -1601973.7903603595 2139317.7467350615 -1153449.3125371456 886147.2433620783 1833955.9262205374 175917.55748244887 2311436.813809258 413967.7554801171 1677995.9129555079 -488945.8140905525 1101081.3086716288 2843654.935213144 3558791.702484273 -135780.54231864744 -310741.7601863805 -82140.08308318276 -3800007.7938445844 1967481.8466848738 3220505.0665919776 3911715.8676530793 3485522.1378583545 4957663.915840529 1432512.1884012134 -1572706.6294797522
-1051972.65430116 32875380.489742853 895984.3031997036 -3794923.8032160257 -1294100.2891114163 1291065.6725035596 -391666.50340716616 -3712244.70008618 1293569.9256628032 -281428.0623960935 -920129.8697126019 2038336.3521657134 -454414.39183105965 -437628.11157482665 -1994211.3637710533 2281745.055045315 1333533.3310623942 -125252.69028355408 -1214488.1120657872 -1145324.1108712857 449269.3981418828 -2313644.9859683216 2229875.4370387834 -1558302.1682692138 2056051.1201400142 1605233.9418430482 -1015140.9452495676 420524.20334524766 891928.1197247922 1329603.981207401 -918363.5427018655 1069591.251023696 -1125562.7802284493 -1323507.414473402 757367.5707440494 43005.917714764 -433588.69393786875 -2699850.610926893 623563.7984586885 1642853.8737222196 966282.8754254469 1107594.882089817 -707507.0300590274 1236776.0692774989 1228084.0162626638 -643111.0634493935 -1433150.844669239 258748.1528367889 466444.9409074067 -97842.30956037056 -213375.23676632208 -588033.9390314776 2504297.407784444 1981048.5249870287 1409010.8699350827 1501805.151649285 -1036935.5016524858 -1255369.3277897623 128664.85118823472 840772.4752918853 -1178017.037072698 -1000774.2661794962 1634560.7550012283 -41961.490673236905 -1828663.4420052965 -441525.2001139982 1371763.5254239445 -1800112.2485948547 -1261745.9241120045 -1964153.7951851464 724847.2186899671 -1194976.467321535 -865482.1529377408 672063.5974136016 -18877.569751702104 943920.5821289782 644466.8569976488 2008308.6248423785 -120161.76075465337 349936.9261634119 326441.34536476986 -3915489.9416271625 989360.7775365151 -858290.6777843006 -718904.5408661967 1165603.0183828182 163418.85455143562 2229248.1038427656 -673748.5605782066 741838.068498522 2145202.639422304 2109881.0193333137 2287292.2888113535 456439.17208402115 4021796.9733884195 -3450011.63989244 -2991804.4368658424 121761.97686154331 -52113.24759121983
-1968514.3537338828 895984.3031997036 31675598.40696849 -2441602.542276899 2526219.3434065534 -2181341.1659908327 -1154354.7468838042 389901.99001871224 -3067035.5607963833 241705.29630765485 -3538660.038192221 -747941.9423423233 1671225.4470014137 -1576381.7215665227 305973.9211606593 1033177.9202519634 -11661.73590196691 -381850.0138012653 -622306.5008187093 -97170.38945144469 254385.87547315223 1356817.9146330145 974415.5343505547 1432397.0711638457 -3260067.20445624 -1744299.5876923695 2589869.2169423285 -370991.15897792706 -1893463.5172489483 2219031.912216207 1652918.029587328 297589.41549879353 1013261.0347045212 850805.4009678289 1976335.6404070812 3815370.0649774014 2059408.4151272264 -524672.8768449315 3713955.3974699196 649110.1711796811 -1478097.616143622 -269547.3691921599 261809.48151527627 -699112.4025515029 -2740159.236592727 -1926579.4827798957 -2093770.1524256712 3097577.811668294 -2375393.6788243186 -506881.23568245146 177281.90522733575 -919970.2924666699 889442.1471812448 -1109572.9883545106 -2528187.0158513417 880879.8213524844 -375327.9039152935 1001017.896783857 498964.7037379436 3639094.5251112715 2265859.658676235 587028.7982271378 490190.8914267587 -1797953.2243321273 -560316.0921097232 -308617.88343181467 1204548.8750922435 3397363.7099623573 920832.9497149824 966290.0891168389 -1577893.4882484463 -2336332.1806275398 -2374201.8749289834 -2461097.174872854 1243426.1544512424 1576551.8956664319 -2320463.4804831464 1594741.2078713437 -289640.3684396283 -5033204.800509951 -137968.36127502582 -2318341.853987705 -1715829.9894799548 -3187629.525659508 -1375309.297172054 2990958.2347054905 -2636629.0099615743 1873310.807246018 -872657.9447474455 929864.0230915466 1629322.8837259803 3617515.6558333994 -1621894.7984518933 -111934.68425803068 -1783804.564936785 4707506.101617259 -1348831.058354895 -1123677.0797890287 -2103065.972939445
-473757.88050795987 -3794923.8032160257 -2441602.542276899 31257102.482808612 1961353.6517616904 165870.19051511548 3131979.8075212673 72393.02778752985 -1175062.2373077313 -762470.6126345679 331933.77045167616 -1785611.0259851448 -1593101.1545195598 1581429.9055893524 3685122.9497517906 -3614770.5312724053 673511.65174539 -288866.093883622 1943275.9146752646 -1504201.0742537538 1549779.450899998 -207052.3331714495 -433646.8628236965 1901995.3865979123 -2284331.6916232817 -61557.884736010674 -550331.190325804 -1878513.1185421355 1577607.66340168 -2838127.2687337603 974467.9744524733 -507818.4995611728 -783755.7323887206 667187.3889803259 374288.45872911013 -838599.2127566442 2237079.4829848297 2624322.0016184067 3024969.9427792337 -79733.60166426042 -648237.4698885374 33670.0621937611 -3134266.557689297 2882116.1524536456 -396255.3129790552 2815312.8399385307 1659999.8113661087 -1401724.5413783477 1047867.0670862981 3300293.982488973 2953764.992166926 1488532.9694226733 -598925.8095158454 682276.0195829066 -108877.43687459486 -820260.9290034929 -689748.6894627444 -30961.16488658852 1516360.8117983683 -5423160.667807971 683895.3992274707 1982230.4558573205 533999.2095642172 -11295.382534879192 -286436.99920975603 503655.01716067345 -742320.0246080313 844864.5390793867 1155770.653400071 -595852.6346807531 -2900064.443252346 2998651.7302628118 257653.58035386022 210544.52368951432 -5677263.984711209 -127102.04487316043 1267593.3257974135 -382449.12176773435 981163.6646771472 -1984341.297879042 827617.2279286752 -936062.556352092 481380.4719229479 -547507.306512368 172235.73108706422 -1482569.4239245825 -2053595.3594509426 -571968.731964148 791805.9101193227 -294331.5160897593 -1160481.4981546253 1343867.8537583188 1721216.812252498 427492.2351661176 757548.7680663338 489133.86472300824 -850874.0779472835 2631345.0056969775 203634.58748852642
199724.44619928405 -1294100.2891114163 2526219.3434065534 1961353.6517616904 33478874.295430306 -2690963.743799776 2353447.550603979 1804379.647376068 -35572.546865200726 328286.3216893225 -94364.50575098717 710251.4841459568 -86403.04726437277 -1124843.845613652 946477.6311492127 -272293.1120389142 -234936.92802648115 1884480.2838810699 3975407.408162353 -1444679.862933386 -327776.9687787088 -1692383.0190632131 1630759.2718909653 -36470.033577312686 2174810.7037601206 498120.03158034413 2145597.824353464 949463.907001399 -2530839.413075104 764102.7592549878 -3077.4405330655477 -4260604.198737426 172605.44375623213 1081110.545737029 2951114.28941197 518226.42193430284 3935621.85964914 1577059.7226145153 -781550.8448769609 160913.32870596534 -1751026.979944424 682657.8476029495 131973.90299752928 291753.08667097235 3045278.29107302 476168.54522395006 3394586.366828981 3007555.520265399 2587595.129330476 1401960.6110477448 1897591.8144341582 550768.7409281878 -1370334.9241070105 -627373.6161864862 184425.17628586647 -142901.8482011044 -38014.75865206204 -1611987.1773772603 -354475.39810040424 238878.83993173428 -860317.8725831915 297135.80385634914 1805224.9239900727 -1966003.7946261924 897331.3653976705 -1954995.3992405024 -206607.23155611174 -1548578.0232547917 -2849774.1188573968 -2271765.2479663957 73385.15938309793 55715.29235966066 2170403.5886348374 321207.7923423831 438850.10246254836 20339.187281018294 3751034.9481584774 -3059735.4314900697 2984878.646725427 2515184.4676388972 247372.40215366855 -3867806.5969502344 -1110231.366359502 -1324573.1570085443 216166.7024326781 1257835.0008118628 -715914.6137340287 -922331.040546436 680049.9791945466 1605774.9132459757 -2079037.9212021348 106508.43118425457 -1400556.307161685 443453.6176703782 -57761.92641459934 2545753.637574148 887423.2971790091 -764321.7050182122 588812.1388480552
-2717072.791350758 1291065.6725035596 -2181341.1659908327 165870.19051511548 -2690963.743799776 34690117.291512676 -956605.3357690828 1217285.9925767716 749932.7391484325 -1720946.1418403054 -1607488.2620423432 -3708386.6081250478 -453719.61479164416 -469487.42857932986 2347144.369241141 2547119.98173733 -5168690.574754844 -957872.6058280627 4441022.54394594 -1581337.7155810322 -887718.3916235149 394991.907131556 1128279.6085513197 -1617199.8965147191 1129703.8680971162 5454548.418693788 399166.65218780335 -880289.0466610295 482154.42737006966 -511082.08755379624 -1819783.4910848616 676160.3027836635 -721662.1732492503 686923.5892234583 -1655556.8789265882 -2490270.9358059317 -2234414.369621805 -822076.3653367576 3526403.5058991606 -288153.58863101463 -554922.5305119009 -1198378.492980527 -3600047.269030338 4160355.49982385 -1604647.8623917014 902776.0092601443 -1092769.5979604132 -1811365.9500490103 133258.63194494942 787120.3078522094 -25288.451041901357 -826510.0341605787 313627.1115405862 2170449.1452556965 -1908673.1114580499 185914.42417071943 367221.57927142666 -909245.1620534725 -764024.495998011 -972171.4435700013 -1548964.4196429434 -212834.35932177305 -3631663.0234139278 514986.5605970773 525991.3979423553 190145.58788382696 967190.7801926113 -291101.3149795947 -1428907.0423599165 -38124.62792779071 2768573.274235825 3070683.197183887 -603501.2788720498 -378565.5346269814 -4230431.22774488 -955091.7784238469 686441.6811413089 1174166.4143156537 -2841237.318015674 4606298.7452528 -250826.0819240678 937892.6830427364 -1749381.9761417212 3392726.5551292594 -1611325.466205684 2561467.842526973 -321480.1066476782 1320625.0570987316 3568602.060936429 -103633.4078523011 -1094957.5417675632 -1438757.256401335 -1330368.8402728995 -1083822.3204104344 -931980.6318208256 246307.0280330485 -2289527.085736613 450848.15195385955 1991114.7713328998
-220759.67249777602 -391666.50340716616 -1154354.7468838042 3131979.8075212673 2353447.550603979 -956605.3357690828 31816170.697402168 -408165.10248865513 2757603.146710423 672252.9348816444 2255916.897203601 -1688210.1975822123 -1244372.7402766056 -161887.92754210945 -601903.2575767935 -1957272.3865593162 -599419.1956177971 133599.54630989785 -1810292.6544361084 -63986.411557806634 -1473161.859890276 2431288.093514521 2106797.806277772 -3901964.507589766 1417169.7313669208 3202280.8389732493 -259522.3800783152 -676597.5999483035 86515.13881153056 -364393.47399009595 -2167731.213842302 266232.6554457914 515178.95474890067 634811.8548414413 678207.8225353076 339413.1363650705 -534900.595979358 -311022.0467126042 -2977624.6442592223 -406749.83829597605 -832834.4009854277 1245666.1280669079 2805106.3354608836 210736.27922982763 -958880.1865690101 720982.4912964986 -2048463.5615934585 -1035419.8064654797 1011477.1259320405 -3136364.0501538734 1245889.5003148203 -2011174.773539002 2522522.5710311253 -415606.04091754276 -3419491.9322987376 1023976.7526256362 -1183124.6803520257 2291103.517280549 2289645.014406723 2194223.8442450757 1176002.1601506046 -2771299.378374388 2615141.1183824083 -1147763.970834797 1550681.3389910264 -1167354.0772082899 389576.1829420497 931002.2737132574 2313551.546593925 265343.65514426335 186963.04476793043 334427.61288411176 652955.5743989332 -664044.9469857448 -2046572.145802406 -1327088.9814123085 722559.9326429745 -416385.4976799801 -1337184.0033182534 -224652.6397214549 1418273.399549011 -3268845.5743257557 297600.4834399309 544914.2187477764 -2162318.3572456366 -423069.74681397656 -287567.88519143395 2517258.857294817 118951.63642038952 -2288418.378932146 85464.01199996713 1094925.2366089874 -1536695.7909248818 2056146.414252007 5773479.39705383 1952920.8416199416 -394876.77801129 309688.3292553156 -1128269.501951858
589067.3311406858 -3712244.70008618 389901.99001871224 72393.02778752985 1804379.647376068 1217285.9925767716 -408165.10248865513 33811573.28509168 4063544.2901648665 -1658953.9259325892 -442673.4125617547 -1660236.9691689855 -2464373.8832583847 -1758056.6366227935 -50789.599469537534 -1990418.621137781 -1608204.94185703 1724761.7923814761 -819838.3395737854 -1236464.0313045052 -51044.46134391749 -534508.2879076711 1507664.7583403753 -1707686.347960538 1097351.050390164 -711905.4771562795 -1486554.434108295 -972623.188790218 -4231740.438972393 486583.04840420216 -2844490.638183568 54123.376095730164 -2765425.4224965316 1407089.6499423035 -249646.26038855003 -72763.54003411991 -2391413.2282375763 882538.7480331807 1864352.9785519915 -2105479.051643097 -615888.8305973359 -466757.78218879184 1401644.8848035405 -3352842.9332348146 1653889.41854644 -639668.8437830178 1286511.7646174103 -937910.4665100684 -180839.88221347253 1923847.1287259702 638563.0588603815 3060842.091931035 -240860.35473602108 4262761.240732442 1270120.3262856838 2062306.0349209055 1387836.393076659 752058.7532647551 1826913.0663358741 -450930.42724778247 -194001.5408801105 -1110124.261248303 1369951.8849824402 -715796.1166969052 -900682.2435904857 -190909.521362095 235337.8095151834 2758547.612557068 -3622600.6739566755 4258374.557514649 -1639644.2190036024 356206.69280602207 1182315.70637246 1615665.639944368 -1761188.9345080657 -262177.17547400546 -984483.3907411773 484702.86114121036 707595.464210999 4433.443613811701 593220.8923055992 4314815.750581663 -619125.4814894673 -1077093.9714428342 -1206752.3091283299 728326.8540770987 -557002.7712746778 1368122.354773187 -489454.65533536684 3095104.212803414 1472675.6969480552 -2586478.8785162065 255812.93946912847 1157397.116986137 -449298.3751094239 1348786.5993667373 2151943.443623737 -302836.0901798101 -333543.80739031744
289001.9948390777 1293569.9256628032 -3067035.5607963833 -1175062.2373077313 -35572.546865200726 749932.7391484325 2757603.146710423 4063544.2901648665 34358005.613681056 -1451977.7762418468 1566240.4065106742 -1205300.9252163153 -3526801.563428651 2039283.8003151075 -1042518.0050257022 -1344522.7293654724 -1938013.0456714306 -1208732.3465208423 -1645097.524315724 -2724671.9377913303 -437499.5867991108 -3249239.723205379 -635642.018768571 1760420.1531578416 2495986.302436639 -767597.9685940978 -380539.71552129433 98606.172392692 -515457.9359964715 -1753846.6432698807 -654214.3717814228 -886362.1739189656 -1707119.1580803457 168660.01333124572 -229647.8891747874 -58553.166776773855 -899912.5545162305 2302450.561882773 -1418047.6113538814 -1127473.4058250457 1050808.4137174631 -177601.8436588819 2179125.9208642715 -2637722.632138078 3414885.568805177 1242398.3713255944 -1184460.2718154846 -1467258.1062184095 -1499384.040209473 -355714.3639637749 880812.5171688523 674559.6454174062 566171.3265936329 69829.02906676251 56167.23400841394 -2806535.9287404097 -2358623.655685186 -217487.6435961102 -2366738.4438632475 2543051.546227752 3503121.1138610095 -814330.1133628062 736814.58875275 -453435.71589898656 619656.9952788743 -1921688.3393472156 2130399.103492237 2035608.534774315 205849.37048284343 1347353.5572655064 -2177480.571262129 -2959438.5217104875 2297768.1246566665 726412.4021624872 127543.61646289266 -1848803.7973391102 -1960476.2105987193 -821833.8131081195 -3790807.6900093057 -1309393.6308321096 457306.8104439773 3184260.57159304 1912784.973105492 -1001330.4904025787 3428840.5692282175 -2269080.681633631 1124778.6872262794 -3021123.244393082 2834811.829837915 -963026.2954962945 4323821.586806861 107387.37799736763 478414.03320047306 -1007705.9059682431 2174082.475340279 272006.6157462551 1740513.043760243 -1232901.0080744007 -2986219.088223446
2588862.818991803 -281428.0623960935 241705.29630765485 -762470.6126345679 328286.3216893225 -1720946.1418403054 672252.9348816444 -1658953.9259325892 -1451977.7762418468 33019488.237037316 -1036961.9250095799 -294419.5451404352 1943498.9246228782 1321131.2638015512 -2976742.248878293 791846.4162916519 947270.8769938793 3529834.897740637 415910.061328253 -306413.3816522428 1658785.6074615854 212572.96995078336 1921116.617006486 -246436.20687081027 -654339.6584139399 -3002215.0071775387 -1054382.9681717951 -776627.1180420199 2621379.8481549458 -1977345.8760487218 -667999.4360236491 -1614423.2967276168 -359505.61069935415 -1236851.5265772415 -596185.0831469777 -535182.0948539686 -514152.544651797 -2340596.773214184 -585136.6914137813 1485844.0800674965 -475895.97962899087 628415.0590646242 -1282944.0332368785 1709338.7085205046 2990523.67627238 378267.42022285605 1451824.3559322506 2882169.8479328873 -2883053.1244408693 -1011139.7309008247 -1454957.6652299382 -2775287.337441968 -603631.3129994128 -2198632.0170554644 1285044.8203398122 545617.3354435862 696262.7359248778 -765420.5190546102 673627.8016098636 679513.255743827 -1484070.3516265287 -1413279.463762471 -1862282.333689177 -4252299.293325523 -668321.3731135641 1270515.498920118 810043.6399372998 -117335.74137919328 2268263.5766588515 1958936.0363776474 -940417.4225231857 -1102551.141250213 119112.22724261846 -295696.2639391936 2569005.8234439576 729722.9745143411 -41398.04497131911 -347484.1995036902 70394.19557991868 2517023.8337312555 -471687.73192169453 -3802276.199270151 -569175.6490595335 -717247.1871219523 208755.45424436787 -688084.8444905996 -74418.6713426734 -329327.6744143404 -575409.1729543275 -758781.6534864897 2614524.900474573 2430705.375346976 2067883.3461304775 1084201.1603269344 -2589849.761796955 106140.34053902539 -738492.6653442603 2019613.8783251382 -256381.4533179359
1860243.5990043485 -920129.8697126019 -3538660.038192221 331933.77045167616 -94364.50575098717 -1607488.2620423432 2255916.897203601 -442673.4125617547 1566240.4065106742 -1036961.9250095799 32810986.841798447 -765103.7170768293 1309669.3063337936 654365.768195007 1108321.7970362932 -262947.6779704743 87196.71251710351 1117004.7508930077 -4323405.479430988 3440848.544395559 -1651002.3892036504 -290165.13121680415 -2785531.8274123357 -234153.1160660054 -669650.561583865 -1048304.7571517894 -2301858.218676904 1580067.7039493006 -1932201.6384968192 -796203.9195829836 -3544436.1028371123 -3389516.7873708005 -176323.66397431793 -2793108.6913661445 1323313.222374379 462037.6759267607 697105.6331272648 1749436.9889562468 1729159.899624867 1983983.99089245 -2155384.238652085 2358797.211153184 923743.2513007898 -2941732.6152281854 -1561411.6514210268 -1132922.944163239 -1097789.810295071 -491131.28988990677 -1237167.8589563088 2056598.3585089538 1175072.3794579238 868514.3557745971 2123948.510670446 -1052760.2386098485 -3469402.2113291877 2333833.0073454212 -2620904.263028377 -1374867.0754823673 2286784.1671011923 -762803.6089477936 261721.78313657208 -942922.3716939101 69042.34591141007 -41322.99799146077 563859.8692035272 -1654207.2067012698 -761293.8600879512 -5321368.9261859115 1077062.3446467274 2778723.998343247 1247120.2177710242 1024770.0782203 1957776.5538137648 -1260116.675845778 3051776.8422926175 -144608.90475847534 -276653.85194407415 -462899.36294377473 2228591.8371264115 -479366.11109341984 -1104123.6521014585 -91595.41831594818 -516.1177054531629 874688.0742921991 395876.10724969313 1640487.9085717993 701926.4863761629 375068.2032211057 -217071.43546227433 1469801.965115824 2625189.686560148 -3516421.389406482 4021470.8715083227 696653.0362448738 2601955.382194639 -1587646.9643563577 487233.0365088429 802850.690969643 895651.3380229155
1132657.363231145 2038336.3521657134 -747941.9423423233 -1785611.0259851448 710251.4841459568 -3708386.6081250478 -1688210.1975822123 -1660236.9691689855 -1205300.9252163153 -294419.5451404352 -765103.7170768293 33766911.50030839 2320976.0935785044 569070.8263080626 700290.8102749111 1993397.0879646002 -1588226.0187382936 1337640.6328791762 -1510329.239108756 -944641.3531709007 1642164.5756532846 -2217473.475934771 -1289876.444323291 -455139.16737388785 -1368941.704400263 -351213.1328882812 2585862.3379786275 1540432.9746534019 -1548729.3324266886 373537.580870741 -2173503.4721233407 -773494.5673590639 2548188.0731070535 3176338.021218798 3736533.7705894383 -4394036.690624264 -1950190.0248385863 3600002.6377122174 -1608786.947929215 -310807.1712378421 -1230731.5201009477 -1172477.3979102743 290949.9108140447 -603564.4080728439 -2433284.801977788 928028.6731414401 1137320.0032220003 -1677421.660241362 1091882.0298195675 -225452.3383796466 138709.47540451703 1330912.4525768585 -4089374.135972528 -604775.9973943095 933136.8506455807 2849032.7358744005 -1808218.6095317544 1154576.839092092 -1996592.0506397116 -1277170.5934222494 -212705.8145149151 -271563.78726314515 2431811.904640999 -374892.95010525145 -3019889.6759137954 -2992319.860708135 239120.03084808277 -1593859.7451211913 -4298432.672037429 -1241944.3310834179 -531258.7859443685 500944.3401548026 1448882.8658682085 -1407463.6943732335 -1316711.0402812702 1543322.4787892553 -671625.374399927 3089238.1969069145 -666640.0179725931 279266.1560225083 -1648520.3468893587 555262.3685448036 1256548.6050284433 -4075809.227346126 -2843951.798275963 3675785.0548058874 2471191.661409746 -2626996.391494974 1518460.724102519 -310354.0067171805 -2146940.299972968 993535.5544484104 -3879656.953814273 3207063.214706366 -629645.9706867714 -2648900.367015435 -3097220.585750123 -3021474.8515871237 -1031650.2964828381
724693.1455372002 -454414.39183105965 1671225.4470014137 -1593101.1545195598 -86403.04726437277 -453719.61479164416 -1244372.7402766056 -2464373.8832583847 -3526801.563428651 1943498.9246228782 1309669.3063337936 2320976.0935785044 31327869.527084276 -428318.4058375169 1178909.8292151894 2415667.607685255 3211025.5918984767 340140.29852859 2241909.367690694 2938635.5245234906 -819948.7278194013 2744776.1247882186 860347.9652192122 173661.93274344018 -2064767.8971184725 -2077545.4415759959 2445180.8786893967 -1373805.4014205418 957514.5903229681 2196111.690046169 673119.8104783677 541915.5720700219 2252159.9460301674 1523006.6001154387 -1465910.3539929658 -1436545.351096515 3229898.7576818448 2093430.4563452664 758004.9166802338 181766.31403752207 -1881409.3823999797 414274.0497523072 1851436.966465059 604746.5816416088 -907184.6930986115 867008.2024715885 -42136.77936407155 -586388.2614816262 830152.5634072006 -1326856.1562073953 -1790037.7564885102 1527769.0518230293 -401018.0729351829 1847862.9112235312 3520148.2323563327 1770223.5414905853 539504.7747632104 -827971.4956293625 2955514.907600447 210875.90470892095 -2628496.73849026 -2981209.276217643 -3112320.2896504654 -2986192.292561582 -407058.0075603728 3329580.9217898524 1902677.2607135612 3484595.7285041222 509423.7210020585 2084897.2360714865 263953.9950724844 1001043.4571515088 -1274961.125704785 -1000188.5140147657 -1372450.781370054 2514628.922081199 3411079.6799935373 -1100334.3608848874 -2617232.7065629796 -745436.1602729053 -1192728.0245014157 -850310.6236068116 -573208.7324103586 1594533.736793446 -763034.1626340066 -326621.9545881794 -491868.5070690637 252429.81887325036 336887.6423263495 298186.31618727243 -442197.6896022535 -2387752.916471982 208825.14406664265 812138.8483653137 -1235007.473618889 -1280774.9707835345 746434.9167443126 -255951.9985251481 1255248.4661936073
-1320582.5622155946 -437628.11157482665 -1576381.7215665227 1581429.9055893524 -1124843.845613652 -469487.42857932986 -161887.92754210945 -1758056.6366227935 2039283.8003151075 1321131.2638015512 654365.768195007 569070.8263080626 -428318.4058375169 33206033.245483287 1541681.9535820198 2861414.8767607682 1017030.0943300305 2622586.333892843 829011.4736726459 -8217.13477525115 -1591683.9115835526 -684990.7140993377 -1877470.4571239084 -914817.4084131304 -2301747.9788355967 -2230364.5984647353 -1559904.081541025 633639.0490451509 -2864968.152016166 2602530.0915182517 -160854.0701696457 -3119537.7348849582 -2208630.0077940514 -2370247.068212229 -1242307.5675355012 -1278267.3444909067 815369.2420419332 1240892.6403567474 -3152846.3021229827 1057645.9219758024 437879.50411169213 136411.62664543823 1646035.6355892897 -704019.9947243335 1557825.5104026536 312137.54918056144 -1962196.9915989584 2995398.2455878286 -298002.63869435905 -1890785.5981992634 -201645.65155322422 1836968.0318145114 -1251891.2500093565 -1282084.359062118 -254640.25197259054 43219.977338888006 -330810.83509905235 494976.9619934171 1517859.3674304571 -1107069.8973467296 3136516.3215178624 -428881.4308140488 525028.9316420357 -1070705.7730693805 -1156820.0811085952 -3547937.713813099 1393865.4736044682 -1387883.4886741457 -693918.8075770962 -124116.55597383004 -1767093.4285455155 2218852.468180927 -1596056.512250117 821646.9948806704 -335081.94896105694 -536870.5624548888 -1686035.38343693 2405600.9822813626 602714.7000122389 1114117.4417865318 -450862.08657988475 607726.6485435463 -2251340.1999563165 1635656.5015727226 -183195.3616462557 -2866664.3007655307 2195897.237363104 311008.4281969758 638747.1070051971 -2653926.0830334653 3016928.8505087593 -2970838.119332231 1652968.6718412237 -3359894.5948482454 -426803.7642552913 -920227.721808972 1169494.6504301273 -2566748.1218653726 -3418178.502388941
3590.1875143439624 -1994211.3637710533 305973.9211606593 3685122.9497517906 946477.6311492127 2347144.369241141 -601903.2575767935 -50789.599469537534 -1042518.0050257022 -2976742.248878293 1108321.7970362932 700290.8102749111 1178909.8292151894 1541681.9535820198 32892938.56086633 1040355.2712642545 -1374911.441550239 -1731322.2816065908 602830.4509114197 526006.3850240902 365612.71552670276 -42787.33859467089 -823446.5014472834 1306156.325562209 -2397296.11105775 1654576.7764338357 -85885.69126876931 477662.23848444805 1590852.161558224 2223835.0795497247 3317440.822773047 -1603747.3629655063 2979795.8216106193 1190641.0883676957 -2944510.57363461 -4372099.8529362455 -1943964.668729313 3068551.0310322954 -1409285.621334287 -1693575.3455662918 883757.1544171071 -4989489.61500867 175093.622750224 942659.9003103074 -4911026.830384914 1793092.4656860065 954064.914567104 -3028458.1042250064 1289676.3130018855 541730.9035846079 1751751.0403524588 1795454.3712855857 1819132.431111545 2252497.570903308 -1279196.8365597958 1213471.7940595725 -4591380.055714252 -2117527.7139814943 2444822.390954982 -1346981.9100627273 6258765.120226215 -749538.0211200162 57508.65663740433 -1476168.55230996 -575703.4653779829 337924.0722880502 4414912.251859699 438325.7026576925 -1575562.3797690335 1129931.4169041316 -1378507.2283139925 1574100.6420582586 -2497633.348601032 -1836372.9264655686 -435502.6964151405 -46363.8092874646 86749.7263410746 296221.85322411516 3192784.703140134 -156104.7065131537 -5220113.83036803 522529.4277128421 -3486458.597154988 1375615.193118908 -2116567.856843659 -21861.123626609497 92776.93616606254 546186.2097395731 49513.29577581322 2744858.2097195284 -3328088.019348912 -1461867.7180502885 -1036581.112055394 1725792.3730417865 -1817413.9588947406 1763245.1796291904 -2094449.0712935107 -189053.5213506718 -1994164.233849197
874423.9276008591 2281745.055045315 1033177.9202519634 -3614770.5312724053 -272293.1120389142 2547119.98173733 -1957272.3865593162 -1990418.621137781 -1344522.7293654724 791846.4162916519 -262947.6779704743 1993397.0879646002 2415667.607685255 2861414.8767607682 1040355.2712642545 34629086.27524921 -2519402.939473669 590097.4395630711 -836122.8996733783 2064946.2475591232 -1969861.6259711431 -712711.5517622272 -40916.4180676282 -1737014.1564162234 -2931399.1102777924 1007185.2916818577 235243.8161572195 662881.3317346852 -2924943.6693906127 3547470.2964828117 1770063.6661963393 -2210296.260576983 1880313.3788875167 -3892981.4501586827 291879.13181332155 -2761785.8279813593 1883612.573615415 1189397.751192362 2706319.8891363083 -2616486.52265357 -238427.6441564013 -2698713.9997977423 1771541.027091527 976118.2849750158 808535.9725682073 383727.5701463898 -2252127.2358074836 316614.1096198127 1060317.6053953643 1573049.1064203694 -2667383.5493251383 955622.9002717067 84600.7732233323 1777461.0138277342 -344955.19253670116 1170182.690751868 -628884.7897656332 -647226.6697200435 -252402.82159924044 -452495.18788888946 -735283.1937487681 -832269.8461468666 747817.6861823145 -322468.3664360767 -391125.9499368048 1089937.5629790232 1757835.859984849 1742123.3314413296 -803991.0902857395 1145320.2470784192 1299422.8299428562 3194044.11836022 -2669747.0863617198 693211.9309845484 286161.085076243 426823.4391666817 426877.097312869 2336738.5693354234 1839926.909137359 2244825.5394038493 3499320.7163747647 -442699.40861008095 -1504301.0228588937 -2205372.844168539 -552106.2627509185 1246583.2023650534 -3168229.9285980924 1512255.8006386345 -1081768.6049930295 -85434.94067125047 3128440.6597927706 -1099322.126623795 213579.06072262613 -3699322.862113453 509119.3409273908 -1416506.8613693817 2021934.446124236 -432033.2538754157 -1985078.1542869257
-365503.01474010496 1333533.3310623942 -11661.73590196691 673511.65174539 -234936.92802648115 -5168690.574754844 -599419.1956177971 -1608204.94185703 -1938013.0456714306 947270.8769938793 87196.71251710351 -1588226.0187382936 3211025.5918984767 1017030.0943300305 -1374911.441550239 -2519402.939473669 33709443.65024466 -874196.7735933259 -2337320.5143532855 262416.8631697287 813388.2850907305 -1241251.5479045294 -375955.50505039183 1127837.4884899044 976907.7567549426 -440744.3224471344 -1868685.9836149998 -1031271.1046749689 931519.9285064444 211697.75700416663 -557518.4541306901 -1719900.186475777 21269.345964162676 1410324.7188644258 801788.1373753817 -326342.66021096875 2520299.0383554325 -735595.771509534 1167203.8857541364 -2207469.0911208238 2266507.740340872 1095841.3415909205 -402744.4930757204 4203456.506721304 -984281.075031317 2083648.6788149308 -2115731.2305726134 1232771.2276708568 1286501.1938865646 -2232285.958887942 -824584.3979915177 1173819.7288285973 -1798296.2504764732 -1886327.6508187565 252125.50446058722 1517868.9182808704 617801.7226369713 311353.25045409234 -917397.4418617018 -1605384.7712415843 -367671.2159180806 -2943235.098505337 -1087532.106311919 1656071.3516818685 -1249276.8858523197 -398685.24718205805 502929.3838982245 3435954.07797078 1053553.2498617016 -409058.83683869615 -650386.1156791542 1442504.182827992 1672720.7532472184 -6686.534679707334 -1413895.1102200607 1703741.2579647154 1065598.2666899809 -385649.9875291939 1107782.5364201572 -1058754.9656227827 -4797128.248759163 -3584483.24290464 131530.7009661158 -3215656.7451311103 317474.0579801457 1313436.663186599 -1842822.708480336 -2246817.4809107026 -1198486.0466614394 -3758779.2685009395 -1913342.3474151175 1930993.1134118242 2001486.958964573 3037940.9347527814 -2321298.292318683 -1110285.6576681223 -4072453.3395022573 545872.8564264934 1302008.676016773
1085825.2514065504 -125252.69028355408 -381850.0138012653 -288866.093883622 1884480.2838810699 -957872.6058280627 133599.54630989785 1724761.7923814761 -1208732.3465208423 3529834.897740637 1117004.7508930077 1337640.6328791762 340140.29852859 2622586.333892843 -1731322.2816065908 590097.4395630711 -874196.7735933259 32132068.032963403 -49925.27012090495 157532.607467983 -2434402.835024923 -3030568.8184783547 3710654.398644216 -342694.52982733265 908621.8014743018 -206236.3383266946 -1358661.4744164585 286896.5290573667 -102677.44825490795 -753881.208470726 1972975.4598517928 1190742.7647445917 -1758751.0751770586 1711463.9484762081 -1875308.5530612064 2701226.10611506 522176.4493130116 1795049.127336832 -2798873.7833891306 987143.4217106883 785266.966552553 -2631401.3302031667 1538445.8206008223 -1264845.6241952388 1970477.2177761036 -356791.1570436929 436838.7056084825 -340281.34920074645 -623175.4153557357 100571.97846286031 -1973267.2153247972 2727685.0225428957 39474.44840559318 2265314.841618203 1010912.5035063751 1830305.7197763915 -2518617.257472516 1182414.083480173 294466.27277453506 -1217452.176531066 -474120.349119328 1513265.0890032803 -1205295.8439907937 -4411980.594276786 -638996.2841344085 -831739.8693045788 2817348.990387449 47403.32219018469 1057008.7586734686 49807.93165599233 -2024778.3656338998 3074253.2642162484 948791.8976705332 2944316.0077031837 3725545.1419871827 632230.457765465 1041472.9593943977 2545270.836672878 -442125.2327373318 -412097.94509517646 4285893.22098412 2300894.971709 -2273564.529892279 -594859.1576085904 1360545.0006093131 1291751.5746094363 2163485.5374673256 -674908.6906635258 288318.79758872715 -208058.74033593456 -828917.3857269655 -489191.483376153 -584754.4664381805 -1427575.2205669715 2309778.58202579 1308770.4243344315 1956492.591101701 -870316.8105790977 -1771134.9720379855
112870.1095695725 -1214488.1120657872 -622306.5008187093 1943275.9146752646 3975407.408162353 4441022.54394594 -1810292.6544361084 -819838.3395737854 -1645097.524315724 415910.061328253 -4323405.479430988 -1510329.239108756 2241909.367690694 829011.4736726459 602830.4509114197 -836122.8996733783 -2337320.5143532855 -49925.27012090495 31973692.97254033 -1434293.8235385972 -874209.804327564 2764748.5586779662 5298288.358809809 -2062650.0336882705 -1014560.4145766123 1307257.9915626969 -345233.5716419095 -1644887.3639217375 -1371129.1191257846 1895759.5726178156 2340342.2769960747 -194920.59758750664 -1817453.426174495 1728584.0323698358 -1139243.074780124 1770680.858126038 -1318068.038010506 988356.7694467789 81918.43420177203 -604838.144643015 -5090777.316239131 -2468319.4831898557 -1399002.3375523225 1377888.856854132 1088909.362292581 -990561.2954285468 545323.1205537262 -730033.1899869075 2290264.6420731605 3195344.4141951944 1396370.2932858146 2490219.904547563 1428119.03792239 -2823960.6267601675 790167.8532627047 -1366291.4284788077 2731694.775330563 -914231.8606459586 -2063478.2405145075 -339279.311874392 103743.26959443737 2550485.6475221054 1134057.9421721166 2961238.585840558 2616425.9665093864 1241932.6041246634 244509.0069517819 -1271501.7480209765 -2988850.994358433 -869242.7626608326 2636327.810809683 -37456.16226179739 112656.35169866023 -457314.671295065 841090.2754155588 -16575.996011102452 -1890501.186860134 -1107383.054165467 -1054654.4987704987 653413.3244827609 230592.83994932278 -2905447.88477644 -1128315.9176159808 -435850.98634163704 -999071.4437185107 868774.86376971 -2408748.1390551985 3042278.5898508755 2539731.4147301014 729480.1886421732 -1473735.0651570163 -109114.21645407252 -157275.8161250446 -4113633.322455133 -1403834.9213352697 53112.796184422325 -2635859.0658957865 -2204607.905469047 34793.42582157752
567781.3366841181 -1145324.1108712857 -97170.38945144469 -1504201.0742537538 -1444679.862933386 -1581337.7155810322 -63986.411557806634 -1236464.0313045052 -2724671.9377913303 -306413.3816522428 3440848.544395559 -944641.3531709007 2938635.5245234906 -8217.13477525115 526006.3850240902 2064946.2475591232 262416.8631697287 157532.607467983 -1434293.8235385972 30783718.227125436 770309.8305865795 -3233208.135905471 -809275.027880396 832646.4569270379 -109483.6200902414 2033384.7844992396 -1034514.2161634325 1397717.3256446712 -1926434.7874036618 2104803.931785998 1844661.6174085361 -734171.667156328 -3951058.1458690455 -3229325.8047486725 -863301.5340098353 1979972.335595871 324294.0866975146 925205.2512954841 1457911.211883102 -232687.38701250302 -71486.67341159932 5445558.423188024 1872535.972586127 -925207.3369946769 887623.2184953394 -1216119.0296855408 1912533.375127377 -138269.0367078855 -1358632.1022216908 456662.8971666906 -852903.5418381576 1439801.5385633307 863519.0616092756 425161.2604340996 4474048.122823283 337698.57110000507 381261.7702170199 -107440.69637179491 3347766.8903055126 -1281865.7842360782 -986173.1006732985 2093720.6928465038 -3499471.696874043 -1822387.8152146079 -756495.7654187419 -83048.07681437324 -1691057.206801774 -507672.56130835967 911322.8667686847 -716294.2497698304 -2316686.066299846 -721880.4749709343 1073975.6996072002 -3023977.2076141154 1564402.2149053742 2087281.4702054434 2249633.2025968926 220670.83262508266 -731634.3215795046 -1697900.7205748018 -2183039.180608751 497225.30259957863 276682.88364817697 -746355.1972460132 -694788.2389523815 905047.9503424051 -2395.1301398488076 2233183.4236062835 -2052403.5628672764 -1873290.3123188666 174513.84122344025 -1240232.2073869554 -629455.1548953129 367594.28296730266 468459.9400915856 -841728.1019742361 136069.19007949944 2146159.9695030395 -103121.91272723027
952597.9347097358 449269.3981418828 254385.87547315223 1549779.450899998 -327776.9687787088 -887718.3916235149 -1473161.859890276 -51044.46134391749 -437499.5867991108 1658785.6074615854 -1651002.3892036504 1642164.5756532846 -819948.7278194013 -1591683.9115835526 365612.71552670276 -1969861.6259711431 813388.2850907305 -2434402.835024923 -874209.804327564 770309.8305865795 34296267.18220764 -703358.4909789898 -1076357.3984904678 1738368.2768920693 -1479334.665763944 2872770.7133935937 723929.5669204637 1099305.988878035 1819827.6784417878 4534950.363880569 912636.3354916677 -3672948.0516285896 395188.25100839155 541171.7236317607 45547.28863171695 1314406.597979402 -825079.4767521826 1331478.4150201972 -1599069.2565857666 1612832.4008488776 69018.40618756926 -807791.0827712456 -431193.575961677 1437541.858433297 -3042913.5638391795 2764099.9968113955 1770283.0740158707 -604792.4197436972 -423149.70314378577 -5760811.272829404 -680059.1332587509 1196907.352848365 -281127.79836166545 2147164.3037416413 -2775452.6676937696 -6912.345450062027 3207160.1050892747 1323948.0054942926 -5199622.496193906 -1722149.2665844269 -201010.9620951162 3642771.0592016666 1802707.7465152577 1229495.908690701 -283744.4570389818 1137890.5269475565 902644.2274811876 -3140188.1810102956 374628.997296588 -1293449.3932797702 1726107.0330996523 -992060.7537681457 -1072050.891472662 1750341.4873339904 -3150714.465737433 1042289.4362599696 -2638608.2837141217 -2213934.0255273 -1709303.723467425 -356411.8828576128 2138768.038287412 -599012.1154493855 1342591.5836010955 -1702832.010582265 2094205.4801305728 -337534.320540214 -858353.4825661734 679379.6735298618 807775.8499470254 -3165204.649236754 3416906.4149277317 -2193763.9001174364 4154.576961749239 369446.3242479599 1451762.861659811 -335934.3187016068 -4633892.341333807 -6995641.141416785 -6790.455412007034
