31358231.4233642 145216.38304436434 77103.39033904001 705801.3078033935 765750.4860103342 -1716598.6832594792 829606.239896562 1420200.4112175168 -996001.1720259478 110281.34041909518 3680968.90917597 809115.9668095444 812537.2788412104 -1574671.7701764256 -1076769.0581714783 958494.2362212021 -1747696.7951961253 2266519.6045082672 768021.244474631 -2827298.6003342094 230984.67162036127 342800.39256703877 1191991.1034553205
145216.38304436434 33260172.030411977 -1554172.431105323 -2333803.782393952 -1270774.2346070718 2416989.666515142 -86897.89698742032 1014339.9386633905 529433.2030256545 -546152.482981843 -1383535.314828584 -955744.0784751636 563339.5019272265 -285671.72707841557 2983797.8110404885 -1658502.4961087634 308824.93295162806 -963746.7465992107 1674990.9481757123 6016.238861539884 788229.664514342 770363.8307531531 796697.4822904613
77103.39033904001 -1554172.431105323 30836887.313380357 -661698.2188947716 11039.848113636644 1846194.271273871 -720641.077457926 -3139607.26517905 1603289.999850504 -646233.2070554094 1580026.7901022667 422428.12454593816 464513.5770510806 -1045498.4540521393 -67621.00899375098 -1646945.3907300746 1013742.042335424 59209.329265247114 666454.1357343525 545881.2197525651 -295778.44081683795 -2476625.266490123 -1687639.2341840381
705801.3078033935 -2333803.782393952 -661698.2188947716 34096177.674433455 1608781.3262316317 112823.28869613975 -958413.9164467837 2871038.138829114 -617956.8223930302 -521504.6718651374 1859103.731501822 -363822.80301124 307036.9575493688 -2289913.987892502 -1601803.0190335223 -2903529.3824388 -1212105.9760814712 -2893146.3074668874 -3690815.643035653 657306.2576945313 -2109392.0459387493 -132226.85686508907 524235.8837610147
765750.4860103342 -1270774.2346070718 11039.848113636644 1608781.3262316317 34429923.95197168 293317.71807986696 -207337.421948621 -50259.84316493589 -1404288.2100173368 545483.8090141568 -1062893.7433805165 -108603.72322746424 -1430635.8960847536 -972029.5247597116 -2822327.4820912722 5677.5492484656 1781473.159120763 900059.6529392191 2022354.7615440711 -1586395.222099185 19509.87086838674 -2990259.724709617 242073.40538685303
-1716598.6832594792 2416989.666515142 1846194.271273871 112823.28869613975 293317.71807986696 35429381.31480012 613689.0186712627 -1398051.2203433246 -2722426.413212091 -3361057.790775059 -1475467.0147918682 147545.68539030518 1249839.831157707 -286658.26947041205 3551571.4180894154 -511904.1920270395 1414430.849553861 243689.77785357265 -686633.218362744 3722343.0120841237 1000450.7237960324 2790643.079448485 -3906013.562094324
829606.239896562 -86897.89698742032 -720641.077457926 -958413.9164467837 -207337.421948621 613689.0186712627 36294403.7013081 1828047.7657040115 1789210.9792419176 -577574.8316371144 -3623988.923477991 -1958941.7094171236 -568127.290097791 -343768.8547213454 -2232682.835826958 200254.52162065354 392117.38002465945 1026827.1985256575 -394985.8034241924 -1786522.9098442984 220906.6186009836 1613353.4467657253 -910208.3479559486
1420200.4112175168 1014339.9386633905 -3139607.26517905 2871038.138829114 -50259.84316493589 -1398051.2203433246 1828047.7657040115 34887990.98830565 2644960.3901225943 -982049.2715807284 2559085.254711278 1429965.2099742831 4497.434663815573 -3440548.73563948 -749845.2566477956 -72248.53537616617 1076079.6251676697 -1388272.6802237278 442878.0301574053 2293075.972069917 -2780063.0592277953 198616.47283519944 -1494860.7320851136
-996001.1720259478 529433.2030256545 1603289.999850504 -617956.8223930302 -1404288.2100173368 -2722426.413212091 1789210.9792419176 2644960.3901225943 36066509.58218518 3772439.3274191106 3176734.0224239626 -602588.1706414714 2170724.5709849074 -2388361.6174243353 -1239464.889436811 -2976151.314059477 1172283.7167968692 -81548.1806697275 -201035.28721986193 -1488351.4244713148 925632.791748382 -1110023.7635611163 -469112.91475959704
110281.34041909518 -546152.482981843 -646233.2070554094 -521504.6718651374 545483.8090141568 -3361057.790775059 -577574.8316371144 -982049.2715807284 3772439.3274191106 34217896.559657 1498033.93153778 80935.32251781657 103015.89133114497 -2035802.119333966 -1229581.2585283457 -2416360.1939978674 3692035.1011502086 135404.21334323165 1810851.733012896 -989842.0700542387 2932003.3932472602 -1815712.2208289646 1938320.4265258433
3680968.90917597 -1383535.314828584 1580026.7901022667 1859103.731501822 -1062893.7433805165 -1475467.0147918682 -3623988.923477991 2559085.254711278 3176734.0224239626 1498033.93153778 34864453.37494402 -668141.4212337153 -484526.1983428357 -550713.5549921336 290057.8971233455 421126.2061984416 -1030177.6993499058 206898.91342601503 423937.7400295672 -2895750.2352136304 -1185402.8159785254 1959492.838453056 2760436.2969048508
809115.9668095444 -955744.0784751636 422428.12454593816 -363822.80301124 -108603.72322746424 147545.68539030518 -1958941.7094171236 1429965.2099742831 -602588.1706414714 80935.32251781657 -668141.4212337153 34866620.59768271 -1104012.2045110136 584021.3207009546 -1615396.0158245896 2297637.245297224 2070232.168530124 2026924.9552157274 -3467450.9398566796 -2516336.5099270297 -2013762.9302480211 -180970.89552318948 1206108.4596793912
812537.2788412104 563339.5019272265 464513.5770510806 307036.9575493688 -1430635.8960847536 1249839.831157707 -568127.290097791 4497.434663815573 2170724.5709849074 103015.89133114497 -484526.1983428357 -1104012.2045110136 35443489.57018816 552547.9005498348 -312650.7707441449 -245007.264926703 -251385.05462628722 -344348.7087698928 2142854.0413785754 855970.5857532431 640043.9528916271 -1851259.0673225885 -1841228.4590583069
-1574671.7701764256 -285671.72707841557 -1045498.4540521393 -2289913.987892502 -972029.5247597116 -286658.26947041205 -343768.8547213454 -3440548.73563948 -2388361.6174243353 -2035802.119333966 -550713.5549921336 584021.3207009546 552547.9005498348 32540874.05386954 -226909.48543430446 -922595.5630547099 -3413244.7893069466 927113.5650968642 478881.9413333769 1342249.9262284776 1714350.779616754 -1512108.7884944472 1021141.1927365024
-1076769.0581714783 2983797.8110404885 -67621.00899375098 -1601803.0190335223 -2822327.4820912722 3551571.4180894154 -2232682.835826958 -749845.2566477956 -1239464.889436811 -1229581.2585283457 290057.8971233455 -1615396.0158245896 -312650.7707441449 -226909.48543430446 31443427.596557956 675032.25747653 1501718.311987064 2660082.1351858135 -374498.9905465546 1081325.0128988072 1126178.8720135137 -235359.79740128067 115535.18759206863
958494.2362212021 -1658502.4961087634 -1646945.3907300746 -2903529.3824388 5677.5492484656 -511904.1920270395 200254.52162065354 -72248.53537616617 -2976151.314059477 -2416360.1939978674 421126.2061984416 2297637.245297224 -245007.264926703 -922595.5630547099 675032.25747653 34016668.42543616 -300198.8055838104 676595.5102304895 1228775.3406996184 -1810690.6027238541 467819.63703452057 1686652.1016421234 1821040.8938670119
-1747696.7951961253 308824.93295162806 1013742.042335424 -1212105.9760814712 1781473.159120763 1414430.849553861 392117.38002465945 1076079.6251676697 1172283.7167968692 3692035.1011502086 -1030177.6993499058 2070232.168530124 -251385.05462628722 -3413244.7893069466 1501718.311987064 -300198.8055838104 32898602.07249932 262307.702945824 -2306999.5521300673 -1981647.260934609 -550713.884952028 -1720949.2852256075 422598.13695075555
2266519.6045082672 -963746.7465992107 59209.329265247114 -2893146.3074668874 900059.6529392191 243689.77785357265 1026827.1985256575 -1388272.6802237278 -81548.1806697275 135404.21334323165 206898.91342601503 2026924.9552157274 -344348.7087698928 927113.5650968642 2660082.1351858135 676595.5102304895 262307.702945824 34051507.66794269 1444169.175122739 -2527799.039867132 -577170.8200875459 -2545153.9280684027 -1062928.4232938578
768021.244474631 1674990.9481757123 666454.1357343525 -3690815.643035653 2022354.7615440711 -686633.218362744 -394985.8034241924 442878.0301574053 -201035.28721986193 1810851.733012896 423937.7400295672 -3467450.9398566796 2142854.0413785754 478881.9413333769 -374498.9905465546 1228775.3406996184 -2306999.5521300673 1444169.175122739 34373967.47874081 -1953246.1156801635 -438761.3822307028 -348604.17443823174 629006.3355263966
-2827298.6003342094 6016.238861539884 545881.2197525651 657306.2576945313 -1586395.222099185 3722343.0120841237 -1786522.9098442984 2293075.972069917 -1488351.4244713148 -989842.0700542387 -2895750.2352136304 -2516336.5099270297 855970.5857532431 1342249.9262284776 1081325.0128988072 -1810690.6027238541 -1981647.260934609 -2527799.039867132 -1953246.1156801635 37074693.252399445 932536.8560207628 2433040.754212802 471581.47335331084
230984.67162036127 788229.664514342 -295778.44081683795 -2109392.0459387493 19509.87086838674 1000450.7237960324 220906.6186009836 -2780063.0592277953 925632.791748382 2932003.3932472602 -1185402.8159785254 -2013762.9302480211 640043.9528916271 1714350.779616754 1126178.8720135137 467819.63703452057 -550713.884952028 -577170.8200875459 -438761.3822307028 932536.8560207628 31614510.252920896 -1337352.2175210398 2231830.0919247777
342800.39256703877 770363.8307531531 -2476625.266490123 -132226.85686508907 -2990259.724709617 2790643.079448485 1613353.4467657253 198616.47283519944 -1110023.7635611163 -1815712.2208289646 1959492.838453056 -180970.89552318948 -1851259.0673225885 -1512108.7884944472 -235359.79740128067 1686652.1016421234 -1720949.2852256075 -2545153.9280684027 -348604.17443823174 2433040.754212802 -1337352.2175210398 33537258.704551697 -1210495.516341618
1191991.1034553205 796697.4822904613 -1687639.2341840381 524235.8837610147 242073.40538685303 -3906013.562094324 -910208.3479559486 -1494860.7320851136 -469112.91475959704 1938320.4265258433 2760436.2969048508 1206108.4596793912 -1841228.4590583069 1021141.1927365024 115535.18759206863 1821040.8938670119 422598.13695075555 -1062928.4232938578 629006.3355263966 471581.47335331084 2231830.0919247777 -1210495.516341618 34925534.471200526
