35197316.908236265 -2318044.981925978 3473432.723802197 -1798123.8426888501 763975.7610592194 -2105429.1146266456 -3909063.841593295 -206584.22851235128 -2554656.8868548414 1579495.71939089 -1534783.3576184844 1481118.5820722745 2767535.3934431784 -6769091.189843901 375475.46900302125 -4490604.620904358 -929289.7683037535 1545171.6282540648 2865129.802748957 -373649.29053502827 -904255.4024756793
-2318044.981925978 31725322.15234195 -906915.7763478529 3172866.34392261 476735.8171244946 -324862.73569677875 3096761.2050768314 -2778985.9315443826 3840611.6773763625 -2793501.4831149136 1333041.1567407101 -648456.7846905409 -959125.5895857335 2245437.7324297694 -1632878.5526206482 598283.8469286904 -4879930.609843867 1081452.5244175673 -55937.09903086418 765869.2619947987 3545504.9319200916
3473432.723802197 -906915.7763478529 31337764.886157617 1470494.8079194485 -1075200.2088516715 811562.6943546686 -2971349.717919434 -2327363.668591753 551052.0458229613 -38553.9763274584 -3174839.0434378963 -2748151.487903583 156034.7444996881 -850584.3404009733 1296434.578477409 -2312837.802243204 -2581134.5937974732 -3292374.2726645963 -2226232.889576138 306035.4697495637 2327626.8735642456
-1798123.8426888501 3172866.34392261 1470494.8079194485 34169914.86768173 82457.54273477553 1136284.695062009 400260.8700075429 -5255756.047472747 681547.8495314668 4125146.896025892 -3542663.560063308 -5620323.393989076 -1745349.4160124478 -862416.6995409895 931119.1217545564 -2954832.421296356 3498676.6990071246 3162695.415471743 -1131850.0419384127 2901645.0051582865 -3162030.7417767514
763975.7610592194 476735.8171244946 -1075200.2088516715 82457.54273477553 36603017.8518367 2928031.2102369172 2255411.0453460254 2578789.7421926414 -2500800.8497533947 2760272.170493338 -3820779.651522046 -1085554.8548213523 -1314327.4624348697 -3016878.9617708186 -1990157.432487921 -4150861.2733074105 -262051.60351896723 -4165850.122740219 1967145.494824206 -665458.6607869823 2407210.6451981193
-2105429.1146266456 -324862.73569677875 811562.6943546686 1136284.695062009 2928031.2102369172 36939480.29879523 -3532.5599081277 1717936.5018659276 -1447774.9238399635 -134914.1919272269 -667182.6943909378 1451125.95617674 3048361.2085045255 3059751.757930865 130868.85466777666 923801.7835217916 2777915.9610094884 -1778209.0892017034 3237631.799584216 -7671.768814125204 809548.3822854605
-3909063.841593295 3096761.2050768314 -2971349.717919434 400260.8700075429 2255411.0453460254 -3532.5599081277 35666481.38567607 -1327477.6574881002 589821.2118555867 -4032751.431070752 -392588.01713728055 5780579.025781481 -5957653.549291907 -407082.9413236755 -817289.718799355 -1925869.1256847312 1376887.9761219565 -4206165.571046703 -5078748.850742417 -129456.92900435877 -994098.4978321369
-206584.22851235128 -2778985.9315443826 -2327363.668591753 -5255756.047472747 2578789.7421926414 1717936.5018659276 -1327477.6574881002 34554561.21371421 -2704771.0774601405 -592892.9520560651 -299715.4866151104 1853509.662011384 -877640.8734659863 3249827.4539143764 2331010.067504869 -3967132.9806210534 4341309.945366909 2412090.7042318964 1406106.782653458 -837116.055665595 -24838.939631948535
-2554656.8868548414 3840611.6773763625 551052.0458229613 681547.8495314668 -2500800.8497533947 -1447774.9238399635 589821.2118555867 -2704771.0774601405 35251762.64895503 -1625820.209340139 3253089.2481053025 308258.85161015496 3490815.708565418 594412.3637635459 7556171.374366559 51580.01293211538 124510.14003110016 572509.986003792 478335.5192417089 -1980702.6319485982 -5105923.718327585
1579495.71939089 -2793501.4831149136 -38553.9763274584 4125146.896025892 2760272.170493338 -134914.1919272269 -4032751.431070752 -592892.9520560651 -1625820.209340139 34102574.72529368 -730808.3577330973 -6324296.573386623 -456764.5015167748 -2794509.275014763 -3403480.478113773 -3777131.427452927 5271373.53230732 1319870.934887899 -1702686.6743942115 -409004.6414213884 -3157329.632982643
-1534783.3576184844 1333041.1567407101 -3174839.0434378963 -3542663.560063308 -3820779.651522046 -667182.6943909378 -392588.01713728055 -299715.4866151104 3253089.2481053025 -730808.3577330973 30124039.76229211 -3329694.6375128278 -1253467.9570976382 -1704606.02468555 1342453.7585820977 -2594373.4833404054 -73976.02185017886 -1985920.2313340425 -1503544.8943015167 -89990.38700059586 2567905.443199552
1481118.5820722745 -648456.7846905409 -2748151.487903583 -5620323.393989076 -1085554.8548213523 1451125.95617674 5780579.025781481 1853509.662011384 308258.85161015496 -6324296.573386623 -3329694.6375128278 33517446.825000513 -2006944.4964089147 -1427217.732789212 1758222.1882835873 3208992.4450988225 914820.6204321481 46789.62924564315 569911.445071794 -2704747.583476662 4455429.5699134935
2767535.3934431784 -959125.5895857335 156034.7444996881 -1745349.4160124478 -1314327.4624348697 3048361.2085045255 -5957653.549291907 -877640.8734659863 3490815.708565418 -456764.5015167748 -1253467.9570976382 -2006944.4964089147 34814742.82817484 -3684634.9757745336 1966366.1366462882 1603445.3324146075 2109426.0073570935 -2523030.035272055 892503.0086697913 -324174.3262378908 -966790.1960685619
-6769091.189843901 2245437.7324297694 -850584.3404009733 -862416.6995409895 -3016878.9617708186 3059751.757930865 -407082.9413236755 3249827.4539143764 594412.3637635459 -2794509.275014763 -1704606.02468555 -1427217.732789212 -3684634.9757745336 35081946.77179711 526032.9769003789 -1128347.4505472584 -2629279.143981369 -929074.7124377231 -156826.25919074265 -4329081.740702411 414615.32462124625
375475.46900302125 -1632878.5526206482 1296434.578477409 931119.1217545564 -1990157.432487921 130868.85466777666 -817289.718799355 2331010.067504869 7556171.374366559 -3403480.478113773 1342453.7585820977 1758222.1882835873 1966366.1366462882 526032.9769003789 30533301.40936669 1417418.3643917616 1318120.358897633 -3934554.638411015 -1502226.1818999627 -2487458.352203197 471253.5129527983
-4490604.620904358 598283.8469286904 -2312837.802243204 -2954832.421296356 -4150861.2733074105 923801.7835217916 -1925869.1256847312 -3967132.9806210534 51580.01293211538 -3777131.427452927 -2594373.4833404054 3208992.4450988225 1603445.3324146075 -1128347.4505472584 1417418.3643917616 33140632.650536556 -2715097.1706109876 1594167.245531436 4388121.319760062 1281794.784775874 -1915785.339222466
-929289.7683037535 -4879930.609843867 -2581134.5937974732 3498676.6990071246 -262051.60351896723 2777915.9610094884 1376887.9761219565 4341309.945366909 124510.14003110016 5271373.53230732 -73976.02185017886 914820.6204321481 2109426.0073570935 -2629279.143981369 1318120.358897633 -2715097.1706109876 37540106.03005073 1985596.3872787522 3594490.0161227463 -3553356.96294011 1484127.0165823682
1545171.6282540648 1081452.5244175673 -3292374.2726645963 3162695.415471743 -4165850.122740219 -1778209.0892017034 -4206165.571046703 2412090.7042318964 572509.986003792 1319870.934887899 -1985920.2313340425 46789.62924564315 -2523030.035272055 -929074.7124377231 -3934554.638411015 1594167.245531436 1985596.3872787522 33555817.374820136 2045781.0301424137 3982652.141454114 732629.6136920586
2865129.802748957 -55937.09903086418 -2226232.889576138 -1131850.0419384127 1967145.494824206 3237631.799584216 -5078748.850742417 1406106.782653458 478335.5192417089 -1702686.6743942115 -1503544.8943015167 569911.445071794 892503.0086697913 -156826.25919074265 -1502226.1818999627 4388121.319760062 3594490.0161227463 2045781.0301424137 31873166.611894898 -64927.04796907388 2036161.8359312913
-373649.29053502827 765869.2619947987 306035.4697495637 2901645.0051582865 -665458.6607869823 -7671.768814125204 -129456.92900435877 -837116.055665595 -1980702.6319485982 -409004.6414213884 -89990.38700059586 -2704747.583476662 -324174.3262378908 -4329081.740702411 -2487458.352203197 1281794.784775874 -3553356.96294011 3982652.141454114 -64927.04796907388 31052249.14644961 -62510.14330501058
-904255.4024756793 3545504.9319200916 2327626.8735642456 -3162030.7417767514 2407210.6451981193 809548.3822854605 -994098.4978321369 -24838.939631948535 -5105923.718327585 -3157329.632982643 2567905.443199552 4455429.5699134935 -966790.1960685619 414615.32462124625 471253.5129527983 -1915785.339222466 1484127.0165823682 732629.6136920586 2036161.8359312913 -62510.14330501058 33152670.644333944
