30735275.64572774 6666553.369996277 175136.0212303671 -2679274.3894533585 309019.2698519087 2331837.5302774687 -3128115.053050948 -912593.6768597662 -4175707.792781761 -368857.872047108 -410891.3241596545 3463444.863066875 -1360682.9390590438 5466869.344422021 5061436.686602555 976489.0513666183 -548269.3618060417 -2008292.189440524 -4901680.456903242 406981.11017512745 -1076166.6219614977 1146702.8291351744 238957.94212185708 357402.8642756001 4258825.405904185 -5672543.226308098 -4131190.2299801945 6145113.823270697 -1745948.6271617215 6934726.084956021 251767.58405820795 -1076382.1903654577 -3131061.217444276 -1996716.1126839444 -1493885.3396206435 -6416234.03213253 5794762.907803895 5406492.125428733 719770.5876511527 -5729784.408373136 -3896465.8478596923 2229308.9851399227 -3343084.4580094297 416786.3899108294 3831973.1171021406 5099393.900899065 -331882.4420881827 329034.3241846333 -2923551.257528699 3456025.491805478 5569465.892962797 -2085851.6737158678 2858415.9194210856 -662678.7954932551 -2250880.606521444 386216.72487870743 1039489.2600416845 -407029.500343935 -1368747.8751224142 -4724122.859411888 1894814.3264693497 -3893634.1279820334 1571348.929864989 2283973.049578871 -625420.2654186753 1296932.7885627649 3297954.9384693624 -159347.52356016228 -2198814.302442617 6814609.848634322 -1012765.1606573068 -1338678.7744947285 2253017.0420160056 608469.7310100455 1934396.8542402892 -7134868.538557111 2858041.863862921
6666553.369996277 32915607.679894328 -11553402.156771194 -8024318.911912224 2154641.466011321 -3666214.73303556 -3385509.5201885435 -2848955.7648818744 -1898895.085325457 1925217.004415004 1559190.6422504147 -994474.9425913767 -1852539.8434951452 -4409956.10960988 4947269.557748182 2282093.3530117604 6700159.932173506 4145513.5538359787 -3674399.675727516 1844114.1704918332 -9722761.299779607 950858.4659487419 3513849.0004335227 869992.203563728 126191.00218005847 1400140.7529030682 -29017.912986509502 5061152.990328784 -5549672.631557316 363975.00252318056 878462.4312393476 -2793710.855517437 1519301.1948607687 -2681045.9321952257 -3219372.464658894 -302644.45200591115 -1678802.4913620467 6312406.255618017 -4506789.1668649865 -6695113.165486808 -4433361.193379136 1657736.5889015184 -5178839.068040272 -5971680.1511415355 2183619.452901797 1274403.564691206 -781579.6959699866 -1568287.7608561702 2626816.5449783993 3817635.8894495354 -1231097.0109176869 -2605171.5628089895 386975.64038135984 -1089578.0490191472 2499238.31622739 -4963911.772482776 3279307.14391271 5535847.0928999875 4288602.569361994 -5425524.470027169 4318979.771750257 -4792120.001329919 -915592.1993337737 -2163977.299162948 3724098.9686119226 -7443412.256523344 783792.505771098 3123021.1329402286 2475848.858141693 1992624.615292914 2021597.737437106 -142469.16195024233 366747.559088459 4087980.3299573567 -3418914.895224859 -2575087.9299698505 -1191959.118355543
175136.0212303671 -11553402.156771194 31370007.828123484 -1843938.2832698717 -5008466.020798908 -421389.3772049543 2781863.5220944276 -1322354.6770325673 -4985950.283812443 -5531.075677298256 -5194509.307581154 -4620548.5038727755 4280461.986438323 5447330.820709914 -10322763.789067473 4805594.87961233 603107.3660943002 -2749880.255311191 4524893.358422808 813593.0567510225 1894784.928303765 -1448037.259890087 -1540138.471043351 -3016644.2812098735 2550371.220398874 -1940737.3122221548 -1952910.3523405984 6933808.926171774 767223.7938613851 -2881326.755857641 1403245.7632700545 7394956.180186913 1397620.4188533162 -3315219.1419255915 -1364124.9621418144 1114404.753743598 -61031.84945991761 -5831998.713838891 -312131.9207949409 7695208.102122081 3610346.2432383196 -390838.20889382233 -4281667.72338415 2951707.343014066 -2277660.2988419905 -2255492.80708951 -2947641.1410160786 6492834.588353686 -3668810.5812339447 262451.7892721708 3161419.214945364 -2378940.375891928 3854579.706793098 4493310.491533974 -5090748.533707418 1982582.3778127593 -4716917.380721967 601446.3901794285 -5141106.094547044 -634669.6839453675 -3044383.3212734256 -981917.2009921323 3782831.023665671 -518980.02823912795 -2018392.2990225658 1633947.5320234788 -1968513.703391917 -5120781.612692415 -2257138.0472081625 1251414.1914614763 -5811345.637892689 558312.3503701185 -2487520.0021679094 1177575.6816090483 3099520.7061258643 2502678.0567830936 -1151853.2152362631
-2679274.3894533585 -8024318.911912224 -1843938.2832698717 31819614.59463077 5506479.088716642 -2982469.7879066193 2168356.936752097 2605050.6485038586 932541.2476960815 -5093019.195443712 4865615.620096792 2503478.820700234 -4117279.7062773425 318477.9394371976 1260547.0705155374 952585.5540399426 -1796144.8426321156 2976565.0119643626 4379932.956208644 -3546734.255096521 5734774.94525214 -3784172.050223642 -7190831.846272144 2458081.2871862855 -6262385.044519407 -4600999.917719129 2648730.2802564916 -9788245.428483829 -722655.192949071 -3050285.7255854453 -2408636.991942981 -3976987.562497044 156776.5117936491 -3517556.124542678 7267605.986471284 3357670.9948638715 -300041.7462478234 5216402.035232427 139286.31873123834 14009.667231259711 -850804.3810617236 3606848.683211757 370861.22937080247 678828.0593880962 -2919838.886217641 2427816.5203649444 -3853684.692422096 690485.0300142383 -823753.3196691984 -2894052.5303047495 1640413.4103594436 -2011595.796289134 -1111948.7861557608 1330631.1085673824 4197848.438220187 476168.33368811494 5246438.205597111 -2314052.4643032323 -4617402.938298622 683804.0685524769 -4675524.586625333 3857798.0223840387 -6690359.715068528 585765.4930467777 -4240830.360168622 -742126.7793207649 -8063766.170908053 -2154923.2483977303 2981624.4732090114 -4297629.542186462 5467494.478362306 -2473077.8655860526 2152953.8312181695 -4749915.27720848 -2378616.4774745614 -1501259.756033385 -3254610.39427655
309019.2698519087 2154641.466011321 -5008466.020798908 5506479.088716642 36563962.66947301 -8028664.145115195 3893887.2361346693 -6956562.7212720765 1266512.3373679772 -2025946.5500665836 3752996.277915594 -1636513.6371672265 -4158897.982691737 -4141543.8016958847 -923346.1947763052 -1573286.1667235359 -509909.1468109707 -8167694.397197018 -2756181.9653055454 -4550553.807275617 -2833857.0015421305 -3592455.654646725 -3903553.1462593903 2010082.5823774622 3042519.791913729 3621777.719683308 2702658.1371767074 -892466.6276021131 3917821.5096789375 -4083244.2770208293 -2985319.1560884095 1618898.2810898495 -3458975.429304812 663919.926126294 3624516.926999499 -3109303.1474198895 2566205.1110174223 -2044856.5080935901 3955314.138334851 -1693966.2306036055 15493.621042163526 -2497872.0536844893 2455464.55436179 184473.73883276933 -758477.2127708255 7418347.289962284 -2082775.5643730052 823437.228068978 3318376.087992748 -956754.8400400701 -2836697.066032644 -4054536.1468115943 -7111837.727844069 3723299.928795596 4531558.670638804 -5591090.430718348 -236142.91197215742 -4770909.71793398 2473410.169071739 -1763916.3491690697 -174056.56303063186 264002.15854166436 -253183.82389921893 8975944.901369091 10818447.924917677 -7436061.924523147 -4457760.271876638 -9214016.71823299 -1620743.7928595126 -159250.28444734187 -3158264.294364881 1067877.284777194 -6168012.383475424 -2512156.6113722194 4604862.023527352 365314.76228499063 2675336.2403807826
2331837.5302774687 -3666214.73303556 -421389.3772049543 -2982469.7879066193 -8028664.145115195 37518371.7968089 664477.0171143854 644048.9698056476 1313861.2480194496 2640255.7898104573 131669.3329676129 4936772.635417303 -4205921.402731646 3240891.16483986 2652964.354260607 -2606634.808451035 8143114.645161801 2206402.6349198828 -2343624.134541531 4253420.130618909 -4085541.2297671977 3430334.1061551585 -3688537.582479189 -6620030.737425902 -3219188.5965287834 6251605.475180647 -7596294.097671585 2467444.3499577283 3058036.144739999 -3431856.014622821 -1594105.5577407405 -5345661.870555522 -801747.9042959826 2877717.5134757394 1743848.8882795249 -2715348.9631481897 3945496.581238188 846460.1548178995 2166910.3821497695 2608728.8943791995 -1280270.6964363267 6510806.243218923 9176852.451485544 2822339.9076170917 163067.67011233518 707583.0771224439 -337211.6593435007 -3706476.5034482786 975124.9536850081 6857322.771188298 -6008557.609020225 1018128.2837716059 -370311.3467255271 -7353158.876441855 1445512.8111378334 1973205.4748661101 1098366.6804945045 -3947142.557562219 907356.4216880361 5033931.190712811 935747.0825704334 4514233.891836326 411095.8402484851 436357.6581883794 513276.61921177857 6243055.68430454 4486698.046762083 295370.8230020363 -1267267.1845578633 5835669.873966033 3428398.956697408 -747651.0188349715 -490922.59142036724 5984549.153647887 4873840.736254788 840096.278692323 8091916.656095095
-3128115.053050948 -3385509.5201885435 2781863.5220944276 2168356.936752097 3893887.2361346693 664477.0171143854 35789437.28472967 361687.259726249 -60943.98304152257 -3149481.1555182654 -173507.8992392642 174850.7997684459 -6517637.095194904 -5541176.62324375 -1776593.3043591778 -2706842.2197268046 3163115.279750331 -4083079.573328176 -1666693.1168686743 -6653672.721840188 341003.6999268074 -4378632.854386256 -2994156.94406022 354945.8713105718 -3653199.415689084 1374978.4610461548 -191542.49911198192 -4123183.954408775 9760909.77062903 -3784150.1423321515 -2312154.53905844 343678.86122636544 -1976385.860198557 -280957.2510861677 2464877.4956526347 725543.2878461024 -5551272.842037769 -1761370.5585407414 2237038.8365677046 -461274.7903047264 1828663.683478176 9413164.6527629 8670957.339139355 4634674.055698839 -4442813.400189402 -2272005.48924161 -7896260.699034275 -848119.1368335978 7233171.8859730065 315741.4278503154 -4230675.413040568 -1871838.158281929 -4165288.2838971326 2252429.3156923773 5655765.891178011 -486076.0829488232 2470501.3290931573 -2532938.85439738 -1149975.3434940313 4648058.668023465 -1016887.8881844758 7871413.714122288 2247291.5053147166 265803.86194886104 6640273.968196149 -1615947.0356641267 -5615660.952956539 348680.61396967474 -1281241.1749656964 1327881.0329933618 3109869.3666916043 2286556.1737542027 1551455.3468636621 -5810344.757222017 3446819.6039569657 5031579.038520858 1227970.109549031
-912593.6768597662 -2848955.7648818744 -1322354.6770325673 2605050.6485038586 -6956562.7212720765 644048.9698056476 361687.259726249 34755656.99060533 614085.6349222694 2257175.8840245986 1706328.7722664848 -1530241.4357672792 6900328.502542714 2179661.552229242 6173555.959305261 -3971815.429684242 4730262.148994628 5341154.44756911 4299412.051618355 -5418303.359434583 -33858.27309561027 2949379.639582007 -2300470.6662495523 -3890213.0403963146 -2076698.7316347791 1445035.9238048487 -2676439.5358296363 -3585653.870246424 2825903.297186244 6466271.421932723 -148111.34587478574 5130441.465108037 -4517536.344745132 -1788801.9216647653 -1639703.8842028163 3274166.9413074185 -1248789.3231785218 1249892.2315746706 637.2688813590141 134890.4519452282 -1060052.0000699146 835457.1274297988 -1650848.4161869227 2682990.824358325 -1907289.3596539246 -6387304.532349892 2790362.023366566 -4922716.485862003 -31495.085660921162 -440206.29315511655 1722639.7650905568 -167364.98779505145 1836952.8307514305 -4301020.482051296 -2490534.84158746 2507091.3548031105 9254761.31693871 2953044.6035148166 -5788337.493048734 7487106.248841921 -5645971.345168357 4343091.6460143095 -1882722.5278690571 2124999.9314372563 -2015180.1506997957 -1342767.034398965 74969.37404541708 4442713.488500075 4386770.645815846 -2895967.476964247 -4031641.3533973997 1481895.6352454822 2242411.4898578404 6450671.469332836 -2711838.8002166967 -99821.66789930839 -2033998.1973477046
-4175707.792781761 -1898895.085325457 -4985950.283812443 932541.2476960815 1266512.3373679772 1313861.2480194496 -60943.98304152257 614085.6349222694 30225672.867963694 734819.7919489742 1012271.3507302371 -3007390.3288393593 -2594080.6284939246 575550.566033609 -4490873.089851494 -2731790.448892815 7475112.085179416 -461889.6964522266 2346403.195749879 -5764588.387205245 1259040.4749835557 -1964753.1227771898 -586132.6200466504 2623190.835758944 -5575029.361908488 5305769.924963516 2930938.9337040693 -5513797.54917605 4765950.283865999 -4361548.14481345 3185747.9723338247 -290785.8652862577 -1945941.6903405746 879092.4890519057 -1605442.1618889386 8199395.711964152 2877250.8226755685 -3763138.6932734777 -6261048.333744283 831730.809885131 3572137.771576444 169243.8809274609 1785744.930245302 6615508.736865844 2615639.03242962 -1294058.9071767658 5864170.01458997 -1048677.1529995038 2960190.0849419595 3751355.0150396004 320329.1649092745 -1148845.052404042 -8289.60642075772 -2615561.326266403 2987408.032885132 1684280.3669530146 -2142025.9796103537 -2822351.3508166135 -441322.1479316896 -489617.0503503069 5664089.262691547 2887511.845906199 -4280671.203993761 -397538.72477279685 3238730.2178054475 73824.9879544617 -6887035.806857321 -5181782.931534286 4180243.4937578198 157844.83202461418 -570801.0487672724 185196.78194816777 2917182.166435382 4015408.407436554 -505476.1461467766 -3522625.5481409617 3733619.8857553205
-368857.872047108 1925217.004415004 -5531.075677298256 -5093019.195443712 -2025946.5500665836 2640255.7898104573 -3149481.1555182654 2257175.8840245986 734819.7919489742 33569071.7387856 -7647079.904465562 -2426843.617364321 -214116.91363084604 -85474.86398345626 -7509804.5180065185 1556201.7875545775 -978749.3624469828 2951599.598227157 112050.87716883367 2292416.2794207046 680936.0852841065 1832087.720012549 -1361572.6968514032 384387.98126733885 3114848.107389891 1387695.0498691122 3052008.6341869445 5127951.332074232 -421906.3392629951 -2148174.02978319 1586536.534257885 -3538186.561915776 1659667.9468536514 -5948104.790606953 4427151.868817295 2183899.5667394674 -2012299.0627901065 1144245.3151338112 -8128734.565281654 -1624658.912030757 1873240.9499854299 5939984.720144655 -1126278.2525378913 -4971905.699909563 -3827944.5815223022 -915420.9985050258 10573849.218364147 -3060929.550240946 5222904.6731207855 423325.7553548088 -308917.82742429496 -3030435.576712959 6112481.211261543 -1566949.025397761 -6505606.619947066 -5053627.512554563 74982.05494317033 -2086122.220559285 -3452532.609114919 -3382010.182413077 481617.24451383896 -2265334.819184387 -2900677.5150031834 3262704.2010507863 3717641.4382460117 -4875959.208341465 4556951.509184349 3257756.1165773207 227131.96526600825 1640390.8607916106 -1229995.268971657 4718282.378003963 5140334.816692904 2684643.0625661197 -1296097.4322110773 3278224.182137834 -2646671.873992593
-410891.3241596545 1559190.6422504147 -5194509.307581154 4865615.620096792 3752996.277915594 131669.3329676129 -173507.8992392642 1706328.7722664848 1012271.3507302371 -7647079.904465562 34577980.19916947 -216651.2379435623 -1518135.788468592 2408416.0643374813 295713.26590395306 3903831.2901174324 4172082.329137632 3296614.3790874705 1719159.132199486 598391.0887806896 -5995255.456921072 -3996266.933097494 8230856.035407707 -2569538.705203718 -2888033.3528703065 1540659.8516438992 -5036837.322755749 629878.7580556975 -5947512.566226067 -2500292.272373407 -2136921.8157893773 -251379.15828847158 -5965054.45107952 3882078.363687074 -2570432.0377516686 3471018.230206981 -2293300.0234179287 2177632.547570918 250121.77601141232 2666521.8194183274 -913293.3490012672 -240050.2741414454 733293.5213431823 2581841.8441506866 -2018388.2447598495 3972253.942813493 1554605.4668568478 1318625.7143820464 2588943.853651592 1442467.417032007 2678175.760507652 900526.6152206309 -5366292.511643075 -9449215.400643127 7023932.057500842 3062829.2375924243 495684.79254428577 4905455.550111514 -4519824.650562351 -349352.9664641009 -294608.3088226835 1122182.5885056623 -2574349.117190795 7258215.148793334 3778371.3666953235 142429.62910371032 -2337931.5779884877 -1626768.612929807 3726409.531982511 -457497.1455176039 5428528.86308357 -334311.159970536 2144935.9285974605 3744882.631565368 2280800.436807381 5315722.821426029 388478.3526537009
3463444.863066875 -994474.9425913767 -4620548.5038727755 2503478.820700234 -1636513.6371672265 4936772.635417303 174850.7997684459 -1530241.4357672792 -3007390.3288393593 -2426843.617364321 -216651.2379435623 36020384.87993233 -10796278.509037402 2952074.478445628 -79758.86791092041 4029254.5399014344 3179484.867282163 2832781.4834786756 5807190.057398388 1469048.3389468058 -1810501.864963982 -4319170.841460533 -461774.36128902703 2368880.39238219 -5135098.811054975 -3873633.194266611 2950962.082795179 2347312.4779944224 -5025772.820574507 -128240.3206941144 -5115058.416669938 -607648.7323400951 71361.40779087714 -1576963.5024862448 -7600042.742447175 -7159434.116735358 2280530.316406944 4763263.908039198 3878098.158431592 -4355465.245381484 -547414.8085897234 4842646.337293632 941856.8450056762 -1226952.2968997324 -1785421.9289113937 4910620.86374469 -1710530.3217495903 885675.0932616075 -4416320.031042027 3660064.9040419 -1359892.4278421334 3187899.602526147 -2946734.2372627957 -6559385.355390835 1063777.4122536539 5078279.358199676 1831809.7780482352 -2215881.133026416 2802722.8301274576 6182244.058787655 5995292.970694763 -4222861.871218825 2379401.215739601 3106917.0113929734 -3995073.762538553 6993241.607643671 1989532.0500736444 2222478.068444134 929145.2980045518 -80126.25532737383 -5028830.248264628 -3568046.1809744015 2923635.297143631 -2051226.6958355347 -4601132.799108171 348173.07726904564 -3666899.109810661
-1360682.9390590438 -1852539.8434951452 4280461.986438323 -4117279.7062773425 -4158897.982691737 -4205921.402731646 -6517637.095194904 6900328.502542714 -2594080.6284939246 -214116.91363084604 -1518135.788468592 -10796278.509037402 33226293.16099045 9968464.06092436 -6834234.263649043 3660857.362255376 -298386.1893857322 843356.9667993025 -1910142.6080546505 -5028161.2254135 1751951.579637316 5630253.20986715 251144.22535270496 1449694.2594737087 5047991.491695163 -3314501.3286433564 -7566862.923038454 5474600.052316459 2163372.270591829 4018282.5853931746 3727471.75867975 8286211.007507941 1358556.9331586258 -3232252.529865015 715659.9762765734 2946138.802315232 4403688.902677202 -1886544.2157721347 -2674541.066572093 1056175.1609309204 -1563469.6434989723 -8255361.580606572 -4277686.616368348 41954.50615797713 3275569.084062273 485334.58565182786 1226555.6570258897 -5317541.061731066 -1616543.6690984715 137826.75390359698 8258341.76800625 3425000.32589779 -945570.4351881213 -1347630.5300388522 -842608.3738193309 -1183311.6573879952 485376.8697959754 898672.1214325441 4096770.5288261254 -3264957.799892248 1166042.4297563855 4936635.10593736 1031422.4376502737 -2992427.9312101267 -1895700.7176844797 -6460337.575963828 -875014.9635195755 2919575.1759336973 3292385.510102097 -1410049.0779917322 1531758.2810454585 9550443.486484664 -7650732.491211194 1874036.893406249 3231331.172596813 289414.1097748976 1290146.7352176118
5466869.344422021 -4409956.10960988 5447330.820709914 318477.9394371976 -4141543.8016958847 3240891.16483986 -5541176.62324375 2179661.552229242 575550.566033609 -85474.86398345626 2408416.0643374813 2952074.478445628 9968464.06092436 32318759.81798889 -3793882.7229009694 1435301.8085019349 5257492.064820985 -604824.2549185154 2633148.558515472 959139.2551786224 94265.76799451183 -5393005.795356078 -1194294.0161979864 -1239060.488196972 310969.1409692679 1112229.4367575366 -1770178.1693036298 3547125.266506635 449407.64460695634 -5123323.436985917 3457721.787782162 3860129.7710747346 24192.033244523827 -3877565.5831741467 -1209988.2637595625 -1704867.9580156272 7300896.1034864485 -2510523.966609013 -7511653.895776148 3306719.4206970516 2603386.7480002306 -6831701.8365643285 -4282295.477260125 6077894.823666033 -1031209.0131890383 3306591.0264355647 3304720.300753105 -1301319.2133141996 941693.1399195628 2241145.4951293045 9786342.63536414 5453254.780904204 148917.0766510158 -877718.7879627006 -335831.8403528855 1550968.9384587612 -2169120.8735368676 -5853800.022377383 -2610778.419484769 596387.0709769154 1755495.6457197175 490632.24799726147 3320330.2909990884 -1702276.3477640166 -2577589.3006480564 2430326.8796765986 -486367.4695089496 -1606226.9416829743 6076928.5317209335 4226584.161966332 1177137.0881117047 6541054.215826432 -3200975.8729273733 -1972301.248605731 -1061011.1136460886 -1251474.7839730326 1625809.3688514556
5061436.686602555 4947269.557748182 -10322763.789067473 1260547.0705155374 -923346.1947763052 2652964.354260607 -1776593.3043591778 6173555.959305261 -4490873.089851494 -7509804.5180065185 295713.26590395306 -79758.86791092041 -6834234.263649043 -3793882.7229009694 32236997.971822795 -551158.6297359499 -258017.8409093572 -4131503.228156119 2709733.7297531175 5537448.689521261 -1322714.6379717535 35569.01722934478 2594777.4448011816 822073.9440751171 -3582958.3459508987 -834810.2612044837 3408630.228218342 -2648414.9826377607 -5079471.788451731 5268120.046705241 -2285689.538283045 507160.9229181836 -3313987.217675781 -2652343.8959490955 -6496828.336812726 -6551144.83833549 -3217704.151847467 3872729.77262918 6425220.005869544 -5549443.867947153 -4146571.8734946228 782513.7030146987 1033877.7789502558 1853008.3251059458 -522030.2724697499 1967571.8901186378 -3927866.709094074 924517.8311280496 -979978.7537368636 616379.0083297354 -2643212.1625435227 -2190588.1514242757 795861.9552831985 2777547.1354519688 -279466.1484275746 3724525.5221260656 919834.7692879518 3352816.1787014394 -4941241.889809215 610631.6326468157 -8482358.11777907 2804554.4450159804 -1483571.721261622 1145882.1701838728 -2659427.076790779 521225.9540389624 1394550.5585237276 2622989.093830608 2504992.4872840554 1535402.7864771124 3341607.6790198404 -2804348.0100555355 819653.340859833 -3332424.131237455 -586382.5338320034 -7570994.491957209 1299599.8810132192
976489.0513666183 2282093.3530117604 4805594.87961233 952585.5540399426 -1573286.1667235359 -2606634.808451035 -2706842.2197268046 -3971815.429684242 -2731790.448892815 1556201.7875545775 3903831.2901174324 4029254.5399014344 3660857.362255376 1435301.8085019349 -551158.6297359499 33352082.39403006 4049845.016461529 -1633380.4215595317 -1376372.0223061615 -206386.49540080695 1722636.321601282 -928020.7630657826 -161691.21759827863 2619427.582009892 1652709.1910797847 -218328.2351290115 3977506.099415255 10944131.581934296 -1734902.274264569 -1372230.8809990915 4094639.964825126 8164866.600132073 5007457.913191893 -1993539.577357432 2031465.5263307896 -484920.70012313675 2607184.406160028 2443532.534819745 1465266.1954154943 1234013.8669360788 467871.5401898836 878144.6967006547 -1431356.8865295998 1614791.7937838559 -1132408.9607683169 1900849.8343937604 -1318322.161839552 4976679.518085392 -3278398.037804214 -3913562.4081957377 885242.950564042 766898.8366318342 -3922.176012315305 1367643.660479761 3707614.917390964 -473584.0853917715 -3487367.3797186743 421918.2068409577 -3232475.060691718 2498091.984759143 1166542.2574040901 1952805.098505426 1501489.7471500835 4061111.7449193303 -522455.67824189976 869174.0125528917 -4238624.017734106 635594.9305555396 -1066474.4210482407 -10112007.997837666 -1992350.5646136058 5212269.534424174 5230378.506149284 6064586.832304406 4925333.238589964 -3185473.6036837376 -1069077.0349614564
-548269.3618060417 6700159.932173506 603107.3660943002 -1796144.8426321156 -509909.1468109707 8143114.645161801 3163115.279750331 4730262.148994628 7475112.085179416 -978749.3624469828 4172082.329137632 3179484.867282163 -298386.1893857322 5257492.064820985 -258017.8409093572 4049845.016461529 30102281.500829358 312329.95125608577 1187328.1843962048 -7030059.833883554 -5367897.269005065 1330015.661941887 -652785.6181713298 -5011632.437664789 -2008522.7856288147 695139.7978665592 -77626.07609836166 510943.4288548562 -3733132.1863908954 -5002175.858783995 2496054.948485998 3179763.075543645 -3749295.6133351284 -2568994.6797013464 -7290132.113935717 4428979.685694302 1718675.2389424266 -2808616.407392519 -4123341.3962854766 1967755.5143646046 -374925.24801102525 3070118.5031520636 4284203.194219126 -2470675.3023198224 820645.0602576045 1084043.4066299144 -1317255.9827774004 581369.4053314669 2183862.6879908983 1135221.6443009842 -3650650.97603768 2977272.777920931 -4937221.482692753 -2443666.916327845 7057330.212492578 2316719.2976699118 2179793.2700756155 -2656671.957018323 1768120.7656441468 379150.8916016421 1922395.0005039114 1671231.9569326877 3075977.5297252755 -1085608.7880141158 4924784.112038535 -848898.8032302314 -3632797.78488171 -2257957.268811702 3970843.4342833497 -208121.09327739963 -3633390.8887367086 3493404.904080964 1230009.6271430517 2725153.7402264792 399905.58328137343 -2301669.156394793 594998.5297418385
-2008292.189440524 4145513.5538359787 -2749880.255311191 2976565.0119643626 -8167694.397197018 2206402.6349198828 -4083079.573328176 5341154.44756911 -461889.6964522266 2951599.598227157 3296614.3790874705 2832781.4834786756 843356.9667993025 -604824.2549185154 -4131503.228156119 -1633380.4215595317 312329.95125608577 34256695.934918836 2908777.485414057 1745487.3996493968 -775179.4032658502 7160326.619802791 -29052.10750260505 -7273822.169052118 -3146000.8215680206 -3326743.9810249424 -518671.7422739375 -1340059.7374178034 -2385840.445887568 -1037628.1010352344 74944.98128577335 582434.7411586714 7400946.029801435 1916256.9826737067 7371500.09777457 1835665.6561676199 -1339713.0549297286 2417623.20168589 -292214.3780158884 2819220.9376339875 -3351268.2293918612 3841782.173452523 1114495.72328347 -6046587.012529097 -1369534.7058186822 -3979209.564055942 -1533837.5106629054 -84631.16116999753 -1976513.8745044305 4799072.150146111 3936345.518428695 2211050.2800831897 10126230.388916299 -983423.3951444913 -2037223.7535483527 -262830.38960699487 13260418.741127666 4862022.59659075 424889.42950700055 -780835.0690132703 -641375.8764866247 -1176327.4370483754 -4288935.765136873 -369646.22487581335 -5333292.440068922 1895733.9038589632 -872844.3971999482 1991258.8189900042 -1295535.6353361125 2237751.290564963 810509.1931919819 5710159.464217078 2746551.3022063808 6200098.050468193 277006.7735513999 788204.2530310182 4448148.674262791
-4901680.456903242 -3674399.675727516 4524893.358422808 4379932.956208644 -2756181.9653055454 -2343624.134541531 -1666693.1168686743 4299412.051618355 2346403.195749879 112050.87716883367 1719159.132199486 5807190.057398388 -1910142.6080546505 2633148.558515472 2709733.7297531175 -1376372.0223061615 1187328.1843962048 2908777.485414057 29855086.912580118 2213620.233697145 1550020.3572283122 -676804.6878106858 1345279.8344555723 -725079.3656634726 -2297427.6787585123 1158840.7057475937 1797735.64972408 -2219379.827469963 -3068889.367910391 -4282641.527959965 2944329.5511527876 622669.9379496805 -4434853.849005638 -6918518.324652573 -706835.1032252754 5735909.484307149 -1221160.9283659433 -68824.43528643007 1289515.7881925027 3053221.219108791 2438507.0616677096 507868.3909558881 -1435622.8509956119 6334116.336365521 -563297.3820789326 1590861.7234856086 -4043277.4990410353 1793822.2709619945 -2814992.922171139 -4004320.2064927393 569354.2496543704 1313255.305082367 3049462.2665453563 1958095.807484825 -4262373.223689931 4012724.337036759 1880648.5024097767 2034057.0739237103 -4788398.614798509 -142029.42293564652 -4901206.25524986 3366575.211807748 2358608.726629105 -370334.62713887246 -1101413.287897035 -3070078.708376323 993511.0324498237 3222002.4069691286 2372068.538056331 6538320.467952288 142463.89164890116 -434144.55413297896 -1176146.1884504994 733886.4576429927 -5239164.951029686 -3913661.0891476045 91638.24829656514
406981.11017512745 1844114.1704918332 813593.0567510225 -3546734.255096521 -4550553.807275617 4253420.130618909 -6653672.721840188 -5418303.359434583 -5764588.387205245 2292416.2794207046 598391.0887806896 1469048.3389468058 -5028161.2254135 959139.2551786224 5537448.689521261 -206386.49540080695 -7030059.833883554 1745487.3996493968 2213620.233697145 31077786.366028648 7207555.238894072 2794136.884506048 3584262.5507101566 -5633326.008928409 -5601148.262580039 276019.72475809493 1895645.3428066212 1754264.0218480548 -3405330.1256914195 -2821008.432660607 2659909.4962155763 -9046687.291490126 1176052.9410467052 -2915552.26849839 942204.4846142513 -7193441.634171491 -3419408.393985759 1022394.5773711179 611812.3633144454 5487350.586339626 1971700.17948325 -553337.9440599609 825842.1178290135 -1164984.480496676 4198660.809421354 -799072.0394836435 72500.1863311062 4081791.7065899847 2387397.338335383 -361042.9472051042 4569711.628030302 -2947785.440485499 1003893.0769930184 -531067.298412794 -3523544.9277434032 -3560356.074324819 4688321.6914243465 2909430.3397125243 -2602534.7406548867 -4889070.258534853 -643625.36549913 1260764.7817213803 -1548361.063143902 4834096.309566745 -420722.031924089 -1984444.2103772175 1563859.9611538274 2363447.2759050895 168634.7725334479 4500975.226827642 1366737.0426572314 3861884.906100204 -212867.0011774399 -1218993.5517915136 -4459859.528555134 -3503332.3442387064 4295772.736038449
-1076166.6219614977 -9722761.299779607 1894784.928303765 5734774.94525214 -2833857.0015421305 -4085541.2297671977 341003.6999268074 -33858.27309561027 1259040.4749835557 680936.0852841065 -5995255.456921072 -1810501.864963982 1751951.579637316 94265.76799451183 -1322714.6379717535 1722636.321601282 -5367897.269005065 -775179.4032658502 1550020.3572283122 7207555.238894072 30004021.2572923 2178177.5536266197 -3351978.4874798534 58170.844733010956 689363.0101793589 -2854779.389577338 244186.93090836308 -2375827.8219242166 2177384.1787844608 -1466027.9152748596 -588396.3809241222 -2491517.258107856 -1043453.9922261067 -1833465.7971724637 1296676.2253734071 -2002939.184426629 5995752.85991202 -133020.14939753164 3588965.370757659 5352560.085982652 -995345.3682124303 -3044058.6402742453 3281780.990296222 -307872.5873257068 -834146.9022909751 -31099.893206813966 -639328.9867800898 -135324.20116385343 -6311280.892465571 -1099520.030559257 7878770.781978228 2234078.1889114403 2249468.2450841954 4225826.125719494 -3270075.469521677 -4477853.425612592 3789853.8917062683 -5994781.87792958 -3784441.435524008 -2422334.952952731 -7207980.686871537 4651847.301235589 -8705135.28240187 -645113.9728254692 -4204873.853676079 1923368.7519776383 -2094686.1774350835 5977931.031021707 -10306250.454215484 -427727.8872119104 373596.6445559136 -2630331.613609608 5399921.668840111 -3691058.4592409334 -5148798.044323578 614730.563602781 8304437.668491565
1146702.8291351744 950858.4659487419 -1448037.259890087 -3784172.050223642 -3592455.654646725 3430334.1061551585 -4378632.854386256 2949379.639582007 -1964753.1227771898 1832087.720012549 -3996266.933097494 -4319170.841460533 5630253.20986715 -5393005.795356078 35569.01722934478 -928020.7630657826 1330015.661941887 7160326.619802791 -676804.6878106858 2794136.884506048 2178177.5536266197 33865287.892537594 -1564280.70909287 -516204.0234295507 -2445576.130426196 -129736.95667810047 1467601.385743184 6033436.683350276 -612441.4479953654 8759681.121155359 7511787.868285428 1325581.7520426703 -4422617.698107799 -1759963.0742100205 -1032831.2113959772 1399635.3587577895 2223202.7958056713 372454.8002460746 4598307.057856135 48118.409856392136 -7252508.699894378 -1028223.594858711 -13440.618354736502 -962034.4024344835 -407189.3124151801 -4791308.97728859 -2354949.2448120834 2948118.095412957 -3962999.4703564458 -2279756.7867003814 -3459899.006445163 3662279.453681938 2697407.915581333 3672058.790243472 -1271043.189938411 -1159720.7287731615 7339791.072579008 410231.70413090684 -160367.46981296438 -2445414.3574147047 1687707.197670524 -67320.46050649576 189607.11421177915 -3520598.9323113114 1867710.488242424 -3065584.4622000796 3168237.7920698924 4451416.246172911 -530687.0307269216 117894.00642695 -560035.7626945046 2736176.7199425884 424820.92841678514 8239075.901040064 3685695.0588794868 -999392.185432204 3502102.2340635005
238957.94212185708 3513849.0004335227 -1540138.471043351 -7190831.846272144 -3903553.1462593903 -3688537.582479189 -2994156.94406022 -2300470.6662495523 -586132.6200466504 -1361572.6968514032 8230856.035407707 -461774.36128902703 251144.22535270496 -1194294.0161979864 2594777.4448011816 -161691.21759827863 -652785.6181713298 -29052.10750260505 1345279.8344555723 3584262.5507101566 -3351978.4874798534 -1564280.70909287 32010779.26390059 -2237339.393388752 1955131.1631361775 817796.912239502 3923372.0000628084 -31850.780367422805 -6547991.825328546 -2674098.5863411496 -5612555.355897852 3325702.553656214 -1273637.8356425634 1117397.114985955 -5237393.428382105 3292390.77601663 -8735560.230254536 -2848157.802150062 -1201703.7265024646 -1585066.1279275846 -335832.5021445715 2524110.761236729 -618933.638950192 -1129757.656566721 2029771.3966630942 -198295.2384720938 -1910678.2289923567 4646291.7903385125 611059.2903756667 -344181.91487589275 1511710.9395606213 5016394.233983316 -1059099.275353186 -2497596.2695237957 -6180930.179775713 -1501563.3582156224 -4424299.237232208 1870345.8570046867 -2779125.107672801 3062135.222914839 2432322.7671341724 -1615260.4995863382 309568.1250769332 1287474.708329037 -3680957.807410455 -209898.33288067696 1779334.288086294 1041748.5395598385 3525726.0697554685 2546628.917808828 193547.74587374472 3228514.5554778255 -644324.8420781977 -1331256.0482896147 2592567.9776554573 -1069314.3287363197 -1119638.4910336356
357402.8642756001 869992.203563728 -3016644.2812098735 2458081.2871862855 2010082.5823774622 -6620030.737425902 354945.8713105718 -3890213.0403963146 2623190.835758944 384387.98126733885 -2569538.705203718 2368880.39238219 1449694.2594737087 -1239060.488196972 822073.9440751171 2619427.582009892 -5011632.437664789 -7273822.169052118 -725079.3656634726 -5633326.008928409 58170.844733010956 -516204.0234295507 -2237339.393388752 32390121.000044018 -2102913.3694047914 1299514.5237434022 391036.5534756823 -4343614.734643477 527016.5893811391 5879343.237706535 -614378.7573080093 5040248.089305086 638319.7779696739 -1221358.8208158913 -1815328.1760991244 -5156776.500741018 937475.8374996705 -1932717.8995611046 -21945.70482502826 -3314134.58694988 -3312017.01092289 -4727375.570369796 -1826699.1525589835 7704721.163616997 -5264359.0277226465 -619564.9461033002 -2861945.7309224145 901826.5454562191 71226.6867985591 -4151521.313391646 2395604.181507475 -1093670.5968739481 5840642.980337424 5666092.802766167 1093272.7532315736 -1337003.8694850004 -1436928.5805346929 2929957.1770078824 -4261744.2221927 -1433454.8919437334 1900051.243777264 1954658.7439007284 -1645104.6763459814 -1790569.8583376745 1218448.2122181354 -218668.39273708503 -4183216.9160638666 399030.43807750795 2095728.7384090694 -3644137.191687466 2667497.4529142976 -1080463.3963696081 -2074049.866450205 16606.447671552312 -107537.11721683513 937913.1799055451 -5094940.442491716
4258825.405904185 126191.00218005847 2550371.220398874 -6262385.044519407 3042519.791913729 -3219188.5965287834 -3653199.415689084 -2076698.7316347791 -5575029.361908488 3114848.107389891 -2888033.3528703065 -5135098.811054975 5047991.491695163 310969.1409692679 -3582958.3459508987 1652709.1910797847 -2008522.7856288147 -3146000.8215680206 -2297427.6787585123 -5601148.262580039 689363.0101793589 -2445576.130426196 1955131.1631361775 -2102913.3694047914 31609851.18401888 -3125743.3727345555 -8418404.265057996 8318482.16479294 3557243.6391103757 -93902.87455571993 1083268.2375168935 2008140.5901158804 -2298433.2425503363 3109452.8958774814 2484194.39978362 1384026.99901324 -1883781.622809871 -5686751.929269798 -3376171.3928152802 1923502.7806706561 4285932.58895981 -5035408.770133024 6070064.564843448 -5489423.830724633 -651206.6436123677 4688326.29968372 5157491.642412385 1961314.6362168915 -786967.8921581109 -1484050.436247808 -3626078.371061445 2397175.7405353524 1278685.0842824446 3261279.2223194228 -1819489.9217642744 2230981.031661693 -5472114.805786846 -843138.644938088 332378.33116866107 -3691215.2049047467 766064.1730522498 -2948130.9707096373 1332213.6353791005 4651369.2807709435 3837884.9759637923 1368503.8365459659 5183284.124649835 -3752762.209026966 -7595904.594289679 1414909.4117602797 -2005265.643815232 1903625.799822482 -1609124.3714984218 1174828.9945135347 4394693.132410136 -3640316.3282420896 -324794.86433087784
-5672543.226308098 1400140.7529030682 -1940737.3122221548 -4600999.917719129 3621777.719683308 6251605.475180647 1374978.4610461548 1445035.9238048487 5305769.924963516 1387695.0498691122 1540659.8516438992 -3873633.194266611 -3314501.3286433564 1112229.4367575366 -834810.2612044837 -218328.2351290115 695139.7978665592 -3326743.9810249424 1158840.7057475937 276019.72475809493 -2854779.389577338 -129736.95667810047 817796.912239502 1299514.5237434022 -3125743.3727345555 33557217.401977286 -2456486.3684959942 1704945.5543150804 2361584.3118548375 -2649811.5604276164 69317.26812305351 663891.988110781 71157.70931387664 4002744.6339969 3549891.9156260826 4444713.438709991 3074069.3314483482 3021812.485681941 -2676626.8332873806 -3003443.985907951 132249.91029870455 -3372483.539057812 3296627.783833966 298604.872052006 -4915744.5545533355 -1659326.1076398361 2819008.155089073 -2406272.6264372426 1852310.1301565343 -2387091.9069181876 -4076979.6057757004 1668613.158279682 -333051.36579270696 2090044.879714383 5664210.748579113 -2029450.8112550583 -2407013.0551192877 6112796.718564672 -6202753.109389799 3629469.042679279 3062561.2669488294 2240351.0205532485 2496223.0821840824 -5572127.374418016 4823309.915630911 663998.0201742566 824889.1275271274 -630623.89825121 -1468575.221194896 722853.1607466716 4914074.244942161 -2083971.2815612608 3017312.628266331 5317419.083886536 3402521.516528184 4548492.537608923 523916.4406568769
-4131190.2299801945 -29017.912986509502 -1952910.3523405984 2648730.2802564916 2702658.1371767074 -7596294.097671585 -191542.49911198192 -2676439.5358296363 2930938.9337040693 3052008.6341869445 -5036837.322755749 2950962.082795179 -7566862.923038454 -1770178.1693036298 3408630.228218342 3977506.099415255 -77626.07609836166 -518671.7422739375 1797735.64972408 1895645.3428066212 244186.93090836308 1467601.385743184 3923372.0000628084 391036.5534756823 -8418404.265057996 -2456486.3684959942 37105208.45045139 2565405.1923014373 -2655550.687173678 -7615911.030995758 -239663.70958775884 6200808.633796971 4042629.895514997 -3129786.5880766744 -6887895.08646781 4267530.667675806 190256.0620785934 2586217.0983108236 -2931375.064118425 4482285.123245059 -1863394.558983183 1723096.5688383472 -4969171.285834794 -1977366.3407070504 -3781494.2683815993 -3074523.0487629897 -708409.31543962 6720407.182085194 504741.69045120873 -1494034.2815934985 -4159756.2679262916 -1759444.5793895808 -1572988.6216785498 -3416091.7388249063 -1478309.83071865 805828.8649291511 -54636.06410311012 -6626082.557790974 4253636.738289333 2759130.3458620505 -3588248.1415435923 2891172.2449121363 -213688.36670939895 -670305.1352335938 -1237225.7856214696 -4935601.621498304 3281422.557771119 360317.42911202495 -1610123.9858550527 101553.56927426838 -3903790.6432718155 2676956.719675049 4155473.8463990833 -918953.5715462565 -7101856.28465035 -791439.8955954598 2760403.974247771
