36575412.79398919 -1643366.9444198182 1365627.0638448398 -349461.1156226707 453398.0892953899 -3672804.127291728 -3199681.923671625 -2369006.550020289 -4071909.9547104244 2657814.718571662 -2803747.228045372 -1538510.66019325 5303162.452389344 254675.48478393885 -262663.07016284217 3089937.93265399 338848.8427551499 -163754.33768905545 -3236117.2218163586 -2742798.406528479 3306728.9929953013 -2670433.6342889746 448870.4254743501 47185.7061394089 -303840.91163892194 -2774181.8509061597 -3025422.733175572 5021687.2519791825 5039899.095478161 -334086.2106662644 95214.7120859111 2238883.1024131943 616722.6642536359 1465328.838931134 -1965836.156535521 -3926091.7860768517 -1658684.0087462799 -594829.8012348067 2998228.8005581554 3798476.1792078554 -5606632.757081185 -3019617.049707958 -2016828.8616632912 54424.98356540207 -3060186.2058086316 -1736719.0456915405 -3333147.2881058217 -518676.39643971337 2129785.474122241 510722.24854271294 3354661.6327573317 2507342.4921389497 -7422560.65058776 2231893.9567212113 -1059223.6603837009 -1999558.170812537 476111.34178156743 -1892727.7336921785 2682051.979298765 1940286.0906769317 37768.24098905465 -2623644.9766592965 -71286.12503474955 456979.98451947205 -3839966.2155494853 -4847102.797783083 -1251880.9435558028 -2932168.957761031 2173456.599529558 4239811.857338256 -3515806.2674831306 -2018550.7472768414 -1927271.4524140554 4246794.059831251 -1668271.0116932588
-1643366.9444198182 35145742.36702917 -3992223.2161207777 1824138.4998474894 2670038.2348504798 -25403.87353414662 4129702.7642822242 -1343010.5921353505 -3194596.549435295 1427455.476487011 2956546.7426221543 602327.0550468748 3457989.1102339546 -3050487.9971861253 -4406454.984179474 -3508051.372652543 398363.97696006333 -1020840.4787373152 -4723686.376513017 -2809085.309962065 -562410.2107701533 1128629.4664731557 -2384002.4838565867 -1158096.1701788187 -1265504.8197158023 623713.2339030056 3352311.5314254244 1400306.4799952656 -129936.65953168379 6161618.119466553 -5256917.3743702145 957141.7375674464 -840027.8894792207 -6695002.4787897505 -2441668.9132199427 4951639.4100455325 4432888.878402852 117772.23994995613 -4659074.999509066 -3455179.01863821 2734273.9330942673 3051917.042085168 790508.7732002902 641292.1900538258 173803.27736826264 -4589226.632875094 690382.8167827269 -108043.37823752762 477093.9627476589 -53896.64603952744 163659.28343771526 -3738949.3812908754 -3417632.141529101 1615134.8301540848 -3059607.7473034095 -3945861.7844601413 -2407545.247530712 21757.855870049676 2518405.57502907 2509506.6453456464 -227064.63954271376 2698235.775278965 515106.19680075225 -398098.8395297064 2895024.990992839 1514418.4469273775 -5688170.01571264 -5283864.108613695 2869527.4028802463 -6627569.3609636305 4791331.99130194 887123.0363682966 1861741.827268403 917289.4163156854 1248002.72101674
1365627.0638448398 -3992223.2161207777 31220085.043549426 -1424371.952889144 -5331418.634557871 -1318959.0340390853 637487.6797796922 923393.7544570975 -3767265.685597376 3526542.039526714 -3134186.481081843 -182.7271361727977 -1438481.7246211576 3445749.8985160347 -2705587.9667560663 4125059.371066579 2162459.856441433 -3593200.008894331 1402723.7464347729 1840154.4437122368 -41915.61309659955 -1916981.8875783146 3708543.4004523307 1321352.2804160502 3496437.8747118115 -1445402.7148610456 1568371.0699834796 1133651.2428412368 1248182.245234904 -3684920.1215633 -6801211.109455049 -1898077.080195853 825861.6296426007 -1187636.090858921 -639330.7421825443 238239.9269350794 -4023289.405113149 -1751290.253404494 8209249.122717621 -2354880.3114070813 -1362232.5548725743 1136474.6581124866 187674.22538666066 -2409926.4593101335 -2461494.6750470414 4706825.17492724 -585143.0175122354 -1197133.42700513 -2434517.7391141965 -2641151.188409349 -4072320.248576071 3214444.3214287465 405815.2913457174 2078721.4384059086 1740684.2934823043 3131466.023439647 5396077.847189282 3808641.0084793866 -480617.1389437087 3109751.908787961 -6147604.202044308 -702352.3136846479 -5146522.020643931 2498115.9025515774 -1043360.6503208401 2883936.8514844584 4515402.8576003155 426762.100695801 -1956182.0818443762 -2678280.7163780755 -2757247.7220369224 3750578.539075914 -2655231.806409841 -6602799.029810206 4349643.808364972
-349461.1156226707 1824138.4998474894 -1424371.952889144 34167243.99992345 2357974.854733381 -4029514.4033685494 3018094.754580211 3263429.115870383 4559053.127599702 2928525.1484644553 2748459.9603282437 1989566.8602046003 3262716.5213596136 1140717.637381248 -3040233.8922491656 344333.1014563463 -793814.9612444498 -1791229.336630535 -5784517.46996007 1640935.2394450798 2024764.5397147203 -2893695.700769261 -1051700.572415454 3194956.857687529 -2608396.997243154 2798919.38121985 230020.08621897796 -1698391.6534499424 1743869.2701294208 4583528.53943964 4780750.451013512 5529523.183138033 -294311.3395770806 -4485537.22650381 -3899193.7502318053 -5891312.202014121 -1719712.7723046988 3493655.947299598 2892269.7606853154 3658103.3911975534 -2009809.6063661068 5213500.580383381 512693.7257545404 2468902.2976353485 2311146.532954108 -3668336.015218996 6694373.899503751 -2279975.8906268976 21710.21327025276 -516607.82318932406 -2697455.8449842837 -2930332.41836649 2566679.1214069184 -2672593.600564916 -2047098.025194825 -3788118.0741198347 4191170.2102168594 -6214666.9069886925 -811981.5027082912 -1069404.7717292365 -80971.87108648397 -3720201.7052340717 -4965225.011532893 1360372.8936326604 -2137750.889863427 4328176.907298393 -1482757.8287316097 -3226121.0914178947 2439817.072176053 -1150622.8435294062 1663644.382004037 -2428442.4111987986 250285.13311180862 3973615.1031964547 1946795.7867327167
453398.0892953899 2670038.2348504798 -5331418.634557871 2357974.854733381 31821092.94909982 -1381564.760994165 3450930.860170021 302809.5368287324 -774137.5095137621 -3864239.4703289913 -3957819.3784095445 2384777.051461739 -198243.75202042726 2612497.9157034736 -2132482.992022912 1775696.5327944362 -4236631.140617193 100429.25334971421 -1348750.9608389502 -1828925.2402494997 3029489.682949196 -5901854.220725126 -3556512.025202226 3206207.11625483 2835069.952918242 2222898.2438149005 -5166830.899414255 7202947.539722729 951001.3367237801 2511066.3185584405 1005836.3061682377 -2235660.1181113156 4282960.491206453 -1826088.9345787705 4568954.92142055 1596034.91305888 -2055598.7064794165 -3026706.1857186337 1680373.7629224139 -3576416.5785643538 5046088.75048584 -2718676.312048615 -448334.2304554248 1948376.736160462 1671135.8621227078 -4619799.595492703 404690.4350807437 1931608.9588133972 1691742.3017642822 4629695.2801072 -1155370.977796823 -3214175.731412526 -923020.2006583626 -1202832.1850274275 -459846.22936800297 725935.9235117744 3842933.9931328595 59401.2252632913 837001.8394096612 -273812.95934741374 -2752928.707995253 512240.25149193173 4369031.8449951755 -1033046.5228929218 -3554270.905173652 -2000560.8690132839 -1456558.2503123109 -748549.6563020148 1422218.8906497636 -2709193.246642429 3449106.4167484734 -1490103.2043968025 3188180.5463958536 2726101.9982390734 -720219.3386112687
-3672804.127291728 -25403.87353414662 -1318959.0340390853 -4029514.4033685494 -1381564.760994165 32628522.258472215 -298951.86056006554 -3852572.850755836 -784982.8007077123 -483514.080998224 196502.23996409378 -1808385.096626231 2159009.815210626 193036.6428638911 1452577.49453791 1159449.7698412598 1930469.8077335232 -413776.710646039 4537078.957970177 -3598134.6425405927 -776927.8221658637 1512349.7122058822 -5843702.548523106 -2032094.8236940755 4686123.610640058 2933949.8766854093 588736.4459304715 3920231.587538012 2221536.504369302 1512254.3832348287 -3799258.6474914756 -2138482.250473379 -605591.587899814 -2317747.0177671495 -2144408.8872128017 1412154.4093612314 -2847078.6947262157 -1185759.0517917941 414513.9718032563 904840.0273162567 1925290.292479328 -438649.1538456677 -4068076.535653635 4352921.1325821215 4188482.3266898165 -1964192.1971403344 -5203312.51516474 -1101501.6019157174 -3903554.755797534 993066.6809286104 -3360576.963294255 4242762.632655188 -183595.77365620135 756946.5207697706 8578059.976531217 2467097.894426539 -691858.7258691728 -2940016.3996796934 -1466523.703762785 1416196.8052067827 1765762.7042183073 -2193322.54099704 2212740.3289974765 -332290.8429839585 1269859.1379446567 -1008946.1305958 -1386284.9325898865 -1156180.9413335805 164908.03474398205 -164491.80623869767 -628441.7671093495 -2736005.0762639944 2201085.8155568284 -4505429.252134729 -596684.1388512234
-3199681.923671625 4129702.7642822242 637487.6797796922 3018094.754580211 3450930.860170021 -298951.86056006554 34207784.891248524 4926494.5327566285 -2691430.109592983 -1573177.9698776472 2099994.0619756035 -813662.0622923356 3580726.779829526 -918012.4628771114 3626412.3939640266 3435383.6632875423 406668.37554473826 -709070.1738823721 -1181747.2253032224 -2826075.771984492 1040572.4587769622 3478535.3833583007 -509690.0797505916 4784299.841649799 -2719868.2578177084 -29588.946509490714 -1811674.483674661 398784.9695823919 -1121236.3841221721 -1399001.6667862951 1982337.6091474004 -3020667.789733047 -2434855.134754125 -3609760.721963305 2971328.516244337 52266.06424600038 5758018.112561424 -1183794.5725419153 -278156.1503507226 -3315435.044812614 1336086.881217103 2363235.1741936426 3595960.663562166 1678239.9924213898 3308676.868436834 138948.31540466266 2509325.3399909846 -1527642.363884977 1750635.1134311694 -1172050.5486928013 -1869327.6434328426 -3560673.2584481514 -422660.3505419882 310564.2317665581 -307897.9371235109 -5373128.183907559 -3820091.499616471 878188.017756923 376245.8799345545 3161600.9954843884 3711163.815693102 4455519.125821505 -903352.2767079046 -3751036.68447652 1329226.7050193113 1683377.400829407 -652137.3880744284 -4830115.458455896 -1546269.7202805132 -3151862.630673553 1981086.543488882 2268591.487462687 1175920.1269087482 -5085434.542469311 2896235.1948627844
-2369006.550020289 -1343010.5921353505 923393.7544570975 3263429.115870383 302809.5368287324 -3852572.850755836 4926494.5327566285 31577476.17348888 458952.4817339921 -1847523.9493977525 433330.0791041609 -1693538.8856744755 -1855700.9923590706 1205360.8685874513 2462103.7840218656 2332178.3897844004 3526580.0866087177 723898.5384069373 -3630051.0549046868 6240420.8400751855 -3478178.375032684 -906970.8392021604 2197555.143739343 2447674.6692045843 -1562302.5860272686 4314916.475361232 2519278.423466548 -1334484.7227500933 1369209.9313618005 -5240688.28449985 4158529.015770503 2315045.8666353193 1476835.673517344 2657000.870958295 -280437.7481619292 -187664.7636395373 3332248.33814994 1021904.527446669 -1377794.8747838894 458376.84100083006 -1609478.112873718 -1053286.0197002364 2037420.0641510065 1646567.4990099056 -3607292.8682512897 -92146.77880560835 2900144.8384753135 3258723.789284148 3517364.434397432 1412030.7744151037 -2129964.7154847854 -7396271.831100175 3370532.604826098 -3895879.4644578127 -46138.611029388754 -1439461.5617544337 2742893.2752854633 -3384994.077352866 -1655414.3733768393 -3725954.2708989503 -1614856.2685566484 4558711.970514025 -422019.10467446037 3913109.530718099 -1603704.4674860905 -286492.03393529647 -149695.10406301124 3939716.56425626 1283697.6178579177 3178740.401379719 -1048318.6514005434 5780310.97476235 -582464.6979531815 1047457.4505734589 2618172.3214393994
-4071909.9547104244 -3194596.549435295 -3767265.685597376 4559053.127599702 -774137.5095137621 -784982.8007077123 -2691430.109592983 458952.4817339921 33163756.591017056 -2557072.912991996 3611608.530142677 1747241.5370561967 211215.79766011034 -1549108.74547859 -2458599.720091335 -1100995.2801732658 633144.1676140974 -2505802.9330788446 -2622196.9656100133 2456267.613421813 1545545.1451472994 1908789.6288381827 1235733.419864081 -1555378.337322722 -888297.1796462596 2346716.5194663326 4717533.79739199 2694538.388810206 -1319450.023851146 2729611.930374653 6245072.54852763 1033964.462219597 2557378.928718425 -1835872.6830925876 -4700853.602929438 -39788.39976437499 4249316.261598808 1629507.2733297888 -7460820.702422538 1716253.1493163712 -354685.5283789173 -1777449.8252204987 -4124785.825780572 -1589569.3746165156 4008506.5099838767 -3481859.122672283 417299.8370737965 -434048.89540730516 4728613.134515523 -3042457.343195383 2398020.978605788 -2844049.5785793643 -875259.7703015012 -2323495.4100365294 294653.9176420578 -5176892.204064474 4235295.547256864 -950154.3146154071 -216256.37252840228 -2768641.7134326776 -2312928.140547835 -1687750.7792716566 -2309654.485098158 -339549.91833775496 -4085801.390949426 4245949.383981698 749588.8870949664 3525287.423314203 -452062.9474047765 -1088911.7364480982 4532011.4138970915 -3024029.9543406595 3557426.8695636517 4757234.468274644 -1076046.3786822848
2657814.718571662 1427455.476487011 3526542.039526714 2928525.1484644553 -3864239.4703289913 -483514.080998224 -1573177.9698776472 -1847523.9493977525 -2557072.912991996 33607296.897991456 3703278.5221574917 -29980.610234892654 3210520.391706862 -2480691.929034709 266457.3725670778 -3609167.765776047 -24871.938571578943 -1097680.9487392914 1901101.5084656095 6530351.9974707505 -2589325.4241156536 -1489581.054174878 -340951.24992593005 -1517519.6466408004 -4999575.933428882 273923.8583347474 2883861.994856186 3426571.7439169553 -3948438.90261001 -1915329.5266122571 -291607.28962579585 2344636.3949043723 -4403353.278356326 1536092.6095430036 618312.5568954973 -2464646.4237076957 -6959359.00870897 -1863556.5426831553 -1213746.723804632 2945619.838680157 2189395.320483079 -83523.46971429297 3165951.5484757195 -6321359.172392985 -749674.1851602249 1088771.3265283795 -5360666.897098438 -831618.1864227834 -913762.1060284042 -1389779.23042093 -4420332.282680151 213119.46901788583 -3530151.893282806 -2840610.5913526015 -459893.7617558233 4349898.931257524 -3832065.5370962434 807982.4716659223 -960707.2134246477 -1832100.2863145722 5796362.544272826 -693334.9995381774 998520.5778061547 4280879.455424678 1880951.0648273001 -154905.6704542463 -3905768.941175745 1553732.2049498332 -1384324.8995701699 801163.7396028858 -2328452.9137274013 2783258.6233713725 -4498360.606898226 -1209975.345294452 2750775.6461123764
-2803747.228045372 2956546.7426221543 -3134186.481081843 2748459.9603282437 -3957819.3784095445 196502.23996409378 2099994.0619756035 433330.0791041609 3611608.530142677 3703278.5221574917 34104754.98728865 -4134255.20403904 -3066735.400977282 -1979684.2614739668 -4416236.662175194 -2962282.2703446583 3618205.2021704377 1913335.8107599798 -977661.8718224698 2317342.522375892 3628952.7625108613 5286100.3585403105 -893048.6392631874 627918.4913290675 -3081447.222104332 -1323111.6264713367 -66989.6729771015 -1203382.4600182404 2004038.5753762585 6837076.441487476 189953.22256610086 1382357.1331629693 522150.2806275379 -6167023.285124994 63286.093525340795 -816736.0388659072 3294.7563858408844 3341094.391907419 2301180.933309568 2331534.256622489 964575.7223212784 467758.2364532676 -30538.218696420783 1114049.381436474 2122283.845585897 -2970082.7110946802 1289398.2343833125 -2898696.3565835585 -1522300.8142340595 -3447394.9635568038 2691380.403685922 -3274449.5429832414 1496178.178478746 -2379031.4671727726 1565627.8436373188 579205.9943922883 -1483332.5433014813 -1806943.322994185 -1916132.9967533585 -566902.1085341965 3665527.98679235 1598771.3793751097 2746013.8139386834 -4134039.4748959783 2957571.1670795935 1011875.3784133279 6354618.113850817 -6297717.295374513 -4480820.564445468 5360604.17610502 -934087.7172951712 -317537.7849085837 2852418.7230686755 -4428066.035773133 966974.9316617139
-1538510.66019325 602327.0550468748 -182.7271361727977 1989566.8602046003 2384777.051461739 -1808385.096626231 -813662.0622923356 -1693538.8856744755 1747241.5370561967 -29980.610234892654 -4134255.20403904 30820157.598572653 1019358.7683043776 1697724.083620831 -2543565.460308926 -17881.7198836514 -3721261.498939898 218358.66102420609 -1033351.2895310004 325893.59761519247 4149247.998337669 4348827.29078571 -451039.6197293344 -14206.966497362555 -2496272.898592571 3111845.882733488 259019.88042989597 -2403114.287102998 1843731.4888454403 365739.1275095378 1888995.879841622 2803498.8079111 -1270114.1753239592 3521588.687044412 -3118567.780532605 -2590068.195243533 -5859373.884253895 -1106426.102260227 -256880.1765600981 -1382161.5153482195 597553.5131330009 -1774148.4436762359 -4111658.5934924656 -3149007.1085587824 2899942.4920042786 -3053170.8593168813 -1199682.6030202743 2361322.3729676045 3320910.785571002 999984.5388121897 -3362998.432997205 278041.8977039674 488341.5232186078 1784647.1107179888 -3503570.0134807653 938401.6527044 1831165.219993277 1319391.3267891172 -1119304.6352338763 -5758196.021553983 2885390.111555774 -2499006.044735932 2617744.2957508173 -174064.88685840112 -1993984.3405321261 1849377.5501841553 -1163529.7223304345 240162.2975301638 -665147.6408087184 -730879.8787401519 -33591.00507976873 1417315.9112201284 -4323115.256160973 -1700670.0209438119 -1378547.2003283382
5303162.452389344 3457989.1102339546 -1438481.7246211576 3262716.5213596136 -198243.75202042726 2159009.815210626 3580726.779829526 -1855700.9923590706 211215.79766011034 3210520.391706862 -3066735.400977282 1019358.7683043776 33561807.61469414 -1838772.0643889345 -141949.57656726122 -3765472.0020760912 2530436.952401474 -3336719.0693601673 -752762.636387407 -4987642.01245797 -1138231.7455475463 -2221049.679691241 -63842.98946173139 -406882.38184074033 1217549.973611269 3019841.2313381275 1229479.8255461636 1461202.5355630692 2722860.196191489 -516822.70868385385 3246831.5167759047 -1454260.6284090728 2171412.171274867 -1138596.666826935 2432309.2432856304 -275901.4335416825 -2407071.3743221047 259792.50836352172 -2133494.8485805313 192479.76164594735 -1050397.7904348064 -1821746.8730117418 -950406.3988090835 -1537534.823304121 -1000499.0921387435 -5307194.644250975 1046699.8002396729 6421188.999694966 4418803.606285198 -2718178.9457605374 -1262459.0830523693 2225619.2995943655 -1100106.392359348 2574498.098346013 -972107.7229039442 -6647440.50157497 -329446.13004395337 -1353776.2731503933 2024815.808302281 2136832.6647045114 -4654895.671941342 -1608855.2617112752 -74359.59704515287 -6601881.213789085 -6926699.718221295 4308008.540571501 2324965.433924446 3410557.601966731 -81530.5631423909 -3289785.774372656 667365.5207251863 988594.9064587387 246882.17468550891 3187694.608003508 -1791804.1250581236
254675.48478393885 -3050487.9971861253 3445749.8985160347 1140717.637381248 2612497.9157034736 193036.6428638911 -918012.4628771114 1205360.8685874513 -1549108.74547859 -2480691.929034709 -1979684.2614739668 1697724.083620831 -1838772.0643889345 30841396.40369494 3192709.8774694665 -389421.8971657527 -1679408.9911124231 1117729.2860520252 951966.8616171717 -3429031.1424070755 -3082640.879769847 1944745.6622410924 394491.4925029684 -717198.9156678778 3140629.7395511284 1886106.4652432618 -2545683.4734513587 3838929.7646885333 5505853.634157637 28037.900017862507 6811953.21422145 1772340.031289939 4139705.3168539484 911282.4595539586 -3351417.0956674283 718720.9880138028 -1833260.2865203002 -713877.3005324126 267071.37758397183 -301485.99437389616 -978953.2009408389 2364140.6415362074 113747.99810320389 -3647751.1192330765 1081055.306986937 2202322.8131643906 1646825.3674498007 -202953.15283623763 -616645.2882169513 1443855.8408317608 746559.3488707854 -296307.5142940813 -1887544.332885513 1291365.3667045534 -369375.1779052374 3490767.416753081 3593246.2603665795 1226441.1392325175 -2904954.702650661 -3438413.719120142 -1678403.7611617728 -886111.7493480751 -458780.81496071775 31903.802062802435 842063.857209672 -908006.4186978557 1598812.9197122005 2157783.1321943365 -510931.8873517185 1334544.4113239904 -152540.5967100662 -2484229.121159841 2740318.151395018 -4531198.072383549 4147654.9446530617
-262663.07016284217 -4406454.984179474 -2705587.9667560663 -3040233.8922491656 -2132482.992022912 1452577.49453791 3626412.3939640266 2462103.7840218656 -2458599.720091335 266457.3725670778 -4416236.662175194 -2543565.460308926 -141949.57656726122 3192709.8774694665 32107833.268505946 -1596832.9923415026 5015675.991604285 2273148.3150289 505869.3572967171 -1580580.4417847511 -1927715.7786336204 313258.56918288034 1445058.4396345718 2128218.1816184595 -1118383.0098825027 3248158.8756886674 -4519034.951176295 3159480.5599905024 -1515456.2142395258 -6731786.825977014 5208297.404386293 1685011.0612659324 -1787892.4828949368 1285150.0800090479 222399.72557760254 -2134571.6312477477 2180134.1042168355 -1429858.2213564625 -3243025.9703886197 998122.7173878293 -5109556.546780773 -567398.0131326879 1070909.5867588155 1355959.2697753462 -5092926.121540623 5567177.065938702 -892973.5622881243 513739.80795754824 -5165183.411251408 4683233.784203901 932702.7093111589 -51087.81398524548 -2486370.606171725 -6730537.370608844 870997.2794225449 1079065.3450588419 -3608585.7940351176 2771038.8646252025 -445867.38032685453 -1935971.885722464 3025570.734197533 1889570.5097019628 2845772.296116279 669500.4345006095 -1277756.3403038066 -1070151.3840791713 -324648.8908945618 2426412.8750241688 3355020.699934371 3065874.1901965505 -3779090.8280350813 613339.8643951169 3383534.9110368416 -1158332.8646696187 -1052107.1471626945
3089937.93265399 -3508051.372652543 4125059.371066579 344333.1014563463 1775696.5327944362 1159449.7698412598 3435383.6632875423 2332178.3897844004 -1100995.2801732658 -3609167.765776047 -2962282.2703446583 -17881.7198836514 -3765472.0020760912 -389421.8971657527 -1596832.9923415026 31045465.464693777 2139616.566938215 -1198739.3927810544 904193.4456323283 2363570.498246278 2114425.065440431 664306.3498692464 -1439822.0882320392 -879701.4908950408 -1200447.3876720225 2360050.943226976 1822673.7160818623 998324.0011852165 2499362.777953493 -2232285.305090758 -1803183.2842973876 2751280.59852978 5504615.149259454 347175.6525592022 292564.83320128825 -491932.3596913585 1038327.9212357306 -783369.8721609442 6479898.097111242 840461.575428776 2059026.08005905 -5817885.127383267 -365054.95156679663 1370459.014965408 -2376053.101772839 1037854.5594015918 5226603.109747925 3131207.9174548495 -2917592.927070452 732137.982496176 -3404565.7388255107 462409.08966363885 -412604.18557926343 3650648.5252562254 831371.3202005494 -1691906.974864834 -1736126.4406812917 -1930212.7427390194 1721621.2515780614 2739292.0811910476 142651.64260252865 405657.4885468989 -1720269.1013412972 2850036.316238704 555797.5333539087 1216636.3319151027 1825900.5561409274 2504368.0515146977 2719727.5663284347 894685.2713604048 887291.9199386877 3207050.0607571686 -4051167.315048649 -319349.0195650851 931931.9674168625
338848.8427551499 398363.97696006333 2162459.856441433 -793814.9612444498 -4236631.140617193 1930469.8077335232 406668.37554473826 3526580.0866087177 633144.1676140974 -24871.938571578943 3618205.2021704377 -3721261.498939898 2530436.952401474 -1679408.9911124231 5015675.991604285 2139616.566938215 30476567.0999444 -52715.54054293698 3215251.403864196 872001.0551493908 92545.7800634551 804086.059124529 1764036.2920665315 -2451515.864802285 -658610.6814986966 -1725030.8485611042 1582281.6395991002 1083057.1700384824 4379230.670456019 -908315.4971014532 -500860.6012089742 127935.685296236 -494973.0507698968 -1870270.063502454 -2585381.931142631 -2843976.1899979343 3281838.577327664 -2344299.8489690595 -873826.8999320542 2158081.3243121146 -5289118.154537411 -3761617.2111052484 25741.60317575065 -234074.1491471732 -7750311.496840256 876108.4996768436 -662132.879287851 709364.8723756982 2448365.5479540313 -87501.3222576983 5349976.278590531 1075940.060464389 2303387.4548029257 -2360045.19100952 -5550794.882124444 -3548329.930226317 402317.64917884796 -4123327.83791845 1509076.5002039662 4383373.921009494 -950306.927311803 -2138953.883198125 669973.42757572 2448803.316260688 -109792.45444926985 -1084125.3897401267 3872324.0659637027 -2534759.0754019823 2784671.8090684772 -1800945.9016799089 -2331872.370333955 -90300.00449928649 -1306111.363164593 -535400.3108567498 853383.8557256386
-163754.33768905545 -1020840.4787373152 -3593200.008894331 -1791229.336630535 100429.25334971421 -413776.710646039 -709070.1738823721 723898.5384069373 -2505802.9330788446 -1097680.9487392914 1913335.8107599798 218358.66102420609 -3336719.0693601673 1117729.2860520252 2273148.3150289 -1198739.3927810544 -52715.54054293698 32294510.613122974 2104386.835898186 -4888329.551475304 -2356376.003707584 13330.63908431276 -1366009.6717966986 -114722.25468062589 -4915670.742163707 -3364288.0509473607 -4138019.309751939 -1300039.2805609426 1296553.4417413352 7394917.94458958 2246399.758683726 -378853.87847170315 1091707.9245315508 660102.5636019005 1822829.2401661614 3510270.5664491793 -2570804.516239773 3048748.927128366 2221330.7876961436 -4265950.399914282 -220591.17485210052 -1704776.3795863057 828982.6370869281 -806550.5282892227 3531698.2475056783 1728730.6459503 -3159009.368229621 -5906059.285765783 -677765.6908954072 1321286.686212997 2906631.133473945 3726746.537952922 -3752541.8964968603 -2555772.413684918 2892825.1344029335 -595875.194892675 -915509.3032390289 -278891.1358044473 845399.105489117 294278.1560957671 3407365.845211686 -1929356.7839832907 919767.7524066768 -5654226.438499034 -2900815.7793136695 -429311.95689216186 -3629886.3373457207 -3218976.0764159826 1032225.4913843826 8455157.900393225 -378572.8932895645 1650033.2304923793 1361151.056625836 2732780.4117232366 -2696989.9957377533
-3236117.2218163586 -4723686.376513017 1402723.7464347729 -5784517.46996007 -1348750.9608389502 4537078.957970177 -1181747.2253032224 -3630051.0549046868 -2622196.9656100133 1901101.5084656095 -977661.8718224698 -1033351.2895310004 -752762.636387407 951966.8616171717 505869.3572967171 904193.4456323283 3215251.403864196 2104386.835898186 30660792.057593968 -4391116.197856584 -445417.9756860618 1271321.8793204352 -5974665.601605786 -3224590.364784212 -658133.1836118274 47645.73505228976 941191.8847311973 3406090.9782455103 -705607.608012948 2832615.9581715744 1748760.8822966195 474328.44216784916 -1144953.4286906396 1849275.8694329946 -88355.6768157345 387120.72091530194 -1279230.7904052353 -1085946.0306176979 534691.8858832265 -3395819.218827821 2547122.7801252506 -349585.6608230257 2081421.9466754864 -3886584.335783141 2015285.2104087856 327396.30420467 -337321.5800681329 -1815416.7108434767 -3649620.551172359 3486308.731274861 460536.15678937116 7518504.975578209 -1962308.0314279976 -501724.76588756475 442304.40153524285 421890.8429937909 -1078761.3603442642 1328168.3086707545 -2364304.107667904 5124453.301727452 -1352439.7072815367 17166.87246458876 -5117348.833802702 -2889867.317585916 1151158.2888135274 -3772119.4023519866 -543008.7400461541 3528889.5197669347 -3316285.686910452 5618890.420323225 -3497492.1193720144 -1046967.4794526907 -2604489.7227693433 -2216109.97560625 -1464106.2032030358
-2742798.406528479 -2809085.309962065 1840154.4437122368 1640935.2394450798 -1828925.2402494997 -3598134.6425405927 -2826075.771984492 6240420.8400751855 2456267.613421813 6530351.9974707505 2317342.522375892 325893.59761519247 -4987642.01245797 -3429031.1424070755 -1580580.4417847511 2363570.498246278 872001.0551493908 -4888329.551475304 -4391116.197856584 36108831.563167736 -1086794.8405406799 1855292.5607244892 -348947.47871269385 3877507.6312008486 -1077797.104070364 -1357102.1357595054 1084153.3460966758 -6162090.342804887 -3119812.4340859447 -2395359.6117192395 -3355247.537295892 1335221.4372868107 -3513567.92654581 370861.4917381333 -1213403.31539673 -4844840.557896479 1455153.7389834528 31059.859822061193 -1128439.2450907268 4443035.995609431 -1007841.6048904428 197219.5388153833 -2378577.310396674 657107.5137551645 -2903433.6243816307 981344.348789359 3371131.89812227 584598.453330805 -1757055.8356625587 -960115.6997026996 725747.3831792502 -1372804.9704195762 -718932.6509427925 -2866692.6762248827 -4548198.2333771605 1587025.0583453032 1254828.1951776322 -3507547.190903059 -57055.88736876298 -2950520.2524900367 2649249.448851767 670348.7197702689 2183738.2628888506 5089493.847979392 -276301.6454207357 -638747.5143555964 -1053257.2384362046 300043.8246997203 205435.61405123642 2281573.1734008323 -6029425.388043253 -3099359.3017249466 -371319.12448867236 -457375.8960974829 -343015.5706577725
3306728.9929953013 -562410.2107701533 -41915.61309659955 2024764.5397147203 3029489.682949196 -776927.8221658637 1040572.4587769622 -3478178.375032684 1545545.1451472994 -2589325.4241156536 3628952.7625108613 4149247.998337669 -1138231.7455475463 -3082640.879769847 -1927715.7786336204 2114425.065440431 92545.7800634551 -2356376.003707584 -445417.9756860618 -1086794.8405406799 31552093.597276323 -1285715.9360205904 -4038749.413807684 485593.91966445715 -1557634.4395476775 -1577904.4196984817 -2386382.6353710713 2090447.6842900193 -2399158.1491695032 -1753379.3584147773 423744.0243139886 2519721.6566609694 1550152.001324392 -2142642.647408487 3248321.5274656997 -1240583.7215392082 6332598.683235583 -645513.4425494397 -1235738.0086936282 -1238723.0594223875 -4603264.498299227 -577124.1214646248 -3416948.5348339863 11525.735682675475 -2619231.985857431 -3413162.56102739 -1972922.5832071065 926387.3273799596 -3003593.6974183833 944504.5642957361 -3626910.9975143406 -1354180.0977336317 99922.69589772544 -1919935.1592675606 -3157997.3652457595 -868553.2884992807 2289217.770258135 1542555.1279190006 782882.2005331132 -259735.3516257021 19422.367852580384 -1289844.0998913927 -3887293.449202473 1366534.5161032865 27449.800676186576 728674.3868214692 1344827.2675323822 -3236443.852476494 526355.6121886611 1415039.480214409 -585585.1694445238 458104.09621212573 -2853838.9161396697 -127373.02919995126 4429431.226689178
-2670433.6342889746 1128629.4664731557 -1916981.8875783146 -2893695.700769261 -5901854.220725126 1512349.7122058822 3478535.3833583007 -906970.8392021604 1908789.6288381827 -1489581.054174878 5286100.3585403105 4348827.29078571 -2221049.679691241 1944745.6622410924 313258.56918288034 664306.3498692464 804086.059124529 13330.63908431276 1271321.8793204352 1855292.5607244892 -1285715.9360205904 32986092.7018218 -2516561.583283652 3601955.907501936 2382337.5550584346 139166.81783559738 1974525.6473141056 -2543542.198991497 3656260.38020525 1363072.4154286918 26073.12813374027 60854.13830188163 -3043689.038221133 -5374908.677462382 -2972720.098516453 -2343355.383307405 78118.07012527931 5529863.206009768 -123887.84501383499 -49551.54554539127 -2025795.5175603994 5079314.65915963 -4687230.526831876 5078632.211479655 2148862.5884733624 802244.570368561 -1013867.9831778812 1485189.2359146446 2971281.1878833543 -2780496.8410906624 -174848.72335525957 -3262678.358338413 1339594.7911870389 -156822.2638881511 -2406602.4014244946 -3674450.6608735435 2083633.9184407531 2898642.1462373845 1611876.7245978978 -2369780.7136446973 -1807521.6359151646 716012.2973867656 256204.92372711247 -3623230.8240697696 -542067.2740818735 -71991.36702384811 -4724217.912703265 1532125.6640969443 -3786003.54953361 3514905.536393792 1743698.9484423061 5080928.470389715 -2293959.3068126156 -5719114.325116082 -171999.11556524262
448870.4254743501 -2384002.4838565867 3708543.4004523307 -1051700.572415454 -3556512.025202226 -5843702.548523106 -509690.0797505916 2197555.143739343 1235733.419864081 -340951.24992593005 -893048.6392631874 -451039.6197293344 -63842.98946173139 394491.4925029684 1445058.4396345718 -1439822.0882320392 1764036.2920665315 -1366009.6717966986 -5974665.601605786 -348947.47871269385 -4038749.413807684 -2516561.583283652 36099998.08264905 3115303.2370607383 -639767.7434136416 2873791.2617697576 -2984299.7881752974 -2396149.6343676685 -3445018.5256369947 -382637.0650626861 -1698437.5366886298 235254.05765677177 -3140340.7568850135 2464484.046055177 1519009.6054176372 -2036002.8744848473 878469.8696293416 -573871.0263845229 2796266.98951958 -2547052.792549196 501838.54864999896 -334131.648578006 5530646.326403031 -5361610.031222586 -9721591.72344156 2362935.2286821534 -158398.0598875369 2582222.4966654065 -1614983.6848270353 -2864006.0583712347 -4972678.331272049 773436.6434080842 85839.82718473785 3735147.8454860873 -318272.14379484573 221789.32591547462 -3038629.2906467076 -1770849.6259156745 -621610.724497638 -4402988.7492638575 311292.2204881992 2475219.4039416173 4318992.408110867 -2701144.7526078187 -2012474.150350568 -3013086.271424164 -1249927.2684351015 -2413277.079062557 -4553379.990673988 -2676964.385680937 -1202088.0352171469 3266148.065077533 -4248113.551513013 3827855.357218752 4057013.1179427784
47185.7061394089 -1158096.1701788187 1321352.2804160502 3194956.857687529 3206207.11625483 -2032094.8236940755 4784299.841649799 2447674.6692045843 -1555378.337322722 -1517519.6466408004 627918.4913290675 -14206.966497362555 -406882.38184074033 -717198.9156678778 2128218.1816184595 -879701.4908950408 -2451515.864802285 -114722.25468062589 -3224590.364784212 3877507.6312008486 485593.91966445715 3601955.907501936 3115303.2370607383 32785724.92032855 -422438.11375195277 2341679.983024428 -2833463.5745457336 6651096.714510899 136616.60548003553 -3137603.6730730464 1277232.8982573964 -327302.05646456283 4921576.0480464585 -2075497.5310646365 5205059.843047801 -2665709.717616698 -433000.7699015426 -504674.5786842827 -3446778.371014484 990150.7750200704 -1166236.1743368416 880766.1449367155 399116.91399811656 -3508462.993125299 2284368.8841055366 3190689.2114540404 6402406.804360754 -3144012.7119940873 1584963.452765505 1050130.274267598 -716477.0745836893 -4749505.055333923 -2341600.5469053467 849880.0085804922 3107681.41607012 6084261.270541334 2692324.406582654 348328.932388143 5590213.156255467 -357953.34287913976 -1628097.0157277863 3054424.4924830412 -804057.1572198044 -4469805.671646787 -2046705.2956388462 445105.790817233 -1495702.5439952444 349876.9840713265 5097547.257655824 4815528.30702026 -826250.8267548034 1094124.5295360803 4197823.983548103 269467.6211044643 -1110864.5653293019
-303840.91163892194 -1265504.8197158023 3496437.8747118115 -2608396.997243154 2835069.952918242 4686123.610640058 -2719868.2578177084 -1562302.5860272686 -888297.1796462596 -4999575.933428882 -3081447.222104332 -2496272.898592571 1217549.973611269 3140629.7395511284 -1118383.0098825027 -1200447.3876720225 -658610.6814986966 -4915670.742163707 -658133.1836118274 -1077797.104070364 -1557634.4395476775 2382337.5550584346 -639767.7434136416 -422438.11375195277 35675401.15552182 -1531475.4039059812 165914.10139938942 2932103.6653577774 -4735523.290267016 -4334919.954981329 -3530514.817347776 -782699.1021576846 3994580.7579621393 630140.4139944713 -5393372.861014629 -105744.63825063166 -2956581.212066378 -1345451.2236133015 -4456136.51858994 -5798967.392601191 3341451.7277269685 4577093.892761875 -2326220.0445959787 1553275.8366267069 3814578.733283232 2785948.5421286346 1445998.874139076 6076263.0113938395 -1286149.6687193203 -2054206.8058742362 4798199.154043105 -3611390.509129456 -1365713.8139709544 -1777213.874645987 2779867.7937423764 936106.8348207995 5232578.067401629 3236264.3356967364 -767402.1461016996 -1124632.0405204624 -2185510.1495989407 3877654.894503344 -3123562.353692406 328192.92202772904 219527.67722947983 3064610.4151341137 -815208.1542284983 -70182.60743259171 1172039.5856885037 -1145618.718958709 -2515129.308146381 -3330088.001657431 181645.70454596746 -3554653.8350436348 627994.9057535478
-2774181.8509061597 623713.2339030056 -1445402.7148610456 2798919.38121985 2222898.2438149005 2933949.8766854093 -29588.946509490714 4314916.475361232 2346716.5194663326 273923.8583347474 -1323111.6264713367 3111845.882733488 3019841.2313381275 1886106.4652432618 3248158.8756886674 2360050.943226976 -1725030.8485611042 -3364288.0509473607 47645.73505228976 -1357102.1357595054 -1577904.4196984817 139166.81783559738 2873791.2617697576 2341679.983024428 -1531475.4039059812 35041435.43840772 -712755.2170595945 1251090.1720596119 111843.59462642761 -941835.3431409561 2333129.5918244217 1923292.2694449902 2983754.0462542507 1606588.638233696 -3020396.2514724866 3145665.103424322 -57182.00219776825 268154.85241426993 -650334.2571369009 -1563803.1162480672 -555734.4845807847 -2809149.0504335198 -2944679.9724369436 1979986.4407297005 -2704203.7155791596 -1024294.1679927573 -164809.764196237 1969763.8862248277 4288385.836872596 480305.7134802526 -2077615.7334995735 1721370.9310909077 3333482.5030557853 -710337.0883700396 931282.9319052508 358379.29543480725 -2054325.828663295 -4506817.729674426 -2482825.7110594874 -3730623.1900031543 436974.93824860395 -3575025.069738691 1831751.1790371859 -45454.91018180204 -1591921.380239443 -944526.8659345143 965414.3982651728 4228896.628960028 6790177.8863021 -905873.6795953215 2238007.4373465595 5973237.944844391 -1619908.6180112574 -1685847.8854935712 -777097.0975976537
-3025422.733175572 3352311.5314254244 1568371.0699834796 230020.08621897796 -5166830.899414255 588736.4459304715 -1811674.483674661 2519278.423466548 4717533.79739199 2883861.994856186 -66989.6729771015 259019.88042989597 1229479.8255461636 -2545683.4734513587 -4519034.951176295 1822673.7160818623 1582281.6395991002 -4138019.309751939 941191.8847311973 1084153.3460966758 -2386382.6353710713 1974525.6473141056 -2984299.7881752974 -2833463.5745457336 165914.10139938942 -712755.2170595945 28767844.418023776 570153.1208237953 3119574.958883848 912175.7597007977 1425820.080611252 822938.0259630668 -940811.8718087582 -945501.9656649495 593168.7755825059 -1108905.9218359457 1878980.2192689732 2141871.964951343 -341525.47681675357 409200.145528726 948757.8012708494 -111615.3102838507 826067.4907712743 -1048904.7662155733 2263234.685152413 -3673679.2829612177 696654.097011911 -596823.3721471137 6025234.281898136 -2594422.9089839547 -5593349.662979914 -242249.54394110205 2625100.756995254 -2642059.942391937 -3010445.5801984807 -3502877.475180387 2354497.1409935914 -1890531.6306172851 3757194.016021431 1015787.1466244514 -465165.74343522696 -3160128.890572547 -7948011.7975468 -69706.6064137451 -3818428.0582978637 -227974.1296361174 -3262302.7841372853 487395.6629160589 -5800000.045990942 -190136.2361540692 1847205.0220997091 2291285.419382581 -1483479.297287557 2260538.9515238605 -5980480.231982364
5021687.2519791825 1400306.4799952656 1133651.2428412368 -1698391.6534499424 7202947.539722729 3920231.587538012 398784.9695823919 -1334484.7227500933 2694538.388810206 3426571.7439169553 -1203382.4600182404 -2403114.287102998 1461202.5355630692 3838929.7646885333 3159480.5599905024 998324.0011852165 1083057.1700384824 -1300039.2805609426 3406090.9782455103 -6162090.342804887 2090447.6842900193 -2543542.198991497 -2396149.6343676685 6651096.714510899 2932103.6653577774 1251090.1720596119 570153.1208237953 33175859.37858502 75366.01885498589 -697599.5252074616 -612347.8936810959 -3108532.87551015 2744602.5549501567 -2484871.9199634893 1891713.6216543214 4395554.261792644 660231.066934199 -3983547.6723291227 -1547784.1468782115 -118333.50682483416 1204876.5967025638 2035957.30350978 -992535.5809253112 -302116.81888784707 1554447.0491058116 -698588.3460491305 518120.13575882826 2262154.2243480072 1114181.47859413 3504757.0550586903 -2550628.522230864 -2063541.509403397 -3696904.7948769378 1635805.56143221 2088365.2666464865 4183643.123537041 2672321.271507871 6625149.194046274 2290487.0612131497 394926.32987951516 -6655196.985994205 -2073235.021759999 -2884402.0362548693 2810388.8135003583 1073589.0776067101 -94059.32836658333 -2899625.3150046673 -1232994.3043018482 -4598673.277407816 1137093.1866467048 4037576.831194863 2109378.3003723994 2518016.6541421376 137352.04699163436 2335616.936794741
