31129318.888092957 -2600389.305026198 -3726387.2752433587 858010.0569708018 -1951839.5454420259 2353108.386528055 -1302001.8910673244 60042.054439925814 -1142204.1792024237 2351736.905994276 -3660979.6888159215 3489570.220075744 3563844.665604969 681498.3875085228 2391669.442357078 -3473851.2723506666 575801.4502899188 2476192.331429341 389422.40597709036 -4727677.310936988 -81831.79333100148 -2715556.727731063 2636951.432941432 -3808681.6197358463 -255999.1112865689 1965994.3273490912 4493751.525969963 -732856.4299320234 -4010019.5633062334 6995007.975393175 -2336172.8853531503 -2384418.802249865 3804501.666916923 -1342823.6487528048 -623586.5543498602 -369874.97260588006 -318951.11500561883 4698337.211438468 -3942731.53475212 -982595.7904542774 -412822.0164842325 2172468.7014671713 -675508.5857814092 1423192.2280537956 3255766.7417636537 5672869.529472602 4123905.6831546593
-2600389.305026198 31649255.715221614 -2008457.3280672005 -7485363.1370185325 2993842.342461008 -5105326.759314232 153290.6485127422 -8807354.070078567 2106650.7472835523 -2208819.8486799514 1183328.7876691662 -1405740.5104261984 -287010.7828615553 5652923.917790056 1705658.189185802 -2506862.219467343 668829.4105350904 1235524.8165002118 -197279.83311976556 3447862.1164133716 446731.7377120734 568874.1188528781 -1641319.4491822554 -976378.6543258749 -1532283.5069091446 -4553838.460813673 114386.92044242592 -2940134.366078871 -289676.8173520454 -487621.03690210514 3438716.4385024486 446592.9330906104 -2781037.6327671898 2253253.3693502164 476864.35194713 1727172.2835296993 1432527.8861172202 505653.72852226475 -1826339.0986017322 3428155.4279439035 -3488041.493512974 -1259238.7475140893 805882.4939979952 -1723028.3073200544 -2538166.723157122 -5078696.662456141 1119786.2123534936
-3726387.2752433587 -2008457.3280672005 32262276.65113312 2321094.3296440574 -383141.71474901884 -1152443.8205497551 -1531696.2947328691 3246131.237435669 5244802.498913898 582989.9437432067 -617967.0397406894 -1240211.7127919614 1950802.7735599743 -2582203.5908117937 1653976.3461902633 1581471.5779575056 887787.7027407441 -1464231.425057701 1287859.2658189228 -768966.3010885357 372960.365236722 549057.810909459 -582346.522570578 -2077904.587456096 2982759.414286158 324862.9007912353 30363.001981967296 -1591946.3714317882 -3939980.6458814633 1173265.6688340742 3616524.5575681864 116377.27551525808 -114990.74043057374 -3057643.6283861017 -1896222.0514465752 -3646329.761905237 -557639.4298353334 -6465455.439837673 -1641432.6560363765 3315645.0777528607 -3229680.919739167 -6818.80353840455 -3628639.542992911 1453532.324519556 -753586.2357125913 1774058.9208584577 -4930627.70359345
858010.0569708018 -7485363.1370185325 2321094.3296440574 32481658.95216051 2166593.30747992 -5035345.457224501 6512164.419024007 -3048534.931520348 92521.52826747688 3483164.4828284546 363243.38981093484 -247972.29098847072 4940771.713102847 -3439499.4328715503 -889.3909557395318 -2779878.854538663 -114889.15730034941 4183482.638472328 -693353.0582616614 -7309306.013251423 -4075434.7201381614 -879061.1802873581 -1240817.0027242163 -1684364.4746144973 1873455.328942531 1509293.5180751064 3913229.4948271005 -635349.6741725209 449349.4931319468 261028.70338890882 1967682.2750278302 590704.6111296526 -513904.4538188265 -1682022.1145544057 -2830343.1367055746 2049135.271208363 -7478324.70089233 419317.66663099354 -1402376.206234339 -1997762.3847065538 -3772511.5546893105 1074466.7806230881 -352316.89411640115 -5221072.966516854 -2688641.237944966 -499641.66854332585 200450.5746051154
-1951839.5454420259 2993842.342461008 -383141.71474901884 2166593.30747992 30006491.659922224 -3741527.7564675445 4134928.2732979413 -8809199.406662831 -4987757.258681873 7100906.286791842 3469941.641263861 -1248646.9674746208 3411056.7735575307 2350162.988597106 2685979.2589314287 6140527.143988655 -361514.0744894318 1531644.835260424 8763.516928505614 -1743766.1904408054 -1802234.9479982087 119494.69672630473 -375067.33232792775 -996453.7280044621 -2245179.6788522154 2253748.018834475 -2380149.9474022654 -1035260.2128587995 458069.4274243204 -102848.38895587299 532830.4300380088 6024812.854968155 1157545.403904364 1734407.3602186695 206782.66587537737 3882217.126590412 1435485.419283926 7660416.295347671 -2212569.185479713 -3919681.667219642 1503345.439830202 -4966690.515128104 3619549.5752703575 -2497620.32021689 1588764.6464307965 797496.6313021502 -2670070.2970810886
2353108.386528055 -5105326.759314232 -1152443.8205497551 -5035345.457224501 -3741527.7564675445 34050546.65406359 -647161.2001822233 4233798.206468443 3625921.074473568 2959008.933472665 2610940.0105382935 646960.3302696625 -6452622.690226355 -1203254.589353083 -4692134.41459681 1707911.0952041133 1742356.4770768324 -2471672.406359192 -2493808.6275003203 2720481.842612958 537615.4548100439 -3125886.75479052 3428795.424020818 3783649.147461263 2268686.93373246 -522366.82598030916 -783194.1441810669 -1422749.9677478066 2714244.223457643 3931298.9867096343 1891761.7450534347 -1658811.5030369803 1069700.2147656053 5898393.132562326 2896208.8951359703 4937911.121987596 3098281.3833189704 2565111.9190882226 1733687.195701917 -2875060.3075185483 -165840.19186883027 2094540.1866216364 2563474.4418125814 -213117.85341376215 -4061565.2772149304 787521.7971115777 -1240765.53619471
-1302001.8910673244 153290.6485127422 -1531696.2947328691 6512164.419024007 4134928.2732979413 -647161.2001822233 33756250.03480555 -543674.7973409485 903459.5326606992 163373.79374881746 2886152.548352546 -3489176.7175764497 19023.772354941266 458915.04670375306 4179553.3508846695 5405817.81989049 -4137172.361712342 -987484.5966288862 -5577840.785126731 -3860437.6342713144 -3342708.876109976 -379175.8260557998 946838.4420298004 856718.1107387574 2835542.756956794 3983990.609135858 4592171.309690454 831700.579308912 2355771.6561346566 -2729139.619164658 3375159.3617823217 6109337.358692378 -455891.74934555526 1112576.5151145074 5351074.226108626 4814326.240684746 6441976.687865763 96055.95651960846 2206264.9914535107 -931281.3022029301 -6634416.587875628 -3240233.885305984 1933027.2093639567 1314474.2074932887 -1927947.2500888067 -2835275.3420566022 2264451.6058350243
60042.054439925814 -8807354.070078567 3246131.237435669 -3048534.931520348 -8809199.406662831 4233798.206468443 -543674.7973409485 33228259.816874616 1369820.5305284713 -1885049.5179104754 919613.0692189683 -4409392.792203736 940956.4005253746 3740075.4074518336 -1995632.426276284 -1900406.6085156363 177406.83558766215 -3835112.906765143 2891996.4745655316 -4796535.411340244 4842224.639250037 -1130465.4201306785 987367.092169433 1187197.912715746 2547411.578726358 859225.2271353917 -455212.53436560574 5566703.478737459 1836466.2700044848 -2905014.710703199 -2290541.80180695 2167751.6722371224 -80878.08286369557 -1534701.8840311156 1188479.3868385537 -4462602.954797067 1985888.694368499 83610.33548348559 5017637.833148611 1665488.301065489 2454326.012725356 725679.6621049442 -1050392.414995149 1897791.5649942304 65182.274245527304 612585.106005206 3549903.064465656
-1142204.1792024237 2106650.7472835523 5244802.498913898 92521.52826747688 -4987757.258681873 3625921.074473568 903459.5326606992 1369820.5305284713 33816277.55345685 -2787762.1179546276 -3732611.578546247 -1500530.3697098042 -1804751.8809349176 20747.825394229774 2880825.1070856927 -3409850.83556129 2911232.9973096517 -3343704.6150615234 -5147810.025250329 2743578.475766601 370860.3909043144 -915284.4703801762 1182752.2468998767 5620526.222229801 64238.38850396525 -2041473.08880922 1664411.778919175 1340063.9841353404 -2767194.2157864217 -766331.0044378974 2061642.3201473157 -2054957.6816955106 -2753315.128463883 1353137.0080362018 1104304.522968469 -1989686.6787694667 2399687.092560138 2734671.1794794574 4140537.010642492 710437.0547808812 1580999.918402952 4698995.092977529 -2114848.667397254 1114088.3114447992 -2389730.423468168 -223511.91572638927 3316575.4969538036
2351736.905994276 -2208819.8486799514 582989.9437432067 3483164.4828284546 7100906.286791842 2959008.933472665 163373.79374881746 -1885049.5179104754 -2787762.1179546276 38757548.906540886 -2831057.827359658 1027232.7586626329 -107575.7389121861 -4881334.675927143 -1270013.3691022561 -4665888.745989348 1480802.3898880945 121944.56769028831 1971096.6754063482 -4080246.5640111538 5092575.40874234 -1598788.4120202337 -5595687.663534791 -471667.4928951299 -1478404.7360108907 -4280108.626695149 -712766.3366905043 -3388742.8502257345 2292083.8412073627 1525612.6336595814 -847834.604120744 5421623.001531968 -139166.29987936543 10241.0178241069 -2310683.7166633597 -960486.5647430089 -3131550.8139151447 5154045.255273795 -793699.2084546852 -2259343.0090931416 3450024.3723986363 -660879.0667168187 26826.737493745924 -4736219.669031234 -612105.4490898642 -3459413.789110037 3446601.2532507284
-3660979.6888159215 1183328.7876691662 -617967.0397406894 363243.38981093484 3469941.641263861 2610940.0105382935 2886152.548352546 919613.0692189683 -3732611.578546247 -2831057.827359658 32137814.588150006 103410.08062410261 2628982.392154716 323046.61685141415 2249709.579165108 -68073.25519489676 -1933751.7004225117 -3220198.773146739 383204.0718274919 -3433003.051831379 1140085.6110528067 -1611624.2446814636 -609705.0250310743 888662.2837498436 -1288135.1965271235 3222199.085886882 -2331310.533066752 -134396.6607357977 -1497638.4245408545 93837.80110320161 -2637517.5473723547 6554814.091667315 -1584543.0811709804 3348512.0853878483 4647938.261091461 3837026.61226622 402902.86398887454 1874451.7861208403 3777705.3799714325 -784687.6180775632 -804566.6050959426 -3202858.869329311 1546988.2113624525 1360682.3412864427 2612025.2092633527 -1560050.545720208 -4307121.42297698
3489570.220075744 -1405740.5104261984 -1240211.7127919614 -247972.29098847072 -1248646.9674746208 646960.3302696625 -3489176.7175764497 -4409392.792203736 -1500530.3697098042 1027232.7586626329 103410.08062410261 32476524.255408928 -2961659.491958415 -3292949.3984626844 -1932217.509521356 -4482696.919540664 -248159.7429954714 -3260349.646330813 -2134123.9556123465 1567156.4721569598 -3142478.716043694 358796.98172490473 4133113.269435047 -2729964.5181069453 -5844197.746438792 -1423282.3703239618 1719061.117359808 470174.24940576375 1238839.2514503465 -2116277.2923347 -1546869.0178427473 -5101318.990644076 -1563940.0657038707 -3919265.433647118 -5506459.544949003 1695344.6407847547 2653703.986782184 1212525.7748803583 -2745829.4973185444 775186.7361507375 713210.932554106 3255010.748950032 -616689.3338837071 -1112233.496548884 252657.62435679068 171084.43343605113 1366617.681059424
3563844.665604969 -287010.7828615553 1950802.7735599743 4940771.713102847 3411056.7735575307 -6452622.690226355 19023.772354941266 940956.4005253746 -1804751.8809349176 -107575.7389121861 2628982.392154716 -2961659.491958415 31562668.35819584 4833532.547458092 4284876.648762398 -755311.6640121611 3413656.1284145224 2918961.3766389494 3698668.871015161 -3374009.6001369045 -4533440.61100095 -7713899.096911938 2235568.128744123 5153439.56290952 2782512.8927574684 884522.6067349936 -3089070.917343304 202898.66719270474 50152.44223368476 -17414.084440951618 -4818113.199297234 4363616.524942522 -3247004.927002842 -6144151.127614769 3699682.005156293 -5076022.438681831 -3890558.067483645 2209657.8915668493 1949937.18713954 1537573.9582946545 -227871.9509144262 -3356207.4593497384 -5641282.326059316 3870021.309615604 -1742602.9173872254 -3174911.833049989 -1308452.6199333796
681498.3875085228 5652923.917790056 -2582203.5908117937 -3439499.4328715503 2350162.988597106 -1203254.589353083 458915.04670375306 3740075.4074518336 20747.825394229774 -4881334.675927143 323046.61685141415 -3292949.3984626844 4833532.547458092 30457601.38979637 138794.92774589636 -1071554.047164534 1248188.633840859 -1631380.203959216 -2766263.2667524465 3967421.462246815 -2610381.956515898 -2955620.7701293775 -3714701.418350854 2278158.9742594347 -663737.5086343165 -619196.7562077845 -3945060.425661719 142876.07917716392 -603077.8895355212 1896108.7227077058 -2782977.9654810694 100113.37410834686 -210393.53119730344 369338.8446255354 2248331.5990671176 3752256.1851207586 895179.0956823006 1374460.7596735675 -119684.4359733095 -3037411.3749622963 294448.2637518167 -1494271.2708955454 -2026350.9531852365 -217596.48924148912 744760.3736416122 1278214.0598130506 4277716.9505556
2391669.442357078 1705658.189185802 1653976.3461902633 -889.3909557395318 2685979.2589314287 -4692134.41459681 4179553.3508846695 -1995632.426276284 2880825.1070856927 -1270013.3691022561 2249709.579165108 -1932217.509521356 4284876.648762398 138794.92774589636 34304026.05274619 -2344688.15264895 -3342733.5986220352 4122454.8406767477 -2957761.8754652054 1601083.821759345 4256651.103854634 -2711251.8114191564 -2260464.8281115578 2144664.6706644124 1187226.0620411038 1673867.2749081498 660870.286098628 -6965553.383488491 845621.9089562927 4088973.4140641885 -2087218.1124356037 5176734.965658922 2371201.6581000476 -610783.3007637446 3007207.9776460617 1705067.4162521574 -309896.2557340524 -1007716.9060850228 -4124430.191933146 -2636473.0930170827 -3274782.3655213956 -235828.47073321397 -5744506.053865671 -2361070.443083509 707835.201937759 4704094.011824952 -4073528.2137040677
-3473851.2723506666 -2506862.219467343 1581471.5779575056 -2779878.854538663 6140527.143988655 1707911.0952041133 5405817.81989049 -1900406.6085156363 -3409850.83556129 -4665888.745989348 -68073.25519489676 -4482696.919540664 -755311.6640121611 -1071554.047164534 -2344688.15264895 35204343.21087771 -4564123.833905739 306423.1322123061 -2344110.309406496 -3536513.4889355283 -5065687.142025832 -1064913.2659135358 3308196.1929306616 -879006.2526465604 3167550.934354495 7239388.948317242 -2458404.441087367 -4602933.494699722 -4920806.204602923 -3618577.8682868737 -653708.8042211377 106924.3320830477 1663796.8474321724 393035.9682908867 -2417884.1678842693 119211.4788908903 4132126.1757490905 -787750.2185005934 2464013.9154642867 603242.4464033655 1084645.443293751 -4014244.9189525493 5857980.636245792 170218.6043356274 3206666.633671964 -7086060.453505076 -1771779.5537341072
575801.4502899188 668829.4105350904 887787.7027407441 -114889.15730034941 -361514.0744894318 1742356.4770768324 -4137172.361712342 177406.83558766215 2911232.9973096517 1480802.3898880945 -1933751.7004225117 -248159.7429954714 3413656.1284145224 1248188.633840859 -3342733.5986220352 -4564123.833905739 34820382.13895111 -2820969.3209820893 4579050.477455184 3110252.18278423 -1103170.0743621925 -695027.9275288894 3777207.960437162 -934651.0362207395 -465410.9977898359 -2801894.7076148842 -666359.0948888966 1482929.1162828892 -1024640.144480216 -2841094.7286138004 709185.7778789144 -3857715.8367046867 -463941.05337317736 -350176.30044836 -4168617.418597778 671923.6070190767 1358944.1087120243 1492728.490049741 3517332.2238292075 -1597168.4161786137 1977202.1352578755 4205432.121476471 -1141077.0233912338 834141.7571798945 5084096.659772641 -2749052.0520001347 -763469.3432988115
2476192.331429341 1235524.8165002118 -1464231.425057701 4183482.638472328 1531644.835260424 -2471672.406359192 -987484.5966288862 -3835112.906765143 -3343704.6150615234 121944.56769028831 -3220198.773146739 -3260349.646330813 2918961.3766389494 -1631380.203959216 4122454.8406767477 306423.1322123061 -2820969.3209820893 30966386.13444097 -2723.115105714389 1455156.026622409 2982364.061083679 2116072.4169940837 2744509.0641592313 2070060.297350961 3027829.666327724 -2935457.747652858 -4168214.431927713 -4756619.771001164 897749.6048511218 -166280.74773150496 647285.3992823604 181358.47424078194 386720.21375943907 -2673729.222465295 821554.5687984388 -279038.6216949386 899877.8921995835 2772633.0462859445 -16168.972908776397 4880171.466635469 -1961361.063210937 442183.8782026052 -2200043.2979096505 -2811651.554359811 3474888.759015038 4742009.847594174 -268802.4797375656
389422.40597709036 -197279.83311976556 1287859.2658189228 -693353.0582616614 8763.516928505614 -2493808.6275003203 -5577840.785126731 2891996.4745655316 -5147810.025250329 1971096.6754063482 383204.0718274919 -2134123.9556123465 3698668.871015161 -2766263.2667524465 -2957761.8754652054 -2344110.309406496 4579050.477455184 -2723.115105714389 34072793.820696734 -700860.8975805694 4653575.642238129 467958.0686132267 1271348.4116275841 -2003040.0736857012 727374.7213442482 -1353536.1006180993 -2078977.4899916544 3071541.240770099 -656331.8285899524 1375849.2799741663 1916542.1192160158 1187136.5119992201 -26629.111401153972 1484744.995899643 -549341.0931263893 -7051540.2417060295 -7768337.050877321 -82893.0902495354 -3831717.3700284967 1497114.4899734384 806371.8079156749 -3426722.513047334 -3347927.7990283864 2255670.4082927713 -4592899.321527084 -1549062.2653813518 3011.2875552836504
-4727677.310936988 3447862.1164133716 -768966.3010885357 -7309306.013251423 -1743766.1904408054 2720481.842612958 -3860437.6342713144 -4796535.411340244 2743578.475766601 -4080246.5640111538 -3433003.051831379 1567156.4721569598 -3374009.6001369045 3967421.462246815 1601083.821759345 -3536513.4889355283 3110252.18278423 1455156.026622409 -700860.8975805694 31194632.862733196 1169225.277932666 6064344.256890044 1123545.9732966411 4556381.622952471 -7203255.009301161 -4039127.064457617 -570407.5963243279 4494129.457595445 1016914.0023642376 3980430.130924729 3747560.931859857 -2513908.0591130345 -1446796.3768765845 1.466955396556115 -1541141.0449839272 -4849291.6178465355 -1813262.1150274933 -3254949.1700369953 -4348038.47005289 467685.8900718134 -3370014.968313415 3314871.7511133724 -2639450.1483447156 564466.5212727549 -625976.7943427655 2601954.795070755 -3924482.89270599
-81831.79333100148 446731.7377120734 372960.365236722 -4075434.7201381614 -1802234.9479982087 537615.4548100439 -3342708.876109976 4842224.639250037 370860.3909043144 5092575.40874234 1140085.6110528067 -3142478.716043694 -4533440.61100095 -2610381.956515898 4256651.103854634 -5065687.142025832 -1103170.0743621925 2982364.061083679 4653575.642238129 1169225.277932666 30423339.810535505 -1834392.5339606837 -1256420.176458622 2111526.853330472 2716405.7174101383 631563.6969921993 2128237.9910900453 2083925.9215108864 2143032.141345222 -3828434.391200641 380455.54263413046 1562501.1367774366 6438763.602654084 1838400.6605976732 -2100013.6324622896 -1656636.203571658 -2366212.1136131817 -3881250.292153844 1213533.7265052919 563346.7281494697 -1193344.5819049417 -1672138.084695625 701719.1398653697 -789148.2617620251 -2983400.969617409 2102405.2482219995 4183203.91288187
-2715556.727731063 568874.1188528781 549057.810909459 -879061.1802873581 119494.69672630473 -3125886.75479052 -379175.8260557998 -1130465.4201306785 -915284.4703801762 -1598788.4120202337 -1611624.2446814636 358796.98172490473 -7713899.096911938 -2955620.7701293775 -2711251.8114191564 -1064913.2659135358 -695027.9275288894 2116072.4169940837 467958.0686132267 6064344.256890044 -1834392.5339606837 31448696.464370426 -1617685.1000745231 -5389399.926131027 -5419861.610853673 -426632.35417918663 -2471588.893668937 2143154.917002325 482099.19511303154 354466.53996292484 690734.0240161252 -1725735.0915276024 -544504.6275681317 871361.2394902664 -2233019.8332020254 -1962383.0464583896 1588160.0396877457 4223377.743336344 -5443553.923944597 2704912.3775066608 4082558.5751898335 -1337138.86578021 352095.23508902546 6939.90246452589 -449775.6725172632 -226069.63826751927 3488865.478638294
2636951.432941432 -1641319.4491822554 -582346.522570578 -1240817.0027242163 -375067.33232792775 3428795.424020818 946838.4420298004 987367.092169433 1182752.2468998767 -5595687.663534791 -609705.0250310743 4133113.269435047 2235568.128744123 -3714701.418350854 -2260464.8281115578 3308196.1929306616 3777207.960437162 2744509.0641592313 1271348.4116275841 1123545.9732966411 -1256420.176458622 -1617685.1000745231 38066689.976272255 2317264.8910640124 283204.5029793583 1827068.6100876604 -1230840.5865499254 2343628.9177656504 322448.6154298945 -5106768.453775113 -2059957.0296738187 -5332790.6169126285 3397491.8971686885 -7170332.72068964 -1778980.938426837 -5256885.152977018 1649144.6594659118 2208495.6165711633 2070430.6331006524 882453.3152670396 809176.490774851 1760757.9183039672 -6590407.14839584 -75414.68115779002 5135181.821901331 4305913.425049513 476579.2432816628
-3808681.6197358463 -976378.6543258749 -2077904.587456096 -1684364.4746144973 -996453.7280044621 3783649.147461263 856718.1107387574 1187197.912715746 5620526.222229801 -471667.4928951299 888662.2837498436 -2729964.5181069453 5153439.56290952 2278158.9742594347 2144664.6706644124 -879006.2526465604 -934651.0362207395 2070060.297350961 -2003040.0736857012 4556381.622952471 2111526.853330472 -5389399.926131027 2317264.8910640124 32125016.564504694 1172913.5939698284 -3368142.9210219323 3717825.9102479895 -3464946.1857948373 -1103948.8519168235 -310276.10120911757 825484.2605005703 5623721.943409271 2376551.7391773784 697844.8286190437 5591361.885934712 -506192.3827809526 -1903753.2252066613 3432198.8272746797 5308605.872279468 -832563.3950815757 -5476291.361475548 313925.9994485874 -5021747.061749466 3453601.426575943 -9670.375555613013 -301434.8971448297 4534509.377414696
-255999.1112865689 -1532283.5069091446 2982759.414286158 1873455.328942531 -2245179.6788522154 2268686.93373246 2835542.756956794 2547411.578726358 64238.38850396525 -1478404.7360108907 -1288135.1965271235 -5844197.746438792 2782512.8927574684 -663737.5086343165 1187226.0620411038 3167550.934354495 -465410.9977898359 3027829.666327724 727374.7213442482 -7203255.009301161 2716405.7174101383 -5419861.610853673 283204.5029793583 1172913.5939698284 34937512.928260036 5686968.185751022 -1530960.8638290379 -1461236.6514901537 2791654.8137666965 -4263293.405297433 1674872.8066401533 -1038918.7746848213 335030.002228182 4018348.5742193786 2126807.058936728 -1911294.5244819883 -222906.24893496314 -1708573.0838304125 2765406.780155092 4502683.5234076185 -3650896.866568702 -349632.4008617431 1218321.1020876074 -4125203.359820866 -1256665.6231725977 -1889848.7228983087 3016089.7906008847
1965994.3273490912 -4553838.460813673 324862.9007912353 1509293.5180751064 2253748.018834475 -522366.82598030916 3983990.609135858 859225.2271353917 -2041473.08880922 -4280108.626695149 3222199.085886882 -1423282.3703239618 884522.6067349936 -619196.7562077845 1673867.2749081498 7239388.948317242 -2801894.7076148842 -2935457.747652858 -1353536.1006180993 -4039127.064457617 631563.6969921993 -426632.35417918663 1827068.6100876604 -3368142.9210219323 5686968.185751022 35421454.666467525 880231.0038201731 828334.1508561404 452068.23261935054 -2741033.3078578166 1565623.7585862188 891980.8028741895 -599241.6296230231 1959537.468849495 -562380.1247414573 -4854273.498746659 6814164.685576948 -2292207.2024690197 1236722.7234842668 -2424680.8053575344 -1039725.492780415 -2141892.5904241623 2534392.3989692032 -1210010.7957078605 569582.7399014272 1404887.67531196 -2652764.313700251
4493751.525969963 114386.92044242592 30363.001981967296 3913229.4948271005 -2380149.9474022654 -783194.1441810669 4592171.309690454 -455212.53436560574 1664411.778919175 -712766.3366905043 -2331310.533066752 1719061.117359808 -3089070.917343304 -3945060.425661719 660870.286098628 -2458404.441087367 -666359.0948888966 -4168214.431927713 -2078977.4899916544 -570407.5963243279 2128237.9910900453 -2471588.893668937 -1230840.5865499254 3717825.9102479895 -1530960.8638290379 880231.0038201731 30945389.045870237 2796245.213912973 1828869.4602759797 3426507.239820868 1644703.552559295 1084618.390732286 1079130.2082636026 -1897756.8373643362 3028313.7448572833 -3150127.3170223115 240165.35976828236 94486.30885160397 1731047.8357471416 445889.37797137175 23078.335287412498 -109947.33034319336 1756286.5665594575 -395847.5864796187 2277978.525874409 2127550.699249097 -263401.3159145198
-732856.4299320234 -2940134.366078871 -1591946.3714317882 -635349.6741725209 -1035260.2128587995 -1422749.9677478066 831700.579308912 5566703.478737459 1340063.9841353404 -3388742.8502257345 -134396.6607357977 470174.24940576375 202898.66719270474 142876.07917716392 -6965553.383488491 -4602933.494699722 1482929.1162828892 -4756619.771001164 3071541.240770099 4494129.457595445 2083925.9215108864 2143154.917002325 2343628.9177656504 -3464946.1857948373 -1461236.6514901537 828334.1508561404 2796245.213912973 34033454.795691594 3849226.6524215485 -2213672.1831142227 222691.5806382797 1005334.7307810169 -711089.480512537 7104.489407733545 -4466500.1241759835 -4707442.304260233 562906.9487686623 -2366057.4373507625 369367.7402727345 -2409645.051758058 -1656619.9978255683 1232709.7934250468 616083.4239075183 -689874.3271146537 -1388393.3975270484 2745063.449298495 -166671.32033124438
-4010019.5633062334 -289676.8173520454 -3939980.6458814633 449349.4931319468 458069.4274243204 2714244.223457643 2355771.6561346566 1836466.2700044848 -2767194.2157864217 2292083.8412073627 -1497638.4245408545 1238839.2514503465 50152.44223368476 -603077.8895355212 845621.9089562927 -4920806.204602923 -1024640.144480216 897749.6048511218 -656331.8285899524 1016914.0023642376 2143032.141345222 482099.19511303154 322448.6154298945 -1103948.8519168235 2791654.8137666965 452068.23261935054 1828869.4602759797 3849226.6524215485 29696182.591598775 -1771447.0010755367 -161992.50921080535 -1844005.4204119162 3039341.2407236495 -645476.8609118962 -4279078.957564356 1070053.9434694988 -3298572.382128438 -489574.4906269528 4979035.225703836 -1131086.753694922 -94983.81291629894 -1712560.836139277 -2460896.3464553608 -157693.55225656368 -5714881.476249294 3880998.4881810644 551764.9172804373
6995007.975393175 -487621.03690210514 1173265.6688340742 261028.70338890882 -102848.38895587299 3931298.9867096343 -2729139.619164658 -2905014.710703199 -766331.0044378974 1525612.6336595814 93837.80110320161 -2116277.2923347 -17414.084440951618 1896108.7227077058 4088973.4140641885 -3618577.8682868737 -2841094.7286138004 -166280.74773150496 1375849.2799741663 3980430.130924729 -3828434.391200641 354466.53996292484 -5106768.453775113 -310276.10120911757 -4263293.405297433 -2741033.3078578166 3426507.239820868 -2213672.1831142227 -1771447.0010755367 30951050.635666374 3033370.4575453256 2837119.4435719196 -828397.8171187954 -293460.3073001104 1773053.537550505 1449958.5044800506 -5227920.948600837 5032955.837621272 -1830013.8427730184 -3432470.6237895074 1168568.456467831 -2141257.236526838 -3852345.039228338 -4858711.337766648 -1633935.99965411 2716402.1445844956 -606333.6582232955
-2336172.8853531503 3438716.4385024486 3616524.5575681864 1967682.2750278302 532830.4300380088 1891761.7450534347 3375159.3617823217 -2290541.80180695 2061642.3201473157 -847834.604120744 -2637517.5473723547 -1546869.0178427473 -4818113.199297234 -2782977.9654810694 -2087218.1124356037 -653708.8042211377 709185.7778789144 647285.3992823604 1916542.1192160158 3747560.931859857 380455.54263413046 690734.0240161252 -2059957.0296738187 825484.2605005703 1674872.8066401533 1565623.7585862188 1644703.552559295 222691.5806382797 -161992.50921080535 3033370.4575453256 32825895.353793878 -1699426.0871116673 -472115.4204426471 2793409.8513802337 -1709906.2919172978 -2965351.2637339113 -2775944.086275585 -2124441.2659227476 -5945612.123102853 -1740856.8625000578 188348.44271077067 -1317130.0798772601 1358269.1809007453 4498144.051748109 -3272511.8831106867 -1845399.9433228509 949232.4096562628
-2384418.802249865 446592.9330906104 116377.27551525808 590704.6111296526 6024812.854968155 -1658811.5030369803 6109337.358692378 2167751.6722371224 -2054957.6816955106 5421623.001531968 6554814.091667315 -5101318.990644076 4363616.524942522 100113.37410834686 5176734.965658922 106924.3320830477 -3857715.8367046867 181358.47424078194 1187136.5119992201 -2513908.0591130345 1562501.1367774366 -1725735.0915276024 -5332790.6169126285 5623721.943409271 -1038918.7746848213 891980.8028741895 1084618.390732286 1005334.7307810169 -1844005.4204119162 2837119.4435719196 -1699426.0871116673 35574181.09113018 -4765544.423781504 -2845611.302698245 -753616.473230361 520831.27958192036 60648.90801654063 -2128280.2978545954 2542615.1063326993 -854892.1771084712 -6033937.489552926 -4671435.505313443 -1755342.9120917413 859992.9047483306 -3692262.183016591 -917915.0395145244 -12540.867566041374
3804501.666916923 -2781037.6327671898 -114990.74043057374 -513904.4538188265 1157545.403904364 1069700.2147656053 -455891.74934555526 -80878.08286369557 -2753315.128463883 -139166.29987936543 -1584543.0811709804 -1563940.0657038707 -3247004.927002842 -210393.53119730344 2371201.6581000476 1663796.8474321724 -463941.05337317736 386720.21375943907 -26629.111401153972 -1446796.3768765845 6438763.602654084 -544504.6275681317 3397491.8971686885 2376551.7391773784 335030.002228182 -599241.6296230231 1079130.2082636026 -711089.480512537 3039341.2407236495 -828397.8171187954 -472115.4204426471 -4765544.423781504 31973577.30822418 6225858.674907414 -1047692.2260922104 -2224620.488623376 -3761412.82786419 -691775.0488872188 2370343.0804166836 2360816.250433076 -2274125.6103990846 557475.375071366 -1444573.8327309103 1040462.1409948776 -80379.29170760454 191720.56262589205 1522610.0559234102
-1342823.6487528048 2253253.3693502164 -3057643.6283861017 -1682022.1145544057 1734407.3602186695 5898393.132562326 1112576.5151145074 -1534701.8840311156 1353137.0080362018 10241.0178241069 3348512.0853878483 -3919265.433647118 -6144151.127614769 369338.8446255354 -610783.3007637446 393035.9682908867 -350176.30044836 -2673729.222465295 1484744.995899643 1.466955396556115 1838400.6605976732 871361.2394902664 -7170332.72068964 697844.8286190437 4018348.5742193786 1959537.468849495 -1897756.8373643362 7104.489407733545 -645476.8609118962 -293460.3073001104 2793409.8513802337 -2845611.302698245 6225858.674907414 36003682.010929085 3410694.815938047 2892887.5370253935 1290089.8415007489 -2637424.3074870543 -1653414.0857370521 -3218588.5466484595 -2620136.939036521 1187519.9504765822 878514.3176543034 4142583.511478627 -1018086.5049827946 -905656.0213636125 55575.23683592064
-623586.5543498602 476864.35194713 -1896222.0514465752 -2830343.1367055746 206782.66587537737 2896208.8951359703 5351074.226108626 1188479.3868385537 1104304.522968469 -2310683.7166633597 4647938.261091461 -5506459.544949003 3699682.005156293 2248331.5990671176 3007207.9776460617 -2417884.1678842693 -4168617.418597778 821554.5687984388 -549341.0931263893 -1541141.0449839272 -2100013.6324622896 -2233019.8332020254 -1778980.938426837 5591361.885934712 2126807.058936728 -562380.1247414573 3028313.7448572833 -4466500.1241759835 -4279078.957564356 1773053.537550505 -1709906.2919172978 -753616.473230361 -1047692.2260922104 3410694.815938047 27692199.396101777 144491.03991166007 1692796.0280093395 7456255.413240255 1180699.4889877953 1490208.472148349 -2786347.6883456474 -3606067.0402743085 2552470.468573302 -458079.62445031607 4758980.97253558 -2570302.278984082 1451970.1806497222
-369874.97260588006 1727172.2835296993 -3646329.761905237 2049135.271208363 3882217.126590412 4937911.121987596 4814326.240684746 -4462602.954797067 -1989686.6787694667 -960486.5647430089 3837026.61226622 1695344.6407847547 -5076022.438681831 3752256.1851207586 1705067.4162521574 119211.4788908903 671923.6070190767 -279038.6216949386 -7051540.2417060295 -4849291.6178465355 -1656636.203571658 -1962383.0464583896 -5256885.152977018 -506192.3827809526 -1911294.5244819883 -4854273.498746659 -3150127.3170223115 -4707442.304260233 1070053.9434694988 1449958.5044800506 -2965351.2637339113 520831.27958192036 -2224620.488623376 2892887.5370253935 144491.03991166007 33684578.88124462 551900.6612852504 1955090.667768301 -818965.9360526546 -4038666.690776589 1208282.027518185 2658615.4676633268 -801008.2654741968 1000783.4033934058 -2213081.357547936 2255555.5568318255 -1090627.0614969512
-318951.11500561883 1432527.8861172202 -557639.4298353334 -7478324.70089233 1435485.419283926 3098281.3833189704 6441976.687865763 1985888.694368499 2399687.092560138 -3131550.8139151447 402902.86398887454 2653703.986782184 -3890558.067483645 895179.0956823006 -309896.2557340524 4132126.1757490905 1358944.1087120243 899877.8921995835 -7768337.050877321 -1813262.1150274933 -2366212.1136131817 1588160.0396877457 1649144.6594659118 -1903753.2252066613 -222906.24893496314 6814164.685576948 240165.35976828236 562906.9487686623 -3298572.382128438 -5227920.948600837 -2775944.086275585 60648.90801654063 -3761412.82786419 1290089.8415007489 1692796.0280093395 551900.6612852504 35585305.24816014 3236744.2392919734 -389103.42255183915 697216.0152348337 1382748.4106769406 -5704634.521773716 1059694.3883298205 845014.0674736378 3497494.5955238743 -985912.2270764827 -2995018.09057568
4698337.211438468 505653.72852226475 -6465455.439837673 419317.66663099354 7660416.295347671 2565111.9190882226 96055.95651960846 83610.33548348559 2734671.1794794574 5154045.255273795 1874451.7861208403 1212525.7748803583 2209657.8915668493 1374460.7596735675 -1007716.9060850228 -787750.2185005934 1492728.490049741 2772633.0462859445 -82893.0902495354 -3254949.1700369953 -3881250.292153844 4223377.743336344 2208495.6165711633 3432198.8272746797 -1708573.0838304125 -2292207.2024690197 94486.30885160397 -2366057.4373507625 -489574.4906269528 5032955.837621272 -2124441.2659227476 -2128280.2978545954 -691775.0488872188 -2637424.3074870543 7456255.413240255 1955090.667768301 3236744.2392919734 36113074.696428016 -1219839.0539410445 -130351.08243386055 4420771.072284458 -7034770.915918875 -1120975.5487506585 -970905.147867055 2814140.289968378 -2415383.4430613867 3702727.773304878
-3942731.53475212 -1826339.0986017322 -1641432.6560363765 -1402376.206234339 -2212569.185479713 1733687.195701917 2206264.9914535107 5017637.833148611 4140537.010642492 -793699.2084546852 3777705.3799714325 -2745829.4973185444 1949937.18713954 -119684.4359733095 -4124430.191933146 2464013.9154642867 3517332.2238292075 -16168.972908776397 -3831717.3700284967 -4348038.47005289 1213533.7265052919 -5443553.923944597 2070430.6331006524 5308605.872279468 2765406.780155092 1236722.7234842668 1731047.8357471416 369367.7402727345 4979035.225703836 -1830013.8427730184 -5945612.123102853 2542615.1063326993 2370343.0804166836 -1653414.0857370521 1180699.4889877953 -818965.9360526546 -389103.42255183915 -1219839.0539410445 31637814.41647353 2052484.1114859276 -588029.1620422069 2272529.0625800574 -2334082.6537477933 -274310.4904768771 2448410.1472536977 -3987116.470470777 2298082.6361486493
-982595.7904542774 3428155.4279439035 3315645.0777528607 -1997762.3847065538 -3919681.667219642 -2875060.3075185483 -931281.3022029301 1665488.301065489 710437.0547808812 -2259343.0090931416 -784687.6180775632 775186.7361507375 1537573.9582946545 -3037411.3749622963 -2636473.0930170827 603242.4464033655 -1597168.4161786137 4880171.466635469 1497114.4899734384 467685.8900718134 563346.7281494697 2704912.3775066608 882453.3152670396 -832563.3950815757 4502683.5234076185 -2424680.8053575344 445889.37797137175 -2409645.051758058 -1131086.753694922 -3432470.6237895074 -1740856.8625000578 -854892.1771084712 2360816.250433076 -3218588.5466484595 1490208.472148349 -4038666.690776589 697216.0152348337 -130351.08243386055 2052484.1114859276 26321048.620802592 3309944.89037867 242741.49087576338 -1890741.6806154312 1598058.3251197753 1214282.2908306008 -2935760.742624966 -2193344.8995454847
-412822.0164842325 -3488041.493512974 -3229680.919739167 -3772511.5546893105 1503345.439830202 -165840.19186883027 -6634416.587875628 2454326.012725356 1580999.918402952 3450024.3723986363 -804566.6050959426 713210.932554106 -227871.9509144262 294448.2637518167 -3274782.3655213956 1084645.443293751 1977202.1352578755 -1961361.063210937 806371.8079156749 -3370014.968313415 -1193344.5819049417 4082558.5751898335 809176.490774851 -5476291.361475548 -3650896.866568702 -1039725.492780415 23078.335287412498 -1656619.9978255683 -94983.81291629894 1168568.456467831 188348.44271077067 -6033937.489552926 -2274125.6103990846 -2620136.939036521 -2786347.6883456474 1208282.027518185 1382748.4106769406 4420771.072284458 -588029.1620422069 3309944.89037867 32812314.514341958 -818022.9929150763 -1811598.7223631716 180907.98985750737 5299015.60551161 1509202.1359113622 -1082820.3027718365
2172468.7014671713 -1259238.7475140893 -6818.80353840455 1074466.7806230881 -4966690.515128104 2094540.1866216364 -3240233.885305984 725679.6621049442 4698995.092977529 -660879.0667168187 -3202858.869329311 3255010.748950032 -3356207.4593497384 -1494271.2708955454 -235828.47073321397 -4014244.9189525493 4205432.121476471 442183.8782026052 -3426722.513047334 3314871.7511133724 -1672138.084695625 -1337138.86578021 1760757.9183039672 313925.9994485874 -349632.4008617431 -2141892.5904241623 -109947.33034319336 1232709.7934250468 -1712560.836139277 -2141257.236526838 -1317130.0798772601 -4671435.505313443 557475.375071366 1187519.9504765822 -3606067.0402743085 2658615.4676633268 -5704634.521773716 -7034770.915918875 2272529.0625800574 242741.49087576338 -818022.9929150763 32156290.700470354 149507.99455304694 1310650.133801082 1501316.0710358175 4734055.366486109 -4105592.3964057695
-675508.5857814092 805882.4939979952 -3628639.542992911 -352316.89411640115 3619549.5752703575 2563474.4418125814 1933027.2093639567 -1050392.414995149 -2114848.667397254 26826.737493745924 1546988.2113624525 -616689.3338837071 -5641282.326059316 -2026350.9531852365 -5744506.053865671 5857980.636245792 -1141077.0233912338 -2200043.2979096505 -3347927.7990283864 -2639450.1483447156 701719.1398653697 352095.23508902546 -6590407.14839584 -5021747.061749466 1218321.1020876074 2534392.3989692032 1756286.5665594575 616083.4239075183 -2460896.3464553608 -3852345.039228338 1358269.1809007453 -1755342.9120917413 -1444573.8327309103 878514.3176543034 2552470.468573302 -801008.2654741968 1059694.3883298205 -1120975.5487506585 -2334082.6537477933 -1890741.6806154312 -1811598.7223631716 149507.99455304694 33375036.39320577 -7999662.456778109 -1376336.4252630707 -3531862.1821033177 -1275549.6861731454
1423192.2280537956 -1723028.3073200544 1453532.324519556 -5221072.966516854 -2497620.32021689 -213117.85341376215 1314474.2074932887 1897791.5649942304 1114088.3114447992 -4736219.669031234 1360682.3412864427 -1112233.496548884 3870021.309615604 -217596.48924148912 -2361070.443083509 170218.6043356274 834141.7571798945 -2811651.554359811 2255670.4082927713 564466.5212727549 -789148.2617620251 6939.90246452589 -75414.68115779002 3453601.426575943 -4125203.359820866 -1210010.7957078605 -395847.5864796187 -689874.3271146537 -157693.55225656368 -4858711.337766648 4498144.051748109 859992.9047483306 1040462.1409948776 4142583.511478627 -458079.62445031607 1000783.4033934058 845014.0674736378 -970905.147867055 -274310.4904768771 1598058.3251197753 180907.98985750737 1310650.133801082 -7999662.456778109 33297570.072433975 -1023548.297089351 630801.2411764057 2293463.4186186665
3255766.7417636537 -2538166.723157122 -753586.2357125913 -2688641.237944966 1588764.6464307965 -4061565.2772149304 -1927947.2500888067 65182.274245527304 -2389730.423468168 -612105.4490898642 2612025.2092633527 252657.62435679068 -1742602.9173872254 744760.3736416122 707835.201937759 3206666.633671964 5084096.659772641 3474888.759015038 -4592899.321527084 -625976.7943427655 -2983400.969617409 -449775.6725172632 5135181.821901331 -9670.375555613013 -1256665.6231725977 569582.7399014272 2277978.525874409 -1388393.3975270484 -5714881.476249294 -1633935.99965411 -3272511.8831106867 -3692262.183016591 -80379.29170760454 -1018086.5049827946 4758980.97253558 -2213081.357547936 3497494.5955238743 2814140.289968378 2448410.1472536977 1214282.2908306008 5299015.60551161 1501316.0710358175 -1376336.4252630707 -1023548.297089351 35073157.17766147 2348603.746850288 -1667019.253953225
