34124074.58810012 3738344.0410049097 2727955.7200329644 2026249.8693774024 -215682.54505096795 -3692397.6560904784 6221869.590436371 -2661834.9117936078 978386.9261697112 1591710.651218231 -1141657.5182513555 -2183743.011459778 57593.28481588512 -4671371.680582295 -4760920.337805146 -4197601.029912309 1821083.5593567595 1346205.524144428 2675891.4598057433 2232943.0460803662 -1106550.085064445 -452165.9815739534 -933406.3143521011 852921.7333275134 -212059.874811578 -807709.1753858961 5071261.228388621 768014.066895695 692257.1624827606 -2785877.262631156 2289757.8251081356
3738344.0410049097 32489608.69557029 -1320836.8081218642 -2392487.1399486396 2785623.2999280575 -3310233.3955850834 -1630197.1697029697 -405934.64441088605 -473471.006044967 1240531.4595412337 1328374.405204404 2561018.7681458644 1752172.6022716004 -5041093.754811244 1133537.2922876666 3434842.921796219 -1794144.227576707 -487952.2379983333 1807489.693649451 3378128.8595543103 -1335098.9640534115 2232220.98974564 5456858.033937916 1490632.8120713537 3643743.842920984 1356902.2042248964 -705215.689198556 3202563.5219740127 2216312.1291640783 -4609915.178378422 3629684.483991465
2727955.7200329644 -1320836.8081218642 34978914.04722542 2398308.717494593 -2840017.6636218205 1815769.8058138855 45367.35947839696 -470510.3017269274 -3597303.968422894 423848.9374362123 1302530.761875279 3531690.4836280677 -2673155.3744661636 -934118.4981403897 -1773169.730344005 -1845150.8403256335 3818164.2744563944 1062267.2594919212 4179597.4645867585 -3109361.7747885347 18894.677105916664 189631.08255616383 -2788649.346225547 -1507160.5608416577 -255757.5157518405 -3693377.332618055 1282364.7774068993 -816094.4604585266 -654283.9733780054 2970713.8558002026 -977341.4153062144
2026249.8693774024 -2392487.1399486396 2398308.717494593 32973594.04719029 -3242057.9217379685 1514877.659735216 1038958.9131953946 747113.5976605045 2066461.4070199004 769100.3049294846 11931.580077832215 2862284.45813486 -306079.7290696883 3938516.067478989 -1003899.595485105 1987843.456070412 914796.3616814712 2848669.5299020563 -563014.950686325 764338.290939091 -1084730.8174243453 -87736.37416919305 -1447077.241966006 1003813.0091068161 1697838.0305057003 -4068833.2170450957 -1638665.1437865836 -2515786.989270753 -849674.6087805775 227444.73744746647 -3520949.7417662023
-215682.54505096795 2785623.2999280575 -2840017.6636218205 -3242057.9217379685 33500337.152599443 -7886492.842951766 -748240.8125687103 1564988.0788803643 33014.438565989985 630593.2537913809 2262894.777691816 -1332236.072003795 -2579781.170120194 -5015983.342124766 4714175.207011463 -974422.1138057432 -3941857.5496767513 -3282683.540324637 1253248.0745627389 2093077.0510039367 3820584.026704877 -176143.5771459726 730341.091289452 -5845022.270450822 -642702.2074338839 4772996.77834214 1388814.4802434298 1535234.2161286692 4014634.1452579224 -1793987.1833946437 2897885.4199032155
-3692397.6560904784 -3310233.3955850834 1815769.8058138855 1514877.659735216 -7886492.842951766 36233142.232269704 -249901.46559532944 -1660644.9076088604 2642017.6337983594 -3002227.1755864085 1747818.9545187152 -1412467.7119579061 -2085424.1949079256 1786616.4196123574 -2964103.8270937162 -475591.28320890386 3730510.8885902604 3898351.4454641226 1733289.582538458 -1328788.7965956833 -71352.54627989951 -1718871.8734226523 -5907354.425760634 1307590.2590053242 -1688254.813307803 518279.91673076135 -648561.1717226526 -972651.7013906279 -212601.8741301215 669915.2090413711 329712.54400372924
6221869.590436371 -1630197.1697029697 45367.35947839696 1038958.9131953946 -748240.8125687103 -249901.46559532944 34201582.932240814 1689395.6268457244 -923663.5668147766 788543.7697999632 1016833.2351015267 3977311.416850357 4124609.903962129 1786315.688190311 278372.3756177808 848755.4744266482 532330.9470872515 -524293.1847683244 -1382225.7821987125 -2573593.9915240845 -2486444.4557446656 -2215714.6417469033 -4747889.910699738 -51537.09812515382 1411714.6256004882 312175.1762050324 4298031.387497804 -2331383.5662918733 4882496.036193528 2255799.173199129 1146254.3077864891
-2661834.9117936078 -405934.64441088605 -470510.3017269274 747113.5976605045 1564988.0788803643 -1660644.9076088604 1689395.6268457244 34625810.37070356 -2087780.842890049 724918.9407081768 4560492.549129826 1244313.9668331116 -2441711.7169170952 3260475.940364214 -1903695.9780672397 -858126.2238555487 -4266656.233052042 4707548.332507236 1794470.4600255396 -4410534.436376366 -5672626.497077636 -2911005.604616427 884843.225506602 -1633814.567799834 -2050797.138796489 2381679.3621585416 -117621.42932946408 -3988954.956782728 -301859.7724840935 1204418.1156069862 3872029.8457525866
978386.9261697112 -473471.006044967 -3597303.968422894 2066461.4070199004 33014.438565989985 2642017.6337983594 -923663.5668147766 -2087780.842890049 36013446.76849597 -554202.0923394779 -881831.2421549497 1407861.5030155627 -1370487.219238947 1713791.661561114 -2405137.5199847287 -354648.5899024646 -204561.93914197406 1911264.1779794476 1793565.9002322275 299530.69715382 -1920934.9358468333 608331.051760928 -2396635.789732792 2090662.231635639 -2679687.981162976 1647455.9621189346 307823.19506791205 614166.4072410861 -1793379.3801584435 -1300216.1503914406 3044806.5438134787
1591710.651218231 1240531.4595412337 423848.9374362123 769100.3049294846 630593.2537913809 -3002227.1755864085 788543.7697999632 724918.9407081768 -554202.0923394779 30456781.384607583 1370538.67598168 1061886.7784860583 -1717402.6132200065 -1064302.3178585444 -946272.565822822 -326493.40801311005 1057005.943821185 911062.2650097803 -2022107.2581172907 -2860349.874907322 491154.30307323573 -3271709.7201372567 -2072837.3421187492 -2509070.3294904386 2314406.607507098 -1639075.8180068538 3225757.172406078 -1412636.467528364 -1812613.3693780575 -926849.2304608077 4108729.0594254914
-1141657.5182513555 1328374.405204404 1302530.761875279 11931.580077832215 2262894.777691816 1747818.9545187152 1016833.2351015267 4560492.549129826 -881831.2421549497 1370538.67598168 34993667.93708773 1019356.2962473438 -2497774.6426249733 954005.9454421882 -1713847.4713117492 2285795.194254729 -2038082.637902151 4298674.165667449 1753439.2697345072 340743.46912697173 -716486.4236282586 -1637914.3716669027 -334057.02256338537 1041136.3629574922 1415426.0748157527 -908215.6721978739 -1767965.555688374 -5564691.185221503 2123284.8116763025 -992611.9688974728 -265517.5764469624
-2183743.011459778 2561018.7681458644 3531690.4836280677 2862284.45813486 -1332236.072003795 -1412467.7119579061 3977311.416850357 1244313.9668331116 1407861.5030155627 1061886.7784860583 1019356.2962473438 31776773.840807445 -869860.2980097377 -1327686.77963911 623371.6807795288 -1360679.5356001146 -760116.1705674625 -335121.57623749535 -1744349.29782134 -850428.9873127075 -2485429.980315528 2845449.3834084175 -1305478.0527455157 770328.8492952195 -2133874.999697813 -2037812.2328089257 3026985.3966238014 -3782842.2078401116 -2505440.126663889 -746768.6039276887 -2229636.951892717
57593.28481588512 1752172.6022716004 -2673155.3744661636 -306079.7290696883 -2579781.170120194 -2085424.1949079256 4124609.903962129 -2441711.7169170952 -1370487.219238947 -1717402.6132200065 -2497774.6426249733 -869860.2980097377 33842377.82887522 -1747938.7363732127 2042248.6963852954 2330389.8732097237 2168899.174429761 -2089235.0523514538 64919.231342765146 -1565014.8875449784 1125541.2622175463 1220692.5846018686 -1436555.8893914598 338929.4214445907 -1802887.4415544195 2207702.2602675967 -1303902.0406738657 -2312360.1136008794 -5589754.370409627 134346.34084625047 -1409339.1703267859
-4671371.680582295 -5041093.754811244 -934118.4981403897 3938516.067478989 -5015983.342124766 1786616.4196123574 1786315.688190311 3260475.940364214 1713791.661561114 -1064302.3178585444 954005.9454421882 -1327686.77963911 -1747938.7363732127 31971830.484102286 1954855.2526166623 -1674940.8108412814 1010924.2414103281 -56430.1192873358 -2000490.4363625073 -1151596.7200544733 -3057144.7469591326 -3002110.1089668344 -2055886.9165103717 2128714.566128743 -86165.63363124616 2031813.298304845 286730.3958721626 2811489.9613319873 1715525.9914922435 1139576.7452064082 936886.805870161
-4760920.337805146 1133537.2922876666 -1773169.730344005 -1003899.595485105 4714175.207011463 -2964103.8270937162 278372.3756177808 -1903695.9780672397 -2405137.5199847287 -946272.565822822 -1713847.4713117492 623371.6807795288 2042248.6963852954 1954855.2526166623 33166322.01698981 -3738768.8598087654 -325567.1021565716 632333.3825494688 1660662.923749758 4669615.33766535 1649146.4686379489 2419262.3515812927 1773728.626977609 2347622.4006511043 267480.10293973587 2256344.8613664852 974849.2228584995 -563502.7942030884 -2194303.122953057 -106650.61601317316 926330.9986650451
-4197601.029912309 3434842.921796219 -1845150.8403256335 1987843.456070412 -974422.1138057432 -475591.28320890386 848755.4744266482 -858126.2238555487 -354648.5899024646 -326493.40801311005 2285795.194254729 -1360679.5356001146 2330389.8732097237 -1674940.8108412814 -3738768.8598087654 32236403.436920878 2927612.0596423917 1470107.5093697573 -93281.83129941273 544914.221914094 3864909.2317705653 2774083.4981752075 1509525.0919043927 -1438112.402793338 1900950.2302564757 -1500452.0834144526 -3728457.601612246 411848.25270680693 2675505.31968704 1347764.4670350219 1282891.5550127297
1821083.5593567595 -1794144.227576707 3818164.2744563944 914796.3616814712 -3941857.5496767513 3730510.8885902604 532330.9470872515 -4266656.233052042 -204561.93914197406 1057005.943821185 -2038082.637902151 -760116.1705674625 2168899.174429761 1010924.2414103281 -325567.1021565716 2927612.0596423917 35877014.319832735 1128279.9766864248 -365780.51737539406 -1893068.7793252342 1870400.8766621042 4623680.144285922 -2556556.0489772675 -1623566.572613539 4253386.3699639235 1826664.8456360365 -2207127.926161156 -2505361.578222961 -2510815.1654334986 1567953.1544671122 -659886.0363466704
1346205.524144428 -487952.2379983333 1062267.2594919212 2848669.5299020563 -3282683.540324637 3898351.4454641226 -524293.1847683244 4707548.332507236 1911264.1779794476 911062.2650097803 4298674.165667449 -335121.57623749535 -2089235.0523514538 -56430.1192873358 632333.3825494688 1470107.5093697573 1128279.9766864248 36120404.2597407 1364962.9839681338 -133068.94829551477 38146.607003843375 -1494989.221034896 2649754.795526915 -3342968.8408350623 4840380.071376183 1870699.0208103403 -726559.7877610218 -1551373.0456612196 -2303109.5931415637 -663624.7257946002 997511.370410728
2675891.4598057433 1807489.693649451 4179597.4645867585 -563014.950686325 1253248.0745627389 1733289.582538458 -1382225.7821987125 1794470.4600255396 1793565.9002322275 -2022107.2581172907 1753439.2697345072 -1744349.29782134 64919.231342765146 -2000490.4363625073 1660662.923749758 -93281.83129941273 -365780.51737539406 1364962.9839681338 36125934.48164739 1543805.2590996434 -1579606.6068674882 -857670.1491555385 868806.0603104654 -20283.267159911404 -475342.52476954355 2096211.7871588466 -3999479.1442234465 1677352.9501495485 -4033433.7795119393 3768317.692905409 329944.8554512815
2232943.0460803662 3378128.8595543103 -3109361.7747885347 764338.290939091 2093077.0510039367 -1328788.7965956833 -2573593.9915240845 -4410534.436376366 299530.69715382 -2860349.874907322 340743.46912697173 -850428.9873127075 -1565014.8875449784 -1151596.7200544733 4669615.33766535 544914.221914094 -1893068.7793252342 -133068.94829551477 1543805.2590996434 34075162.22805965 -1172207.1872105899 1397713.7275229495 2985230.8374307835 1412895.8409856826 634221.3755180854 2893815.0546180443 -6108431.3318366995 3109816.0930324877 1688415.6956812914 -2333589.4444071227 -3946780.75650504
-1106550.085064445 -1335098.9640534115 18894.677105916664 -1084730.8174243453 3820584.026704877 -71352.54627989951 -2486444.4557446656 -5672626.497077636 -1920934.9358468333 491154.30307323573 -716486.4236282586 -2485429.980315528 1125541.2622175463 -3057144.7469591326 1649146.4686379489 3864909.2317705653 1870400.8766621042 38146.607003843375 -1579606.6068674882 -1172207.1872105899 34667743.6943068 -91144.47060907146 3219974.3355416516 3810684.721303187 -339065.89399891865 45022.26793689591 -1711477.6169853006 3277085.302667496 736914.1939803582 1580530.5628003154 2545836.5986330523
-452165.9815739534 2232220.98974564 189631.08255616383 -87736.37416919305 -176143.5771459726 -1718871.8734226523 -2215714.6417469033 -2911005.604616427 608331.051760928 -3271709.7201372567 -1637914.3716669027 2845449.3834084175 1220692.5846018686 -3002110.1089668344 2419262.3515812927 2774083.4981752075 4623680.144285922 -1494989.221034896 -857670.1491555385 1397713.7275229495 -91144.47060907146 32439830.64178579 -663408.8900123753 687343.1869426535 -819777.7261473506 -761869.7943239501 5294715.755283624 454886.9042135808 -527116.0682274146 -1795546.0874449254 96752.4121029373
-933406.3143521011 5456858.033937916 -2788649.346225547 -1447077.241966006 730341.091289452 -5907354.425760634 -4747889.910699738 884843.225506602 -2396635.789732792 -2072837.3421187492 -334057.02256338537 -1305478.0527455157 -1436555.8893914598 -2055886.9165103717 1773728.626977609 1509525.0919043927 -2556556.0489772675 2649754.795526915 868806.0603104654 2985230.8374307835 3219974.3355416516 -663408.8900123753 35537373.590541765 1278123.7858852432 -853328.0848185621 1247095.0693230499 -251170.32287811537 -2738143.6878644982 -1039589.7039892474 -4891394.7559246365 -816227.3193015379
852921.7333275134 1490632.8120713537 -1507160.5608416577 1003813.0091068161 -5845022.270450822 1307590.2590053242 -51537.09812515382 -1633814.567799834 2090662.231635639 -2509070.3294904386 1041136.3629574922 770328.8492952195 338929.4214445907 2128714.566128743 2347622.4006511043 -1438112.402793338 -1623566.572613539 -3342968.8408350623 -20283.267159911404 1412895.8409856826 3810684.721303187 687343.1869426535 1278123.7858852432 34385116.720843114 120041.91806440541 -2912780.440989452 682021.2201095427 -355331.48856978817 1226382.2992234107 -1364859.6032150034 -3153368.8211059496
-212059.874811578 3643743.842920984 -255757.5157518405 1697838.0305057003 -642702.2074338839 -1688254.813307803 1411714.6256004882 -2050797.138796489 -2679687.981162976 2314406.607507098 1415426.0748157527 -2133874.999697813 -1802887.4415544195 -86165.63363124616 267480.10293973587 1900950.2302564757 4253386.3699639235 4840380.071376183 -475342.52476954355 634221.3755180854 -339065.89399891865 -819777.7261473506 -853328.0848185621 120041.91806440541 32824557.203770887 -791582.5286358177 2172903.3400288406 458086.9176688129 866590.2794876003 -2079151.0747134634 -2313735.6941190427
-807709.1753858961 1356902.2042248964 -3693377.332618055 -4068833.2170450957 4772996.77834214 518279.91673076135 312175.1762050324 2381679.3621585416 1647455.9621189346 -1639075.8180068538 -908215.6721978739 -2037812.2328089257 2207702.2602675967 2031813.298304845 2256344.8613664852 -1500452.0834144526 1826664.8456360365 1870699.0208103403 2096211.7871588466 2893815.0546180443 45022.26793689591 -761869.7943239501 1247095.0693230499 -2912780.440989452 -791582.5286358177 31755443.738490634 -585251.0178604957 463623.6767045738 -1334596.3000385445 -1967471.763253271 1585497.4940195617
5071261.228388621 -705215.689198556 1282364.7774068993 -1638665.1437865836 1388814.4802434298 -648561.1717226526 4298031.387497804 -117621.42932946408 307823.19506791205 3225757.172406078 -1767965.555688374 3026985.3966238014 -1303902.0406738657 286730.3958721626 974849.2228584995 -3728457.601612246 -2207127.926161156 -726559.7877610218 -3999479.1442234465 -6108431.3318366995 -1711477.6169853006 5294715.755283624 -251170.32287811537 682021.2201095427 2172903.3400288406 -585251.0178604957 37000026.22734575 -2109936.90907343 -1381417.1803408854 -2063146.2726642792 741099.1961626398
768014.066895695 3202563.5219740127 -816094.4604585266 -2515786.989270753 1535234.2161286692 -972651.7013906279 -2331383.5662918733 -3988954.956782728 614166.4072410861 -1412636.467528364 -5564691.185221503 -3782842.2078401116 -2312360.1136008794 2811489.9613319873 -563502.7942030884 411848.25270680693 -2505361.578222961 -1551373.0456612196 1677352.9501495485 3109816.0930324877 3277085.302667496 454886.9042135808 -2738143.6878644982 -355331.48856978817 458086.9176688129 463623.6767045738 -2109936.90907343 33058488.481809497 2900165.986196943 -1453827.4638820477 2587210.3217545645
692257.1624827606 2216312.1291640783 -654283.9733780054 -849674.6087805775 4014634.1452579224 -212601.8741301215 4882496.036193528 -301859.7724840935 -1793379.3801584435 -1812613.3693780575 2123284.8116763025 -2505440.126663889 -5589754.370409627 1715525.9914922435 -2194303.122953057 2675505.31968704 -2510815.1654334986 -2303109.5931415637 -4033433.7795119393 1688415.6956812914 736914.1939803582 -527116.0682274146 -1039589.7039892474 1226382.2992234107 866590.2794876003 -1334596.3000385445 -1381417.1803408854 2900165.986196943 34303673.03317933 3397414.8779935245 1907045.8656316823
-2785877.262631156 -4609915.178378422 2970713.8558002026 227444.73744746647 -1793987.1833946437 669915.2090413711 2255799.173199129 1204418.1156069862 -1300216.1503914406 -926849.2304608077 -992611.9688974728 -746768.6039276887 134346.34084625047 1139576.7452064082 -106650.61601317316 1347764.4670350219 1567953.1544671122 -663624.7257946002 3768317.692905409 -2333589.4444071227 1580530.5628003154 -1795546.0874449254 -4891394.7559246365 -1364859.6032150034 -2079151.0747134634 -1967471.763253271 -2063146.2726642792 -1453827.4638820477 3397414.8779935245 30283885.725339502 -41391.06964565356
2289757.8251081356 3629684.483991465 -977341.4153062144 -3520949.7417662023 2897885.4199032155 329712.54400372924 1146254.3077864891 3872029.8457525866 3044806.5438134787 4108729.0594254914 -265517.5764469624 -2229636.951892717 -1409339.1703267859 936886.805870161 926330.9986650451 1282891.5550127297 -659886.0363466704 997511.370410728 329944.8554512815 -3946780.75650504 2545836.5986330523 96752.4121029373 -816227.3193015379 -3153368.8211059496 -2313735.6941190427 1585497.4940195617 741099.1961626398 2587210.3217545645 1907045.8656316823 -41391.06964565356 30560467.78783736
