31424049.28610098 1016235.7562343482 869192.5528241408 -3876672.8115996798 6339692.064578824 1650375.5795366701 1538280.452805884 1432952.298109364 3829358.109884126 2661100.4167827447 3730638.139904961 193522.2396664482 1262854.5990807172 -1872544.7599973655 3164108.3916789875 1989487.3731498471 2440581.51519306 8074290.597876435 4585951.182584994 -319041.6288902175 1377778.1867857585 497182.54579731775 1140366.5075841495 -2846343.672097317 -5841926.916320091 -536121.5391085433 3659843.8999343235 -1508897.4372883267 -1353488.157885527 4838194.334044265 2324657.7200746858 -279482.70445164084 5333837.186553603 489885.1676873873 -2319154.151987827 -6386882.792589736 -4090340.431035538 -1314689.782148531 3094357.185399785 552420.2253692255 1040990.8411930864 6116036.217455845 -219229.3643138087 4428053.256936483 6097570.1332818745 -2626766.4552117754 528849.5741482998 -5464497.086457137 -1116760.6744033 -435045.730503567 -3063570.9991098903 -3395858.8754930925 -3634698.226653706 -825495.2255102384 -2021909.693254683 -168343.78146458074 -4150524.6159520973 -4056879.2197545315
1016235.7562343482 31897114.7169755 3288209.4630736494 145062.0650651088 4436175.259349384 -964429.6718102125 -477936.2778451497 -3042045.2631718367 5020312.953977083 -2022887.1336082465 1170781.0359689083 -300024.01202907244 282889.98363133834 -486720.5520907859 5205743.986632911 1849982.7768878632 -1065399.637067778 -2371176.018634633 1447473.021735072 3253632.1794027924 -4044172.675334747 -2926702.9748180853 -4822159.848989117 722948.4196939645 8313473.297728832 -5250681.922290728 167228.95202109325 -4008049.246072346 -270145.5031810154 -1497436.069947943 3997911.5757126645 1798374.9554031899 -338603.0707810068 2755526.6534400377 420776.8304868694 -2513038.600297569 -1724304.8146131537 -1368271.5317430415 -2627753.7876085686 -1644904.1036379612 789598.7070481585 -1130700.9279535713 2063577.9319714755 -765587.0554851098 194581.8132384997 -58368.24117353143 -2536630.255837724 2900163.1479623173 -3064449.809173422 -7260051.203544152 -4178561.694527474 -7678605.459582443 10107879.506718379 -1902574.0789700341 -3475248.2086669994 1682169.648256505 -3251701.4921449656 981865.7825851771
869192.5528241408 3288209.4630736494 29063055.397478644 2720481.8780135578 5397698.887485889 -2936710.264251847 -4758581.308177418 -3376103.3886391367 -3697285.833319939 1215881.0742958316 349280.2987671611 -505166.76947079255 -2494738.4831392933 -2628781.909453178 -3385860.457841385 -1392103.466337269 675534.3290987719 -4748046.43976858 1031248.2355484361 2676339.2260261513 -5323640.139311958 -2533078.2548030186 5911202.09919393 -2264865.85505646 1387985.65823049 499355.14254952833 1865119.5343663865 -2548465.508396569 1386840.2920930558 3394084.0916264253 716721.2630906322 -1942533.5742666784 -232080.8498658874 5966843.438771594 -3193719.941077456 -3243679.226954473 2713280.555439659 2997205.402932375 -878433.4209787981 1084510.6495848366 -3552722.575560038 -3853193.1093138293 6047834.253992699 -3225627.6074902844 -779281.7783233495 317797.98607650684 3454837.364991806 3927648.9434281294 -614668.5871245179 80542.27695658091 -1545551.2707144849 275750.0953519534 5329968.439735385 5632297.870126571 -1276727.9767102078 -6413953.482937777 -4089954.526617037 386114.37050817424
-3876672.8115996798 145062.0650651088 2720481.8780135578 30655040.958196994 6354388.874851836 -4576067.528985923 -598614.6986568486 -2621745.520568245 -5408111.492629252 -1243007.1847795022 -8252599.053460663 -3327773.812327041 -295063.8192114223 5504.422877699319 -247584.19215345985 -899501.5476688531 -3326504.826048142 -6380784.075822725 4647221.241733783 -1144577.9838469008 3113216.280148464 -6726397.76192168 -3722008.672616381 59973.098561417755 4016866.882401456 -5180027.954165464 -3364575.6256404133 -5579466.02811664 1221073.3994559085 -383728.2494458916 1921112.5807626355 -7219369.914477148 5896173.110123144 -879389.884119233 4735921.547701964 1646670.050306223 127947.33814511029 -2443246.5776913282 3107882.877730596 1898949.2652965223 -3103715.001507231 42948.444286848455 3457825.128502399 -92554.59490768015 800623.9187892324 -4531588.817284494 -7229362.57338988 -10921429.246852068 124389.800402705 -2393568.150944077 4604802.917935223 -867941.1084817142 3606461.2568025296 1337434.1551458938 -537431.7153922981 -2870012.730971509 -4314066.422873009 2323383.013890725
6339692.064578824 4436175.259349384 5397698.887485889 6354388.874851836 31350886.986253124 324112.9605706808 -389944.59501844674 1931651.9825300588 1816911.8239516986 -4159475.9290707367 1628054.9821607948 2453056.838621157 6014844.479926673 1194921.3164204543 -1096434.992531781 1483192.67662521 4231927.8033726625 -1765894.373819034 2151023.8387766685 1236593.1006673446 -790981.5601718888 -235542.75799755432 -3939821.798846059 4664697.475455775 2477053.3519511307 160619.75091916107 4840251.07976074 -1772955.4105719521 8186686.670653157 2556118.325728652 -759773.0869116224 83743.43371127003 269486.2735920263 -1380749.468355875 -2855619.960321425 45685.09490938725 1122516.0775670193 3311233.9279671935 1584872.5761258602 4291381.186162723 716067.1333358217 3481653.3050128953 -2380755.7564694793 290774.54363246734 1730143.2437861399 -4913197.709688019 -2374601.2940036263 -4713727.178610977 3334.1723184967973 2313451.2394453646 5358826.942643933 1283507.22172762 6170034.553182556 1956906.460285742 -2533340.3656917857 -5313267.767265459 -2552630.369232696 -2745134.2320018816
1650375.5795366701 -964429.6718102125 -2936710.264251847 -4576067.528985923 324112.9605706808 33765932.14576419 -580066.8910859182 -1561790.4131852975 4153550.4850222226 -678424.9611408827 4575509.48200621 -346168.64764388034 -6252405.393241767 3805113.9909944707 -1600569.5982239812 -1318532.7557468668 6013182.336112381 -164708.17357056396 -863324.3117382355 -1409159.9055401878 2357612.8156409995 933612.1437206274 3098939.874127824 -610515.3282097863 1911438.8786270423 -468674.6758638649 -4350663.655738416 4487333.014938347 2116084.026969573 -6969361.561806159 2267793.5101081654 5404792.784555125 7255569.996507663 -1050813.015463936 -2474056.302842773 -4349551.052896505 2219562.1072395346 -1159419.2259116904 209476.02302864482 -1865815.6062285176 5525492.811526089 1228196.068043221 -6282857.586639923 2748533.2566954303 3700575.7549885483 2832803.54080261 4338532.67667865 -1193261.2149761212 567932.2269040995 -2638191.6567933573 -4145145.883279058 4631624.883923565 -3954314.2344173957 -1050326.5430388881 -5045111.011243727 -4640899.215953783 61932.96191480447 -2663133.3375001685
1538280.452805884 -477936.2778451497 -4758581.308177418 -598614.6986568486 -389944.59501844674 -580066.8910859182 37134959.82577856 217475.44387578458 2878553.7331927735 640868.4181901242 334747.08283101424 2475240.599074745 -4267049.722870378 2192528.8772560917 -92617.65374230608 -609630.1874711281 4740122.018362182 -3317452.8478455814 577422.8773779008 -339920.91559771163 -40007.3558111979 -2084033.023219278 -881954.3174317366 4574512.945143766 -402744.99778571114 1253027.5799354026 953569.9783754211 3062771.1450773836 2553652.537666769 -3465556.080076298 -1983899.0493887486 4422209.974282181 -3185340.5847995393 -7193595.953491054 2764401.190519765 -2258308.510191791 2460084.4214563877 -660114.1128822276 898662.9028591049 3449247.755317766 1914177.1798216896 6058629.6674015345 1166847.504355171 -2400378.891160759 5168064.087833669 -557553.561169377 -394921.175269498 3416818.579410387 5189810.827507774 -4892138.687414323 2282759.00293357 -5163659.41760003 -5080586.187131687 -1100752.4057961125 3199040.3992586154 4016213.988941246 -3373383.6169688273 -1857732.6728609088
1432952.298109364 -3042045.2631718367 -3376103.3886391367 -2621745.520568245 1931651.9825300588 -1561790.4131852975 217475.44387578458 34318646.21754554 -137451.45175884714 -525626.1031046612 2868136.520017193 3461589.05952258 5468262.720091167 2857585.788850744 -4276388.682730495 1392465.395054749 -701011.0797449616 -1188757.9936711325 2520484.8733543716 1171324.7298388872 1946812.282857355 5555306.487601395 3242034.9327804917 475562.85927056527 -5177881.601466027 1662553.2660266084 5162213.548801243 -1800191.8707585167 -2054930.394099443 -4742307.878241938 4229471.918354368 -1014531.3163555063 -1122579.8650242083 -3368885.454619925 -3828707.9164797724 1389433.5268358432 -7049485.857456825 664392.5779028202 2693018.092601293 2037524.3397531023 1696337.6291399002 -7506732.075216451 -4986512.094070944 184735.73643098655 1324348.7455612507 1594986.5563574275 2210033.836656025 4815678.78202031 -4634165.5344566135 1289983.6508390268 6164710.703565508 -2753547.425680991 167990.5854128336 -2716802.9124909583 -296363.85258872615 1593617.1542745698 -1002503.9880235731 -2084538.781604504
3829358.109884126 5020312.953977083 -3697285.833319939 -5408111.492629252 1816911.8239516986 4153550.4850222226 2878553.7331927735 -137451.45175884714 32606445.200329877 75157.49658618109 1740580.6232048848 -441039.0741724257 845128.4081610523 -1526744.341354205 283569.0677353936 771975.1167069037 3641326.32265519 9556277.97184891 -4488222.47132172 6889655.118065783 -3238199.0279322285 -1808707.1415348237 -4868847.944264673 -2072428.803802425 1419801.1310494551 -1133576.3739098336 3898749.8726680977 -4909624.680825275 3506299.521416894 -2365546.296804254 3968885.186728367 4588109.200096027 313014.92794558866 4742844.983775026 -1474152.0515004161 -2826132.930046818 2629072.979113507 3044641.3361236686 4135226.5779762603 -1716197.0868433162 951350.5916255212 -1692301.2307553312 1463526.6673020297 1710325.729704976 1545073.2722575935 3572046.781359328 2830793.772885263 -2292644.1903781653 1360876.6108025468 -1864066.5224423364 -1205159.1858346015 -1719476.989441369 634484.1226800483 -1608171.3693420691 -2497146.766966665 -3507184.680118512 -347446.0949971724 1295998.0042755199
2661100.4167827447 -2022887.1336082465 1215881.0742958316 -1243007.1847795022 -4159475.9290707367 -678424.9611408827 640868.4181901242 -525626.1031046612 75157.49658618109 30698843.83316123 295745.5247112931 3067653.018753009 -1419240.717707099 -3848533.4723330927 6073279.706076683 2402824.4618425053 3515192.404602947 172810.13127913701 -2514051.204815074 3301459.9372464 -1387457.5570320326 971177.6949868064 -347455.8493206145 -4286248.9506445555 -5044189.321580204 -7178959.021000487 1269170.626195581 -4307789.083237598 1725512.7896217948 -221813.61576955748 503205.9463355937 293286.7521214775 3116999.6213497706 -5080019.524006066 2398300.3986422606 606382.7098447155 -2430239.358510743 3792119.625903937 1397101.877981773 3808486.316525428 -5284577.72715089 2369338.257139458 3228563.841146735 2135079.7729472024 -3299572.601728242 6686080.727103164 -3955143.9285720005 11662.456549458951 -4865101.019923605 -1565757.9140381524 -1787992.4805944022 -2299865.908076179 -2913793.146656198 1375698.6117198581 -421432.6066592561 -328056.2897072883 949023.5272959102 -5692218.394649061
3730638.139904961 1170781.0359689083 349280.2987671611 -8252599.053460663 1628054.9821607948 4575509.48200621 334747.08283101424 2868136.520017193 1740580.6232048848 295745.5247112931 34511601.309701495 775814.1164118268 -2469084.9947673026 2424177.351265082 -4032618.83118752 -512062.1449046657 974269.7614731264 4910454.692006915 -2069207.970417059 1893524.9162510803 -976354.8042550209 171494.68343202388 1617045.5364782852 -6715769.001896378 277264.3234545254 802094.7811748345 196900.2528382799 5069937.876453008 -1055862.213432124 -1729491.208942784 5206086.161606561 4011965.491280787 6743786.249288051 -1046280.3218998301 -1932989.5669055677 -1290585.3518226894 -3506107.98919577 6112253.691655587 1780185.7631312478 2581307.089704057 5172044.099090788 -4647828.77722073 -7117077.137527604 5772264.799321388 -4795665.779724962 47688.735991864356 6434791.403274056 5731637.899409435 1550085.3888671643 -379442.8703647943 2068231.6717742728 472886.3790857039 132010.01492187695 1265793.9687173394 -1001061.0735674046 -4058580.308983895 800085.7807438975 1897342.6071754382
193522.2396664482 -300024.01202907244 -505166.76947079255 -3327773.812327041 2453056.838621157 -346168.64764388034 2475240.599074745 3461589.05952258 -441039.0741724257 3067653.018753009 775814.1164118268 34027245.495049015 4502806.288889449 3397866.877984786 420740.0613876454 3888297.1116596274 -2043282.9016745016 2603419.976321782 -2246655.2521349806 6959431.3172846325 -1692134.4028304808 1403388.7271372825 1438351.3909908182 465852.24491395714 633672.7938528062 -268249.823284145 491236.96090338426 3277866.159419981 828088.7829211626 1641339.7238737326 -556159.1590471705 4103648.8049473693 -1289521.3047213452 -2844634.0225668116 -7948099.351860362 2849890.556743452 -992960.470457029 2687469.1560603743 1968436.8789491672 1212377.7893683547 5108575.630684777 -5076178.434081509 -256912.98718256637 -2173278.1866078423 -1682072.232559328 278592.68422752974 -2708903.224329153 584597.7433016286 -4245209.803243878 442110.29838362435 -1175848.3583226355 -2431069.530051759 1295116.545959587 -2565734.2664401294 6353163.459022394 2210957.5549370185 -1072869.0437492318 -1655873.8439382818
1262854.5990807172 282889.98363133834 -2494738.4831392933 -295063.8192114223 6014844.479926673 -6252405.393241767 -4267049.722870378 5468262.720091167 845128.4081610523 -1419240.717707099 -2469084.9947673026 4502806.288889449 34282754.13516379 611297.227111064 -2454382.469090151 -3326161.218601355 -2841231.527221971 1386990.6933394938 -8606446.412568979 -747803.4281227287 -3766862.3627969255 -1686151.5167813483 1329291.632901875 2939910.130507693 -3720586.81405262 3400311.0755363433 8155823.56629655 837217.3316056004 424764.28343158757 1408887.3958171227 530486.1569164454 1329108.1378667748 -725290.1481018515 1406421.063108178 -7924601.659688022 6700831.378130573 1873042.3461288768 2332515.7298461003 -1803252.4212103444 1713961.820627932 -1465519.3110962424 -327717.3231324704 6244511.661562854 1202122.292508229 -1575936.9947691339 -1301341.9584595007 -2964566.7222061325 325617.97910066694 2523217.178907902 4216770.905437967 -2796080.4759647683 326969.74835020327 2785376.125594853 -1485897.12229101 -1463999.3620962352 3283806.7953338968 -1239813.7991526935 -2222233.125859967
-1872544.7599973655 -486720.5520907859 -2628781.909453178 5504.422877699319 1194921.3164204543 3805113.9909944707 2192528.8772560917 2857585.788850744 -1526744.341354205 -3848533.4723330927 2424177.351265082 3397866.877984786 611297.227111064 25867627.88241571 154339.47055722316 -4183237.6820105435 -490816.42062435695 1561787.042655035 1804485.894125076 -269829.2444109747 399737.17215032823 -1461054.260699506 2392707.683044596 4681580.52856743 -206600.7111848758 476477.9944897884 -7192722.263893737 5223834.510507481 2619525.560851549 -1869362.412830088 -3644196.1681006653 1645026.8501677695 6502663.181922377 -1962367.6915875738 -1855893.1961969852 -1459299.3648558734 -858477.7724320506 -2671748.707197613 -1479147.818874093 -5233658.507145325 1326409.2920064924 -9609976.507057836 -564060.1646943584 1498477.845523667 179922.7663244303 4112249.143963413 4788469.885253735 148003.85917496704 2313181.176354445 -6505159.823084973 1099282.056894001 1086614.3869660553 -547542.551973153 -1398596.0799371132 -2570958.8921133955 3385393.0726396535 -4887363.611005929 -207499.35620228338
3164108.3916789875 5205743.986632911 -3385860.457841385 -247584.19215345985 -1096434.992531781 -1600569.5982239812 -92617.65374230608 -4276388.682730495 283569.0677353936 6073279.706076683 -4032618.83118752 420740.0613876454 -2454382.469090151 154339.47055722316 31413652.37217801 7918973.141878704 -7362902.750677271 4994492.611826471 425601.01301694283 2045386.0743700152 3677101.5008028788 -2537455.249069188 -7014374.281807791 319082.8524297437 1181247.3082633095 -2261175.7315487056 6674064.520670972 1626814.5507700483 -1543129.2176389112 -329119.4440054319 -2874774.389169469 994110.9099692714 3229627.9439563416 1026157.54186761 -2659121.0600973936 1751160.8939184747 -1341012.3321414485 2261796.8224797836 313032.9222645845 942292.5129345831 2966421.081920965 4593301.506416345 -1985219.0858876503 -261678.26452611 -292556.36598064133 -5200317.681810202 -1725817.108257649 -1341636.597949616 -4139321.581710406 -2017960.1953056117 -6853784.082817383 407733.63127118035 -3268399.2633228316 906201.3565307758 -1518880.5623155106 5879132.297683885 -4838187.014408243 -3636634.5890532243
1989487.3731498471 1849982.7768878632 -1392103.466337269 -899501.5476688531 1483192.67662521 -1318532.7557468668 -609630.1874711281 1392465.395054749 771975.1167069037 2402824.4618425053 -512062.1449046657 3888297.1116596274 -3326161.218601355 -4183237.6820105435 7918973.141878704 35227292.26200674 -3248721.7072888673 1050528.822610691 -335021.11926621135 -1758740.4726478436 2942943.677131405 3485160.478010295 3776729.512098728 1624902.2743737686 1375791.7175112972 -1746447.4783604338 2730897.1057952405 73604.25102818958 -4115213.3897589357 2026031.528398814 3804314.3580465587 468272.8526842442 -1528058.247432115 -290721.91864756524 -8541372.60561428 -2333058.309021291 2387804.386529676 3616805.277220729 2887334.258706876 926792.6315339401 2332149.4904534277 4037200.826857982 -2113836.513105934 1039112.2838862885 -4771031.0805793675 2174666.7340469495 -2081442.1046524802 1988943.155053298 -2872004.9751336128 -2032147.4464580973 -56283.2894128577 1349707.8635596826 -89501.05239718601 615081.3707980067 -2175305.976093356 782483.7574104099 -3184436.921937406 -2933426.5564022306
2440581.51519306 -1065399.637067778 675534.3290987719 -3326504.826048142 4231927.8033726625 6013182.336112381 4740122.018362182 -701011.0797449616 3641326.32265519 3515192.404602947 974269.7614731264 -2043282.9016745016 -2841231.527221971 -490816.42062435695 -7362902.750677271 -3248721.7072888673 41738006.82531375 -2214792.082559246 -5949059.2059246125 5380350.7142291395 -4041768.7093910426 -4390636.776728073 9541764.227334673 -1929941.6927644056 4340523.135005697 -7730139.089385674 -3013103.936831938 -1514011.5932384322 4415921.676414721 -1731911.7203657269 -2531359.229927417 6157502.190270836 -3700761.3411797057 -1447836.764736149 1063243.2009567705 2030622.2778629505 6237659.787982874 -1508338.2058408337 1768161.5181709034 7761144.709176401 99388.0445804156 -531656.7543628655 -750584.5725919235 3567396.6733206403 6349127.416033558 1342588.084887854 -5315276.628755764 -2013615.0700490016 -3539395.813613763 -3215711.042688257 3228528.808425341 5711896.449638318 -3642536.4978451477 -1109063.8154614116 -688799.8260038105 -4163322.305421851 4690021.359597303 -912168.8307987499
8074290.597876435 -2371176.018634633 -4748046.43976858 -6380784.075822725 -1765894.373819034 -164708.17357056396 -3317452.8478455814 -1188757.9936711325 9556277.97184891 172810.13127913701 4910454.692006915 2603419.976321782 1386990.6933394938 1561787.042655035 4994492.611826471 1050528.822610691 -2214792.082559246 34779291.46250956 -2835314.563519696 5889867.759784737 -161899.33991203186 6156542.891465775 -1514135.8406048205 2620205.261158628 1996000.9385441828 184380.50562104268 2726692.5888728546 485755.62352232786 -2404541.597989968 3388971.876820509 -2420734.4156089965 5358019.672167694 1232326.7867645305 994876.064489716 -1030902.375485321 -4502748.34389748 -6217221.68425623 -156345.94063395186 2595882.303307632 -4712674.508969328 -1542231.9221376446 835842.9980583331 -1230548.0420006877 2388938.5892586755 -8172131.143168866 -1693853.24561105 1299324.5017108603 -4032778.704985468 -4965536.206593609 2802681.978322124 -3706072.5915945633 3007967.8201096924 -1260217.8982314053 -2303244.539861458 -1225909.3841561263 1372598.3363403908 -942281.3123902858 1363335.7258410612
4585951.182584994 1447473.021735072 1031248.2355484361 4647221.241733783 2151023.8387766685 -863324.3117382355 577422.8773779008 2520484.8733543716 -4488222.47132172 -2514051.204815074 -2069207.970417059 -2246655.2521349806 -8606446.412568979 1804485.894125076 425601.01301694283 -335021.11926621135 -5949059.2059246125 -2835314.563519696 32963486.73252716 -2441772.4833838874 8340716.1080526365 -2719889.47824865 -3182583.2798602297 1189375.7863851495 3261776.660070071 -2883674.0581295793 -6112013.082873047 -3589157.5159544884 3164565.0990637513 -2731852.857280674 1303100.7496209838 -8703239.501802586 1319701.2971654576 -5707135.354561932 4598734.346327542 -5330040.730014485 528593.247986558 2248973.6686953204 171420.70839605323 1741641.6594770134 1058222.4786899765 668671.3274059882 -411573.31990720646 -2698675.3943991954 3335354.292175344 -2295084.181038967 6149680.506456349 -2963174.5723280613 4240074.490252565 -3742892.4332748638 917803.9824113057 -4954712.521438638 7517056.134603417 5195998.038940783 -1179237.8591745012 236685.9353975612 -2534099.672030414 890869.6341682152
-319041.6288902175 3253632.1794027924 2676339.2260261513 -1144577.9838469008 1236593.1006673446 -1409159.9055401878 -339920.91559771163 1171324.7298388872 6889655.118065783 3301459.9372464 1893524.9162510803 6959431.3172846325 -747803.4281227287 -269829.2444109747 2045386.0743700152 -1758740.4726478436 5380350.7142291395 5889867.759784737 -2441772.4833838874 36085346.328220494 -4722555.826336866 -2576231.905908915 4433885.238765854 -4286382.420511416 2131576.8475533663 412068.5908631646 3431648.0796713983 -5536092.520716839 2548890.7276641093 6979179.754912913 -3776676.9542090464 3649509.011492073 -4168167.29081377 -3043307.4509843076 1613184.7602887186 -2693121.56304041 759022.5674528456 -2438130.4520714637 -2067059.8998348445 5061688.653364829 1449735.1463338872 -2176037.972310155 3651643.657866227 1279306.0214150567 805148.1734665852 4092305.6141984193 -1292874.943938096 -1685875.9840517025 -8408198.145595156 -4061607.8758088592 7538514.527488236 -1039337.9978505202 1499356.4927541316 -2567289.884653299 -2607476.914679696 1651169.9490471794 -1825891.7563216656 317154.0433428351
1377778.1867857585 -4044172.675334747 -5323640.139311958 3113216.280148464 -790981.5601718888 2357612.8156409995 -40007.3558111979 1946812.282857355 -3238199.0279322285 -1387457.5570320326 -976354.8042550209 -1692134.4028304808 -3766862.3627969255 399737.17215032823 3677101.5008028788 2942943.677131405 -4041768.7093910426 -161899.33991203186 8340716.1080526365 -4722555.826336866 35079733.20632993 3540280.465748678 658657.4159313543 -3423475.2535236035 20934.85875447124 -6049607.021286167 292059.02359256824 -2934110.9274508697 321803.6210844354 2827591.224554158 2424797.596012217 -7706485.393881873 -471242.9204552023 -593265.7185593435 -168192.76317960146 2660883.7834356525 1243866.6080184556 -745441.0308404693 4817721.207493241 -1993335.7845867958 5110469.92248263 5004967.627010096 2489818.0936289914 1379445.5615975445 2061790.3723176785 -2906220.6535690934 7012199.267328104 -3715102.4880100717 -825768.8988343776 -7469655.059385196 1082637.8923645194 2995703.5983824665 1778876.7807810118 -106166.15120273098 -2064316.699068925 -57665.032029716574 -2743400.459804513 152332.19380508113
497182.54579731775 -2926702.9748180853 -2533078.2548030186 -6726397.76192168 -235542.75799755432 933612.1437206274 -2084033.023219278 5555306.487601395 -1808707.1415348237 971177.6949868064 171494.68343202388 1403388.7271372825 -1686151.5167813483 -1461054.260699506 -2537455.249069188 3485160.478010295 -4390636.776728073 6156542.891465775 -2719889.47824865 -2576231.905908915 3540280.465748678 34224286.62768089 -956664.2903015482 2368009.313348609 4250625.198134964 494345.4998076403 6692070.309436486 -2276999.362334252 -3432723.90771386 453370.30081953446 -4662231.402485129 1390513.7596644852 -1532008.4779450796 1533666.1875031763 2365150.8671134505 188509.05353795298 -501460.1530207372 1013455.914789883 -1791500.9793261364 -2132468.630964117 252364.68219605874 -5928672.596154472 -880929.5024982088 5269018.928308839 -6880033.240544669 899946.4586627898 7304760.969204899 2217428.7908695037 -989677.0377393262 3474700.4818511014 -575528.7844143056 2190655.338114768 -1690637.0868368647 -4756244.278591678 3089959.49050886 949343.5523617966 2076421.1792993895 2886471.9283907856
1140366.5075841495 -4822159.848989117 5911202.09919393 -3722008.672616381 -3939821.798846059 3098939.874127824 -881954.3174317366 3242034.9327804917 -4868847.944264673 -347455.8493206145 1617045.5364782852 1438351.3909908182 1329291.632901875 2392707.683044596 -7014374.281807791 3776729.512098728 9541764.227334673 -1514135.8406048205 -3182583.2798602297 4433885.238765854 658657.4159313543 -956664.2903015482 34004464.52806845 -4597257.55217294 -2997687.291430301 1070245.6191577124 -4721651.755762355 7762732.527406397 -5869287.451678977 -2539650.4249569336 124618.60390514316 2669246.59224627 -1170807.6833293324 -1865975.9677739057 -6498316.882300295 -4683270.850815276 4396877.209625216 -7988768.784785836 618844.5632014567 -391623.82468340336 1309297.8437585065 3740541.9500912298 1018654.0195913034 -740185.9423564671 2471081.7553737583 3194455.4862510683 -1203681.985565111 4724828.475829666 -2289816.4133476843 -584423.5801072936 6874128.569286601 4603539.3692713585 -33387.60145029724 2638286.20607959 2760960.45075314 -968955.0924722218 -3575282.3858697833 -1184469.1674679094
-2846343.672097317 722948.4196939645 -2264865.85505646 59973.098561417755 4664697.475455775 -610515.3282097863 4574512.945143766 475562.85927056527 -2072428.803802425 -4286248.9506445555 -6715769.001896378 465852.24491395714 2939910.130507693 4681580.52856743 319082.8524297437 1624902.2743737686 -1929941.6927644056 2620205.261158628 1189375.7863851495 -4286382.420511416 -3423475.2535236035 2368009.313348609 -4597257.55217294 37364955.264988594 1421947.041395506 2925460.541468145 2707340.282944074 433916.41432359425 -987198.056300854 824557.7263557044 2468410.9981805035 2194565.4401973123 -687999.6523414594 -2574769.124811517 -1918.5393813042342 -7109277.317900088 6236116.61473868 -663733.640832773 -3385809.966205146 -4259247.459594837 -3119930.3200842426 -3145004.7757407944 -5325414.425566361 7208662.098415367 -5109880.532633206 1955083.634569496 1417005.9472773192 3171743.596865345 -4471912.762223939 1451915.5938627578 763591.5196198304 535475.7328270556 6014809.395437859 -131687.3580959049 -2434532.4493549853 3201399.039617658 -270362.7579641537 -129808.99131176673
-5841926.916320091 8313473.297728832 1387985.65823049 4016866.882401456 2477053.3519511307 1911438.8786270423 -402744.99778571114 -5177881.601466027 1419801.1310494551 -5044189.321580204 277264.3234545254 633672.7938528062 -3720586.81405262 -206600.7111848758 1181247.3082633095 1375791.7175112972 4340523.135005697 1996000.9385441828 3261776.660070071 2131576.8475533663 20934.85875447124 4250625.198134964 -2997687.291430301 1421947.041395506 32486411.523600373 -2088981.6867653485 -3214215.4752640342 3056371.173359772 -9498.743905981182 -553731.9912647016 2106850.792058732 -5911302.526337277 31818.224536989106 4595906.020235325 3023376.7374247503 3027602.8315222883 8620904.212497683 7128946.151989805 -527972.9597430928 506374.3420832622 2455254.193020729 -4132377.8662643004 -2835455.1479054308 1575776.1655145653 -1036309.8252791587 19677.068467560373 4371705.423402729 -2954222.683000184 6494211.813153142 -8090101.460909372 -2088901.4893540642 1674653.7005717903 4929934.147103054 -2598544.962348821 -1984790.156700559 -2876818.1638161344 -1331532.4760966795 944534.1656894546
-536121.5391085433 -5250681.922290728 499355.14254952833 -5180027.954165464 160619.75091916107 -468674.6758638649 1253027.5799354026 1662553.2660266084 -1133576.3739098336 -7178959.021000487 802094.7811748345 -268249.823284145 3400311.0755363433 476477.9944897884 -2261175.7315487056 -1746447.4783604338 -7730139.089385674 184380.50562104268 -2883674.0581295793 412068.5908631646 -6049607.021286167 494345.4998076403 1070245.6191577124 2925460.541468145 -2088981.6867653485 36449320.764357686 -452198.87765471137 3269169.2936388687 -2805868.8956532013 -24004.81633485824 -4851555.720188976 17858.666557497632 -1628252.2399788715 4784656.62999519 1551229.761433963 105812.03256898065 -5682196.12470466 169129.96387941562 -1483091.1451421797 4916545.911330867 3653112.3295266507 2346759.715207504 -1391710.4911234062 -1120023.8855167534 -120543.89886437591 1009229.230961309 -2223215.1431777845 2790041.4268994047 2696346.2881547688 9491441.936388796 4601500.059324391 -624063.8444727359 -1858851.8190723914 -3677095.599881674 382479.81192612124 2904704.8909381386 5348000.222408373 278040.38130749407
3659843.8999343235 167228.95202109325 1865119.5343663865 -3364575.6256404133 4840251.07976074 -4350663.655738416 953569.9783754211 5162213.548801243 3898749.8726680977 1269170.626195581 196900.2528382799 491236.96090338426 8155823.56629655 -7192722.263893737 6674064.520670972 2730897.1057952405 -3013103.936831938 2726692.5888728546 -6112013.082873047 3431648.0796713983 292059.02359256824 6692070.309436486 -4721651.755762355 2707340.282944074 -3214215.4752640342 -452198.87765471137 35321863.62858731 -4346654.084686489 -5240406.049813974 5116385.042173827 -2503641.965028324 -578442.5775131687 -6424290.6744199 8510414.15760267 -3696001.9914306807 2257662.989180243 -1066707.5314527056 2894621.2588290367 -292973.3882980858 -2065114.0930954516 -735189.2367320374 223127.82003796176 4631707.825251035 -410750.09921298124 833235.986071229 3942413.2883095606 1319253.089176972 -3815783.240570766 -8807812.133547576 -1437879.3431455565 -4191645.1927723303 -830594.250040232 -4676997.966122911 -2722104.573796628 1091542.9899115013 -3110003.342104 2803899.7357696863 -3853529.36977634
-1508897.4372883267 -4008049.246072346 -2548465.508396569 -5579466.02811664 -1772955.4105719521 4487333.014938347 3062771.1450773836 -1800191.8707585167 -4909624.680825275 -4307789.083237598 5069937.876453008 3277866.159419981 837217.3316056004 5223834.510507481 1626814.5507700483 73604.25102818958 -1514011.5932384322 485755.62352232786 -3589157.5159544884 -5536092.520716839 -2934110.9274508697 -2276999.362334252 7762732.527406397 433916.41432359425 3056371.173359772 3269169.2936388687 -4346654.084686489 30602286.771313835 -4145324.074992982 -1942396.9384204838 3956572.069264723 3389620.8073214465 230.88516631618143 -2736964.762797121 -2847847.1687860037 -6461402.503007583 -793066.0843952517 2663039.912135209 1719583.3386402065 -789645.9297878552 6127771.320698172 -210378.22710383183 2500456.277128145 -3327788.185784868 1036526.2034008967 4779204.679912826 7980831.305139566 6103532.803842843 -2148306.222669071 1366757.3592117452 -1831747.8648488997 9137983.337250747 -3011597.111118877 -5588037.12062221 183775.24512659005 -1822468.3059183597 -257445.42876968905 1146191.3744804452
-1353488.157885527 -270145.5031810154 1386840.2920930558 1221073.3994559085 8186686.670653157 2116084.026969573 2553652.537666769 -2054930.394099443 3506299.521416894 1725512.7896217948 -1055862.213432124 828088.7829211626 424764.28343158757 2619525.560851549 -1543129.2176389112 -4115213.3897589357 4415921.676414721 -2404541.597989968 3164565.0990637513 2548890.7276641093 321803.6210844354 -3432723.90771386 -5869287.451678977 -987198.056300854 -9498.743905981182 -2805868.8956532013 -5240406.049813974 -4145324.074992982 32592262.083034292 4098683.077989706 -2133498.62402433 6023620.154032819 1786323.2759507725 -390430.2286611643 -972357.4976238917 -2811756.7098298627 1013142.3752286377 3752640.1601405237 1194095.5550977564 505022.1290268947 -6549105.983778103 1942447.6588027112 -2849582.506813137 -4826434.2053795885 1984089.3800307875 2145408.1882525426 -1081338.6568097188 -1125231.256135705 4855636.103759605 -4195480.305467143 728107.7456551635 -4395472.767438097 5191936.775570407 1881272.323029794 2110353.849328988 -855194.3892874572 2817419.8237986825 1350661.0258843696
4838194.334044265 -1497436.069947943 3394084.0916264253 -383728.2494458916 2556118.325728652 -6969361.561806159 -3465556.080076298 -4742307.878241938 -2365546.296804254 -221813.61576955748 -1729491.208942784 1641339.7238737326 1408887.3958171227 -1869362.412830088 -329119.4440054319 2026031.528398814 -1731911.7203657269 3388971.876820509 -2731852.857280674 6979179.754912913 2827591.224554158 453370.30081953446 -2539650.4249569336 824557.7263557044 -553731.9912647016 -24004.81633485824 5116385.042173827 -1942396.9384204838 4098683.077989706 33579869.823249 6413898.847347243 28202.260441004037 -2097087.1937996792 3410651.558057009 -935229.663302232 1435188.5813191906 1777811.743541474 2972160.906481969 -1621726.1872047293 -3716118.176660459 -3265106.96952914 3855762.7446487136 3269376.860054767 -1310044.5845964677 3508965.5931103374 2022147.2489394473 1358165.3564726806 -1976425.121267862 -4534863.082026139 -6138878.012115643 78527.80258248001 -5190037.673107534 1111639.5385206 1270969.64716252 -2597551.9102713014 -1924862.8956637087 -3265907.2774253846 -960184.4264203241
2324657.7200746858 3997911.5757126645 716721.2630906322 1921112.5807626355 -759773.0869116224 2267793.5101081654 -1983899.0493887486 4229471.918354368 3968885.186728367 503205.9463355937 5206086.161606561 -556159.1590471705 530486.1569164454 -3644196.1681006653 -2874774.389169469 3804314.3580465587 -2531359.229927417 -2420734.4156089965 1303100.7496209838 -3776676.9542090464 2424797.596012217 -4662231.402485129 124618.60390514316 2468410.9981805035 2106850.792058732 -4851555.720188976 -2503641.965028324 3956572.069264723 -2133498.62402433 6413898.847347243 34037110.475969985 -751698.8475908282 913089.3606336195 -3684421.945933204 -830483.6461265907 -5891965.548525696 3184775.6576261222 1180796.4701710325 1257169.565995701 2823519.515527498 2961195.875575032 -73826.71997521764 3590323.0864351564 5836045.495073698 -2138563.6601033877 6033860.772692022 7701005.163126805 6700938.887321682 -150500.09480609576 -5601816.151063728 3799119.092072931 -1362257.562036515 1803372.6311940562 -1536389.6880204135 -991290.4568005605 -2420607.993435331 -2400714.477994922 -3697128.8065906293
-279482.70445164084 1798374.9554031899 -1942533.5742666784 -7219369.914477148 83743.43371127003 5404792.784555125 4422209.974282181 -1014531.3163555063 4588109.200096027 293286.7521214775 4011965.491280787 4103648.8049473693 1329108.1378667748 1645026.8501677695 994110.9099692714 468272.8526842442 6157502.190270836 5358019.672167694 -8703239.501802586 3649509.011492073 -7706485.393881873 1390513.7596644852 2669246.59224627 2194565.4401973123 -5911302.526337277 17858.666557497632 -578442.5775131687 3389620.8073214465 6023620.154032819 28202.260441004037 -751698.8475908282 36596997.53450788 -4627624.493459739 -828572.4190352629 -5834326.192524588 -2157775.1748465537 6417133.705285524 -794801.9500005723 1663572.7077429476 -5340550.1000775015 -617686.3546655653 4340733.679210085 -4664846.370520539 -252591.18456003838 -4999470.763497724 3172759.3217729796 3426892.0359061835 2821092.2370960237 -9493909.686951846 3153866.4222498275 -1455251.1921394109 -3504076.054749834 232539.73287173305 -2447601.3440634664 6417358.307122064 -65507.83181203972 114972.0041244088 -3816525.9173919247
5333837.186553603 -338603.0707810068 -232080.8498658874 5896173.110123144 269486.2735920263 7255569.996507663 -3185340.5847995393 -1122579.8650242083 313014.92794558866 3116999.6213497706 6743786.249288051 -1289521.3047213452 -725290.1481018515 6502663.181922377 3229627.9439563416 -1528058.247432115 -3700761.3411797057 1232326.7867645305 1319701.2971654576 -4168167.29081377 -471242.9204552023 -1532008.4779450796 -1170807.6833293324 -687999.6523414594 31818.224536989106 -1628252.2399788715 -6424290.6744199 230.88516631618143 1786323.2759507725 -2097087.1937996792 913089.3606336195 -4627624.493459739 32062051.50387272 -1882965.9574133265 2758146.475076848 2773979.2734789695 -2077713.6107725075 4782535.39997691 -3778529.929719581 -827764.2641301313 1108420.3638243473 -5931613.346571569 -4914119.914488514 2725651.265795233 1077208.6519985027 1060577.7399796457 703475.2751802228 -1221614.1329382486 734334.6746204526 92784.4681554024 688472.4138879025 -537091.9237563466 833772.2476515226 1207729.8445407995 -3015526.369821455 -2293169.3814393003 -8298292.029445541 2036706.806419502
489885.1676873873 2755526.6534400377 5966843.438771594 -879389.884119233 -1380749.468355875 -1050813.015463936 -7193595.953491054 -3368885.454619925 4742844.983775026 -5080019.524006066 -1046280.3218998301 -2844634.0225668116 1406421.063108178 -1962367.6915875738 1026157.54186761 -290721.91864756524 -1447836.764736149 994876.064489716 -5707135.354561932 -3043307.4509843076 -593265.7185593435 1533666.1875031763 -1865975.9677739057 -2574769.124811517 4595906.020235325 4784656.62999519 8510414.15760267 -2736964.762797121 -390430.2286611643 3410651.558057009 -3684421.945933204 -828572.4190352629 -1882965.9574133265 31268012.148948193 -1809750.8705268675 3924515.699473538 1185252.5076465963 1504716.3310131072 5528403.848949991 -8460940.68480646 -1025296.098730658 -845387.900359267 2134991.155084187 -5891038.346309854 1136941.4233742019 1248386.8617646755 882827.6367592578 -3415180.8263059924 -710386.5545202228 1138384.1871297508 -4493850.315450533 5005099.210768386 2632855.277403293 2541054.1126035373 3326674.256219728 -7994966.76293841 700608.0540575604 -2373306.029870827
-2319154.151987827 420776.8304868694 -3193719.941077456 4735921.547701964 -2855619.960321425 -2474056.302842773 2764401.190519765 -3828707.9164797724 -1474152.0515004161 2398300.3986422606 -1932989.5669055677 -7948099.351860362 -7924601.659688022 -1855893.1961969852 -2659121.0600973936 -8541372.60561428 1063243.2009567705 -1030902.375485321 4598734.346327542 1613184.7602887186 -168192.76317960146 2365150.8671134505 -6498316.882300295 -1918.5393813042342 3023376.7374247503 1551229.761433963 -3696001.9914306807 -2847847.1687860037 -972357.4976238917 -935229.663302232 -830483.6461265907 -5834326.192524588 2758146.475076848 -1809750.8705268675 32103152.835411385 2501861.9928772305 -2067378.1733758866 74657.86166260048 -3572391.8057650686 1130241.386217778 -1727024.3580021102 1074438.5814019898 966377.024674204 -49800.93816875763 -2653063.7968891975 1433202.4241938174 -2248935.9860251336 316851.4227482985 891689.405621914 -545389.8815468588 785694.9959468341 1475803.1551475374 -1113471.0401586802 -1424681.5268363934 -2190246.992596251 -3443485.7898234366 6877213.252704974 -5152763.93821103
-6386882.792589736 -2513038.600297569 -3243679.226954473 1646670.050306223 45685.09490938725 -4349551.052896505 -2258308.510191791 1389433.5268358432 -2826132.930046818 606382.7098447155 -1290585.3518226894 2849890.556743452 6700831.378130573 -1459299.3648558734 1751160.8939184747 -2333058.309021291 2030622.2778629505 -4502748.34389748 -5330040.730014485 -2693121.56304041 2660883.7834356525 188509.05353795298 -4683270.850815276 -7109277.317900088 3027602.8315222883 105812.03256898065 2257662.989180243 -6461402.503007583 -2811756.7098298627 1435188.5813191906 -5891965.548525696 -2157775.1748465537 2773979.2734789695 3924515.699473538 2501861.9928772305 39410355.910761744 -1260740.8606800819 4369676.7259930195 911161.6482182386 1984798.313292814 -1716058.4505357337 -2198116.0914734066 -2402776.903016224 -1599835.201189056 380868.57732644334 -5005140.032171327 -794295.951134734 -917906.2506611218 4885464.535735603 5130929.8781015165 343231.8637697236 234545.12445585785 2421848.441753969 -127020.36799290337 6284221.911388662 4458209.708610582 -5435020.301510646 -6285131.443664833
