31385202.411146518 1288327.9431082816 628499.8854395611 -4875974.530584904 -492639.0290697577 227049.60337752016 1930995.2378743014 -779089.4962086075 4840230.141270562 -534230.3103889392 1602191.926043704 1766660.4715428555 145751.2124681419 297646.10214174306 1341273.2113983275 1058129.6068471898 -457490.08044256 -694147.5408129197 -139480.64168181302 758674.6990357677 -3712637.992361309 -354455.73236740305 -1510005.749189722 2431264.152300219 1419985.3167774011 -1150095.2625370135 -922160.3795756183 -2388458.797961603 1964672.0036044298 -1301545.7247243396 -1629970.5756857092 -659810.1708753278 -3994695.628705398 2572053.7684631874 1082185.8399707808 2047245.8746126501 -5234615.603824242 2598220.753192972 52883.95275007907 -1914868.6971008028 628405.5238013787 1085787.1056664719 2176078.45509105 -2539265.257042802 -915472.2494316302 2277093.7938552904 -967879.0823082891 -310781.40337363305 1237186.430028671 941117.7491236211 -871557.7201057284 -2106030.1202852377 398220.3552490625 -4431687.454465822 -502079.7291979278 -1452780.285723167 393854.54160038196 -791648.4056851354 -39813.089351308554 -1159632.8494058852 -3540826.6050607366 -1222941.177596456 2554001.835478895 -1662438.2787547125 -1989261.3742944307 454510.42326403415 -3480261.9401631295 478007.5156162752 -4276674.746923756 2186998.2807329884 -2425365.781179069 1163747.8161300719 -89060.04163890104 -2271962.57148621 -958980.371449431 1406122.469409131 -960767.8823612649 -1916042.3598477563 1508517.9277773318 -474470.0778796826 1984316.392877372 -719713.1398272383 1322556.4787284671 -1322466.72503995 3292516.6527950307 764931.0736854848 190198.17232257297 -1487216.3787464942 1031101.5164048253 -3272048.9439432905 3295879.5721463063 -2167268.1265257294 332552.8629574429 -2140812.0399500974 1065933.6957824167 -669384.9335551958 482923.70674698654 -4150562.965830012 -3624773.0366219035 -3933964.1518580094 -713890.5887487261 999649.9669913216 -745962.7752035959 -3439545.3470417843 1776314.4924024283
1288327.9431082816 34570675.7380528 -3896648.350118556 4097338.7829571133 244072.16186623255 -1610692.718402084 -1026078.9054537914 929283.087990837 -1460391.128082849 -3361127.1865099906 3457762.0679063364 -3231771.1039912524 2540537.039592841 1393952.428466352 -31914.173806942876 3123784.078434207 -1018333.8195472265 4329745.808425438 -1519481.5193266994 1616570.2620716288 -5034480.184734042 353975.96653641446 282485.3020824296 -2200934.846178749 -4101585.8322644336 -300653.13069004635 2487668.20137119 -605825.7395095745 -2760085.427314513 -1622186.022891978 -682272.6802113159 2276806.4414695874 -825572.7494551837 -1360091.267719415 2565675.472682777 -2188364.9093916533 -2770469.3633753504 1584708.3209730606 906956.4388822522 -573151.2313837367 855784.4508818014 -3844753.864823352 2077681.7934316974 620608.7111024768 -548321.9070851267 4087628.6553042787 -3490756.0218904875 -355465.21604992414 2488168.7092404743 1603566.0775815183 1360712.3452098568 3244655.2926442767 -1347739.7936161975 2950651.192192755 872657.8037862364 -2132500.006149156 792602.1744760888 1282149.334416362 -4362932.193401829 -2530671.83334396 -2325823.2496640324 -3329305.569294457 608067.5698109744 5262.368796056361 -1170674.2973213152 1861145.7423858845 -755614.366295299 423473.15367801045 2812250.430938373 5142532.363736881 -3163313.8989764685 -39249.46561660904 -1877325.5606578188 -602847.4687317169 936954.319641984 -1908731.439304443 676928.6146991417 -2502821.4424448297 -3733846.1360829575 -1975432.0009957515 708907.3490907411 -32475.064808133287 -2255273.963519962 -2370645.1026426745 1105472.0668790312 2016390.8369023849 -2295867.5216928073 -2629019.2757120337 5096778.006249564 -52414.27442340383 1578503.4523900899 -614044.5136537806 929857.2621319845 -1739653.5057250175 1085516.0184875273 418632.3476525619 -901565.8053253157 -479700.69560276583 478569.7946771265 -2685465.360217241 -766504.6269208345 -1796448.640015167 2277956.6658928236 -1760800.7970380082 1824967.3186674267
628499.8854395611 -3896648.350118556 34554877.10221123 386227.8615558006 -4382893.70758898 -2254795.1724068522 1595120.1055413242 -2298302.298785892 2046124.223993742 2290013.1482600863 -629871.6214080688 3713269.240740356 -1495913.1236901744 91478.19936502205 2718936.2668043333 20841.4954276211 -4482315.14668965 1047052.7578034957 1117789.560655407 2279750.398761837 -2713280.9878133014 -4516382.395001445 466024.96493971255 -225814.8697839671 -16623.602350867095 932709.5171586921 -846171.2668774254 -1508631.100204387 1151860.20170968 -1317121.3433630685 1651493.5166744853 -1796763.6588184615 -4392324.920982382 -3151431.4797906713 -154508.7482980782 -3226963.235265789 -153594.75334230674 -1470878.5410890926 2675282.416857924 3158779.446665279 -1251937.2914817794 352791.60212871997 3753529.117411328 1450390.15256892 2623695.83320115 779190.6832345612 -3223792.248232024 -481218.72753242106 159942.1417285264 3092217.596057271 2680095.477174119 3506440.708819368 517526.421371089 469784.81562323327 -1641623.4861452 1872366.3655930932 -3075180.5816621818 -2398865.401131392 2447543.9073373084 2354943.787933787 -1944204.9720664176 -3009679.9687970676 1268632.9327209184 -1753397.2941857753 1505666.9765552157 2120710.697555616 1546017.1900119446 -2033217.8939167785 -1798756.3934281236 1808486.2075882764 776862.3468146303 -1706001.2380396554 2127661.6993520297 -4485585.989716195 -844036.2283224618 -1470909.445394595 -155424.21668192185 -1416629.2889700013 1862560.5231092365 -4500193.363900445 -1018428.5747058342 -1754689.1324226686 4348000.921976175 -2084204.5487585622 1842048.6424431838 -817664.8043224459 906802.7450591554 2485021.7463392415 -687566.1851550046 -1838042.1632369112 -1092535.0981114996 4894339.0485161925 -2426256.0030060937 819702.9824581189 263113.57123427745 210419.6205512768 -356229.11074219766 3346742.624124086 1305431.6363281156 224867.1119775371 -1554787.5217885918 3350528.4696813896 -2803800.4350165376 124105.94764387753 -134808.53734361773
-4875974.530584904 4097338.7829571133 386227.8615558006 33074012.558234904 -1181621.627395704 253088.22847270634 -1601397.0899353148 -197069.48549106077 -3868515.2110428712 641448.6905691824 368842.0575603147 898444.7340332037 185271.97569484738 -5397146.340197801 -477627.59214059834 2972090.8761726674 -802881.2656711767 2276233.622306622 594613.0250533754 -1441464.3024730731 3571871.9568799916 2330437.6862203903 1002630.9989552796 1227548.5463600534 1942917.504859248 -1373740.8855388875 -3562868.2006329834 433766.9157759401 814050.696765101 -469020.2530700415 1108086.8096699074 749484.7803164555 -3782403.958729137 -530664.1950860354 -1960279.9353664508 754914.3577047511 1618218.538013201 641353.6347474703 -2746179.51895513 -2474605.594818276 3209728.153080481 -3345634.3077623877 -1384409.069334415 2557750.207311267 -4294688.71235565 2675605.7929522465 1573673.4510026276 -327999.1245539845 739581.7286660896 1744791.9032208137 1176359.1791041293 -1675587.7599171603 -1438335.64698414 404469.20177884103 1967279.7185109581 2065957.8393331848 638872.9478479633 216678.60579813505 1224234.004324272 1703113.6701118597 1820056.1036020322 611782.8636871505 -1158468.7739384198 231072.63074692583 -1551674.2237741651 -1679330.066877431 -2297587.0455991705 -6244186.355357246 -1594662.1347192768 1760735.141656986 2582791.396375629 3258283.8338032565 -1662212.4725352472 -1657504.871017474 1015274.5866013747 1254857.8132227259 3327060.468636214 948587.2717491373 -938532.9551319552 2142382.8789699078 1143009.966498595 -1570256.8201572325 2169628.798551372 2261214.104604163 619215.1830587268 2311205.996676936 2107470.394750345 -3429937.360948879 -599247.4026531032 1773708.0092606044 -2597306.5000502355 2458721.272814387 251161.86922774688 2243645.179687609 -1841158.0662305127 -1399540.0247522919 2056769.9936579792 3455079.395445262 -276806.82186185097 5625452.437497205 112721.31993335167 -1057216.8851375591 598284.768567083 1961155.9595557265 -1709683.8717216514
-492639.0290697577 244072.16186623255 -4382893.70758898 -1181621.627395704 33334733.117171604 1782391.4991886842 4238454.432013011 428689.7346429023 -1431100.7351501537 2720907.8254333166 -718730.1328954257 -1024340.65760723 -627844.0726055754 2077525.136446824 -652928.8105928804 -1272211.601367662 -776535.7189947689 -338121.8281343903 2794929.885416177 -683208.8923515303 -262136.69844511713 1222261.4307781279 283597.2623450631 -7576916.548653202 -1564490.4775688534 6247859.891362247 2974878.4542738292 435433.8691773436 -3123243.6184501066 3490184.2617785195 2120056.889428938 -2114645.3633912154 468184.197720989 2645905.9408099544 2003876.1861954746 -625456.2527788434 -298293.07387768046 142427.52459041364 -1803160.7081939771 -436122.97923046246 -467957.8686680759 -2477877.22620657 1707134.6006694068 -122080.00345392956 2598285.9843235314 1583914.9991839859 -1992798.1756308905 2115668.7907303087 2382204.5250927024 917532.3873423042 -2701475.4911688347 940294.8324836341 697443.3467277085 -848070.5172607441 2058044.6447379482 599925.222437184 -1006782.6979903632 1870681.0532493093 -2794711.1546986257 663132.0879485202 3103745.4732140517 -956924.9084491279 -351374.92597934604 4049913.406093066 -2540.595209944283 262742.64341984486 -251679.28987088866 -3311026.3390551764 2132568.357034997 -2325970.4774242626 -1973482.6535164407 -2210610.738162213 -1201661.2970377721 597294.4092430173 -800777.625931413 748233.4853651408 94395.4056514865 -15445.989421767512 2757415.9857400293 1521352.4831919107 -160208.323222808 1000766.1378353229 -1744771.0770929323 1541914.0209833414 -2058915.0514742555 -3428106.836338924 444982.0848403625 -3424495.98541262 74688.45385618963 392665.1953323772 609640.7709198075 788038.4271688684 2142.2200805028965 -1633690.0247201386 99747.49776418983 2303313.8558784006 -420673.81790229486 -73137.94950489743 -1081361.3951342453 1467302.8078844193 656438.8271662659 2950513.9703652347 -2496514.744190686 -1889422.8210749296 1733839.3091371087
227049.60337752016 -1610692.718402084 -2254795.1724068522 253088.22847270634 1782391.4991886842 31917341.11672573 737900.0805782152 2019749.4146562237 3927718.863273475 -486370.210185755 1201012.066137791 782061.8847112283 -2161711.119648065 64071.17487944735 -2065785.2427921854 -3892987.7506954577 743265.890818242 -422896.28430998186 1898230.9576483015 1169629.0869003034 390057.89881573187 1030600.0080845068 -722102.5100429156 1519133.14410098 -747272.45740118 -1649905.293016086 -2378793.658730051 1002642.6000579343 -428292.5780904446 1421446.390393568 -210859.82787145834 -2361546.532798352 -331659.44358610886 544865.367059948 327581.61225795356 -862066.275566607 817186.8133230751 3158098.3465064443 -2833641.3865932543 1244605.363477503 2209405.7115558987 -806410.643704922 -1521160.9716575046 308216.2919887198 -1864398.761323142 -1723042.059418276 1236157.7894125108 1790738.2527918036 -2310212.2963504014 2687125.833111482 -1389003.2261261847 -562117.1330419776 1729962.1505839578 1440901.4970188267 1492667.5430336003 -2605232.8283671443 66030.47796097977 -956516.2118113497 -1657225.3396915302 743136.5166062521 511850.09921708587 655292.5801827126 -3095783.269607958 -1085317.515968756 -1012339.2747619933 -1280532.8098711472 -3819354.5923728347 2242930.8085129494 582168.5288479814 1461058.34358629 1566563.6988980307 1260131.9952921364 -1040092.3204351936 379632.65426296036 2918363.053709422 -200172.74843488447 414851.41656760796 2298347.3994702804 -3112431.3503734153 2582272.0094558867 -4605285.978160325 -1450022.0915518487 1053660.900289347 1460307.3450227648 -927506.1980138861 2530606.079187218 904648.0896170778 1243369.5052674096 -2411842.763812576 695521.9570411344 -74922.21966447878 -2574045.3501755227 -1906174.662137263 796866.6021011163 2147063.2887540744 1101148.6063834017 3297165.3293916145 -583339.7927452956 -2162389.647965893 3023109.28092814 1633012.181750627 1770476.2464208934 1130868.0844008592 1556469.6886848474 -51626.64794285094
1930995.2378743014 -1026078.9054537914 1595120.1055413242 -1601397.0899353148 4238454.432013011 737900.0805782152 32132462.945873372 1545231.8186269135 -3892607.7839248227 -1255732.8579216532 517545.60820606165 272257.2734042824 -1317704.1776866952 668425.815346722 2082391.418585531 3094811.066358004 -166729.1710475931 777339.2461068421 1403206.8724906428 2879920.113224497 2902593.9900015714 -1359278.0963616793 1053324.0197003162 -1682607.3724135752 687537.0732423335 3783740.1264477493 1946388.802019494 -4284554.383025192 -1269990.182087812 85150.05405467618 1195503.4947733043 57761.74606647498 -4799692.931177315 3969228.057857285 -544432.4790125341 2533666.0134811513 -633091.1974216568 -732876.9354345378 -2585707.770218663 -233039.93576088062 -2528331.148638474 -2947451.2096487717 2207747.9784493065 -75103.23582723645 1202569.6381623424 1893171.0236847703 524877.7725490233 -1825449.4261848072 -2784937.115857088 -2287007.534454243 -5107229.502523664 2568417.825823136 535978.7553890895 3483354.1192009915 2696893.245658347 3637661.8621167974 -4156267.02836424 469644.98354991374 2247730.3420905187 2277761.2378578987 -788978.6946810569 -1683788.9779953484 -1831599.7051131476 555421.198867942 946767.2706495966 -3451109.553155235 -601204.04324001 -911022.9988914537 1037166.7657903935 550466.1292846643 1331163.285559177 -495304.2613294406 1199198.7114692822 2274777.147908522 -776591.9501899605 1389573.5613691527 -652208.7071136669 -4135431.9626219156 315889.9126203313 -3037603.403842531 -364597.8628720219 56749.44151856062 604133.0404646067 1424353.5731519982 -825348.8978294133 284130.56598059594 -237548.280827343 1422371.4191543695 -1808085.666080884 -955866.6853749763 1255055.64297695 -3824435.5634172745 436810.891507204 -538479.8802805864 1141991.358924454 -389229.11183787946 1789877.2563581904 2427489.221346569 -106355.82938126146 -1492190.3140651074 1285572.9164578333 -533826.0949520076 1220617.6489458086 2517693.162715193 3062559.553440332
-779089.4962086075 929283.087990837 -2298302.298785892 -197069.48549106077 428689.7346429023 2019749.4146562237 1545231.8186269135 32110437.017949924 -2619710.93572676 -2371918.606676694 -932276.9631528467 -1365540.8777711862 -96506.47454276354 -5986403.002898841 -2439859.4387740814 716994.6000057025 -2683984.1581307016 225002.29526736983 731957.5801683353 2797153.7272375324 10523.703864846726 1259772.0855152577 5197748.342588564 -480455.2640668744 2237135.637411265 1688359.8999197825 664479.3184917963 2551955.290989741 -1828696.9296513945 -903487.2894134606 -344775.3548305354 -2497460.6461152537 2151238.102652209 -1320017.6876761788 904340.540680055 -611705.5041191671 322638.5750398757 -1066232.7784789978 -3500620.960318971 -400951.03739763546 -108612.33743309122 -1505928.1763201207 543028.6139668928 -2635648.718968642 -3025166.442086041 59970.63204578788 1066700.298287611 -3159181.3666674998 494555.37549259875 -1514908.221341199 -652156.0723886967 -516703.74734278256 -772646.7751093579 2813546.805054134 -1742225.3426498862 -3770730.7887514224 1661313.646508541 -1222926.146598999 27320.45902494708 -3605767.641289766 606047.7397764993 741309.0675736769 -1085683.2370636014 41562.01031289809 -1326183.9974164844 -1314522.5797139725 -416564.73139887286 -3991056.848102333 -2191086.296003695 -3569125.7767278673 3006627.690718516 1202817.0801705597 -916504.4704650599 392230.62430408516 991876.6738683163 -1136588.3686609305 1639686.2067973642 1619624.7796900377 2305998.0288711335 1124106.615983998 547791.9533287997 1504692.091208158 777798.1450864587 -2410227.5355685563 -3181812.3281827173 1014345.6697526964 296706.79083731736 1451886.4934620473 837630.2531399501 561703.0857808527 175853.09064391162 2612444.1014831765 -474889.33145838627 3597307.3612141637 4661060.625599619 1042284.3103341423 -686661.1207802611 193005.81019419932 1219645.7504491473 -179138.6316911901 -769980.9324727624 -1058083.1114932387 -50912.46573453899 3891186.988627496 -2840083.8208366367
4840230.141270562 -1460391.128082849 2046124.223993742 -3868515.2110428712 -1431100.7351501537 3927718.863273475 -3892607.7839248227 -2619710.93572676 32130927.153483953 -1637415.113210348 546190.9813495723 -52188.95209161784 -709316.8850419337 -2815213.368471198 -2024725.0415610352 -3350536.9465087648 822536.6808802807 -2790084.888349342 -146229.66338654023 -2083609.7224439438 -1841461.2359161396 272353.7677159847 -2818052.4746157685 4672511.9228844885 -2907757.3868669495 35487.17760477673 14737.632829044398 1617780.689000177 -1739879.1402800507 -17659.821531096964 202113.32932418707 563370.3757607823 -1134159.8732042382 -1080235.4642773545 780575.3094336394 2669128.1418544333 -1287257.5596410488 -2346129.5077663367 -306230.5543875555 920300.2357566255 679418.5442107916 646033.8593655217 251485.32383929228 1689522.016281522 2628925.0927664554 -975113.8438512621 558614.1728809443 4190442.7808438786 2126079.4852444422 -1012487.1990343371 1661706.6091552912 2002578.3862254974 3395048.5368367895 -2044161.4914528837 99651.3714481189 -2074896.083907507 -1238633.5296168106 -4283335.982994216 -1990388.2495310765 -4958929.502444523 -1328133.1559287934 1178845.4770929904 2448029.0909279943 -191576.04141568916 800420.5289722618 1436787.1963244257 -119992.65132570702 2680792.739819284 404361.7533068256 -2656652.6606297693 -515305.534402826 532171.4991090476 3862841.948758437 -419889.98711676284 -1661955.5449129585 -2828113.8932624725 -294356.3869099457 -332657.5832056984 -1908777.4201526837 -1413462.6347715242 -2470156.746940818 -524838.6458919247 -885866.2090574089 -1717130.4892347814 2139951.674721901 -2196070.656877138 2839417.235275378 3867005.1053647064 114124.455674964 1360023.5616498385 -454588.40428309765 1874866.4928225235 1169748.8633090532 -1984210.0722685424 -2024559.4085189258 2234498.3434079085 -1127090.9903701828 -549844.3047532114 -391570.06778695487 261196.0966829298 2879208.4100626335 1001322.9281885497 -936940.0918456475 670348.6791199351 819737.3805497421
-534230.3103889392 -3361127.1865099906 2290013.1482600863 641448.6905691824 2720907.8254333166 -486370.210185755 -1255732.8579216532 -2371918.606676694 -1637415.113210348 33762818.187245004 1271843.039822425 -739045.0266590549 -594842.0949215993 -4398189.980199346 -1347262.843990972 1508602.4200399488 3570414.456791298 324558.15783599834 340046.41279323393 53499.2444417092 689940.5398128661 5010022.600150207 -1921941.910656208 -1934978.431209851 3671140.6788753937 -1052808.9146383805 1875696.1720598866 3239447.48580281 957642.743047124 -515864.01387846575 -2603451.099821683 -1762306.1604633604 1826944.2681221564 4066702.2276851395 4056991.860206249 -3223409.6915773894 -206303.78474191672 3281434.638950005 5264176.412354576 3770938.760204281 2225590.529014375 -1918648.6063656611 -705713.3971976766 1351674.3708323184 -3818842.1019928013 1619998.2520805907 -552787.8309470135 1412964.0147122366 -392691.8190549225 2190599.4095932026 -83709.67810663686 -4497134.106465623 -698494.2665844788 -2173361.543455227 6340877.572551176 -234508.4398239773 -710072.7602658353 -509965.81229441904 -1867875.9313999803 2347274.7002914194 -1031668.6407654845 974726.7079128111 3834038.0651489473 -1370004.1006730231 4199387.8071825 512765.1400196877 921436.7670555252 -316719.9072829115 -1317633.3162227462 1439404.1315131485 -3439066.729409406 -501341.0122548555 -2227306.8758271523 -3023886.1592318406 -2581611.7442460377 1051263.0127139115 1232716.0375580718 -2635505.969253812 777454.5784086003 -1347048.335288976 -2649718.5557705048 -2406863.7606961625 1323934.4005501992 442618.4256256211 -427374.84098188643 803675.6787807725 402025.2012537052 3350770.984651799 -1729728.1943326343 3271675.989286734 -276415.3411670332 1506921.2269553489 -605657.1292188216 375187.63431739947 900072.1550949817 -2086669.1861344746 -2461780.6103289304 1280409.0352235886 -1663735.809565597 1340535.7161808808 3709463.928180993 541483.4284262856 -575544.3627446544 -685531.2480215275 -44836.16142739642
1602191.926043704 3457762.0679063364 -629871.6214080688 368842.0575603147 -718730.1328954257 1201012.066137791 517545.60820606165 -932276.9631528467 546190.9813495723 1271843.039822425 30601224.753245752 -457264.93761939585 -341092.2612129421 42846.29474609038 1481818.5085018345 -3737261.9945850316 -1544304.80078742 -2506085.956424481 -95304.02316792951 1570375.3274026734 -1112656.3725835816 2320032.0175348464 -1785168.9723244421 2149620.675428487 1105341.0677885914 1288410.9766105965 882659.3289806738 1811365.8317731943 3863472.653121291 -1543866.362137491 859118.7398251339 577957.4559850115 -761451.9830565522 -1518460.3741816666 -473935.5375042584 -1739777.100480289 -2887337.603818694 266164.4283884405 3331783.6741522104 2358055.585625972 3153064.021173778 -272560.85100409144 -206965.20734531846 101760.61280914386 1464064.4749617856 1654630.084969538 -1259510.493863608 2353935.9832126745 2160696.838656722 -465925.6892255417 65312.42736313924 -3106945.597711744 -1097766.2901666376 -1007298.7584147105 2668403.2208124683 1707134.4906834362 1564812.3898334592 3264450.4344131504 83543.73038847682 -2213324.414143638 -862977.2909523603 1888328.3518879835 816128.0482434627 -583421.1942749426 745551.4970984763 -17108.975325151227 2695852.5979162757 1002177.0632711007 -3682834.5855236803 1356692.0126151443 -2553110.1430882253 1048866.4250966252 -639775.2822347037 3928068.4702791246 260346.89760873848 -1302110.5981228265 -959057.9127490944 3982424.2269299706 -78795.74017382467 -1842768.864158329 1232654.371128243 -1769562.9997011141 86307.19841602154 -2427676.30174257 524942.3579367839 -2748775.3622222124 2780151.027956081 -679175.6409637688 220116.92542537197 2198342.370115617 -2058683.1074148025 1632285.3403405494 -2364705.112700733 -579621.5712286265 -353150.39392523066 -741506.9051142526 1778737.31296096 -381163.64348855265 721359.2516127393 244542.67604935382 -2508905.7374774762 -1167178.9447723944 2251299.5117022633 -861575.1272773652 2759423.412735495
1766660.4715428555 -3231771.1039912524 3713269.240740356 898444.7340332037 -1024340.65760723 782061.8847112283 272257.2734042824 -1365540.8777711862 -52188.95209161784 -739045.0266590549 -457264.93761939585 30590094.531556964 683951.5032709129 1897863.6239621532 -348121.0521189909 -1501038.9300083406 532452.9099300548 392140.099473313 -91113.1862599968 -2181341.111882516 1173854.1852638393 -1410303.2576126454 209936.39299237923 1610086.7645938434 1195787.7113386032 3888468.8826533873 1137280.4604771817 1482405.1401267948 4675816.9283342855 -1194616.0227366877 175838.96981494274 -545737.7149214193 -761101.7927769929 1570328.2081524224 3406788.641514392 348128.46659088315 4264099.307462335 131157.8334861411 -182394.6617489436 3681103.774352609 -1984974.4951686584 386767.76887083816 1733983.3068029908 2486512.3564106678 -127132.91946533223 470002.8589737019 -715576.1651898127 1037252.4913551642 2471259.0040278295 1316873.566865374 -1579557.9173631717 -427641.49018170225 2239627.4593887357 -1951238.4361879977 4009535.0480932803 40286.3901907416 -886333.216700712 -739887.7240495833 4872404.314422767 344747.86255167774 421347.64851660153 534898.7806173529 2303895.4864049507 1942794.0496264915 1243642.5875988593 -4444421.245321816 -1506265.7656379256 3343621.969947869 -151988.82702029322 -2841934.326550184 -1121233.6529806608 1697149.3214632163 638785.0254113869 1162297.3382393958 -1863151.6182671476 6205184.782834377 -2047002.5536757298 -1170163.6928142589 2921316.996264108 222042.52260009042 -2161058.3024849305 -2378363.6811304935 2425228.5650201286 2121866.129999584 2264305.0394241717 3566652.580017244 -1983190.215486016 1095083.478512813 -778805.2322130181 -3421515.673988318 -1475517.1014503012 971048.7699048761 1394196.7593886121 89895.61201466319 -569908.8086915408 -229722.02092756957 1447649.290918638 -81179.38828614648 2927159.5577589995 -541357.3049243159 -454213.50813941075 332818.32606930897 -1515351.4203435322 4055132.1346893483 -2132314.774131697
145751.2124681419 2540537.039592841 -1495913.1236901744 185271.97569484738 -627844.0726055754 -2161711.119648065 -1317704.1776866952 -96506.47454276354 -709316.8850419337 -594842.0949215993 -341092.2612129421 683951.5032709129 31781973.074473925 -670092.8360830698 -431649.6220754224 -1323935.0578387838 -1477071.7012844377 -1514475.9882431177 -555228.4330230629 -3592896.941546584 -3539375.605460774 -293737.6961822373 -2353047.441857612 2781918.355347326 -2042394.8289644928 -2769081.104595892 1552208.7147101087 -932462.4871108978 1044111.425850925 3212617.330630166 1227594.168874034 1641908.644438642 367979.411968058 758924.9301627261 4150009.69785513 -1456203.814700809 -1200620.622917131 1763645.4079873716 1148881.8019180319 1112342.494351287 -1869188.5318293013 -1861966.5680859673 -358667.22194880946 307734.68588883826 814662.5229846973 -757800.7948564363 -1360816.79767348 679929.9293913706 3047945.3109809295 -1109754.5926068723 -1672515.2729593308 -1058455.8379006996 -2816861.9710001852 -1282029.1884464675 111868.34032656757 2167022.202286615 -365037.02148549556 -1776498.7276149204 -789222.7078693658 -399025.48619298416 -1864745.8241794666 1103407.1282189155 -1392496.5605259286 4527530.281749392 -1018284.3416590717 -662673.0326364582 -3530686.2037286577 1022699.667407098 -138374.3171002455 318724.34352255316 -284133.5974144172 2831763.3539290023 516634.8338144279 14858.499316046376 -3686903.790871779 2256700.6547558545 1848079.8427992063 -1903760.9943276625 3474338.911721649 554591.6385124491 3639573.2813639683 103880.76409296323 3320030.5178047586 -30413.18697486741 -880540.605801629 2783963.659123182 -1906759.4658250627 -1650202.5814659456 706315.1890604103 -2875099.103416272 1673643.961601934 334136.41009387426 942301.4046038417 1745128.7412736877 1924727.9887881242 676381.8601751506 585553.5225770512 -1999400.7994257484 1429026.3560034547 -4039793.43174303 923655.0989581057 -2532163.5294276765 199309.64206819466 1166418.05744771 -1261086.6439695596
297646.10214174306 1393952.428466352 91478.19936502205 -5397146.340197801 2077525.136446824 64071.17487944735 668425.815346722 -5986403.002898841 -2815213.368471198 -4398189.980199346 42846.29474609038 1897863.6239621532 -670092.8360830698 35786860.55084513 2228411.2882814524 -1514419.7620173045 1649168.4507517158 1025998.2399616231 -4547499.651078966 3846953.362058917 1653451.0742792292 400014.8437517026 3464190.505019958 90884.45529288161 -871757.3318657088 1629613.4884213654 1343281.3322978448 -2828264.690678243 -682363.3693512555 280766.5069477946 319600.2680423371 -1057575.0239199759 2071752.0859437839 4873958.95155791 -3631505.806091101 959305.6006029444 -1149048.7061178735 837685.7750348363 -2169004.8791127815 3351398.7477149907 -4144396.1580270356 3244721.046273436 4086179.6359622106 2003243.7685705 -265814.4937978966 926754.5425128518 -1098417.5366037684 735960.7430470437 953438.2180726442 1830449.7684963497 670402.8817620676 608691.3725334407 -681429.5060860587 -3132822.049939369 1561979.5951637058 876897.7242870826 -782966.3098910197 -343010.88429185003 1846918.86563153 274365.5151120451 1228382.3087509917 97735.9162110206 -3159150.3027125956 803739.3910761303 -783797.4496412984 -6013046.52994341 605198.0374357653 1538451.0574750514 -1811029.129273224 3405935.0301716044 73016.9991066081 -3006191.528132048 -1142124.9296565682 509650.30212963844 495469.2042361732 -2932647.3338602004 1351917.598372815 2236222.74500937 1727770.4428817534 -583602.8756356477 -529111.585226577 4853667.217068763 -1524010.0293705123 -1183230.7820928427 -4072841.4912946783 -911290.8061655388 754121.80166207 -616959.9242426355 1647390.2734104597 -4561503.577470541 2588165.2287375056 -6680820.709841853 -2380183.1782031576 -405480.983316747 -2106986.166852942 4011448.535696441 1214033.2270815514 -2668228.8270159583 2268903.70204822 1177351.731942777 -3512624.894250135 3628974.591746167 783858.0082128899 -942417.9771754951 852006.5530187715
1341273.2113983275 -31914.173806942876 2718936.2668043333 -477627.59214059834 -652928.8105928804 -2065785.2427921854 2082391.418585531 -2439859.4387740814 -2024725.0415610352 -1347262.843990972 1481818.5085018345 -348121.0521189909 -431649.6220754224 2228411.2882814524 28928805.34501344 -923450.5647724662 -1980398.5529817517 489810.2207709965 -1298830.1250717214 -368839.43252656294 -1241859.2965196448 -917220.3915177297 -789607.6285319254 -775548.9450761587 -1591962.9801324648 -1184659.0597152447 -1270820.844727462 -876655.6362109504 2637933.157235402 822002.6289663867 -237949.69976169523 -1285626.7289599485 1747599.7829559317 620183.1368406917 2654114.280211953 -969189.5234833447 -3612427.9834777224 -2476007.389946376 443905.3845673575 -2786276.3692327817 -397318.3347478893 521791.0506787669 -149310.42311727034 1626737.5034190435 574451.0122368626 -533942.8477433074 -1098580.404014348 -1718130.6255999194 -730665.0592865319 1215988.4733165822 -2308332.414263134 2582035.5509929257 -1005429.0225925696 -2112714.6381787756 -372672.2073916185 452515.80787502404 -781533.9203039522 325297.4722339589 -1094146.6236841846 -3681946.31177526 445144.48780881707 -133289.62071062526 -3793137.366990551 1352673.0992419887 -825974.635895595 3456353.2569722594 1818542.0884515992 1730529.5099585657 3939905.5915130703 2773415.6460226174 -1306604.7839495223 -334566.0932798006 1209992.4295416742 -694079.7244647737 3827409.6935857707 1857392.6909164758 -2006196.2136236648 1435198.522988966 -1577090.9134926081 -3268929.6832048413 1788167.558537411 28162.680109369383 1217977.516222259 -2892945.6065796143 761183.4217313282 -227221.42981435795 -2337315.017782435 1387362.9825798636 -152583.7243508606 -934087.1315070607 582880.230211357 5153.136201850765 -3622721.7933015334 -1715353.3577327959 -3450414.0694088023 1638371.1407509914 -1960156.540734523 -1313599.3900197092 -1562088.60165254 -4301754.984546631 -5573833.513216424 -293775.56749896274 -1542982.3723055306 -444081.40353371005 -2712345.627388599
1058129.6068471898 3123784.078434207 20841.4954276211 2972090.8761726674 -1272211.601367662 -3892987.7506954577 3094811.066358004 716994.6000057025 -3350536.9465087648 1508602.4200399488 -3737261.9945850316 -1501038.9300083406 -1323935.0578387838 -1514419.7620173045 -923450.5647724662 32403076.685445223 4195908.617697586 874229.3247576258 -868223.2706455527 -1282488.149724238 -652031.1985379466 1018051.3687247671 -2131137.452638578 -711492.5910571254 -1447364.7733587676 -1028022.7419952 -1620025.7980018097 -451059.9486173502 -1860031.2533991456 -202180.38145561412 -2028528.5873612477 -4321623.468592925 -2957040.4164142217 1333974.998369122 -473941.725324542 969546.2214803376 -2033691.0799988476 -2554234.058210471 2685237.8377394024 -495560.2450257801 2427338.0334976134 -3536232.1706071966 157515.16638054478 25988.670260219496 -1582238.5414521259 547685.7431474888 -1239381.1223174862 -2229043.981250173 1145620.1489398926 3020758.484239741 2180831.381647181 5169343.158289579 1674134.184840333 -1096915.2279046278 -102024.61699167042 1255591.6682255378 229227.6570168635 -2449446.1660970333 803639.2070620806 671739.3059546913 1420289.7233954873 -229809.53471227942 2233405.9784746766 -4144996.6614724584 -3160338.139927091 1516828.4387762675 3985959.6841116967 2217228.2283279304 2238849.018329792 165546.4930930676 -766142.0281157595 -2215764.382409644 -543501.221558113 -1829322.9471589618 737328.3149348785 -1505063.320524141 -1809852.3114526777 -1058396.888841632 1716037.0845457008 513134.7375835023 -1000808.5284025054 595105.4348299863 -710395.6675729837 -930258.8432371317 3929530.285337808 2072440.1797785514 -3611147.850850975 -1078101.1639928957 -2169776.6631840533 2857136.844308579 -761196.2439966028 -717461.2853416242 620012.8037196725 -2245090.0091787525 2939236.989327845 -2242073.229817581 1252293.23850882 1954290.8587828516 2194160.6116747237 -888945.6541042833 385464.572514533 -483403.0806242428 -893109.3956359269 -2255336.6515575727 -1036069.1180982869
-457490.08044256 -1018333.8195472265 -4482315.14668965 -802881.2656711767 -776535.7189947689 743265.890818242 -166729.1710475931 -2683984.1581307016 822536.6808802807 3570414.456791298 -1544304.80078742 532452.9099300548 -1477071.7012844377 1649168.4507517158 -1980398.5529817517 4195908.617697586 34812422.07338941 389265.7873153042 -1328059.3822714007 2736878.747838063 -867520.039337644 198024.42480489984 16402.102401858767 478120.38929774304 2750959.931267099 -1444005.9367785275 -3479418.3191541573 -2046827.7171659977 -1732057.048656736 -737389.2318972499 -5118229.374231096 -260463.28584913193 -1065405.0277661972 -1368894.7314164343 713970.3387106261 2210688.0234793685 -728575.1311769938 1481612.665051927 -2619168.06004663 193851.14638526656 -1244221.5345635412 -1768879.1377540398 528784.302206744 -1307403.3429682904 -2498001.897020406 -347729.92293817346 -1603566.7394865323 -623124.5180175146 1237584.252082782 923681.1064089461 3168257.6243516714 -1588824.1948428578 1160047.7559827506 666304.076849014 -2615097.247621209 1547438.1421150828 3179846.714728652 1736978.645806925 306179.941231662 -971482.2687415164 -2549889.125461678 3336276.9924938623 826222.2958678955 917712.5298025076 -2066600.8123877766 2490297.9526290228 -1200728.037181691 -2761052.5050624036 150962.5561008397 -1416122.2107651115 -1848942.744076984 -1721428.6403646218 3239445.0240940917 -2774309.273384245 -475074.3740701212 -567309.7842491785 -1880036.2301745384 1793713.542159159 3880255.790822338 -1024582.7884548522 -2487386.7850147155 -874491.7862909687 171077.48595996242 678614.877554938 -1426898.5140510618 1452395.2094139056 -491453.9050905637 -373902.4177300291 -4482873.1865540445 2569252.1261572093 920627.4217234751 -2040720.472056042 -620556.7120775399 2362456.1788636423 -1194744.2165292017 -1306225.2595684428 -2854774.5858293315 1600858.8614822105 -718959.3313105202 880149.1387696965 1097926.6091767256 1590808.5307904345 -2402456.54447196 -2430727.981361646 -1818822.2425439423
-694147.5408129197 4329745.808425438 1047052.7578034957 2276233.622306622 -338121.8281343903 -422896.28430998186 777339.2461068421 225002.29526736983 -2790084.888349342 324558.15783599834 -2506085.956424481 392140.099473313 -1514475.9882431177 1025998.2399616231 489810.2207709965 874229.3247576258 389265.7873153042 33978744.19507746 -1693420.7648883737 -1234233.7336256893 167374.46814943053 1420664.602970772 1888130.5218898582 -1284810.44549298 -4356262.007563302 -4129874.460896069 -276368.44762088795 -91772.57392278427 -33354.674430888685 3227638.958182222 -779981.4606867896 -715485.6911419062 640556.6866173544 446740.0421507074 -1144208.3192894266 1473837.7351300945 2439416.6931112106 2525140.0058791637 1011244.7455482372 741029.5762482984 2358564.124409051 -157672.09187536314 1400608.8335237512 -904003.142429477 -301001.98788200755 -1573686.761015762 -2664181.2498923847 -2122154.8345519425 1600468.714092203 -996690.9163076303 1591859.5195132003 41078.5854278436 997652.5139819884 2068686.8767993406 -111395.72465203253 -3819566.1164998384 -619625.548584973 816052.1755837908 1318078.8491562593 -520290.0885834454 558425.8789222392 930932.6609067505 65796.61168843156 -104427.15125116138 -2427916.6270016343 2134455.7837527697 -121356.84917400972 -130961.90171814038 -2445245.4660987807 1917429.5747846211 -1953534.4666925934 -1103646.8989596786 -3064433.155680184 -3553379.4579506232 -1033848.5923321001 2558515.498393357 -3217659.4214066104 -1354264.172245195 -1701198.7729301571 -1119395.0615169033 697695.9345936213 925933.4431141877 -2901898.035821558 -3816014.2415397204 -1710447.5429751996 -2985625.0722398 -1840356.3830413078 -2162425.138442271 404053.9096895494 4079786.962515859 -2608422.2511115544 302018.87219133286 1680804.184549252 -2027154.025150195 1018464.2034966917 4367876.651021241 183828.64266643027 681060.2953471208 -129117.76359368664 1525121.2123497187 -1727760.9644189405 1536742.6354500009 -1767408.9909305794 294265.40622828447 -613275.0689481688
-139480.64168181302 -1519481.5193266994 1117789.560655407 594613.0250533754 2794929.885416177 1898230.9576483015 1403206.8724906428 731957.5801683353 -146229.66338654023 340046.41279323393 -95304.02316792951 -91113.1862599968 -555228.4330230629 -4547499.651078966 -1298830.1250717214 -868223.2706455527 -1328059.3822714007 -1693420.7648883737 34545535.503441 -2811286.056424433 -4027497.1527618566 3754877.481103287 560790.8485406097 1144844.3428035525 555627.8306224841 3098652.6986835822 1946995.2428706575 -1471090.567904925 -4210439.919721086 988929.9140656122 -1123221.1110911462 1869652.0878864431 -2493382.709001839 -2004879.9090097458 -536574.0056321605 -4793126.015614371 2044010.2347495428 2378119.131458657 -4586838.474580323 -3323403.700048958 2567999.559066746 -2275223.9809058406 1169707.6022399708 1398115.8766254997 1998059.8509472946 -2074653.6810567484 3707085.7934181634 -4215593.08056869 3331390.7609911035 -1324666.4253887709 -1249255.7458753418 3237513.4772255616 3237418.6871824637 -1484510.8579600423 3873925.9308038657 -4763410.883669943 -5413979.508968037 565397.751187798 385127.4639913287 714644.8410880079 1191586.07221439 367060.7235189337 -2649930.499858038 1149241.566060885 172408.40094411408 -1642843.6119667734 2909103.7251430326 3966871.8579091714 3729984.5336872903 1340600.581449141 -3154835.2133559207 2253618.8899515048 2651564.8113014 -720899.1037299883 -1186006.8557227633 2750799.7025857666 -1559264.490294199 1765407.9431352941 -2787453.0502050235 4801979.563357743 1268962.8239012954 -4838492.358636208 -1296477.8473447608 -890669.5481909745 4202301.534975538 1424482.463940187 1386564.7224366048 -568808.2843748298 -522775.97996340744 -1975069.34448169 -2599177.9199370546 -1001973.3899689051 660749.8804344725 -1755154.1985528378 1041297.6057828518 -388517.222477369 -2995288.3517344175 -1118191.1803620665 -5739308.967333529 -1339459.7942579412 -1849047.5747830647 3446731.251221035 -1039612.6079476809 22870.209624290987 -690207.5928940604
758674.6990357677 1616570.2620716288 2279750.398761837 -1441464.3024730731 -683208.8923515303 1169629.0869003034 2879920.113224497 2797153.7272375324 -2083609.7224439438 53499.2444417092 1570375.3274026734 -2181341.111882516 -3592896.941546584 3846953.362058917 -368839.43252656294 -1282488.149724238 2736878.747838063 -1234233.7336256893 -2811286.056424433 31862446.829753965 1177209.2270777193 420176.50973925064 2449402.8839313667 -1309594.151065607 2514339.011750057 1458480.1346906084 1965487.6473108025 15173.748757490099 -2785933.6594479163 -3908564.544735083 -1396303.9073241286 4225590.7483035335 -343320.2979270609 920004.4204342895 -2507952.7916964255 1338333.4665996968 2356392.690236341 2091409.411660673 -2731872.6183209354 1084752.9902800985 -1519314.5802645367 -1711182.4116804204 777737.0732681004 -3053686.471702516 -4349351.3514925195 4509180.146489391 949724.2879598504 -1126333.5566715945 76946.6635739408 1570312.9209847876 3072467.434736699 225895.98805843544 -3509875.4689536295 196727.0166228073 -665049.3992129886 1033956.5789853169 707715.5882758149 2940326.5640065297 2451127.5407414166 -3466705.499217585 1295430.7487067548 1067724.6013049716 -1909812.1839102488 308424.88682673534 -1637374.2365024625 1642014.2965750655 2090710.704616202 -1809929.685343553 -3598838.7293303474 1113404.9603592034 -1560161.6171394244 210830.95250012656 -1643698.41697017 314690.3194669419 274323.2728608715 -1222742.4492131164 -56843.74566003509 1403625.4774131188 2028004.4948329674 -3283674.589236042 -639575.1243402425 935228.1612668395 -1444422.091567926 814986.0661306852 -4054755.2650607214 2199617.7240589038 -1068215.7026084329 -1358240.1901525287 -312123.49130097765 -2720031.79685991 -224951.787233666 -3538347.4785049134 -2858981.862432756 -740083.8745756629 2801433.889067377 1255901.0495061958 1724875.624264558 2949180.806172727 514374.2468291855 -653059.935692629 -98520.11921081002 1212633.7172943538 454960.1363364431 -28795.753100725462 1028404.2148078673
