33050095.962598212 -983575.0825923851 3303169.4539962118 3056901.8394612377 614550.9637776266 -6648478.836277698 2654952.6572169694 -4661897.833800318 2970114.49998766 2905830.8505298044 1981068.285084535 1152296.9595217868 -80980.28419460257 -1736352.085329219 1853441.0403093991 -609466.7269097771 -2202069.1091354666 3391654.8638803842 4182310.56959641 2720897.0282980967 -1019843.1537840303 -2704515.274657874 2457348.4488379285 -4528350.393336961 -1568113.3862212216 -841906.0118547553 -4856719.996386034 -2738527.54991549 -1885346.0272930178 1134090.7668053538 325587.2871552666 1115288.398000206 -3591573.45728398 -112985.27169277101 839961.5113039252 2636784.9202872994 -1270496.6087650429 -1203242.0860644511 3401787.8131347606 2265143.6381586324 360669.5406057589 -974527.2806024372 -4198998.848962386 -2180857.225231115 -1964396.7331363906 -2597032.13783566 4291081.778221999 3966637.3665891616 902008.0762773202 1664914.3476829398 -102960.34005272729 1824213.1719665094 35931.888170100945
-983575.0825923851 35027926.83388645 -1191011.023975983 4124329.0608368763 2217344.0137333814 -2594707.0796995424 -2331830.961201284 -1057472.7692171354 6121869.95584258 4703804.526912711 2478508.136959085 746438.9320946484 -25004.20357837185 -2503710.5962129286 -1191629.2865147647 2449246.5981250354 3462307.8197208364 1051421.7263163242 -3151579.4026184413 -1631923.987892205 1914478.9060804276 -1140576.8353567312 -4724348.099322458 2275084.1729900003 2065310.4594260955 -1178553.5124043445 542619.3397408063 3872499.8591279755 -2017426.3958072271 5855003.012487947 108478.42150348787 3707044.6915166127 -446354.4452559423 4935394.067074683 -2007767.3980443778 -1591789.185467488 -4398110.93340413 2948151.374392759 -913694.716029751 548010.7419465985 6051918.874709102 -1844151.3555722868 -4433930.405698271 -484449.34522121155 2348093.8468446825 -563619.0792880476 1044457.0592097553 -295808.10329270153 3500436.797523057 -2035824.110793455 1011472.1435447673 -7732509.747856476 -3125804.5550358724
3303169.4539962118 -1191011.023975983 29345914.44965401 -172060.28874642585 -3275186.728496252 5242711.35663665 2275828.2838452575 -694298.1919979528 1492016.6598007479 5907236.726216338 521913.8043568598 940697.1809952259 4334974.545757348 3522249.508797472 -1281205.7858772804 -879758.0560886018 -211469.0041668149 -788125.2594302617 -1298365.330444414 1391830.239531462 -1021394.5071470216 -1298001.3700795688 -557114.7175925383 -2103973.2753046793 -4235080.61436306 3429569.8586447597 3585730.736078479 -1899179.7875791164 1266345.1894964376 -4088010.412497885 -3341259.7268861397 1212272.247402581 -2229161.36794815 -4221277.913793717 301486.59986995696 236764.24111980328 -668379.2934874116 599239.8966067226 2950700.6924099606 -585121.4142352665 -1588243.321466215 621219.4631593263 -1366211.4415679562 648899.8508676201 -1817025.3131344263 -569627.3236744968 -14303.238858133913 1647379.1259726752 545056.7052534819 3366085.6813399973 -7482485.734045774 -932513.536584969 -2073780.2779224527
3056901.8394612377 4124329.0608368763 -172060.28874642585 33701352.90582592 218741.9678590865 -2582287.4616290582 26104.240766321396 3523181.6491034953 6994.016135527795 293027.728956748 4691934.9457197795 450788.01651759556 -1554050.6121687908 -3055960.7757269843 3021713.7419438595 -707314.3912623884 -4619704.522082093 2512719.6766816005 2660884.061117053 3433822.225142638 -6595.3952246603085 -3266622.380849538 -3245209.067692021 242248.17819789576 -1877657.0497035624 322660.53286743356 -322846.89615007024 2111156.6392034055 -3785932.6058189254 2101794.357060212 -990488.5108130992 -861298.3336006714 -1238425.4711738902 -5119028.908585799 904848.4706960032 1566131.7576076933 -1040455.062058538 -3144260.682636952 -1220940.9977182753 2135981.7697460325 456229.176916876 -810840.1014017775 -3685504.579388193 -1228426.9154223544 2151225.1656365027 3529537.46539424 211907.87525389536 -1767632.2824090733 -116406.40939013794 56682.06137791661 1090103.1991396653 -436709.9166798859 101552.03962181252
614550.9637776266 2217344.0137333814 -3275186.728496252 218741.9678590865 31251474.716435052 -1128238.5998317252 -1044868.7593757067 1581219.1376725214 -4356539.135473778 3394923.863697626 96312.01869530504 643818.384724548 2943105.2112665568 471913.55673017504 -282994.00304238114 2513240.8772970745 3431729.8844075645 2049776.6916475927 -2782597.5983023397 -2153874.300601122 1825657.0659719235 1031786.1696889156 -5361810.903782788 117196.09201614725 180151.9413530039 -6509023.856035598 -2899223.688172332 -3581058.860112859 -1410150.808453229 -1042777.990954932 2248078.8844609223 1396126.4467080536 -6777397.285917145 -456635.2825250014 -4537438.259732272 -290355.16827392316 5631797.147866308 -971653.658955488 4708437.523873482 -445727.89685772685 -1688030.6192357852 -1260574.2148707134 779000.8411344195 -1132998.303306965 -284075.61674305133 -2697526.713617821 508975.0896115385 681084.1278899697 100255.33768198101 203393.08900206038 750156.1473857999 -2607673.6330346065 2599941.841094425
-6648478.836277698 -2594707.0796995424 5242711.35663665 -2582287.4616290582 -1128238.5998317252 29339446.82971382 -3337277.4440428447 720697.7583865621 2071100.5715735827 2036910.1233238913 3669809.430292132 1616024.6926024023 506799.2997779995 572159.6611792155 333967.79533605225 330653.20666116494 2639804.003631575 -1803364.3487202004 2585693.780655321 -1788346.6972161985 103738.05577231036 62634.043425524345 5739125.658057828 513105.72365019325 680019.419618912 39091.207983349086 6158341.300041666 1431326.5915318497 503800.27553271974 -844834.6124257473 2377015.2610210683 611797.8193786488 -172685.12859585905 1440154.593798025 -1276312.8333328424 -829489.2940964282 4631292.035381136 -1409921.4456757086 -2152434.020997035 -1013738.8109796405 713717.1841375995 391903.2210417024 4375799.125831482 3112610.359315717 123933.4145999317 -2540971.588138093 -5578104.148794897 -575999.6430156353 3283344.1073249825 1752631.5904071978 -1751061.3741782343 -3827794.225516662 -2197339.3027247773
2654952.6572169694 -2331830.961201284 2275828.2838452575 26104.240766321396 -1044868.7593757067 -3337277.4440428447 32715080.48903145 346814.2185245931 2120472.882975403 -3426651.9400159544 -1333686.8939663544 -484964.56588791736 -479318.8516469965 880803.1783995255 -445448.738995798 2632544.2982192915 2079119.8635172118 1972339.9044545402 2565729.57949317 702575.4554376828 2142493.956212921 3064337.9064113563 -3685110.07672451 -2270046.4094762458 -817195.8600679211 25528.66730758128 -1591191.3634480725 92352.23301707751 3213389.6546261823 920823.3754784485 884679.225393315 3623091.7162685567 -1622271.6208563263 -541524.865197887 4309875.334092089 1006709.7964755137 -2214912.957644344 358576.598256673 3109501.718225036 -501338.816983931 116742.9738532132 -5408609.90229867 -1202957.7608311723 899648.4672084099 733677.9702641319 5808462.0733541455 5831135.177505995 4960568.968354994 3513193.981469252 -3083688.19037874 3373943.670057842 -1303666.3989028179 -2483660.737034118
-4661897.833800318 -1057472.7692171354 -694298.1919979528 3523181.6491034953 1581219.1376725214 720697.7583865621 346814.2185245931 31256587.919874936 -218693.76716327915 -1386804.2505402474 106217.00768841665 1400122.649825842 3426092.0005032537 -1497883.43329704 -2289933.104138941 -7388085.620121345 1346250.9932812578 -2661781.2758198073 1193838.5273258046 2254435.8537474647 278824.46423298394 1236057.5363093442 193570.4471078341 -2693199.479565914 299733.8259724258 -1148114.1204091914 563769.70957547 1656157.5227183357 768329.1990314645 -5255479.497546937 4474789.619516855 -4294788.942309526 -3547207.4392796922 -78744.9470202355 5561049.77015039 -1946888.5835823384 4849076.3943932075 -335287.7835149557 628525.6303379391 -1432069.9565814289 -1791519.020174207 6511690.880723562 2584527.208527154 2686832.1807490624 3479882.709454432 -2430537.1542675192 3351373.272033873 -1782635.4792804099 1416650.0309118861 -5139209.507865646 -856840.2039809622 -1460040.4030408598 -832840.2190747078
2970114.49998766 6121869.95584258 1492016.6598007479 6994.016135527795 -4356539.135473778 2071100.5715735827 2120472.882975403 -218693.76716327915 39829479.701057 1301659.1980746822 2391361.6948977434 991887.6341331456 -400178.19089851325 -2562893.012380623 2362401.521406094 4342420.111841464 1662644.8032777242 -555157.386580127 332974.0731669695 187300.69908139997 2711515.0624189726 -160523.64674938965 5440273.2920154445 188799.1252110645 -1965525.0285238943 4996569.512809504 1499657.2999455538 1699893.9024353772 -2366646.7022948773 2788577.32587665 -2649140.4700993286 -238230.6687797377 1350661.9414511577 -780740.7812286955 1524237.1713113273 1381419.1305823904 -2061833.9415482548 1420000.0063333025 -688314.4020552309 -1085811.6330804608 -1595393.798667773 673090.8096140452 -2065562.1912693712 -1674701.4651311936 -415208.21222767694 -378141.00889411697 -1632347.1832957936 -979224.5525501777 -3320536.5740877143 2109150.465945326 -2426320.3201293605 -6565502.647669328 -3778224.755305752
2905830.8505298044 4703804.526912711 5907236.726216338 293027.728956748 3394923.863697626 2036910.1233238913 -3426651.9400159544 -1386804.2505402474 1301659.1980746822 32618650.491464186 2544859.4352245755 4624407.782051987 5270481.50934626 840089.8191053771 -138018.65424825548 723755.4894686083 16858.788546579675 1111522.5214707549 1762765.705354477 -1853905.4181622511 -201708.83153256038 -2167669.410164584 4019048.2105384534 -6112121.92026659 -2944580.589549477 -3072544.919815447 -2916433.657325122 2205892.8472385188 -2751394.8809619816 -71339.98546165987 -804888.0677690537 -484451.27125744254 -2620212.205782985 -642010.8542979985 -2450412.155750851 527150.8866711323 -2078048.316165848 -5769384.479827159 -687596.441985129 4120456.542852061 -487566.7266897131 4729812.899151981 -2223676.7264583595 -593938.6915895524 -1736782.3636799084 -2149418.937998174 3219242.9638837385 4286272.931860524 99658.48475741583 -2858409.730717401 3505240.814392964 -613696.7474267798 1354515.5506032244
1981068.285084535 2478508.136959085 521913.8043568598 4691934.9457197795 96312.01869530504 3669809.430292132 -1333686.8939663544 106217.00768841665 2391361.6948977434 2544859.4352245755 34441419.173736475 2716267.2518456704 1003908.5997766032 1677448.4857867025 -2767918.348799718 -1659988.2854133693 3070337.5428127297 -219295.2894786197 1695686.8408417867 532185.9126242163 -5392680.254287774 596609.0981846275 1567114.4729514406 -2347679.6038550283 185705.93259906513 -4959176.54166604 2883920.0212490787 -1070700.3716981823 -2121107.813686652 2814132.4891871023 -203695.80868520998 -124126.27621538483 -64587.26814719931 -829499.620045315 1040060.0111314589 -1333790.1405300163 1441916.8122471592 3766457.6615870125 2717030.974949628 -840146.6585288825 -3317355.6936105993 1940538.838271577 1135078.7286337581 -4358923.165656596 3464461.691013249 -704253.8715940821 -2277223.937840808 -823250.3606705364 3466367.720504268 -2771979.5468526995 -3996130.188096247 -3091500.898703559 -12446.823855548899
1152296.9595217868 746438.9320946484 940697.1809952259 450788.01651759556 643818.384724548 1616024.6926024023 -484964.56588791736 1400122.649825842 991887.6341331456 4624407.782051987 2716267.2518456704 31758264.04700898 2442196.413078922 216661.40364686484 97932.38004086564 1765139.3737701587 -2035949.7375234878 -3490284.675553541 2415632.6102896235 2202829.512825804 -4277730.256043743 757524.3933420513 2405157.031073208 744570.3845669929 2213836.734937373 790693.9862927262 691482.9054743993 -1066646.4846221865 1227731.2304207678 -1498840.466168447 -2738549.8511032523 -1790864.8585030637 142218.74169150245 -2465833.675716162 -418339.74970677856 -3076824.811610668 2884994.4753224836 -22323.438107384885 -2401194.0030905693 -354079.0243158315 -1091299.6216921152 -3833680.4839511476 1309809.3012771902 1507827.5950493794 -1963915.105006726 5337801.936670951 1617823.7239566043 -338912.3926939246 1206062.256374968 -1340629.0578116004 1787143.5265197295 -1579281.795611745 448591.8233133342
-80980.28419460257 -25004.20357837185 4334974.545757348 -1554050.6121687908 2943105.2112665568 506799.2997779995 -479318.8516469965 3426092.0005032537 -400178.19089851325 5270481.50934626 1003908.5997766032 2442196.413078922 32546287.46984461 -1167721.6244540687 -135585.3711343411 -6469252.01099816 -2972976.8428479456 -2663217.253135444 -1880221.5264004401 2026670.8123865775 -1257230.6866433015 1661523.7547820841 801140.7970813946 427776.57914463093 1172111.1329749536 -1381433.438735116 2110905.1048834394 -3499958.671969967 -4128698.0438637235 2483221.815066933 -2654679.3192413095 -121406.27319990039 -1195591.3913612664 -3001842.029828388 388527.27883743774 2603247.74887426 -506076.1883505523 -628894.2291000522 -862179.9429987698 4917855.327453075 240756.83501229138 3147180.990711876 1202713.521509546 1205722.8018131154 1780486.0539657276 888436.5840810377 -354930.2845804204 2582340.8478621454 -511939.84573573625 -2669785.473423797 792735.276834465 -1725170.84951949 3200790.7910810946
-1736352.085329219 -2503710.5962129286 3522249.508797472 -3055960.7757269843 471913.55673017504 572159.6611792155 880803.1783995255 -1497883.43329704 -2562893.012380623 840089.8191053771 1677448.4857867025 216661.40364686484 -1167721.6244540687 33957282.05881386 -113654.13376355231 1448751.6818420328 2309174.5718845217 -5503639.955870747 -2327697.66470596 3821127.164219876 -2599419.194724132 6296855.931987533 -2304749.2456051745 -5278593.871993197 -1160489.9668158519 3809963.737978303 -4373785.790307485 552974.492209817 -589428.0810577577 -552693.6534612747 2387234.4485401674 2824694.053834064 -1716213.5189538023 -1903483.7155666323 -6632307.72293473 -1463348.1583721815 4273766.477236144 3633871.921084204 1678031.6757526153 -2377825.743388149 -1348511.8349932614 -2803303.8518295884 4178200.4381818213 958002.3363822742 5049226.794273846 1886941.721062618 -3097925.553096454 -1911576.9483285437 -517567.95245160436 -945953.7215008194 909434.035426332 -3049332.611839178 -4719047.641759861
1853441.0403093991 -1191629.2865147647 -1281205.7858772804 3021713.7419438595 -282994.00304238114 333967.79533605225 -445448.738995798 -2289933.104138941 2362401.521406094 -138018.65424825548 -2767918.348799718 97932.38004086564 -135585.3711343411 -113654.13376355231 34629272.43988717 516949.8046445296 -4495241.181559031 1157063.1293174175 91752.64522300196 1650305.0286724751 1506543.5570446732 -3733963.7864852063 -3452373.1909505157 -2962626.899142057 995611.9646113568 -5803174.140159187 1249540.8518858699 -3250717.393752096 -2431601.877518577 1548876.6249665266 -1113115.871970361 2210034.100975734 4069002.661676732 -1723525.5822275174 -5011811.643136111 -756020.9419784339 1488725.627599186 -2837406.3834240916 -1884986.3187055793 3004221.6484393254 722539.290117066 879332.9769993902 2835777.8084248286 1204207.774307898 -4599854.70009855 -657383.3374485149 4826755.506582858 -1265645.4250567348 -2442822.059973705 -3372117.231550602 -4719568.720147255 4274884.464747153 -593789.358274961
-609466.7269097771 2449246.5981250354 -879758.0560886018 -707314.3912623884 2513240.8772970745 330653.20666116494 2632544.2982192915 -7388085.620121345 4342420.111841464 723755.4894686083 -1659988.2854133693 1765139.3737701587 -6469252.01099816 1448751.6818420328 516949.8046445296 36911199.95986149 2863653.2307157605 3435960.6119956817 -2626952.5871330677 -2080250.0433335213 -13851.375764452821 347406.5242061492 -4414617.633369546 637611.706617576 -2188249.3292312897 186797.12768903075 -1402547.2878357726 3767831.0611383496 5074513.068761162 712298.2635388951 257961.67190646494 -3164393.0131091536 -6068626.712290341 -1899936.7694017142 -1585724.511068507 -2358765.901702872 3017286.0566208814 3911342.9936170136 -684416.5784799731 1582972.3513159778 1328860.20717459 -4415004.041178802 -1947046.5372883002 -4198478.95582425 -236801.05066194804 7331360.091460401 8900812.607291846 363495.15647343156 -1715239.7881261003 -1600010.2438059598 -414486.4794271428 -5980588.221868312 -3368886.167168427
-2202069.1091354666 3462307.8197208364 -211469.0041668149 -4619704.522082093 3431729.8844075645 2639804.003631575 2079119.8635172118 1346250.9932812578 1662644.8032777242 16858.788546579675 3070337.5428127297 -2035949.7375234878 -2972976.8428479456 2309174.5718845217 -4495241.181559031 2863653.2307157605 34572966.85637256 -2493474.7366159293 -3454453.6465075575 -770739.935256373 4574038.755501782 -566709.331362728 385600.93614614336 -4862126.766143169 3773755.2177476496 -3943740.0390350185 -2346795.9619100285 2625365.834208313 1499790.068695482 338115.29299317684 560860.1232863769 -4209582.159251897 2308085.3041952224 6349783.271701146 5136096.680292123 -4519213.960284791 -1085345.3432181003 -1168881.822781256 -1506557.0960232462 10052.859568355618 -3251533.523494686 3235999.8442753027 2063926.5248621774 3125823.7345614093 -1386117.5755333216 1125954.5041814686 -1098814.5114984454 328291.47685602977 -487802.1339195123 3004336.9657924813 4457336.76174499 -128298.93907452202 -4459152.40890914
3391654.8638803842 1051421.7263163242 -788125.2594302617 2512719.6766816005 2049776.6916475927 -1803364.3487202004 1972339.9044545402 -2661781.2758198073 -555157.386580127 1111522.5214707549 -219295.2894786197 -3490284.675553541 -2663217.253135444 -5503639.955870747 1157063.1293174175 3435960.6119956817 -2493474.7366159293 29931271.812447667 -1033170.5920889109 -4826115.751058317 1640800.6880596434 -793000.4312411908 1078918.6996150308 -3115799.9638866233 -936502.6242237821 1805647.6483560095 1704458.2746441795 -5352442.330907351 587319.2593422453 2606100.359129879 73860.27771409586 4746770.20337296 -2276619.719298761 -4420205.147774811 -1361683.2294284143 2857065.6814909102 -2462126.6235553212 1277226.0748348967 1283289.5295635278 3772607.4477170743 2975088.970439832 -380735.8576637645 -109565.98341060324 -3442642.3970185723 3751216.006208641 -3583323.2364869346 1567433.9023594107 -1042850.0865234606 1292962.8718352448 1322201.3495196148 -1911091.318125042 -696543.0969433489 -1780936.843944443
4182310.56959641 -3151579.4026184413 -1298365.330444414 2660884.061117053 -2782597.5983023397 2585693.780655321 2565729.57949317 1193838.5273258046 332974.0731669695 1762765.705354477 1695686.8408417867 2415632.6102896235 -1880221.5264004401 -2327697.66470596 91752.64522300196 -2626952.5871330677 -3454453.6465075575 -1033170.5920889109 36919962.54322277 -2421313.9324329067 -859597.4239436276 309381.4512328741 -1579953.3260523162 796061.7157942578 -3286646.796999519 -316681.6386865799 585391.1303236587 -714948.6760579544 -4550502.661014307 -2154495.476663949 -1431336.389687922 2941354.163690211 -1371961.1453955574 1539869.986448255 -2141795.9552535457 4076400.9852996306 2824846.150517545 -1838548.7552368727 -1714062.0008844857 337845.97039444273 2414201.445310904 2339493.1981692044 -329603.69746309955 -233512.04989827418 -3330939.788313048 595253.278390943 2012114.5672042337 958525.9374980978 980069.3138880692 1218688.6677986602 1422732.9446063552 871357.6665258307 5944794.78421694
2720897.0282980967 -1631923.987892205 1391830.239531462 3433822.225142638 -2153874.300601122 -1788346.6972161985 702575.4554376828 2254435.8537474647 187300.69908139997 -1853905.4181622511 532185.9126242163 2202829.512825804 2026670.8123865775 3821127.164219876 1650305.0286724751 -2080250.0433335213 -770739.935256373 -4826115.751058317 -2421313.9324329067 32281203.99876539 407140.31708869664 1226546.698199211 -1794970.8420505563 -4030231.7550846315 -2600351.960109821 4097064.5897223493 -5723389.803336438 -3026552.698402468 1152973.6609201508 1778988.4950097823 1092725.9674457654 907988.9548291941 -754939.225957532 -594043.9102325961 568118.6422615806 -358600.37697050476 -823853.8512271399 -2104798.474043342 3492655.1262967056 -2789525.3101378623 -2490305.2164878533 -3647545.6108351117 1414387.3464872844 848617.7586303713 -2743023.224532572 107637.05394821278 26241.893738595016 255138.59138512975 2805007.1864283574 -2402313.8272929355 -1668694.9941339325 -1224777.6947821346 1459729.1370397361
-1019843.1537840303 1914478.9060804276 -1021394.5071470216 -6595.3952246603085 1825657.0659719235 103738.05577231036 2142493.956212921 278824.46423298394 2711515.0624189726 -201708.83153256038 -5392680.254287774 -4277730.256043743 -1257230.6866433015 -2599419.194724132 1506543.5570446732 -13851.375764452821 4574038.755501782 1640800.6880596434 -859597.4239436276 407140.31708869664 28888960.744551793 522374.0486998031 -1914152.3238099664 1352961.2349804298 4869445.225180699 -1937213.232471532 -1396353.549048766 5286125.09559601 976994.5481183918 -3322506.0957334144 -989523.8520375275 -1752207.3451269134 2813331.5063441596 -1564037.0544042306 1436797.4522911306 3975778.8050146103 -1842051.5255495901 424191.49990269414 115637.0290261198 3641821.195224596 -1181840.858142814 -2337236.3096831436 905599.3308336003 -1273578.3840157927 -2039591.983381473 -1255692.9451713047 335548.9238643987 2822444.283706578 763132.1828337789 5002808.0137164155 402472.0672617628 212402.84167064822 -1759661.5747201706
-2704515.274657874 -1140576.8353567312 -1298001.3700795688 -3266622.380849538 1031786.1696889156 62634.043425524345 3064337.9064113563 1236057.5363093442 -160523.64674938965 -2167669.410164584 596609.0981846275 757524.3933420513 1661523.7547820841 6296855.931987533 -3733963.7864852063 347406.5242061492 -566709.331362728 -793000.4312411908 309381.4512328741 1226546.698199211 522374.0486998031 29721243.54430791 -3186545.831517532 1698376.5530495215 1441684.93596161 1677629.7947192302 -212649.807076346 629279.3606370696 -565298.650440104 -586744.3819115981 -257352.96505579102 -3481180.082334019 -29906.63832095554 2647306.379301647 4410611.27367447 -19599.505304444745 1222853.1198135465 954292.0859125898 1145108.5856897472 -314933.43644681136 -792490.2252748659 1608412.0123008292 -79978.30814822904 1259370.364232423 -763396.4056440667 -2102521.918009397 -3255591.9648397258 -3717178.3928655633 -6156.574403015761 -3949504.8886001064 -1706634.5836220093 -2075670.2989477618 3599944.6706926515
2457348.4488379285 -4724348.099322458 -557114.7175925383 -3245209.067692021 -5361810.903782788 5739125.658057828 -3685110.07672451 193570.4471078341 5440273.2920154445 4019048.2105384534 1567114.4729514406 2405157.031073208 801140.7970813946 -2304749.2456051745 -3452373.1909505157 -4414617.633369546 385600.93614614336 1078918.6996150308 -1579953.3260523162 -1794970.8420505563 -1914152.3238099664 -3186545.831517532 35800349.06487951 379995.7256668934 642363.612120183 -2734816.0964980465 -961768.2335286405 1668990.4192657012 2084019.123986368 -3840536.708162918 -3336126.048256733 -1355256.7923022883 5571291.772038093 3881259.172134481 3730554.735197105 -958280.8956533849 2109823.416481703 463310.05401428527 -237001.06968959243 4992007.941802028 -329921.98419405805 -1483856.7944235743 -923774.1066447584 584847.344723282 3318818.026173275 -5102670.717033062 -5014912.793729204 956294.2017077322 1242166.5891204227 1565516.7467529504 3600110.862830537 3928073.1382301524 -59371.53978041219
-4528350.393336961 2275084.1729900003 -2103973.2753046793 242248.17819789576 117196.09201614725 513105.72365019325 -2270046.4094762458 -2693199.479565914 188799.1252110645 -6112121.92026659 -2347679.6038550283 744570.3845669929 427776.57914463093 -5278593.871993197 -2962626.899142057 637611.706617576 -4862126.766143169 -3115799.9638866233 796061.7157942578 -4030231.7550846315 1352961.2349804298 1698376.5530495215 379995.7256668934 34857379.15695856 4546991.595974701 1685183.1265327975 4217413.5297216 5812140.960439989 1167125.936660962 580623.988512506 773855.6844281622 -2537848.1497171298 4588108.77521865 -507523.38089384185 -598210.8891521958 190569.46623068213 -238339.98301507675 991384.3237503656 -2272015.0763776135 839928.8637278243 4110248.0763728917 -5011401.86471991 -559325.032238864 -1082656.2460004343 5639898.263567156 1614611.9352022582 -3826827.34875597 1628570.7824499554 -2654358.88738434 660884.4185851592 -1958993.8700907791 4780774.554352873 -938836.6786224743
-1568113.3862212216 2065310.4594260955 -4235080.61436306 -1877657.0497035624 180151.9413530039 680019.419618912 -817195.8600679211 299733.8259724258 -1965525.0285238943 -2944580.589549477 185705.93259906513 2213836.734937373 1172111.1329749536 -1160489.9668158519 995611.9646113568 -2188249.3292312897 3773755.2177476496 -936502.6242237821 -3286646.796999519 -2600351.960109821 4869445.225180699 1441684.93596161 642363.612120183 4546991.595974701 33022568.2540726 2133429.73415377 1581889.978150741 4478448.752259247 -1070446.4246915763 448795.4436361686 1737921.4322593943 731443.1925211254 605268.7359825149 -3838520.0090792608 1914837.7772447227 1484892.2280137972 -1474256.7833928792 1763874.5705696128 3512384.684321698 -122428.88115127989 2260453.5862534153 487511.05312789296 209784.14736821948 6639960.941397682 -2377373.6259379033 -1473638.7651473056 -2696476.6832985086 -613934.86252899 1942459.2464129806 1909196.0825058396 1492784.0933651526 -13622.307190894882 -2225615.3938359316
-841906.0118547553 -1178553.5124043445 3429569.8586447597 322660.53286743356 -6509023.856035598 39091.207983349086 25528.66730758128 -1148114.1204091914 4996569.512809504 -3072544.919815447 -4959176.54166604 790693.9862927262 -1381433.438735116 3809963.737978303 -5803174.140159187 186797.12768903075 -3943740.0390350185 1805647.6483560095 -316681.6386865799 4097064.5897223493 -1937213.232471532 1677629.7947192302 -2734816.0964980465 1685183.1265327975 2133429.73415377 35083980.14387879 -1468057.8205126466 811764.8795321647 2234332.1477857893 1474044.0858174532 -590817.4628836277 -1028092.0409939993 -1879063.8032924368 -2137261.143097136 -1539867.9770575198 3622890.101959518 -1423191.4819904584 4180161.7931932043 587269.821553729 -4497264.627613143 1796530.1156080961 928958.2570812515 180998.2964464891 -4151422.134526919 1020303.0236391508 1985740.6244024006 -3254340.7989380397 -322308.7150317643 -1794390.1572180742 1072959.2836709172 -783957.1057434679 -3406822.3171570366 990862.089411754
-4856719.996386034 542619.3397408063 3585730.736078479 -322846.89615007024 -2899223.688172332 6158341.300041666 -1591191.3634480725 563769.70957547 1499657.2999455538 -2916433.657325122 2883920.0212490787 691482.9054743993 2110905.1048834394 -4373785.790307485 1249540.8518858699 -1402547.2878357726 -2346795.9619100285 1704458.2746441795 585391.1303236587 -5723389.803336438 -1396353.549048766 -212649.807076346 -961768.2335286405 4217413.5297216 1581889.978150741 -1468057.8205126466 30199551.817393467 2856948.1393285827 3458168.771198963 933102.6864759712 -4079823.506028205 -33583.51954948315 5169852.354615971 5887340.572395929 4368432.195934587 3383019.175464344 587854.2610143977 2972258.6111045256 3170946.9962657886 1644299.9741199205 1199899.5229597124 1330423.2305279986 2981749.7640342065 1092275.6529974348 -1494826.1211082856 -1151049.1182466892 -689945.2930452903 773382.5564000934 3400971.0853092954 282076.24377870327 -6245796.885431037 -1590025.3053646933 2182151.0573494057
-2738527.54991549 3872499.8591279755 -1899179.7875791164 2111156.6392034055 -3581058.860112859 1431326.5915318497 92352.23301707751 1656157.5227183357 1699893.9024353772 2205892.8472385188 -1070700.3716981823 -1066646.4846221865 -3499958.671969967 552974.492209817 -3250717.393752096 3767831.0611383496 2625365.834208313 -5352442.330907351 -714948.6760579544 -3026552.698402468 5286125.09559601 629279.3606370696 1668990.4192657012 5812140.960439989 4478448.752259247 811764.8795321647 2856948.1393285827 38068525.93986493 -1130516.9962658838 -2336684.586467515 -7330298.451536099 -1684411.526653819 -671196.817238167 3558514.3225382394 3864969.2019568896 -4014162.855806713 -1455081.569692016 -266693.21476684534 1936197.7212703133 -537633.3129411449 -1042515.4876136531 2865904.6219979576 -4742457.393889687 3443073.470498034 1071144.309643149 4546184.662415613 3517943.6707343324 3103084.963860485 -4759233.873516229 -738851.7073756324 5514486.932946216 455937.8440468557 2891258.463577729
-1885346.0272930178 -2017426.3958072271 1266345.1894964376 -3785932.6058189254 -1410150.808453229 503800.27553271974 3213389.6546261823 768329.1990314645 -2366646.7022948773 -2751394.8809619816 -2121107.813686652 1227731.2304207678 -4128698.0438637235 -589428.0810577577 -2431601.877518577 5074513.068761162 1499790.068695482 587319.2593422453 -4550502.661014307 1152973.6609201508 976994.5481183918 -565298.650440104 2084019.123986368 1167125.936660962 -1070446.4246915763 2234332.1477857893 3458168.771198963 -1130516.9962658838 34488192.04280077 -6691045.926887618 -3987474.7105888547 -3121830.719832373 132205.29103218592 2506693.302539349 1967607.252517294 237322.92611580263 -2803561.4437989737 3167800.652540357 993181.9129857236 -4960983.811115832 -965585.1023453289 -1351908.0824972126 5539641.6204134915 1001163.8490497731 168026.298187988 -1933383.2468123822 4011072.6364037697 1897360.1146138173 -540866.3262271163 -2026312.9655048433 -2090214.3445597144 5216226.589475204 1892596.0994647355
1134090.7668053538 5855003.012487947 -4088010.412497885 2101794.357060212 -1042777.990954932 -844834.6124257473 920823.3754784485 -5255479.497546937 2788577.32587665 -71339.98546165987 2814132.4891871023 -1498840.466168447 2483221.815066933 -552693.6534612747 1548876.6249665266 712298.2635388951 338115.29299317684 2606100.359129879 -2154495.476663949 1778988.4950097823 -3322506.0957334144 -586744.3819115981 -3840536.708162918 580623.988512506 448795.4436361686 1474044.0858174532 933102.6864759712 -2336684.586467515 -6691045.926887618 31592382.51669446 -869714.3985390462 1641074.4763228537 -4529669.350047635 -917731.6313672855 -403776.6538017559 -406410.58658490184 -3714275.2262380677 441676.74475225434 231119.27669856988 -2379045.6580090495 2488144.9907765025 -1902594.4644038717 1031163.4861360921 119203.61302499168 1556093.389221573 2092686.5207567117 -929580.4740715396 -4986622.305936152 -1599000.7588912616 377817.01117990934 5999873.459277964 -1997572.7456377454 373829.1873718298
325587.2871552666 108478.42150348787 -3341259.7268861397 -990488.5108130992 2248078.8844609223 2377015.2610210683 884679.225393315 4474789.619516855 -2649140.4700993286 -804888.0677690537 -203695.80868520998 -2738549.8511032523 -2654679.3192413095 2387234.4485401674 -1113115.871970361 257961.67190646494 560860.1232863769 73860.27771409586 -1431336.389687922 1092725.9674457654 -989523.8520375275 -257352.96505579102 -3336126.048256733 773855.6844281622 1737921.4322593943 -590817.4628836277 -4079823.506028205 -7330298.451536099 -3987474.7105888547 -869714.3985390462 31622287.188960556 -1428708.3826559642 415984.14118787204 -3944632.7493092273 870996.5447157511 -1319677.9391433771 -1846048.7669484804 -443074.5088526674 -1297581.9584601284 4542864.882670465 2086177.7156709677 5308323.843090327 1584020.6328047016 -710470.3129508424 932708.240180239 -3854032.791608296 1587938.568098264 471533.7034024701 1287288.4279850712 -5678947.560088995 2471008.637390466 243089.81532368364 -6837611.123324031
1115288.398000206 3707044.6915166127 1212272.247402581 -861298.3336006714 1396126.4467080536 611797.8193786488 3623091.7162685567 -4294788.942309526 -238230.6687797377 -484451.27125744254 -124126.27621538483 -1790864.8585030637 -121406.27319990039 2824694.053834064 2210034.100975734 -3164393.0131091536 -4209582.159251897 4746770.20337296 2941354.163690211 907988.9548291941 -1752207.3451269134 -3481180.082334019 -1355256.7923022883 -2537848.1497171298 731443.1925211254 -1028092.0409939993 -33583.51954948315 -1684411.526653819 -3121830.719832373 1641074.4763228537 -1428708.3826559642 28286684.934437368 273249.9525457319 -4219256.0508635985 -5019816.181100262 1659070.4876360816 123491.43002964623 1294175.6250530335 2959151.7180611 1679017.1034406598 3454481.4681205736 -329853.0877520047 1206394.9762306295 1160885.7427649575 799166.2009033961 1025131.389240438 -346198.08193373744 1287112.47635521 882916.4084629533 -350857.5294906965 -4474663.419483787 -1114273.0760157115 -893244.0501904661
-3591573.45728398 -446354.4452559423 -2229161.36794815 -1238425.4711738902 -6777397.285917145 -172685.12859585905 -1622271.6208563263 -3547207.4392796922 1350661.9414511577 -2620212.205782985 -64587.26814719931 142218.74169150245 -1195591.3913612664 -1716213.5189538023 4069002.661676732 -6068626.712290341 2308085.3041952224 -2276619.719298761 -1371961.1453955574 -754939.225957532 2813331.5063441596 -29906.63832095554 5571291.772038093 4588108.77521865 605268.7359825149 -1879063.8032924368 5169852.354615971 -671196.817238167 132205.29103218592 -4529669.350047635 415984.14118787204 273249.9525457319 33047422.973620757 3982084.6595230275 2661030.328805168 -1704333.6011859293 -1221128.1614631517 658515.1521370981 -4912407.772624726 -1378683.2301345575 2256622.361724047 2251595.5981940064 -2339709.2386721284 -1131100.528412581 -4506425.099342397 2210408.9326991425 -5532371.827542216 -195461.20082073403 -1285499.3392291847 1450649.6859415 -3582194.246556015 1410034.5177700128 2088100.6738998662
-112985.27169277101 4935394.067074683 -4221277.913793717 -5119028.908585799 -456635.2825250014 1440154.593798025 -541524.865197887 -78744.9470202355 -780740.7812286955 -642010.8542979985 -829499.620045315 -2465833.675716162 -3001842.029828388 -1903483.7155666323 -1723525.5822275174 -1899936.7694017142 6349783.271701146 -4420205.147774811 1539869.986448255 -594043.9102325961 -1564037.0544042306 2647306.379301647 3881259.172134481 -507523.38089384185 -3838520.0090792608 -2137261.143097136 5887340.572395929 3558514.3225382394 2506693.302539349 -917731.6313672855 -3944632.7493092273 -4219256.0508635985 3982084.6595230275 31724423.21999478 2981336.8718752027 -854540.7939608787 -33204.32624817982 3034927.006136355 1646551.02775902 872233.9354084342 109158.95690772848 1694477.5417893704 -1021206.4829853566 1084833.6540771574 -3617981.133686537 -922350.2702382556 1831460.8206753298 -4608067.580594003 2622582.492838015 1754366.8213373988 3687156.7704552263 216599.15294031956 -1557428.3955475052
839961.5113039252 -2007767.3980443778 301486.59986995696 904848.4706960032 -4537438.259732272 -1276312.8333328424 4309875.334092089 5561049.77015039 1524237.1713113273 -2450412.155750851 1040060.0111314589 -418339.74970677856 388527.27883743774 -6632307.72293473 -5011811.643136111 -1585724.511068507 5136096.680292123 -1361683.2294284143 -2141795.9552535457 568118.6422615806 1436797.4522911306 4410611.27367447 3730554.735197105 -598210.8891521958 1914837.7772447227 -1539867.9770575198 4368432.195934587 3864969.2019568896 1967607.252517294 -403776.6538017559 870996.5447157511 -5019816.181100262 2661030.328805168 2981336.8718752027 34039726.85137602 653730.6607969586 -1416179.0034012762 2020640.7966984932 106753.65622529635 -1285681.2865526655 -903977.9729454961 4459973.956251287 -1640460.9751650465 2294628.4846517844 2261822.791020524 2091084.9681068833 2484010.1028962173 -1618119.2471383857 3786844.745099547 -3749701.117539533 1133185.9920699436 5175400.881233227 4305180.46899985
2636784.9202872994 -1591789.185467488 236764.24111980328 1566131.7576076933 -290355.16827392316 -829489.2940964282 1006709.7964755137 -1946888.5835823384 1381419.1305823904 527150.8866711323 -1333790.1405300163 -3076824.811610668 2603247.74887426 -1463348.1583721815 -756020.9419784339 -2358765.901702872 -4519213.960284791 2857065.6814909102 4076400.9852996306 -358600.37697050476 3975778.8050146103 -19599.505304444745 -958280.8956533849 190569.46623068213 1484892.2280137972 3622890.101959518 3383019.175464344 -4014162.855806713 237322.92611580263 -406410.58658490184 -1319677.9391433771 1659070.4876360816 -1704333.6011859293 -854540.7939608787 653730.6607969586 30054598.042458136 545725.0178551974 1085340.2773339301 2027367.1169300363 2823277.1966342777 330143.27684593905 1339354.3701381825 4350066.757009342 2827163.6780722435 -1692473.1891315365 -227846.19310147484 810104.7592514679 -2972278.3915626435 -1150338.5474411063 807504.7547626088 1858861.0368305803 2927136.0797271347 2629277.5783466105
-1270496.6087650429 -4398110.93340413 -668379.2934874116 -1040455.062058538 5631797.147866308 4631292.035381136 -2214912.957644344 4849076.3943932075 -2061833.9415482548 -2078048.316165848 1441916.8122471592 2884994.4753224836 -506076.1883505523 4273766.477236144 1488725.627599186 3017286.0566208814 -1085345.3432181003 -2462126.6235553212 2824846.150517545 -823853.8512271399 -1842051.5255495901 1222853.1198135465 2109823.416481703 -238339.98301507675 -1474256.7833928792 -1423191.4819904584 587854.2610143977 -1455081.569692016 -2803561.4437989737 -3714275.2262380677 -1846048.7669484804 123491.43002964623 -1221128.1614631517 -33204.32624817982 -1416179.0034012762 545725.0178551974 33716595.12607783 -1267078.3459891581 1992982.9987416097 2531972.557985338 -613591.6488551515 -2062670.6259160133 4891875.0813151095 -489516.57320962934 147893.61185723706 363228.7701936494 -5140439.763056232 792140.2358075758 -2349633.851649068 -1173499.912304546 -6898387.46605968 1200240.9855699432 -1069840.976019194
-1203242.0860644511 2948151.374392759 599239.8966067226 -3144260.682636952 -971653.658955488 -1409921.4456757086 358576.598256673 -335287.7835149557 1420000.0063333025 -5769384.479827159 3766457.6615870125 -22323.438107384885 -628894.2291000522 3633871.921084204 -2837406.3834240916 3911342.9936170136 -1168881.822781256 1277226.0748348967 -1838548.7552368727 -2104798.474043342 424191.49990269414 954292.0859125898 463310.05401428527 991384.3237503656 1763874.5705696128 4180161.7931932043 2972258.6111045256 -266693.21476684534 3167800.652540357 441676.74475225434 -443074.5088526674 1294175.6250530335 658515.1521370981 3034927.006136355 2020640.7966984932 1085340.2773339301 -1267078.3459891581 37208560.55438496 3514222.2329543196 -2317317.7148493356 1018666.9384621322 1994691.1678621075 -1441793.9028512645 -433109.0594907361 159600.4389839727 -3196524.997478679 73733.04284972417 -3443333.0197124565 -361602.59288998734 -3128983.453469372 4251181.1951112645 -7012038.24905277 2880958.0209261104
3401787.8131347606 -913694.716029751 2950700.6924099606 -1220940.9977182753 4708437.523873482 -2152434.020997035 3109501.718225036 628525.6303379391 -688314.4020552309 -687596.441985129 2717030.974949628 -2401194.0030905693 -862179.9429987698 1678031.6757526153 -1884986.3187055793 -684416.5784799731 -1506557.0960232462 1283289.5295635278 -1714062.0008844857 3492655.1262967056 115637.0290261198 1145108.5856897472 -237001.06968959243 -2272015.0763776135 3512384.684321698 587269.821553729 3170946.9962657886 1936197.7212703133 993181.9129857236 231119.27669856988 -1297581.9584601284 2959151.7180611 -4912407.772624726 1646551.02775902 106753.65622529635 2027367.1169300363 1992982.9987416097 3514222.2329543196 33731745.12831525 -2592049.6229978325 -272293.22188146913 -3322039.3823888167 2201293.855673062 -1864429.4573991634 -2818408.081754677 -1828762.3931442879 -776576.2094969575 5657344.662184846 5220758.020395121 -2518123.557929251 -2850120.9042937276 3821784.637540496 2602509.9771498498
