35776407.92604054 2165843.9508541524 280909.1443762408 -3376496.601778526 -1858972.5163034792 1614552.1795811784 -1984363.6236140209 -3679340.011450154 -925485.3051203667 1381806.587252964 -1317539.0302105502 -602998.7427460315 -1207711.391227476 266087.69254690106 -88634.31162453165 -670362.4531345862 -2723954.903300725 -2711922.1718959636 3321541.4566509873 -1259671.802375075 2000990.4152540735 -8333316.900947032 -719230.3509047192 369785.73118704476 2426006.487845935 1706012.1276845674 -1928862.3464230613 2690375.7478823904 3508253.1959148785 1186516.1467215808 563254.0093239449 16493.588621898223 515947.5536612549 -1717204.6228953686 -1426388.3642104839 904947.4587830309 4013539.8054327 -2539911.1557554165 397154.75339327235 -2295054.743668946 169886.84049309095 3324263.7357448665 -420368.0354404989 -3200439.3505152236 -3571251.616263004 2409267.402201361 1094772.6930390394 -4379248.534593288 -406261.0965673789 3876710.349929948 -1029192.7833411051 4202747.3606015965 6683245.902751342 3422171.877323517 -458249.70472542406 -757448.4643044764 2011625.5302979457 -2403160.56888133 -2487788.396281601 6513352.830982588 -1716299.2627503457 1434510.1517662825 1324515.7640643413 -3113651.314938937 4819326.201090833 -728029.2373919667 727810.9578204153 -283081.7091509717 -4984340.636513552 4492349.061873213 1428994.8544515502 -795088.1872303046 -1333888.9023477307 1117932.3704554923 1057174.1401934 -3961728.1572788907 -355037.2470788684 2445300.5709233563 1344207.87416765 3299654.1088053286 -2615354.9313595607 -3139766.5611259923 -2242096.4036878 1297000.1547566215 569599.0607889403 494618.60813164193 -1033158.391453658 3515304.4623120544 561170.4092197696 -2653703.5065493556 728949.708679033 2087934.6476970597
2165843.9508541524 35918950.601602174 4186214.6733922195 -2936543.5887895785 524724.245960266 1298754.5753870285 2081263.4728425771 2525213.568834638 -2276057.052289413 -222986.4445886345 -1172963.7773640028 -161584.76053849008 875379.0638527224 3217197.8850600785 -1551853.317647245 423228.5330263913 5380176.779990262 -1889085.7685317446 2814067.1051306785 3668402.2974650157 -824747.0801394831 742909.054177476 1731800.6195739182 3911980.1454840386 2651967.235660063 -943160.603898334 -4152948.082636912 -2442196.206453413 1294507.9910602525 -3329616.1877512163 -5258570.528842971 1612744.9066151765 -759542.1509666224 -3803986.235448975 -2082325.4092159655 6527381.193265168 2800956.2968910807 1203789.2148623955 -1841912.087654471 762187.1990395904 5486069.250134903 -2754176.7486139745 130965.59252739407 3503891.621378841 4208950.330975741 -367073.92118794326 5103091.722535322 6199067.727669457 624830.9232564379 -26860.120210305202 1153027.6063037815 1722928.6021868354 1641259.903635661 -2460801.468743353 -2622909.317721693 1553049.35579793 1779566.4126197682 -4529500.9029786065 -135579.14986625995 933654.0946086767 -2325001.6405358375 -2073050.1796018567 4187596.5558782527 -1006853.4676537871 101387.55586843108 230005.50474204333 3063911.6874326174 -1876089.1066741014 -3765348.3012564047 4984035.330794623 -4750205.11750108 1770172.673611216 -1265755.82723123 4254362.31074853 -2228011.955975529 50970.69587314662 2013347.0959102544 2459523.480622933 708371.5835859667 2966123.761973948 -1366189.5685673093 1303412.8914023614 -605355.1850232484 1402809.3813269495 1092687.4569558776 1956164.213410653 -1760501.0886653431 772765.4299838631 -665760.6621220869 5553079.997752616 -3171921.565366845 -541917.9283936527
280909.1443762408 4186214.6733922195 35302825.51448164 -1606525.8860847387 739376.1560235291 3379602.3563955594 1412734.8886537005 2731786.804508092 142749.34186726747 -624529.9135111758 -4355434.318721164 -1585041.988430734 3196753.038340192 -5979598.311176741 396674.85287263273 -2718966.3799284794 -1214335.8075480112 -605737.5633613601 6266935.014238737 852512.3546262314 -682.8036903753552 -164601.62324351128 2042657.3037226263 1568030.0980300664 2139099.301120336 1170728.355723852 -720766.323478484 -4213330.030330182 5493095.866460112 410409.6022169388 -1154058.1843353524 1982382.2588988503 647546.4483790993 -3786744.1239541243 1257734.9725668856 1659331.4861579963 -1847803.1494363127 -4349831.042251709 2646265.15424622 -4382855.392612037 -1989274.0587515875 -1644841.2741696546 -2560398.540394984 -3362018.9338951125 -886237.736047302 1346458.6382039604 1328962.6341788692 4194818.967980579 3397564.9786778963 598676.6597158166 1412577.6026419753 1463148.765896823 -2284947.890085828 3298064.725174687 -295460.0382273774 -2836325.5189204155 -5153006.775433731 -2968748.3305730056 1022930.3665654634 2592241.312196578 -3865928.751027239 2140953.1579657802 3619373.5743761505 1192708.5874556494 -4813670.813432015 64494.79469799903 -1587550.085126895 -4075213.4821038484 4087838.0920465165 -4121422.7155821673 3429205.416770201 1311714.8266873215 -2755652.2420525476 1796670.946403774 -1969746.0421373108 -6935043.769386146 -503513.95430593815 -476768.3261611033 1435282.9509588645 181719.959554077 -5408647.905315675 3733832.056952241 -1631753.2479680502 -2160727.8446096973 4574369.751241266 1249158.7686197984 911057.7092275437 -2524285.040609616 -3166106.379172131 2352441.9159475556 -2126413.4405705933 2175077.9614772443
-3376496.601778526 -2936543.5887895785 -1606525.8860847387 31163269.347597823 1936196.3786118175 -828790.2338820369 -4324516.005575806 -120782.57772866481 -1940313.4959256256 -3435380.7683276264 3167721.982598742 -1148269.773604363 -448715.63549602125 -534930.1716612969 -610502.5816648902 -434561.1061803402 -5089487.958452948 -2491928.09028578 -707402.675180289 2047613.0868340642 -606768.7853961709 4124468.7852462945 258006.4491377767 -2263280.5705286614 -3773135.079470583 6459794.505646335 1230042.6334771933 -2994096.584899387 1468051.518864615 2513477.714749911 -2138565.2855396518 4048861.861101731 809177.4004539255 2383507.655346763 -959277.3686978717 -5134506.142130738 -1119533.393275133 156748.8453129585 5406647.702567573 -5040454.322355778 -1151991.514815638 -1496766.3688872922 2864645.019306638 -1828764.1452433944 2224340.341685663 2020273.9759327336 -3437929.507799113 -4158821.9500238094 -1943604.5417283599 -1672739.195118446 627995.5713656289 1718823.4404105174 -1466879.9542166865 -663933.7378696203 2971250.4083082657 7060472.133843099 1746026.356671883 603779.4589297649 -6014201.09021882 -964541.2627761646 -202950.13625268036 -3484734.5773058687 -4309297.297400294 919175.4383314963 -3574708.3912770236 -3100654.468042119 3037819.6297365236 6410598.521459859 222215.48866627883 1233379.4107868753 2993335.4528931063 593693.7272725496 -496230.3885917483 2723682.6965581113 -3700061.806638554 2035163.4091662136 726626.3529875359 2700666.7995312884 -1054677.0123564794 -256633.77994540083 209999.3818646899 -5520476.332997042 -32087.623931172933 1456751.3583185477 -629085.2683023873 -3051166.923270313 1977195.8769530954 -3092021.1813596725 3009879.3206670512 2224448.1306050965 -314732.096197023 -431964.97708624456
-1858972.5163034792 524724.245960266 739376.1560235291 1936196.3786118175 32827817.999702636 1352086.6091060326 -1153388.7056663753 -560401.4901802763 2626300.7639370426 -746092.0359765075 3506606.2574342964 859997.0183363542 958128.3165176796 -2944964.931818233 4832355.531103477 5240383.250270929 -533535.6498393507 -3378584.423555673 -3682299.5360116907 -285634.2821577363 1283080.23122458 1903976.003313448 1477815.8558979307 5226247.025071051 -1303902.8656751371 2862054.602126081 1856284.0936482805 -5103258.388771271 -1167919.2706665422 1353702.3499987149 2212871.6445851047 -934013.4785986556 448462.19388282095 -704130.9528507547 -822156.0884060082 -3329476.1891725967 -3307874.073235661 -479369.57487619726 2585976.9012666545 180146.27999053773 -65308.1421165314 1677935.9811118771 882530.5739960987 1091570.3551328762 1004688.4739630063 1987930.2398292678 -1644454.0811835958 -636429.8913241521 1403337.5588238668 -3405227.2786181956 1388307.8573743433 563408.5141135091 -3516295.6932836445 2475385.2638181313 -1796080.6344094595 4708973.992406968 -3780364.3493056633 -1784834.952268202 -1054867.6799779607 -1960201.7302880085 4209067.024967842 -3844762.05441692 -2302131.9108193307 -4013441.7676387625 -1640338.442931726 -2117775.5826787166 1225771.1252036712 -5608709.473884093 3062669.079073249 -248991.9966391793 -50884.56176908259 2965449.159783599 860741.9155283828 -2522833.954106222 1166815.7605039726 680524.7177961577 120246.02020745823 989335.5791541549 -4624085.035168976 -2720033.7446212834 -25033.4049258891 -1469248.0491730943 32166.31486615232 443012.98101078573 -3277410.156974661 2791259.4836233687 486537.25776773423 -4378857.732511103 -1542646.202675518 2374058.4196989383 -6985151.374472541 -1523374.3829507786
1614552.1795811784 1298754.5753870285 3379602.3563955594 -828790.2338820369 1352086.6091060326 33625948.38334474 4492489.4064557785 826014.2272010315 -191947.0405413886 4041931.090299953 -3573909.758415953 3260658.3100501457 1137569.8450755437 -1423421.3446515554 3953674.264329722 841666.5768420002 -1190546.30578619 477245.6356364666 -2934276.7868657643 555128.755588021 -1012428.8956761755 1112720.5865752643 3671691.092274257 -1293.9774811368275 -619290.3104084635 -999151.9719970612 611552.6750930103 -1870461.6199623728 1421017.1545064615 1388862.9671920938 2806530.591663891 3247025.859901785 3747104.9220366618 770494.1002587121 -1243191.1328042329 690802.2150408998 -2216877.3535236837 -3781858.1518508494 -2652593.985372667 -4295602.389036577 -3563860.105363551 -715980.7178756841 -1182993.5988697223 316868.5054374008 -184575.89407775574 1339602.658954963 -1016485.497769295 -1009058.9936134279 -2271636.124928267 -3250127.9776669624 -2002692.73105213 337936.32974409265 519586.4701652991 -1462885.093504087 -2442432.275167725 3860674.2634537243 -1743851.3667453504 2490472.182733262 1025410.2255360914 2527677.668666309 2150295.2044765214 3347821.4584396263 1287352.0039792429 -453839.88944439794 -1352238.599529383 726570.4303099462 1044859.1830534094 -3453446.9491363033 -218726.25563419602 -5807772.375315624 1960132.1030018178 1326662.771920439 -6912027.963366193 -1170421.862594328 4067936.344246032 -3958225.2983580236 1987127.2335372553 -1996368.2419895888 -4287913.4285988035 192040.84206060218 1828482.7559161098 -1117304.3619556802 2246051.073499146 951303.8754071599 3903481.445578348 -24085.80248544518 -3600193.4444564646 -1393690.6547199164 -2432149.1833711574 -4702535.289500796 892346.2682255377 1371696.5496076976
-1984363.6236140209 2081263.4728425771 1412734.8886537005 -4324516.005575806 -1153388.7056663753 4492489.4064557785 35158266.56557168 479486.7988555775 2808301.7897761185 -1857681.1252541842 -5323803.5197694665 -2176746.911312032 521369.0736622665 1194489.2817154317 -660565.4320614539 -6741085.058165566 6671323.440793957 1939558.018713187 2106068.829081162 -378278.1080227576 1852295.9478314815 1518296.6976634588 -1571085.0203554195 -367899.50003917416 2585206.3370675324 -3156792.4477928868 -227080.68356096456 2559004.179099073 -1724648.2691341431 956841.0809873842 -1814909.7124964702 5971790.671902326 -531715.8671138488 3693784.3125906605 -2720489.3197866017 2965937.6101795286 -1937351.1317130227 -4183051.382354435 -3240650.0630601705 1702779.3458009914 6022679.842841778 2531061.1921242173 -1990639.4705037759 1292437.5172558576 589654.204770899 -464600.02612159523 2058130.515880773 4105978.9619598226 -3352366.206863541 -1949320.585217815 1030606.1566792219 -4827625.525800409 1542294.4636564837 -3153557.9674265953 -6630293.815926873 -3258459.672358659 1113811.829134471 -102305.43594021503 -2625851.777409042 -2738823.468677377 -1812548.3163777683 3568215.3834538595 -1487932.2609145495 2690874.312684008 9426675.130164612 1826505.108440654 1053527.1416732047 -75201.02560765407 -1704939.5837186028 529868.0754761716 14433.080200483038 903519.7575698443 -7146016.817706632 -1685468.4180179243 -1431705.5196463282 -4801383.194476213 -1949847.1346563303 487118.6503672863 -1951703.7580273545 -2379720.9841990317 4302608.8991167415 980651.8221408068 3920594.3274939577 -1661359.7572927275 2894461.6265843757 -6684459.973035124 -1774825.4863482595 -2129021.171950199 -205820.41520026655 2140889.331940831 -817942.7857125248 -5007.641396713391
-3679340.011450154 2525213.568834638 2731786.804508092 -120782.57772866481 -560401.4901802763 826014.2272010315 479486.7988555775 31996916.150885925 5554755.271421439 -15236.454743611517 -843287.3745369277 -206893.486094521 -4098969.824181108 146439.85752589602 1329590.9246884317 6716548.584435609 -181371.95762145615 193086.368825677 -5639728.8210966885 -5363879.961557603 -2777654.1553323264 490119.30706618505 1682722.6899931498 4605043.794703211 -369608.47355580836 28967.01171773296 283867.0146657583 -3012993.9904584642 4762702.254165897 -2962136.2753820946 -2961143.384767199 -4097162.787454426 -1848968.4692095323 -1946121.6915769966 -1548785.560093369 -4546733.54897656 502662.02538737905 -2465643.273157598 -2478810.5499332184 500818.5417394724 -1840340.4206793546 -2777413.9604108334 -324161.76057655644 -3388208.8897836437 -407702.1808686305 -2982257.650691346 6600025.070354751 5647754.4057860095 -1403166.4194452413 1294349.7072242328 334597.5072685342 -3473605.1940982845 -3633155.957504704 1115785.9633335124 3266241.7698495635 296081.93720425497 -5046914.8082668055 -633706.4704557811 2022702.8977751206 -946217.1688843664 -7062086.33989445 -435701.53772873455 4752786.403918661 24490.107444570625 -1697718.5171731748 -36962.887692853554 -2356836.805714794 1303015.8478688393 -1456880.9310696383 620138.5774363963 -3674781.617539103 -659713.8973499666 -1104900.1171426843 4958346.420398806 -753578.241997065 2881875.9720536503 4059080.921492346 -640700.4575185025 2773412.5468822173 3407438.6420695316 -4768071.614469624 -989466.3478774191 -1401344.3666231988 -2322658.906178231 -225080.0489938017 2301527.666748208 -2926502.1089276727 -1631352.937052794 3920973.9217905756 -3380439.892089358 -3728686.5197997494 9155.696495238784
-925485.3051203667 -2276057.052289413 142749.34186726747 -1940313.4959256256 2626300.7639370426 -191947.0405413886 2808301.7897761185 5554755.271421439 35965365.03107915 10203.224273330636 -3286229.0455229604 952810.0699049864 -127086.77432953386 -2260995.5283083725 -215921.46487270447 6667089.301073551 2142060.703175798 2203392.26361946 -357775.8579723827 382132.59506108623 3656397.674253889 -1995982.5959540599 1028975.2203172973 2486261.6892058556 5275686.968973833 2785250.1352443965 -2270431.5436626845 1975893.4616164172 2714193.44466638 915786.0734886329 -2999223.5120493993 -2538160.6416853373 -2051084.6299182063 -2113932.5885893735 2024292.4341026845 1044332.6497859744 1834412.3172878246 -2246852.744829579 2509461.542801767 -4470580.013013175 2066911.0858755638 722749.1767267712 985759.8995968879 6172801.965723833 1271581.2517295708 -1218461.6777841996 -1182926.850213798 4143958.22182138 -2310503.588952782 4548856.923000478 -1140781.5353156182 -5627693.346435181 -1731241.433182214 2294091.7924284474 2238420.1458677133 -1685490.623971552 -1322022.454892009 -1797006.950855725 3028469.62501133 1148754.1828086644 666793.6611401724 144751.1681817599 1932605.3790009948 4714490.815172026 3377047.3286178927 -2632062.7601643265 -419781.1273667985 3584952.3377383696 -849513.0036358908 3090476.4198820908 -3256401.647809838 -794583.2969293025 -1619900.295693632 406277.9634830076 2528024.3616707204 2618116.4751786524 1649062.811122026 3801260.374447893 -345763.828738554 3467027.6317865686 1874510.5520634612 -5903600.115538382 -1728458.0404011807 -4602284.009574972 -1171893.2646391478 -1515721.8012711573 -804123.0272040992 -565096.0582891827 5362223.806705827 -1124736.252964707 -5671477.163619312 -4669370.438328868
1381806.587252964 -222986.4445886345 -624529.9135111758 -3435380.7683276264 -746092.0359765075 4041931.090299953 -1857681.1252541842 -15236.454743611517 10203.224273330636 34206805.8535498 -2546775.565928165 -3088133.645857904 -1601692.9712455312 164746.32221918082 5546658.023908028 -1363157.3524194069 -5172475.341699389 1801206.1060729767 192995.72963599538 -1065420.1504500832 -619466.6779545702 -2793631.944332711 1039699.5294394067 -145331.22178009947 -400898.8763018859 1556195.1974155607 -1044283.7651977825 -205824.97655400322 1576005.4588233149 -2137306.18348072 -1588261.8120669283 -2301858.9864058467 -2045056.6289274204 665328.7622508156 -1138288.3885765052 2004604.9166553991 1659452.4557386872 640458.5340786492 728861.168170991 -3070983.302930776 -43735.9782889683 -5725503.210294725 -3062327.0679272986 -3664543.0090626855 823870.7049554759 -2517891.920267454 -625244.9181994399 -909781.9269237757 -1031304.3821015452 -1999990.830167212 -3695446.312481809 1986470.551029811 576470.0094732019 2328812.033663593 -2369157.3475648547 396400.96523821866 1063114.9049309525 5369409.939646726 1626993.7915713757 -660964.7282942449 588879.0801929606 5236554.683405299 7445449.772629276 -43511.258574129075 -3451073.965806418 -1579090.2773052733 -11285.127329086388 -4017597.892495139 4197583.728871069 2369674.664134989 1080468.2237951276 -2535762.21056405 1143849.1549266172 -1716902.4980032414 4744610.712891035 -1309414.7405587272 -3166951.615277556 -3181058.0801451765 5963368.023357526 714573.7521874211 1609748.2829770711 -4141141.8408402284 170478.47178374341 -565720.2095485928 -361365.1222961187 1498105.8970200338 3751410.2907548742 1424433.114212896 1968038.4190827745 719302.6317683826 -2078316.2748307593 339855.0574782077
-1317539.0302105502 -1172963.7773640028 -4355434.318721164 3167721.982598742 3506606.2574342964 -3573909.758415953 -5323803.5197694665 -843287.3745369277 -3286229.0455229604 -2546775.565928165 37912786.25389145 911731.9291968353 -979794.4514687409 -1425727.9974281744 978062.1240550025 4431797.834278485 -1706465.843877363 218686.65948631664 -2848738.8645622563 267389.510968648 -1997283.3602479033 -683572.9864241355 -1280043.6849866966 2065817.0689930685 -5462727.60701364 470229.286057147 1853336.2616627547 -3588545.3571611526 540065.2138009975 -434025.37685933395 -755796.7908619712 -2494090.34394877 -3133789.2985489937 -391110.8854359924 -1584607.3008845702 -874623.8732510309 -247197.6435393765 5674349.099712114 1058486.564248287 749408.022478314 -1268410.2647213074 2545380.075034114 -2041965.869292434 3671404.1397321825 -571535.9040109414 2007529.6841495258 -163314.7896530342 57230.15530215345 4898.510952695973 -78697.86174649389 -1591446.7854089532 -5443043.627275982 940978.6922329463 -1035088.8596565437 894141.0875341065 1804275.911022556 -1308244.235565784 34074.711216220945 -1569970.2042816705 -1638751.7634897903 921181.2768390438 647890.0769774022 280619.9362311336 -1409738.30873912 -1329176.8904459982 1197513.8422413815 -2285247.574382584 -399549.00434486265 -304572.9610830375 1941.8080947858437 -8436319.037242193 -6188132.99020546 6371665.179915839 -679468.4909155344 -1625466.9141535026 -3463715.9479946676 747907.1317208711 -1041520.2121708102 -5511512.125782553 390254.47142595425 -1779831.2338808367 -5481246.124481167 -869227.620735032 4190865.022246746 -2751780.105388807 473678.1098226124 3664882.856635261 -3990349.131761212 1419754.2734298585 -1535470.203833071 -2892344.047926818 1079247.1700349448
-602998.7427460315 -161584.76053849008 -1585041.988430734 -1148269.773604363 859997.0183363542 3260658.3100501457 -2176746.911312032 -206893.486094521 952810.0699049864 -3088133.645857904 911731.9291968353 32472893.712231554 3421983.459851019 2130301.2631125785 1377784.8208115809 -1064140.8147320445 2109987.4504146557 2141955.646991066 -366069.1763447451 -2994138.061547533 3235895.553661649 -141290.6210817527 -1983656.2327918247 -1376189.6155081983 -1201696.509242639 -1036025.4181893263 -1563471.235615993 2786320.355434057 -3722450.4000875223 3522645.436185143 2017776.526785302 -3778986.3293918106 1478029.9540498238 -3459118.7739242404 65087.646564338334 -2681664.3638282297 -994213.921320691 1813197.6792466103 447041.3084505179 665541.2089424139 4443781.585609864 465776.84801833093 740264.8628446476 -608658.7986770852 -3597012.213957734 -380847.1075425367 -2683541.0342483292 2872958.8293282907 102748.8090225082 3552715.874693849 -2910806.7958540414 1178257.6670190073 301574.4264552643 -1993987.562348305 -1309431.10341614 -1012339.82651285 1423839.0583725316 -1166762.023429711 3553197.3888785774 -2930348.953721248 -3661819.2405258985 1944093.7603249713 -4996511.915327958 -1938749.7234656047 1965277.0856719376 2013269.497408594 1077800.478369709 1879168.0300575462 -2785820.89460145 -3115163.0688581443 886758.3050956927 -1075393.8684576908 1318330.4293827137 261991.34246001666 -1555048.5401544648 -3410995.5164600736 1438792.8768848618 -2380478.403361827 -4000619.472892326 -1319386.1273968457 1585281.503590955 931621.8466242152 -24983.25168788979 3149403.7329769563 533468.4240330844 6359635.87274975 393236.2991003594 393632.95125717716 -1718358.075697213 4799634.205741429 2196942.652437736 -84669.43025695659
-1207711.391227476 875379.0638527224 3196753.038340192 -448715.63549602125 958128.3165176796 1137569.8450755437 521369.0736622665 -4098969.824181108 -127086.77432953386 -1601692.9712455312 -979794.4514687409 3421983.459851019 35290465.87277966 -915429.5961808816 -3015770.1069413484 -2835423.586979344 1933731.0910895837 4093290.4184812936 2559849.7057623076 1104820.3165054158 -379914.9045726972 758405.7085573523 -421841.58604024915 691789.2986530685 -3604975.1619341625 -217532.65762795988 2614396.0617478723 1418153.959505554 -2538591.4359454303 1091922.5689698628 -570302.7437614611 -1458925.501906647 -3666293.648262206 -3523768.968145736 2037984.2175059256 -2220744.815727828 -888417.2395038024 386775.37180437805 -4860934.056493391 3452410.01935289 -4369168.432300366 2769142.059577361 2996995.588934642 1904615.0101707026 -9357301.341906091 1015946.3372842651 2197906.580432582 34004.2422995213 2389836.8438099576 -5093811.727735289 -1964027.2176854396 3172058.470510106 1736235.2928805815 3089314.689305581 803969.7946682037 1041639.7321257832 2232833.3203473217 -2283971.3326570597 -1548734.8737044763 2254528.7049008645 643886.1605180501 -914489.973015789 -797829.0854819698 -2066379.7293938212 -5798719.518965742 3445195.088986733 3067400.002531662 4569597.013272266 -493379.3788747074 -1623488.5486135352 1956687.2727348045 -3186222.556279418 -1652194.6767712878 1599878.9324465815 2324027.9695900767 3552257.0820933515 178760.7575159582 1496504.282991323 852676.7542941809 550747.3448371486 5841776.949523252 4048221.5335961943 -5292758.678346427 6763238.6380098285 -297096.65080057725 2952769.576197233 -1193352.908955754 -5002420.4471482765 -2257977.06405953 998997.5662891156 -1488525.7303752243 -1175889.9234072552
266087.69254690106 3217197.8850600785 -5979598.311176741 -534930.1716612969 -2944964.931818233 -1423421.3446515554 1194489.2817154317 146439.85752589602 -2260995.5283083725 164746.32221918082 -1425727.9974281744 2130301.2631125785 -915429.5961808816 33182170.32022189 4369468.215294229 1339740.7504922769 658787.0691527938 -1036181.895719642 -1452086.4442091093 -2488447.5739848786 2767364.743386584 3640144.4281887393 412369.88494480867 -18836.3289320132 254169.54314953237 3138948.54418245 -166341.76865654034 3716145.7593291337 2814108.3622951894 -2744737.2118978202 -1938821.861565706 -99834.05539922578 -1258441.0237432078 4838678.9433533605 1461515.1970194208 6140991.069937212 -2600872.628131989 1130280.0755986685 -3823818.069025792 -4323176.676662572 -2292505.5162541857 2303632.9017255204 -2663256.6900393125 -3044037.4388897303 -298283.115037894 -3255015.9985410366 -1458402.2788027495 867781.5124425949 1552879.4962385043 3532973.487758748 -2287266.829866808 -2522654.318116942 -1070735.1002706601 -1722642.248132395 2578267.931372998 799933.1750787244 1383875.0818279497 -3588408.821821338 1553232.8759676407 149430.41677242878 -812153.9494213936 1297804.317111924 -1165734.884743289 -1270940.7826858459 2621471.6012461474 -394130.3798913229 -4271570.013973915 633474.6589818549 -3841962.160638693 530062.1095588317 -883399.2745863588 -3377699.0615839744 778977.8471491247 326719.4095982787 -3062365.449418614 3689610.164564568 2344321.0851840633 293781.58285406925 -3293870.6534942966 -1557687.7279268792 1364656.0753854148 327951.40542534326 1636498.0236406901 1496821.4474078186 244485.25317128364 2068332.8152187082 846689.6520836359 698524.6258088119 2523506.4346811473 -710555.358035295 918378.239807628 2128414.960763907
-88634.31162453165 -1551853.317647245 396674.85287263273 -610502.5816648902 4832355.531103477 3953674.264329722 -660565.4320614539 1329590.9246884317 -215921.46487270447 5546658.023908028 978062.1240550025 1377784.8208115809 -3015770.1069413484 4369468.215294229 34845487.04177485 2091659.656372167 -200377.5790738264 -902229.1536547539 -5405134.288524904 -1590768.5019816868 2413480.8238532003 5994649.355490046 225055.63350843318 1605045.8503876196 2023657.5989452682 441693.3555465879 -2955898.6783621195 -546131.0641182351 4338905.431107152 -4512402.336244634 1646671.2516132926 -2647712.855055784 -30982.075784509598 -163892.51352719203 3359460.3466922482 2415955.6933777905 -1101264.918070715 629987.1046649568 3949246.444939242 -2301706.57771254 -2720743.6362593328 -2833162.035445392 -974719.1566824929 -4686242.173618159 85701.0670456106 78621.58339266811 144865.1165493474 1067787.305785482 -2856019.5925741703 -911915.8906416297 2649583.147118529 142903.85969970463 -1503218.7193719705 -3395520.33826024 1957941.736297859 -2581711.8482550434 232085.5843580536 -2258546.204942751 -279068.44597513083 246270.00443828653 1075751.7971176158 -1141354.9663525294 223943.69199784962 1581398.6137941114 -4569195.32986378 -5309368.903586068 3733697.974120249 1159034.655446754 9761289.825218393 -1585877.557278318 5786164.035527324 3574397.950109128 4663763.306469206 456409.3553867346 29619.746563325596 -237909.3634127668 3139470.3031168105 1755716.3044264491 -2219089.9189676973 -325501.48210327205 -3507456.076604107 -2168478.9732349995 1152325.266273314 -2896622.471380817 1113209.9592997972 1209417.5892055044 4332002.343376664 2712959.104820955 -875250.3466180158 847123.084415235 451706.1541187219 3766969.390633786
-670362.4531345862 423228.5330263913 -2718966.3799284794 -434561.1061803402 5240383.250270929 841666.5768420002 -6741085.058165566 6716548.584435609 6667089.301073551 -1363157.3524194069 4431797.834278485 -1064140.8147320445 -2835423.586979344 1339740.7504922769 2091659.656372167 34637676.0807739 -3690859.3492138186 390387.6165324 -1999656.1133245768 3874130.2057660576 -1118840.9332451308 3034085.65765448 -3107967.9358436917 4849666.720402068 396100.7051089933 2788592.8880395773 429347.6977023688 -505557.4601734334 -2989122.5505842455 3216587.615986207 -2278252.064441149 857212.9030178136 -2325098.4858586057 1487103.6595609074 2853805.2477329215 -4483107.760807729 -1295820.4236174775 -1054859.81801846 1532441.6993059877 -6647856.39907 -3061602.4312962433 -243041.53922682814 -727752.1336396806 394235.9973812059 -2725370.9401869895 -2457240.267591613 4267569.213152705 191568.82042087574 -2342338.858697821 2134906.151410472 164420.1599109502 -4609282.896654016 -3072706.579167738 3855938.7045828793 -11606.202286358432 4147958.3593904455 1025523.9165761333 -2782197.2138106665 5611678.437207448 -213809.33240903373 5053609.984535748 -3279761.004686883 5303883.433513683 -2983821.4872162607 -1411893.0232518662 1012412.9265234143 -3137688.5205298616 1357119.0363788472 360070.9029469556 -1025728.8180796278 -7027630.28071915 -2532715.430854706 1266605.430000647 260258.4229435542 33407.24649897188 3438721.793115783 3299559.9315291094 -947973.089046056 4116650.783592358 -3657376.683617389 -1990134.5532077916 -1556651.6795724998 -4969589.2661756445 -2012757.3573792798 -4854651.685885511 4941422.119935922 -781661.4267188492 746748.3439043381 5262417.980982705 -4397277.391352662 -1391153.2109452763 -716941.4992737424
-2723954.903300725 5380176.779990262 -1214335.8075480112 -5089487.958452948 -533535.6498393507 -1190546.30578619 6671323.440793957 -181371.95762145615 2142060.703175798 -5172475.341699389 -1706465.843877363 2109987.4504146557 1933731.0910895837 658787.0691527938 -200377.5790738264 -3690859.3492138186 35216591.54473926 1604348.9220197871 959185.1153473455 2016822.8950553054 1092900.0995669551 -1116708.581797707 -2699679.994653938 2267699.533279927 1724240.095583959 -2925455.141211811 -3272996.837388567 2975615.550145664 584530.5257891356 -1332722.147315641 851518.4281177206 337720.2951646342 215435.57369453352 -2315307.163415805 2492136.6308865063 1801092.4519786327 1903847.9477466964 -613846.4670129493 -4925975.58167884 6941352.723833461 2958475.7221082696 990582.4550822929 289114.0615473529 1757084.9662168887 3631466.1053278833 5526862.4862791365 1539884.0149182945 2238629.9878567234 2459261.5381276305 198653.0971147639 892678.6916903625 -1578046.8693455895 -454438.79699070874 2398077.605651581 4990464.998639262 -4396828.247648237 -1696248.0925135915 -531543.1273598385 -723773.51775517 1544649.407778367 -2205761.360752191 -351732.6771824435 -2705478.393570194 -6722546.288752802 702976.3435379942 4046168.3692548526 -1548427.4173165306 -2073912.884932154 -475594.2107353342 3352262.2760902015 441080.8327675523 -1032620.4034057199 -647703.4444009579 790703.0229330111 -223383.54469396896 -1520699.6827196702 955726.3265747237 1273294.1391043507 -1062176.7662821123 223391.68341135365 -3449626.1496952195 4200306.533518611 -3479668.4795361357 1752145.401241328 -697716.2498324122 -1564831.9592345904 -1040922.2590567799 308414.62823626434 -1459405.5626275842 -1235121.3460396403 -1047254.8990458568 5967671.649488555
-2711922.1718959636 -1889085.7685317446 -605737.5633613601 -2491928.09028578 -3378584.423555673 477245.6356364666 1939558.018713187 193086.368825677 2203392.26361946 1801206.1060729767 218686.65948631664 2141955.646991066 4093290.4184812936 -1036181.895719642 -902229.1536547539 390387.6165324 1604348.9220197871 35472409.193455696 2971069.187415025 -8105847.466420668 1409688.340378591 -2850600.137419761 -41114.35031442196 764288.0620376371 177484.36512973325 -2935938.0976790544 -2817059.639298474 -335508.9229789272 1751833.952025244 4031170.9490073407 -1828082.2195606984 1047961.6196619065 545028.9332927752 -260807.1320369816 -2075323.6040552126 -2839179.7198157925 -1979807.4808446665 1275962.0596616222 -1273585.3771598886 2202697.8249890385 584673.7484540605 -3331041.937659359 -1888069.921207368 -2440215.026444209 -139724.70333504298 -2634425.8918916853 -641700.6951342397 -718426.6751374879 -259733.36621158413 5308784.596985038 1441445.4557003793 -1982149.1137569828 3411420.118792805 -5476682.636237305 1297847.8548043012 -90304.9426821733 1851605.531447178 7669410.47342712 525461.5872295477 23973.01187790523 -713364.5481321642 -806459.5818565435 738718.5867041013 -1315293.4334123076 -2975990.161317823 2122685.447427708 -377932.64973981935 5959496.723009469 5674505.00764508 -3661970.285549497 -1944422.8362800283 -627266.0328702634 920438.437237627 -2102662.2801072337 -2797510.27506519 -5726119.15028327 3225963.320601863 -2653421.569619243 1588205.577509665 384696.6216169667 342331.84670827235 2218842.1845905646 -2001293.506499047 4893284.914776757 -2593927.4637651434 -2347071.0329684676 -572726.6457371502 -2099982.719516902 -780155.1876621568 3490198.3362258626 -1698715.5901298956 -1492060.0824888814
3321541.4566509873 2814067.1051306785 6266935.014238737 -707402.675180289 -3682299.5360116907 -2934276.7868657643 2106068.829081162 -5639728.8210966885 -357775.8579723827 192995.72963599538 -2848738.8645622563 -366069.1763447451 2559849.7057623076 -1452086.4442091093 -5405134.288524904 -1999656.1133245768 959185.1153473455 2971069.187415025 32116992.146586005 5238417.4904314745 -2573481.2997838994 -2551765.551576964 -2621430.7006382644 200908.0746076049 1925456.3747526659 -2052369.7584918228 -1768892.8207322753 593100.809991619 -1372469.3540189988 -441169.13802597113 -7356946.9087747475 1289095.2622869797 -1028223.3638994741 922725.0284513201 -4085518.1564963153 -2396399.236440678 3054101.958983794 -1894402.868184069 3103171.0890343646 -1501911.0174721235 3256153.6521150423 -2690183.044427719 719532.1320178135 -4003908.5702379933 578241.7885881803 719530.6300872554 -90512.56267799801 3874081.5202608514 -4821564.789543791 756161.7799636484 1508421.4792039513 1541661.0326668557 2031044.860604073 -1141396.2290404509 -5275356.33050656 -713591.7217587307 1191370.309379444 -757889.0885092363 2280088.856210562 2671444.6811987003 1344327.908249895 -449846.84300800937 2222244.091516026 2430319.7122985045 138085.01236263927 2532964.0596779725 1114191.7014450098 2553974.3787981607 -687955.2247310161 4600448.266082783 54586.521977094206 576661.3612175263 -1024050.3727597526 1927900.2992584654 -2647079.927820833 -5778737.444651375 -3901696.3197420593 5129282.679347289 1122831.1227754476 1857894.6581689653 -453729.3023875091 -728066.175523403 -5068609.854648038 -3646274.4873338025 4003763.236699586 -7471316.026086418 606986.2347393499 -2543803.7752434183 -696438.3217926221 694994.2411487815 1494378.4149829007 -4255648.887265851
-1259671.802375075 3668402.2974650157 852512.3546262314 2047613.0868340642 -285634.2821577363 555128.755588021 -378278.1080227576 -5363879.961557603 382132.59506108623 -1065420.1504500832 267389.510968648 -2994138.061547533 1104820.3165054158 -2488447.5739848786 -1590768.5019816868 3874130.2057660576 2016822.8950553054 -8105847.466420668 5238417.4904314745 36468698.21953995 712406.7887280061 -673141.4227241201 -199195.36631280606 -5228991.338926028 6068767.7814545585 1969775.5600101878 -1468843.050120881 633744.092493957 -4126301.7962108785 -3707526.9321749187 -2716264.7611538307 -667980.5767659358 564350.9889502698 3649223.9847943885 -2467649.2608546973 1910310.2712496342 2523587.1116386075 2643829.6050667022 2732054.9482780537 579429.8894159022 2514762.163742856 3897604.232416311 -2473576.2467494435 2581856.0103189307 3727918.771221495 2441802.1169398986 1321831.550025675 -3363866.8165512234 -2226317.735602685 1359856.891291163 -380799.8473763821 -1096808.3282255176 -517004.9014155975 21962.634886747794 -614257.137646221 -3274105.9072401603 -398063.2774200955 299133.5967462338 -546666.5398530636 3707899.542245248 5193781.971035904 937844.617849872 3592507.701240356 -1587273.4885215955 -1085531.799769961 -3539188.9079109654 1905239.7988884263 -347752.3881023568 -2419062.0532377614 -713676.1024280378 -1385218.6142026274 -4330601.410060887 -1370079.6741797973 1350269.6971337532 -2307541.9135898324 -1357694.4009963193 -1410998.9850880909 772838.782060007 -707988.624015231 -2215325.4381308407 -2106474.3592941174 30584.249441042495 785941.7860693516 -3559887.4990445473 4212182.6519170785 -1923288.153049563 1510362.412248393 -2776751.708567212 -1569081.5293082325 -1518360.310378403 3491804.539438142 -3917856.5180494394
2000990.4152540735 -824747.0801394831 -682.8036903753552 -606768.7853961709 1283080.23122458 -1012428.8956761755 1852295.9478314815 -2777654.1553323264 3656397.674253889 -619466.6779545702 -1997283.3602479033 3235895.553661649 -379914.9045726972 2767364.743386584 2413480.8238532003 -1118840.9332451308 1092900.0995669551 1409688.340378591 -2573481.2997838994 712406.7887280061 37413991.48030876 2104811.4651815547 -2000427.8472337683 7891227.20659603 3270769.8094802145 2846638.854227833 6076271.348772473 -5419172.14838094 386153.4963791734 3307544.676455168 5024167.85046024 4499926.522744437 2714988.667297314 2288490.634525649 -5013849.373160353 -75869.48752916144 3051817.3191548456 -5643343.566102062 -3004912.730325833 -2967370.248153503 770204.8539105572 -1805931.4969561961 2932380.3152501956 272781.084573547 -40965.05193394581 -2857460.3957111617 347953.3002511322 -3680271.268552892 -94075.67516439609 3676933.977320789 1425157.7516660816 -2936514.406939903 989943.9411728394 -4526963.907597275 -1531206.7308071665 1317735.3917011742 770953.9536762006 -1904985.926337072 -357264.10623974813 426877.7873172919 3000528.864000184 -1274307.4541096839 -3797136.8608269794 3850774.7633560295 -1050836.2786560229 -2181066.269638324 2783680.3076543463 239682.63285977344 -2409633.1678393814 -109818.78389826824 -2718040.2530529676 -2737537.592831115 2819261.413296273 -2360056.06507752 -1396080.003893295 216046.03243687845 775924.6055521229 2440448.171276441 -3372425.670039684 -6283129.089434631 -1337238.4925494532 964446.4502140017 -3453005.6047543036 2346768.6715569254 -646172.5371915663 1539680.3990120443 1526192.4807464366 -1645742.1225444765 -811514.8912150239 4364389.332315469 1068642.3475865428 1138531.2777443698
-8333316.900947032 742909.054177476 -164601.62324351128 4124468.7852462945 1903976.003313448 1112720.5865752643 1518296.6976634588 490119.30706618505 -1995982.5959540599 -2793631.944332711 -683572.9864241355 -141290.6210817527 758405.7085573523 3640144.4281887393 5994649.355490046 3034085.65765448 -1116708.581797707 -2850600.137419761 -2551765.551576964 -673141.4227241201 2104811.4651815547 30948815.961727355 -2342094.723895716 1813257.4964046988 1769803.8185434337 1204735.124807284 -1863500.3900161993 -2926272.532246806 -2267205.298915931 3255011.5860801334 -2744285.2243698537 1532647.314146139 -7991473.13950804 3222753.1154305893 209801.10481752022 -41528.19005046388 -4775222.899056754 513898.10537770245 1887207.0481693326 -1675455.1885055918 -2816735.661431829 305701.32465363014 -753943.9609615648 1379924.4048962046 -1315570.8527724613 2860091.9372081063 -2414025.0477569443 4224140.31556702 1737462.1952189684 1390653.928272249 -1580659.4133213647 2054253.3918079457 -2144362.362386795 -536824.1020384467 1466498.7080490594 4039137.305531709 1707326.3501924553 -5322749.694522925 -2538221.095687232 -5627750.838088569 4171287.8806860433 -2507245.8641432915 -1254845.153063218 2866411.0629197843 -169300.89631595887 2203105.000285481 2898563.4767217175 3684497.4029599917 6835853.5712285545 -4221872.598467051 2524193.5634934534 3777899.477424287 -1189664.6853260833 -1115596.1477027785 -134691.57323044332 4052865.800229525 397602.28876489564 2533767.185130045 1008181.8745481522 -123829.95787430469 -1380356.394546094 2045218.1023341806 3737248.3410993954 2004203.3601526374 4026491.429189078 161698.1895621625 4629073.439398583 -952881.2016189102 -2564401.708645956 2001634.1911512476 -779942.0201134057 -152415.73758131836
-719230.3509047192 1731800.6195739182 2042657.3037226263 258006.4491377767 1477815.8558979307 3671691.092274257 -1571085.0203554195 1682722.6899931498 1028975.2203172973 1039699.5294394067 -1280043.6849866966 -1983656.2327918247 -421841.58604024915 412369.88494480867 225055.63350843318 -3107967.9358436917 -2699679.994653938 -41114.35031442196 -2621430.7006382644 -199195.36631280606 -2000427.8472337683 -2342094.723895716 32227959.40283347 -195471.01538729732 -5896043.152665418 -2328849.5449704435 980232.8666600325 4157951.5602783463 358444.0429071654 -1529007.4381574562 -1031205.5607211392 -3159591.1085257977 -3264533.343273685 220543.33786029206 -907263.4446786949 2004675.821765859 1049436.5973235855 -767214.7557287125 -1190905.8651484447 -3570013.704207906 116160.29252033944 361553.4169041665 -1238693.7484920933 -1270763.0843787226 6476875.676482655 929247.4704688602 713086.5623417343 -1735655.5598367467 1379676.3013282144 1136989.501799145 5104638.86454208 -447844.29688804667 -697825.7454365203 -4212782.546652194 1547017.448182079 836877.353209322 953915.9829802472 3997424.3364736503 -2165388.540462922 -2494592.8975990787 1620331.3115387391 429996.84837139276 2688392.030119145 3228746.060228217 -4011487.0557325906 4532579.442508268 529406.4964118119 494125.70127667364 3405953.976019738 -2707689.800663003 705396.9451394164 -2222989.376825923 -6586421.453517608 3628741.480406066 -4228109.074088531 1799398.724390885 1931395.391808973 146441.36371524414 -3417691.520438302 -3522726.7050749687 -3838876.239098019 1168216.810515493 4349370.587936925 -2076413.033504997 1861841.1423573599 -659900.7273324684 -3791656.578898279 -6228008.075137576 277596.84109905764 -1082570.4956848489 2502209.473646445 -1907525.4659723584
