32910919.72400658 -379186.0012489826 -1083188.3927420215 852270.9674140533 571799.5007015176 -2476380.95509576 -417047.96022087947 423736.8311908749 754501.6403813841 4684708.327774986 96273.88679461801 251384.7555667738 3522455.894171646 1909194.7544824502 -1404079.1468436797 -914486.7100762107 -1963749.7572178529 1303771.4287116295 2307471.5281969295 769762.2685990309 -85061.76200252841 -2532862.9578729714 -1750790.339417643 -385577.49491782207 -1344230.7558214327 -558009.3565930646 -366377.08609147416 2789774.5289597297 786854.5492832382 1184586.2044518248
-379186.0012489826 33809237.84370842 -3171635.5404031435 -1771526.594266925 -497076.21018531075 -270752.83039941604 -452799.5405920639 -396854.12203918246 -236552.84094250135 1737509.6466483376 1725087.194188154 -1659231.3228413311 612673.1228814457 1396825.371646784 3399552.353174826 -2123750.3846480325 3017609.482657182 -2788454.3996117353 976127.970579665 645898.1704895068 1911869.4703681334 -701133.3916121917 -729776.3650203355 -2622483.723503833 1300715.5516013259 -1957647.7756045093 -1111609.7375845327 1439522.080124567 1383020.7782259532 -3118295.3316921974
-1083188.3927420215 -3171635.5404031435 32909535.49656177 -2023147.929205162 3267043.463225763 -474608.95737426454 1505277.1754428996 -71885.72264079428 -1362429.6503208694 654016.1274496783 4823768.213510434 -84535.0340132654 1579585.5459364485 1006920.1685364792 1423706.341767395 1440269.0673849245 -2064184.0407110068 3002371.1103847562 1597855.5195422468 -3616771.9568495434 -10798.878956472232 -496685.59244617465 -5523331.098170068 744600.4251839549 3635904.984352687 1135313.0248389097 666975.6784058218 2283934.0478127836 1582657.5502486057 -1278509.1780376404
852270.9674140533 -1771526.594266925 -2023147.929205162 33940394.42413841 -1859696.6889706936 2053516.208038509 -566529.0152440539 -1124666.1340211567 -2220810.6918371264 -2154864.0446488806 -4293387.672398632 209150.43388582527 -1671998.0244641765 -3832782.5555640967 1567004.1242177628 -408759.91401843965 1409095.2456098371 -780285.4584133297 -2078006.9552171761 2931899.1522898334 -2849155.4019382475 3482974.262398063 -2935567.9705610364 145302.3047020821 1175873.682293264 -2367810.1102816253 -7580886.8502054205 4681826.612709483 887901.2786866077 -88878.71139866633
571799.5007015176 -497076.21018531075 3267043.463225763 -1859696.6889706936 33932794.08459789 1251192.5436445982 -2348497.9719340056 1234883.672774045 -151657.83098273157 2296175.4458079673 -178142.24288567097 2148309.5067644613 -384812.9489650005 1174681.325305292 -2268053.290905979 -1730463.575302159 -1813851.4018861991 1591323.7779523602 1164951.816829488 -554817.0304092414 2650719.4059150326 -1757584.3450854076 -891283.6507844802 2287805.8810283868 -3206155.3495362676 1668928.7675431152 2314583.995485437 1584095.983925669 -1172614.6047036762 606319.4478839459
-2476380.95509576 -270752.83039941604 -474608.95737426454 2053516.208038509 1251192.5436445982 34135364.69772276 2848302.6018366334 -328980.62367513916 6225590.53060746 609235.6643406407 5227786.582728793 -3189817.7211861773 -2886044.4676851775 1574423.64190711 2230215.479821098 766186.1470403661 427534.8554741291 589879.7417627005 553774.1495983686 956599.6643087503 400098.6436939015 1337818.7889480249 245118.38186365808 -2190557.9447534247 735578.801572174 -1499713.4545643928 -776740.3178012089 -288101.85136865906 -2418925.715431638 -885639.2744366772
-417047.96022087947 -452799.5405920639 1505277.1754428996 -566529.0152440539 -2348497.9719340056 2848302.6018366334 32822237.293630697 604029.138965627 -1204949.5989805653 -1679821.3291067118 1869812.2581967593 2350594.934365088 -2281618.2341649206 1034685.7159400727 4853085.836313306 1968632.0675079105 -3389133.2333179777 -1153016.9349204048 371668.2527995117 -818041.8580170483 2131833.6416355553 143363.40283354113 -884122.158051586 1656309.0446818229 328865.78852427116 -325193.6650734849 599560.2246482183 -632151.8931774055 2484642.189706074 1689245.6692388589
423736.8311908749 -396854.12203918246 -71885.72264079428 -1124666.1340211567 1234883.672774045 -328980.62367513916 604029.138965627 32468956.931728177 455152.72381010844 -962721.3851709045 -1594384.0665108685 3350215.7158721336 -1542735.2306448736 -520934.67998955876 225569.8308432597 -1038507.1296631057 3264926.3070041193 1735365.148591148 739135.2363177027 -1990360.5452792705 378095.46119178936 -1589648.7018060095 -2641941.73941794 2032881.2015222588 -2142146.1458675154 20730.081187558375 -843332.9443843581 -2262856.8132627443 1340449.7083335829 685362.9288548885
754501.6403813841 -236552.84094250135 -1362429.6503208694 -2220810.6918371264 -151657.83098273157 6225590.53060746 -1204949.5989805653 455152.72381010844 35877710.40746003 616205.8890931108 3702291.1333421804 -2872320.442076392 -1517467.798028619 1434213.399719403 -2824814.9564333423 962610.8124095721 2530657.851456252 -615882.6422136022 351573.36650852684 -433960.7289110855 920312.8717985029 -3088446.8284837436 -766361.199873058 1480435.2081742224 1292826.8117021592 -1887230.8455718122 -733590.5541260446 -3021648.1375521068 1864265.4833617713 -2284649.9948009145
4684708.327774986 1737509.6466483376 654016.1274496783 -2154864.0446488806 2296175.4458079673 609235.6643406407 -1679821.3291067118 -962721.3851709045 616205.8890931108 31683579.966815915 2425304.3632483734 -279161.839306019 3178257.7353478023 3115072.004449028 1413503.1782180395 -619759.8038904937 2563423.1415147516 -574499.5433397715 -1220691.4073556098 -2218130.186728141 423803.9737004778 193965.92754813898 2936109.0081582908 2053046.241902943 31867.259101706437 1805332.5866888121 -1193253.6189800377 -6901.779958004969 -1586337.089465721 2137259.1810539067
96273.88679461801 1725087.194188154 4823768.213510434 -4293387.672398632 -178142.24288567097 5227786.582728793 1869812.2581967593 -1594384.0665108685 3702291.1333421804 2425304.3632483734 34633079.63043661 -726477.1826433471 1193891.154452072 493316.5112998384 2480241.530287497 -1992553.1986281276 1444814.140636062 324223.6271053732 5328452.423538096 -1921779.1623153214 -493553.87704387965 -802450.9202866917 -837346.667345889 2035995.5196325914 4760310.45863821 2311576.04338251 4930707.7165989345 -1368336.9470802224 -2081021.5836486467 -193390.6960211022
251384.7555667738 -1659231.3228413311 -84535.0340132654 209150.43388582527 2148309.5067644613 -3189817.7211861773 2350594.934365088 3350215.7158721336 -2872320.442076392 -279161.839306019 -726477.1826433471 35196049.79198662 622601.2141334462 5980635.674302858 3014290.7247462333 -860968.9906109794 943094.5322668899 1472350.6456003697 -755173.686758011 -3044942.3956682226 1118403.7087855663 255632.70211658874 540364.3184488256 -1365659.9949502642 2087226.005602921 -1392102.7593423692 -2244063.1693897997 -591221.1917847167 -1524363.4503675804 781571.7176384006
3522455.894171646 612673.1228814457 1579585.5459364485 -1671998.0244641765 -384812.9489650005 -2886044.4676851775 -2281618.2341649206 -1542735.2306448736 -1517467.798028619 3178257.7353478023 1193891.154452072 622601.2141334462 32938068.965103887 -720916.873650794 -2151532.2504626405 34924.30139272374 2469190.1338989544 821266.0032326676 616283.1820492119 -1723632.895502503 -1801167.9414405033 -334139.71981937456 -1211635.6876156009 -654764.8378765141 -3813512.7893131115 -433072.5041684104 -1521674.5549445837 -1734457.3443209752 -1339636.4411349045 2999556.721513268
1909194.7544824502 1396825.371646784 1006920.1685364792 -3832782.5555640967 1174681.325305292 1574423.64190711 1034685.7159400727 -520934.67998955876 1434213.399719403 3115072.004449028 493316.5112998384 5980635.674302858 -720916.873650794 36014330.81697381 3510934.8107791035 674198.8807483708 1486733.8936906545 -449187.6225731719 2078429.697203925 -1113506.5910811152 1675760.9349366564 -568529.5296473054 830216.2714953895 -1100612.4507858888 632092.2062909444 -1469955.5548876298 422517.7575925856 -767184.3761574161 4151819.1623980645 847487.7290961477
-1404079.1468436797 3399552.353174826 1423706.341767395 1567004.1242177628 -2268053.290905979 2230215.479821098 4853085.836313306 225569.8308432597 -2824814.9564333423 1413503.1782180395 2480241.530287497 3014290.7247462333 -2151532.2504626405 3510934.8107791035 29768757.877162296 -4750149.7046222 -467260.8981273565 625927.1641660279 1305775.7761762338 1152736.1250484323 1534912.5626086518 845406.2538847938 -1437779.1656102538 -1945925.5986184655 355873.145424042 1604878.3496488258 647627.2207097092 -1394919.3941317515 -420028.9981314602 2554331.0223810603
-914486.7100762107 -2123750.3846480325 1440269.0673849245 -408759.91401843965 -1730463.575302159 766186.1470403661 1968632.0675079105 -1038507.1296631057 962610.8124095721 -619759.8038904937 -1992553.1986281276 -860968.9906109794 34924.30139272374 674198.8807483708 -4750149.7046222 34409216.046442896 -135140.7338862216 -1102845.2703545864 2131933.0059150304 -2310328.538619869 -850246.8607340934 1453266.380457512 418352.61584194156 1029219.166526013 652934.0407971747 861442.111578399 -4637358.762440186 1753723.0501180077 831283.3848586717 -1093334.1556252192
-1963749.7572178529 3017609.482657182 -2064184.0407110068 1409095.2456098371 -1813851.4018861991 427534.8554741291 -3389133.2333179777 3264926.3070041193 2530657.851456252 2563423.1415147516 1444814.140636062 943094.5322668899 2469190.1338989544 1486733.8936906545 -467260.8981273565 -135140.7338862216 35666812.4081026 -194810.28267928434 4297320.559690501 -1079793.9382050142 1053102.0523498403 1500817.0469633145 -2835368.4887134237 -111733.5692762914 961268.9933045454 -1436062.083948138 -5738710.083466447 -606815.6624036997 2239704.1681422605 -1671176.7062964241
1303771.4287116295 -2788454.3996117353 3002371.1103847562 -780285.4584133297 1591323.7779523602 589879.7417627005 -1153016.9349204048 1735365.148591148 -615882.6422136022 -574499.5433397715 324223.6271053732 1472350.6456003697 821266.0032326676 -449187.6225731719 625927.1641660279 -1102845.2703545864 -194810.28267928434 33766808.41182042 1606106.5007031187 -2532557.005694311 1380942.0292350734 -52970.638505007264 -2295850.7555244104 738479.6556134459 820348.2479645928 1191589.7322827645 -2090697.7456317064 1127488.1153147866 -3253993.2476983895 3990664.3774329717
2307471.5281969295 976127.970579665 1597855.5195422468 -2078006.9552171761 1164951.816829488 553774.1495983686 371668.2527995117 739135.2363177027 351573.36650852684 -1220691.4073556098 5328452.423538096 -755173.686758011 616283.1820492119 2078429.697203925 1305775.7761762338 2131933.0059150304 4297320.559690501 1606106.5007031187 33278846.45077522 -3238423.2555234362 1057413.049575393 -33300.40514998365 -1507550.6404748936 -1790730.1219734217 1159497.6029114136 -1852065.0518021998 1975583.7546156482 -2172512.7213217984 364571.4045443857 1324453.2103366342
769762.2685990309 645898.1704895068 -3616771.9568495434 2931899.1522898334 -554817.0304092414 956599.6643087503 -818041.8580170483 -1990360.5452792705 -433960.7289110855 -2218130.186728141 -1921779.1623153214 -3044942.3956682226 -1723632.895502503 -1113506.5910811152 1152736.1250484323 -2310328.538619869 -1079793.9382050142 -2532557.005694311 -3238423.2555234362 36348948.82045572 967040.4780899746 1658925.7155254402 -2671382.499956901 780321.7043742598 -2229220.426095104 3559364.9708032496 864297.6728385967 -252270.81057036656 4721909.840520707 2254367.471523171
-85061.76200252841 1911869.4703681334 -10798.878956472232 -2849155.4019382475 2650719.4059150326 400098.6436939015 2131833.6416355553 378095.46119178936 920312.8717985029 423803.9737004778 -493553.87704387965 1118403.7087855663 -1801167.9414405033 1675760.9349366564 1534912.5626086518 -850246.8607340934 1053102.0523498403 1380942.0292350734 1057413.049575393 967040.4780899746 33291346.459350415 -641722.9342142275 -1979677.1376481617 -1156675.7534696383 -2378289.8166923933 236809.90978361198 -263705.81854854425 -1187924.6515160634 -1753339.7866267122 -1081047.96998267
-2532862.9578729714 -701133.3916121917 -496685.59244617465 3482974.262398063 -1757584.3450854076 1337818.7889480249 143363.40283354113 -1589648.7018060095 -3088446.8284837436 193965.92754813898 -802450.9202866917 255632.70211658874 -334139.71981937456 -568529.5296473054 845406.2538847938 1453266.380457512 1500817.0469633145 -52970.638505007264 -33300.40514998365 1658925.7155254402 -641722.9342142275 33328216.809325065 318397.54932622204 818484.1610649722 -1116968.337085028 -473878.86021899834 -3374511.163355599 832319.9954963349 -1315681.414345533 687551.849145033
-1750790.339417643 -729776.3650203355 -5523331.098170068 -2935567.9705610364 -891283.6507844802 245118.38186365808 -884122.158051586 -2641941.73941794 -766361.199873058 2936109.0081582908 -837346.667345889 540364.3184488256 -1211635.6876156009 830216.2714953895 -1437779.1656102538 418352.61584194156 -2835368.4887134237 -2295850.7555244104 -1507550.6404748936 -2671382.499956901 -1979677.1376481617 318397.54932622204 34323608.88790093 74200.86178445944 2716602.637126103 -622992.1056203797 2383173.5709003066 -2142762.810759574 5384.193060712241 2642872.7814784255
-385577.49491782207 -2622483.723503833 744600.4251839549 145302.3047020821 2287805.8810283868 -2190557.9447534247 1656309.0446818229 2032881.2015222588 1480435.2081742224 2053046.241902943 2035995.5196325914 -1365659.9949502642 -654764.8378765141 -1100612.4507858888 -1945925.5986184655 1029219.166526013 -111733.5692762914 738479.6556134459 -1790730.1219734217 780321.7043742598 -1156675.7534696383 818484.1610649722 74200.86178445944 33710224.3314684 1980383.2078276903 211274.6700518945 1518811.7766502332 1449271.7916451052 1760469.1880520256 -1838697.8537759276
-1344230.7558214327 1300715.5516013259 3635904.984352687 1175873.682293264 -3206155.3495362676 735578.801572174 328865.78852427116 -2142146.1458675154 1292826.8117021592 31867.259101706437 4760310.45863821 2087226.005602921 -3813512.7893131115 632092.2062909444 355873.145424042 652934.0407971747 961268.9933045454 820348.2479645928 1159497.6029114136 -2229220.426095104 -2378289.8166923933 -1116968.337085028 2716602.637126103 1980383.2078276903 31983661.49451065 1766625.3018575157 -1739114.246432179 -1408512.88146266 -105054.48824381645 -1707132.0838682414
-558009.3565930646 -1957647.7756045093 1135313.0248389097 -2367810.1102816253 1668928.7675431152 -1499713.4545643928 -325193.6650734849 20730.081187558375 -1887230.8455718122 1805332.5866888121 2311576.04338251 -1392102.7593423692 -433072.5041684104 -1469955.5548876298 1604878.3496488258 861442.111578399 -1436062.083948138 1191589.7322827645 -1852065.0518021998 3559364.9708032496 236809.90978361198 -473878.86021899834 -622992.1056203797 211274.6700518945 1766625.3018575157 34290854.63420956 1967291.3411543355 -1884617.7998702298 -2413863.748368882 3182588.0204408634
-366377.08609147416 -1111609.7375845327 666975.6784058218 -7580886.8502054205 2314583.995485437 -776740.3178012089 599560.2246482183 -843332.9443843581 -733590.5541260446 -1193253.6189800377 4930707.7165989345 -2244063.1693897997 -1521674.5549445837 422517.7575925856 647627.2207097092 -4637358.762440186 -5738710.083466447 -2090697.7456317064 1975583.7546156482 864297.6728385967 -263705.81854854425 -3374511.163355599 2383173.5709003066 1518811.7766502332 -1739114.246432179 1967291.3411543355 34505329.36901222 -3663576.7857221253 -392628.64423849474 383627.00653423544
2789774.5289597297 1439522.080124567 2283934.0478127836 4681826.612709483 1584095.983925669 -288101.85136865906 -632151.8931774055 -2262856.8132627443 -3021648.1375521068 -6901.779958004969 -1368336.9470802224 -591221.1917847167 -1734457.3443209752 -767184.3761574161 -1394919.3941317515 1753723.0501180077 -606815.6624036997 1127488.1153147866 -2172512.7213217984 -252270.81057036656 -1187924.6515160634 832319.9954963349 -2142762.810759574 1449271.7916451052 -1408512.88146266 -1884617.7998702298 -3663576.7857221253 33071392.997257978 -256409.9911806111 -148091.3668224554
786854.5492832382 1383020.7782259532 1582657.5502486057 887901.2786866077 -1172614.6047036762 -2418925.715431638 2484642.189706074 1340449.7083335829 1864265.4833617713 -1586337.089465721 -2081021.5836486467 -1524363.4503675804 -1339636.4411349045 4151819.1623980645 -420028.9981314602 831283.3848586717 2239704.1681422605 -3253993.2476983895 364571.4045443857 4721909.840520707 -1753339.7866267122 -1315681.414345533 5384.193060712241 1760469.1880520256 -105054.48824381645 -2413863.748368882 -392628.64423849474 -256409.9911806111 36330576.13238158 1509424.1289618225
1184586.2044518248 -3118295.3316921974 -1278509.1780376404 -88878.71139866633 606319.4478839459 -885639.2744366772 1689245.6692388589 685362.9288548885 -2284649.9948009145 2137259.1810539067 -193390.6960211022 781571.7176384006 2999556.721513268 847487.7290961477 2554331.0223810603 -1093334.1556252192 -1671176.7062964241 3990664.3774329717 1324453.2103366342 2254367.471523171 -1081047.96998267 687551.849145033 2642872.7814784255 -1838697.8537759276 -1707132.0838682414 3182588.0204408634 383627.00653423544 -148091.3668224554 1509424.1289618225 34053168.38574316
