34986793.502098456 -4003846.7445658264 5441576.380969687 -1042199.2655525579 1477254.6702522044 1615942.534749144 -1921821.424229181 -1855403.267584733 -1964444.1301744282 -628337.1651102336 3236834.382684601 -2273840.3120779116 -2760970.9409642247 2826297.5695323967 -5298789.7860211 -392354.4942388533 363657.91441616754 1694745.1692386176 5862626.080471989 191394.42319975706 -3581546.687496795 -480892.24464265833 419062.96541123604 2256394.270679135 -1106693.4932580746 2862361.1560366945 3917668.5023450595 2616129.660147608 -486131.8807560446 -2197883.768274372 -5346018.100924967 -670176.3934187447 -71816.0119633573 3789166.558589335 1006712.0494591972 747430.6512751938 2862193.0300677666 1413869.9601052364 -3040072.240017838 2514225.8856613715
-4003846.7445658264 34024220.92874153 2072282.97917627 225670.5922192079 796313.9432395144 -3677810.4906034623 -1851121.1626582735 3227369.409533825 -2600101.1139807673 -1900950.5793023705 -1339637.2367464027 2365916.026026551 1580246.5417020782 -2674160.0856706663 -1104650.0491121039 594388.3718849431 -144641.0422460641 4744183.317183542 -19419.45456072461 1274376.8240633428 452765.6384243394 -739549.2954185372 -1460244.0042269558 -1293905.7495714386 -1076423.173196762 2586454.486959888 -23581.61455411125 -4749314.131302199 -1189258.3606349477 2105436.3105289666 5056552.965537589 998381.7188185267 -3349574.4285037215 4196538.654323632 4051854.529852201 211167.4899772136 2421108.9542540484 -5628977.739128918 4349447.285757753 -1103569.6565198884
5441576.380969687 2072282.97917627 33430791.533384483 -592371.60859546 3181139.571483713 -1502210.0155195913 -136278.25094608826 -3382896.0906327246 2101534.887256779 438105.551271144 -1880930.1919197564 1673758.6949284289 1600751.2411444327 -405461.92347378575 1722201.392867274 -746259.1591214689 4646450.968252373 -57842.72215986903 -4291779.96151308 1480315.879800147 1507231.8169465575 208666.13673792215 64721.46790749811 1362353.1563543982 -1381101.6908661702 2231372.458362741 -3486081.0527297584 -3015432.551366969 2019606.9991446605 -2931496.810729858 -1004887.7081289628 4648644.452944385 -5042917.848808316 5553172.952465833 5382305.292189688 -1881138.0725131133 2692246.4637477994 -2432457.4903469463 4644124.762617103 1004300.6178214496
-1042199.2655525579 225670.5922192079 -592371.60859546 32542701.474960525 -4069877.0377148073 -1009433.3607072 2167092.7564615393 -4499656.614432716 -2932089.127260686 1829490.243202191 -3704016.2286576093 -38266.73233781462 1144374.1019531265 -336404.2217383579 2292972.028476308 -1202888.8496624802 5982433.999573347 436653.7988762013 288576.5014523164 1223898.180474296 -1851824.2273594271 -1489453.329416313 2190491.7378232046 -377727.01084694796 1226254.402004038 865205.2580489103 404138.85519212275 1632945.0924360952 2613726.3176296093 -66245.0176825508 242261.27776214317 -2423529.8396318858 2820525.225544496 -1707822.9944205545 4321145.460195852 -3550311.6806600196 -3378558.780500136 177968.01629583698 750037.7078565072 -2675242.80528913
1477254.6702522044 796313.9432395144 3181139.571483713 -4069877.0377148073 29615003.527523283 -1495788.4000594767 1895307.8094357932 -993666.4626061285 -2128947.812302662 1065226.3972555033 -876223.9838664274 2740132.5615804703 4025374.5125918053 -1594180.4760047265 2729659.1653788 -294038.16419572436 1815713.984968326 1788176.7229834823 1496699.7780368957 115201.38365077043 -1582072.791965312 823959.7424534337 1491130.0853175202 -204616.71271768663 2972984.2231790866 3550050.115264686 -1825959.5175696763 149091.17940207315 -3256474.043967435 -2245117.0232617073 -5083742.742746385 748650.7474145908 -86917.7804185633 -2311603.2240020237 -1979804.4310840962 1633798.1478660402 258993.7336883508 2511039.877507609 567394.3448366423 2364631.094268318
1615942.534749144 -3677810.4906034623 -1502210.0155195913 -1009433.3607072 -1495788.4000594767 36948171.66376613 5206297.58433734 -1243612.2652199212 3461906.9766707453 -225778.8413230114 -2004391.866213285 -3286613.4041802054 2221665.410243682 4702892.528946692 437589.0511831013 -2982365.6138492883 -1910790.493780153 -671205.2118512847 2230149.6018705904 -1930161.8152519043 3136905.64437957 -2767311.3620567992 705235.9105833836 2904206.241720449 1728835.5181298195 -1008894.5935398091 -2841003.504669051 3820883.165827208 -4562220.744436107 1500885.3838354584 398525.221651715 -10035.425518377318 2583352.5658124853 -785465.4007598673 169202.4823876394 -5802.824693527269 4105846.2314317315 4312035.0036015455 471998.4771286991 1875211.0379447478
-1921821.424229181 -1851121.1626582735 -136278.25094608826 2167092.7564615393 1895307.8094357932 5206297.58433734 33103662.255402602 777802.7531436293 -1641991.9004913683 2018306.7765513193 1134032.0366287085 -766692.5749425617 -1738904.8740867276 2226833.2773948745 -397031.0973439874 -710821.7573705588 214211.18344438451 2571109.7886757073 -3331946.362675211 -991732.8517056466 2369128.2066516383 -645336.1419656954 1149400.641302138 3111620.6024849922 -4258558.628933318 1786459.7082264612 1841406.9278765053 1852088.216369486 -2783401.9981326037 -1696402.9618098284 -1820381.749433461 -4553009.530531987 747490.9704780545 -895864.7071808863 566059.4214000835 -533248.5142107778 -2767002.504889907 460534.8791571813 -1970487.6604735942 5170404.32835746
-1855403.267584733 3227369.409533825 -3382896.0906327246 -4499656.614432716 -993666.4626061285 -1243612.2652199212 777802.7531436293 32133504.10986835 -1637659.2314851447 973657.7745326419 -148455.4593579123 -5595985.9742484465 -3641202.792829741 2112500.7833889467 -6431417.516047432 2882637.2511654417 -2903402.1304564825 -843620.5731217635 193960.7885855309 -2872400.1410249434 -3599113.1733901817 -1560769.509960656 1145873.2976599482 3389942.466142439 -624901.4494291631 -178939.6328839697 -4733117.525433537 -4671776.177922302 -1960921.2112669924 4305693.751589419 1250143.6159686274 -41587.51937886881 -1706049.760000802 1198323.4175599134 2154228.1542439777 1792738.6691516417 -2434504.3176127025 -737459.7276470704 -3332281.334106682 -5620646.892588981
-1964444.1301744282 -2600101.1139807673 2101534.887256779 -2932089.127260686 -2128947.812302662 3461906.9766707453 -1641991.9004913683 -1637659.2314851447 35378770.676982895 1882391.906916177 1940414.290434527 54956.43718220616 987977.2281982925 -290527.9773921108 3877347.4330415665 -626174.9836955469 -484945.24476131145 1119291.4274801773 -1948210.2819021558 -1797731.9365656704 4501262.509330412 114140.99299839382 335753.8590281057 -1787733.650953723 -135966.10268215547 -126049.92319042767 2784687.9289375436 2427310.639957134 552745.9430468737 -2761938.0589034134 837566.9004230832 326490.576741487 3953105.0866578394 -1316384.1841194548 -2582868.779959032 -3633074.3849624568 -2611785.2756054513 2524082.582409572 3262690.224460804 1359487.1490123624
-628337.1651102336 -1900950.5793023705 438105.551271144 1829490.243202191 1065226.3972555033 -225778.8413230114 2018306.7765513193 973657.7745326419 1882391.906916177 35597549.2727183 3528327.2524053673 684062.6085562699 1570128.604517846 -3147539.120644688 -3040698.1979264156 -3915268.1387797887 1722280.1651910713 -2282254.8637921317 2403003.4738794435 -4495137.10041029 1398811.467687588 3605777.488486728 1187587.9298671733 81625.4338755633 -562925.6266825416 -1469237.5734260536 1202643.6892828206 3803330.515078047 -853480.5963271855 -1589348.540772765 2398169.119647789 468010.54260266566 -3741557.434145249 -36574.19704196949 -2240507.3156337803 -7179685.105579163 -1246971.2923654015 -96639.24783225478 -1207021.2389865643 450587.5159272416
3236834.382684601 -1339637.2367464027 -1880930.1919197564 -3704016.2286576093 -876223.9838664274 -2004391.866213285 1134032.0366287085 -148455.4593579123 1940414.290434527 3528327.2524053673 33709949.82964572 -2037647.0877427345 -1796828.029071542 204124.45990594028 -3579999.155755749 -111789.40661155453 -3369734.3769655125 3001576.6898199683 5907625.004778271 -795637.655763895 1561171.081161633 1428512.3459790586 3300525.1556818336 -1867861.7650020444 -1809845.7220262962 -1845923.1029491264 1211607.8202069066 1878226.8877202626 -3696480.8520399528 62551.38720749009 -1248865.5182976637 4649946.4145530015 -1812283.2879368993 -3404507.529378656 -678878.2385196211 1832028.3542943206 -2180107.4392420263 16339.827981524819 -1448338.8768749682 705691.6653052618
-2273840.3120779116 2365916.026026551 1673758.6949284289 -38266.73233781462 2740132.5615804703 -3286613.4041802054 -766692.5749425617 -5595985.9742484465 54956.43718220616 684062.6085562699 -2037647.0877427345 33842978.02868732 1497315.1240522068 -3576892.2036028323 -76095.72954860058 -2226618.928969535 203154.0506030584 875293.1944486506 2335838.2407908468 -223645.189050267 -366507.9155614999 -48665.26949449273 -1368087.23774344 2685963.04814928 4078273.5413938276 1323281.5231066123 -2869591.9123756806 2225025.29848013 1540304.1191976948 -478400.230724166 4440465.009673711 -286364.8988995493 -2168756.447704522 2753712.484901511 -2705717.4493061416 4001657.0114204506 68915.05820722491 -1387760.2275963493 618730.0270580344 959011.5227986951
-2760970.9409642247 1580246.5417020782 1600751.2411444327 1144374.1019531265 4025374.5125918053 2221665.410243682 -1738904.8740867276 -3641202.792829741 987977.2281982925 1570128.604517846 -1796828.029071542 1497315.1240522068 33503181.249986786 -4781274.081709457 639869.1375435443 -2411018.0942237237 -2078627.461587788 543466.7731885907 -26605.035544430095 -433160.6489157881 3833414.518042835 3581934.654428002 1937039.4481535906 -2577195.2184066446 1387451.1056537412 750714.49860915 -1082425.2115012542 -1044771.9412501741 -2049027.8142752266 -2908015.091201511 -3014552.5852066227 -289509.49900477455 -168003.33718468153 299708.32800098433 2522423.219600199 -4918810.5794619 -2100915.898753294 3673792.843921839 909951.8605065166 2252459.209838101
2826297.5695323967 -2674160.0856706663 -405461.92347378575 -336404.2217383579 -1594180.4760047265 4702892.528946692 2226833.2773948745 2112500.7833889467 -290527.9773921108 -3147539.120644688 204124.45990594028 -3576892.2036028323 -4781274.081709457 34682662.59762738 -3886139.883784251 1960163.3517112923 -4837081.33491217 3842130.572262772 2506955.9932124643 2378707.5410514744 -129846.16463644075 327579.08880399115 -3068581.485401679 -84629.224570078 544299.9621454461 -4126262.3411700646 -2145578.3407040667 -3205227.187944542 894313.8317770495 -1026000.6079341056 -2337832.618192249 92163.87667778302 3055019.0514284675 1365668.6216735193 1072261.2581295825 -1132261.3417916119 -585834.8025295523 109332.26380296944 -2422731.884655133 -2155972.4564307993
-5298789.7860211 -1104650.0491121039 1722201.392867274 2292972.028476308 2729659.1653788 437589.0511831013 -397031.0973439874 -6431417.516047432 3877347.4330415665 -3040698.1979264156 -3579999.155755749 -76095.72954860058 639869.1375435443 -3886139.883784251 33659091.896739714 -533726.013462549 4505950.149264313 -19357.246744237294 -3795257.954954237 263246.1805250837 2556799.053262624 174781.4042365161 1901198.1605015625 7427563.076625076 -771868.6358190071 -941892.3408997058 -1587023.607980407 1562363.8236035076 2518341.155156009 -3042977.9928841693 -1944419.8584089193 -3703682.936758648 1184547.0926203982 -6583015.076614096 57476.92789048434 -352970.0950778572 -1542115.4278791193 -157168.41336997497 1153785.724111969 3570259.1545961043
-392354.4942388533 594388.3718849431 -746259.1591214689 -1202888.8496624802 -294038.16419572436 -2982365.6138492883 -710821.7573705588 2882637.2511654417 -626174.9836955469 -3915268.1387797887 -111789.40661155453 -2226618.928969535 -2411018.0942237237 1960163.3517112923 -533726.013462549 36685291.69757532 478112.0026305694 2619829.289942665 -2081934.3911981573 1060535.516739171 3651469.946858617 -3560949.6730395015 1301039.9553022883 -887163.0689664801 -7198369.457843395 2645061.0338371345 135598.6716092349 -2042283.501111331 1327503.3061299482 -1551880.7422387768 1332836.701971951 -2705648.3397996794 1422484.339975535 82674.57851390138 -4039011.4992398806 2458394.267422412 7146323.393399969 -8399807.968189485 -1985859.0385369523 1713511.3978591973
363657.91441616754 -144641.0422460641 4646450.968252373 5982433.999573347 1815713.984968326 -1910790.493780153 214211.18344438451 -2903402.1304564825 -484945.24476131145 1722280.1651910713 -3369734.3769655125 203154.0506030584 -2078627.461587788 -4837081.33491217 4505950.149264313 478112.0026305694 35893560.19520234 509781.1592325328 -3580728.8608509973 2425854.0024429914 -955356.2469336127 -2004547.055533296 2395721.1779309004 -341866.3148917293 -2769163.97350951 -37698.64669529007 -1729872.7614973004 1854418.6758902343 2805476.719314125 -833150.5540721752 2258524.8817408243 -1018440.9025109037 -1861328.2996048585 -4084016.554359271 1184539.8519104396 1626054.302952406 887864.3499595381 79048.09620463518 600941.3566881457 198196.28100796283
1694745.1692386176 4744183.317183542 -57842.72215986903 436653.7988762013 1788176.7229834823 -671205.2118512847 2571109.7886757073 -843620.5731217635 1119291.4274801773 -2282254.8637921317 3001576.6898199683 875293.1944486506 543466.7731885907 3842130.572262772 -19357.246744237294 2619829.289942665 509781.1592325328 32725189.458063263 -3129465.3733205004 5174077.961285693 1242088.49118636 -2092486.3112761944 15893.32780088679 -2242536.9960244154 352133.98866592575 2076703.1950498386 398888.04839680577 -590746.9449350707 -2068122.4461738956 400140.14746848785 -532051.7564243919 3385943.468339843 -4723310.795265897 -2995139.38473816 3588208.10821983 2684905.8485599193 -1586273.9926082722 -1433365.5420283675 2206108.6912858016 220801.9331285281
5862626.080471989 -19419.45456072461 -4291779.96151308 288576.5014523164 1496699.7780368957 2230149.6018705904 -3331946.362675211 193960.7885855309 -1948210.2819021558 2403003.4738794435 5907625.004778271 2335838.2407908468 -26605.035544430095 2506955.9932124643 -3795257.954954237 -2081934.3911981573 -3580728.8608509973 -3129465.3733205004 33407410.97944219 112186.39163980022 -2476849.869019137 -2274264.967870502 -290655.58122053393 2253619.801023584 -687286.6945779413 1244967.3492191867 565706.8398028119 2293444.9121324066 -2233389.137045297 364254.60510420403 2238061.515653353 -1068509.193084905 140682.4626560158 1153097.6579252311 -1996744.9608438823 2153650.4201781778 698789.1746999323 3305084.0964274723 -2964448.650704548 3784725.7921943814
191394.42319975706 1274376.8240633428 1480315.879800147 1223898.180474296 115201.38365077043 -1930161.8152519043 -991732.8517056466 -2872400.1410249434 -1797731.9365656704 -4495137.10041029 -795637.655763895 -223645.189050267 -433160.6489157881 2378707.5410514744 263246.1805250837 1060535.516739171 2425854.0024429914 5174077.961285693 112186.39163980022 32377446.958570994 -2852764.0155509408 -1918185.0939596533 192392.44507044076 -118017.3833118372 -896408.4947067349 -1263299.9593816518 2046249.795364941 89018.93751078159 -422707.71477458766 3128306.1542622857 5202511.739711421 1524998.7034553192 -3440843.253476704 -1862165.423163047 3744529.462354417 991620.1738369816 1338859.9880088484 -419826.2814628453 -1437353.335845212 -50163.15002681219
-3581546.687496795 452765.6384243394 1507231.8169465575 -1851824.2273594271 -1582072.791965312 3136905.64437957 2369128.2066516383 -3599113.1733901817 4501262.509330412 1398811.467687588 1561171.081161633 -366507.9155614999 3833414.518042835 -129846.16463644075 2556799.053262624 3651469.946858617 -955356.2469336127 1242088.49118636 -2476849.869019137 -2852764.0155509408 32988382.9417767 1387119.1572435042 -1342161.5680366189 -2732349.0201286003 -5640865.304808485 84288.99414619016 -2478859.985005192 1741934.7855241667 3043867.4699879414 332331.22463396436 -1066724.6502232996 -2127399.000387921 4238733.135195152 2096869.0387852313 -3731842.781780938 -1517589.369247686 -132123.1480289032 -2094594.732236196 943521.8838702644 4749401.048100153
-480892.24464265833 -739549.2954185372 208666.13673792215 -1489453.329416313 823959.7424534337 -2767311.3620567992 -645336.1419656954 -1560769.509960656 114140.99299839382 3605777.488486728 1428512.3459790586 -48665.26949449273 3581934.654428002 327579.08880399115 174781.4042365161 -3560949.6730395015 -2004547.055533296 -2092486.3112761944 -2274264.967870502 -1918185.0939596533 1387119.1572435042 31467958.643363122 -2074862.140247496 906273.3590999189 -85917.32464548602 -2929178.102774473 -306738.9833562605 -2947577.5629019374 -2789015.0744938804 -5181517.622618718 -804961.9781281077 -2303292.170496034 -3273459.0024103182 3608127.89551671 -2076677.1609400306 -1166739.163251905 -1147777.475299739 1601712.472784913 1433226.5732043772 -4081211.4657571805
419062.96541123604 -1460244.0042269558 64721.46790749811 2190491.7378232046 1491130.0853175202 705235.9105833836 1149400.641302138 1145873.2976599482 335753.8590281057 1187587.9298671733 3300525.1556818336 -1368087.23774344 1937039.4481535906 -3068581.485401679 1901198.1605015625 1301039.9553022883 2395721.1779309004 15893.32780088679 -290655.58122053393 192392.44507044076 -1342161.5680366189 -2074862.140247496 33062284.148714155 1885629.2075644883 -2126080.34200143 3219644.865918201 -913686.2866955056 -1991907.322596819 4123184.791494623 -1444948.4504393402 -4176367.810542579 2579075.470811153 -1820397.4714411313 -2436727.286700413 2243920.080806888 -1403040.764520862 -3333330.0590887875 2856610.2954765325 1819696.9153777987 -4871051.656122931
2256394.270679135 -1293905.7495714386 1362353.1563543982 -377727.01084694796 -204616.71271768663 2904206.241720449 3111620.6024849922 3389942.466142439 -1787733.650953723 81625.4338755633 -1867861.7650020444 2685963.04814928 -2577195.2184066446 -84629.224570078 7427563.076625076 -887163.0689664801 -341866.3148917293 -2242536.9960244154 2253619.801023584 -118017.3833118372 -2732349.0201286003 906273.3590999189 1885629.2075644883 29624498.164630257 917784.6040125628 2374805.4142311728 -962933.1952116884 871536.2896709178 315977.27059077047 -2361583.0948340944 -60175.013319788624 -697025.9986480366 1924018.5138446116 -5129294.2554119425 1451250.2237222854 -1480967.1238354412 2649292.7047608737 1670454.6340472666 -2490527.537440706 -383055.97059149854
-1106693.4932580746 -1076423.173196762 -1381101.6908661702 1226254.402004038 2972984.2231790866 1728835.5181298195 -4258558.628933318 -624901.4494291631 -135966.10268215547 -562925.6266825416 -1809845.7220262962 4078273.5413938276 1387451.1056537412 544299.9621454461 -771868.6358190071 -7198369.457843395 -2769163.97350951 352133.98866592575 -687286.6945779413 -896408.4947067349 -5640865.304808485 -85917.32464548602 -2126080.34200143 917784.6040125628 31019461.858302962 -2296052.5010831477 831925.3229105216 1615633.7438494717 320270.1748651953 2015976.718164145 -459345.6669142262 -3176587.7195243286 1205921.0079955775 1035738.1147096619 2373245.3984474377 1774515.7630705335 2213448.284314888 1172663.5405936458 1331811.1918016062 493910.49230210553
2862361.1560366945 2586454.486959888 2231372.458362741 865205.2580489103 3550050.115264686 -1008894.5935398091 1786459.7082264612 -178939.6328839697 -126049.92319042767 -1469237.5734260536 -1845923.1029491264 1323281.5231066123 750714.49860915 -4126262.3411700646 -941892.3408997058 2645061.0338371345 -37698.64669529007 2076703.1950498386 1244967.3492191867 -1263299.9593816518 84288.99414619016 -2929178.102774473 3219644.865918201 2374805.4142311728 -2296052.5010831477 34038406.38558005 686904.6452474416 2494783.4643282373 415744.30511533195 -832360.749440371 -2667897.484463375 -274766.10074538534 -3588940.751222007 1726273.6155809744 -1328494.8112234524 2120829.16173724 1322349.6833077625 -2001544.4373661173 -70102.65179824647 -388828.06598063617
3917668.5023450595 -23581.61455411125 -3486081.0527297584 404138.85519212275 -1825959.5175696763 -2841003.504669051 1841406.9278765053 -4733117.525433537 2784687.9289375436 1202643.6892828206 1211607.8202069066 -2869591.9123756806 -1082425.2115012542 -2145578.3407040667 -1587023.607980407 135598.6716092349 -1729872.7614973004 398888.04839680577 565706.8398028119 2046249.795364941 -2478859.985005192 -306738.9833562605 -913686.2866955056 -962933.1952116884 831925.3229105216 686904.6452474416 31954574.139690727 933670.2432344477 -1077094.6404297259 -3108172.724504344 -1511501.0531751993 -637257.885896074 666546.6851798685 902563.32169848 -1097064.088305801 231106.67951329835 2429385.1614883253 2187008.0049851965 164037.78586543343 2890853.474308737
2616129.660147608 -4749314.131302199 -3015432.551366969 1632945.0924360952 149091.17940207315 3820883.165827208 1852088.216369486 -4671776.177922302 2427310.639957134 3803330.515078047 1878226.8877202626 2225025.29848013 -1044771.9412501741 -3205227.187944542 1562363.8236035076 -2042283.501111331 1854418.6758902343 -590746.9449350707 2293444.9121324066 89018.93751078159 1741934.7855241667 -2947577.5629019374 -1991907.322596819 871536.2896709178 1615633.7438494717 2494783.4643282373 933670.2432344477 33044708.073963914 -3410286.5621064 -501015.4173469358 -1941860.7931603575 -1885907.5806111197 1421454.866376595 642530.9600677057 -275955.00870273984 646847.1893736018 2900668.785393813 -3660115.6002627523 -3225859.2764205444 4346378.290430543
-486131.8807560446 -1189258.3606349477 2019606.9991446605 2613726.3176296093 -3256474.043967435 -4562220.744436107 -2783401.9981326037 -1960921.2112669924 552745.9430468737 -853480.5963271855 -3696480.8520399528 1540304.1191976948 -2049027.8142752266 894313.8317770495 2518341.155156009 1327503.3061299482 2805476.719314125 -2068122.4461738956 -2233389.137045297 -422707.71477458766 3043867.4699879414 -2789015.0744938804 4123184.791494623 315977.27059077047 320270.1748651953 415744.30511533195 -1077094.6404297259 -3410286.5621064 32393822.314377636 720474.7916903021 2122820.5174537194 -2974784.1402483564 2296321.3049169406 -131316.07813189516 -546990.5558186389 965264.6886474265 4722320.163229202 -1572301.0121347895 -1840707.5480934847 -513180.8014334606
-2197883.768274372 2105436.3105289666 -2931496.810729858 -66245.0176825508 -2245117.0232617073 1500885.3838354584 -1696402.9618098284 4305693.751589419 -2761938.0589034134 -1589348.540772765 62551.38720749009 -478400.230724166 -2908015.091201511 -1026000.6079341056 -3042977.9928841693 -1551880.7422387768 -833150.5540721752 400140.14746848785 364254.60510420403 3128306.1542622857 332331.22463396436 -5181517.622618718 -1444948.4504393402 -2361583.0948340944 2015976.718164145 -832360.749440371 -3108172.724504344 -501015.4173469358 720474.7916903021 32807793.645566586 4390647.489401108 -3179912.4745208775 1723791.9225989387 -832940.505742289 2609171.236026578 -105541.66888222127 -1473335.7762151614 -212834.1596635488 -3245877.3486053315 1450750.1592929496
-5346018.100924967 5056552.965537589 -1004887.7081289628 242261.27776214317 -5083742.742746385 398525.221651715 -1820381.749433461 1250143.6159686274 837566.9004230832 2398169.119647789 -1248865.5182976637 4440465.009673711 -3014552.5852066227 -2337832.618192249 -1944419.8584089193 1332836.701971951 2258524.8817408243 -532051.7564243919 2238061.515653353 5202511.739711421 -1066724.6502232996 -804961.9781281077 -4176367.810542579 -60175.013319788624 -459345.6669142262 -2667897.484463375 -1511501.0531751993 -1941860.7931603575 2122820.5174537194 4390647.489401108 33853248.1134794 -301644.0274412965 825550.3319442758 -2756800.414101078 -1878422.9426271426 2355697.4158161995 5120970.60006375 -326908.3155896852 1727718.0789725834 -2184121.820716588
-670176.3934187447 998381.7188185267 4648644.452944385 -2423529.8396318858 748650.7474145908 -10035.425518377318 -4553009.530531987 -41587.51937886881 326490.576741487 468010.54260266566 4649946.4145530015 -286364.8988995493 -289509.49900477455 92163.87667778302 -3703682.936758648 -2705648.3397996794 -1018440.9025109037 3385943.468339843 -1068509.193084905 1524998.7034553192 -2127399.000387921 -2303292.170496034 2579075.470811153 -697025.9986480366 -3176587.7195243286 -274766.10074538534 -637257.885896074 -1885907.5806111197 -2974784.1402483564 -3179912.4745208775 -301644.0274412965 37065914.742333256 -4576509.368367181 -3137690.0500733503 235243.2605526372 255754.50364683644 -3454475.6222345894 2170625.8729521222 -4749762.382521216 -6889611.796087861
-71816.0119633573 -3349574.4285037215 -5042917.848808316 2820525.225544496 -86917.7804185633 2583352.5658124853 747490.9704780545 -1706049.760000802 3953105.0866578394 -3741557.434145249 -1812283.2879368993 -2168756.447704522 -168003.33718468153 3055019.0514284675 1184547.0926203982 1422484.339975535 -1861328.2996048585 -4723310.795265897 140682.4626560158 -3440843.253476704 4238733.135195152 -3273459.0024103182 -1820397.4714411313 1924018.5138446116 1205921.0079955775 -3588940.751222007 666546.6851798685 1421454.866376595 2296321.3049169406 1723791.9225989387 825550.3319442758 -4576509.368367181 37246860.25304196 2103775.7592987223 -5378760.719018049 2965324.6059914534 -886948.4482831993 -2008192.2752314957 -328643.7256693708 4529888.877628883
3789166.558589335 4196538.654323632 5553172.952465833 -1707822.9944205545 -2311603.2240020237 -785465.4007598673 -895864.7071808863 1198323.4175599134 -1316384.1841194548 -36574.19704196949 -3404507.529378656 2753712.484901511 299708.32800098433 1365668.6216735193 -6583015.076614096 82674.57851390138 -4084016.554359271 -2995139.38473816 1153097.6579252311 -1862165.423163047 2096869.0387852313 3608127.89551671 -2436727.286700413 -5129294.2554119425 1035738.1147096619 1726273.6155809744 902563.32169848 642530.9600677057 -131316.07813189516 -832940.505742289 -2756800.414101078 -3137690.0500733503 2103775.7592987223 31800169.441295963 2305514.655076897 -618745.2405298727 -5885633.279169266 -156685.17903832608 -155086.4573896925 -1835019.4508136818
1006712.0494591972 4051854.529852201 5382305.292189688 4321145.460195852 -1979804.4310840962 169202.4823876394 566059.4214000835 2154228.1542439777 -2582868.779959032 -2240507.3156337803 -678878.2385196211 -2705717.4493061416 2522423.219600199 1072261.2581295825 57476.92789048434 -4039011.4992398806 1184539.8519104396 3588208.10821983 -1996744.9608438823 3744529.462354417 -3731842.781780938 -2076677.1609400306 2243920.080806888 1451250.2237222854 2373245.3984474377 -1328494.8112234524 -1097064.088305801 -275955.00870273984 -546990.5558186389 2609171.236026578 -1878422.9426271426 235243.2605526372 -5378760.719018049 2305514.655076897 33942654.438847736 -747618.5247050814 77752.26725876909 1823809.9919330769 4261818.112686823 450197.750430349
747430.6512751938 211167.4899772136 -1881138.0725131133 -3550311.6806600196 1633798.1478660402 -5802.824693527269 -533248.5142107778 1792738.6691516417 -3633074.3849624568 -7179685.105579163 1832028.3542943206 4001657.0114204506 -4918810.5794619 -1132261.3417916119 -352970.0950778572 2458394.267422412 1626054.302952406 2684905.8485599193 2153650.4201781778 991620.1738369816 -1517589.369247686 -1166739.163251905 -1403040.764520862 -1480967.1238354412 1774515.7630705335 2120829.16173724 231106.67951329835 646847.1893736018 965264.6886474265 -105541.66888222127 2355697.4158161995 255754.50364683644 2965324.6059914534 -618745.2405298727 -747618.5247050814 32219114.348864358 -844594.7049195893 -1656543.72395001 867527.0646026029 4145073.1233745324
2862193.0300677666 2421108.9542540484 2692246.4637477994 -3378558.780500136 258993.7336883508 4105846.2314317315 -2767002.504889907 -2434504.3176127025 -2611785.2756054513 -1246971.2923654015 -2180107.4392420263 68915.05820722491 -2100915.898753294 -585834.8025295523 -1542115.4278791193 7146323.393399969 887864.3499595381 -1586273.9926082722 698789.1746999323 1338859.9880088484 -132123.1480289032 -1147777.475299739 -3333330.0590887875 2649292.7047608737 2213448.284314888 1322349.6833077625 2429385.1614883253 2900668.785393813 4722320.163229202 -1473335.7762151614 5120970.60006375 -3454475.6222345894 -886948.4482831993 -5885633.279169266 77752.26725876909 -844594.7049195893 35401103.838376686 -5137696.142576008 -1104187.8188816085 5671512.413867112
1413869.9601052364 -5628977.739128918 -2432457.4903469463 177968.01629583698 2511039.877507609 4312035.0036015455 460534.8791571813 -737459.7276470704 2524082.582409572 -96639.24783225478 16339.827981524819 -1387760.2275963493 3673792.843921839 109332.26380296944 -157168.41336997497 -8399807.968189485 79048.09620463518 -1433365.5420283675 3305084.0964274723 -419826.2814628453 -2094594.732236196 1601712.472784913 2856610.2954765325 1670454.6340472666 1172663.5405936458 -2001544.4373661173 2187008.0049851965 -3660115.6002627523 -1572301.0121347895 -212834.1596635488 -326908.3155896852 2170625.8729521222 -2008192.2752314957 -156685.17903832608 1823809.9919330769 -1656543.72395001 -5137696.142576008 34484053.072434336 -516491.6159201482 -4178443.020752917
-3040072.240017838 4349447.285757753 4644124.762617103 750037.7078565072 567394.3448366423 471998.4771286991 -1970487.6604735942 -3332281.334106682 3262690.224460804 -1207021.2389865643 -1448338.8768749682 618730.0270580344 909951.8605065166 -2422731.884655133 1153785.724111969 -1985859.0385369523 600941.3566881457 2206108.6912858016 -2964448.650704548 -1437353.335845212 943521.8838702644 1433226.5732043772 1819696.9153777987 -2490527.537440706 1331811.1918016062 -70102.65179824647 164037.78586543343 -3225859.2764205444 -1840707.5480934847 -3245877.3486053315 1727718.0789725834 -4749762.382521216 -328643.7256693708 -155086.4573896925 4261818.112686823 867527.0646026029 -1104187.8188816085 -516491.6159201482 32308642.310584202 -2327993.7577088233
2514225.8856613715 -1103569.6565198884 1004300.6178214496 -2675242.80528913 2364631.094268318 1875211.0379447478 5170404.32835746 -5620646.892588981 1359487.1490123624 450587.5159272416 705691.6653052618 959011.5227986951 2252459.209838101 -2155972.4564307993 3570259.1545961043 1713511.3978591973 198196.28100796283 220801.9331285281 3784725.7921943814 -50163.15002681219 4749401.048100153 -4081211.4657571805 -4871051.656122931 -383055.97059149854 493910.49230210553 -388828.06598063617 2890853.474308737 4346378.290430543 -513180.8014334606 1450750.1592929496 -2184121.820716588 -6889611.796087861 4529888.877628883 -1835019.4508136818 450197.750430349 4145073.1233745324 5671512.413867112 -4178443.020752917 -2327993.7577088233 33857324.485491455
