30083551.3280882 432785.29407522525 -1925303.6078347801 -614785.0227811375 1906038.8666747091 1968096.7664046893 207213.23360778994 561176.4439176572 -773238.78402998 886349.8528360166 716294.5499550813 1944795.7666999442 1826966.3682080496 595253.7549384455 675889.4012960702 -525314.2036404436 172383.836546234 -1228853.9343363112 -2045082.627750618 -2003379.4227862796 -1763431.5298507803 -1038810.2254761719 396281.9666269034 -477166.4369774983 -464130.3570348056 -3747223.1721622683 -736870.8649958856 -1442739.056140496 18973.767204147716 -1165493.4488871275 1275556.6144195788 -1063165.2386983903 2081334.6505509263 -2175418.4459214252 1691226.4514671564 1648433.3368924323 -1866599.808239241 -706476.2391559735 2257013.5423389445 243359.83434718393 -2130780.882126749 -615654.0418082218 -129666.96526914487 655832.9301376387 1881071.900707449 519842.3781252247 75225.0502484812 11590.757256237566 -434514.3951017061 -1425911.001073617 -1200434.9501898445 -235308.09801496015 1514917.5078830593 -122261.24522473349 631909.8731861371 -479375.18112724915 -464537.83370458486 1290367.162324628 106861.80524390072 -2146953.971218689 1110857.813204218 -2615006.3864504294 713957.0737013078 125296.10357843395 -2550822.0249624816 2005783.975283384 -3295391.190450234 -1127534.874162615 -661208.1338896849 857907.0113345425 1749651.6737016258 2204422.5168960695 -3067425.14092068 1493224.3734385788 1474540.7537433545 -516433.79386768385 -2049019.6327430955 -1409746.7357884424 861129.4734340889 238249.4959214282 -1321572.5321975057 1481451.4725242574 3032074.719631172 616022.2363945722
432785.29407522525 33124234.261448506 -1488421.6068260046 -1213139.164328791 -898583.7344725884 -1238259.4942277363 -365167.4330004884 -2575887.9695067923 251269.2079811346 -2353258.454781196 916408.2940060006 -1817002.8025513801 726785.0946040475 1498165.1332455706 -565151.3170002026 675413.9608321417 659803.196376693 665431.4813035164 1767515.8873697377 -1753234.8606306233 -988533.221677957 468564.2275738605 191633.49867115644 -253424.34384734475 664074.2075721336 130863.45663484039 2546748.6291167177 -2885309.1671758117 -1511479.3784815469 906305.2996215515 358888.4834352037 1462220.3711264646 2608809.943359224 -1406781.4446709112 -44242.75821727246 -237327.92253544062 526206.2271618957 -1020505.5912875147 38135.04337561007 2594415.785433191 861148.9715761153 -1714061.045026995 1075501.0436690217 -1054839.1552349625 1418983.5194017421 93283.5336533794 1284763.6375451942 897315.9257676628 742031.1393810548 -130864.87468556533 216348.41027201276 2650717.236597764 -1481121.3924107903 1233503.562802686 239784.36262024136 1038081.4166358971 -32663.989879642177 -2374922.2795035876 739299.2268469541 -1874363.5481230326 -3722213.635112478 2769781.570803748 567722.4838788282 -2778501.7515993603 536763.5431312516 -1410454.4062309223 -1027262.8699608124 1112157.5993579333 -723924.9020904757 1196426.3330746333 2286538.0022786465 -675639.7045118596 -68057.16637703817 396315.25951603614 -3107652.697854525 669007.5351787335 -671901.6185485922 1508461.491813513 478355.9954472812 181981.43104190234 4652888.279119665 -837575.5387414101 1026949.6807859779 1632823.76146788
-1925303.6078347801 -1488421.6068260046 34999947.7253844 4411795.710919843 3427237.1351378914 -851442.9662175402 2002408.6100675953 179841.88262401178 -609085.0757470246 -396049.1736096665 74207.514085978 2737597.2994492515 290854.67114011507 26440.827030813583 997219.0240674074 911436.7676836498 -918090.2779805213 -487472.2988917939 1768972.5716965229 -2889807.5464183576 1433324.1569207988 1655820.4803391064 481099.9002489911 -2219183.005593524 -1694461.8119347263 569947.1738191193 844942.1967476145 -3938719.605595361 -1835805.933897219 -1923295.49443815 1792358.686935117 -787352.1515215944 167918.16265014996 -953786.6983270246 -2857328.0729544354 2291921.7136922423 -312713.00998941896 -1340654.6265990615 939285.8723226787 -1497591.1234952519 -2029109.203499028 1073631.0715791804 194920.65301968993 2134401.7789478754 -2593271.884466455 1606526.2031181986 -1146421.2678408823 2686441.1393698365 3891752.0022014193 313283.1619161335 -407175.4811561695 -1159143.214798213 -502385.2481707812 -2231035.5297758197 -296499.8157418772 853590.3479291848 -57099.39065190216 -1035807.1869204096 429613.2330268782 -274343.01025610045 1671463.496101698 2543347.0917655546 855184.093752252 544938.0197386829 2579913.4480794687 506215.29148905596 -396837.6870771329 -1361577.0241965451 -2136086.138491309 1671550.2149056823 42104.38297417373 355562.5431894735 -355034.21263905143 -1533218.2714439076 -2289808.335284786 -622700.6672504623 108400.26704209838 366881.6209025368 2021038.7923186205 1746376.3808109928 -2963808.751926511 -2474012.2050805367 -556898.6723346348 -1816887.4722311536
-614785.0227811375 -1213139.164328791 4411795.710919843 32286119.911536023 -516151.6434417428 -762859.6887356623 419706.0904589621 1197373.0381121053 580849.0525666189 -289903.3732378792 -1940294.1771817328 2205571.6512513836 1347064.7610019161 -2383313.110805458 -2649863.504324241 1915639.2188509745 -1966348.61598223 653736.0970018327 -877849.6346738946 -1015989.6254937627 5140047.01503481 -3075485.7256821203 1077323.6108022525 -2860441.0405927096 1795654.1673952965 -1079381.3283647816 2287548.6568212 2999487.4387719403 188764.4068249324 -1224119.155521079 838872.2121568611 -2503091.20941951 -4004776.8110154164 -470764.71916008554 -1681095.8527975313 1866099.3253012977 1247057.8721059002 3057056.5289873504 1135245.465857673 -1450026.4579461778 -192236.83143930527 2123975.939466496 568811.6581018842 517919.0711803397 1196.9781542370933 2075922.880130619 736250.9300568327 404287.04221676843 -1347350.2673450855 -8286.748411495853 529443.5488003026 684886.4976860627 -1015467.3839455511 -842815.6579373294 -3993342.216350479 -2182055.4542054837 -128999.67847923782 317096.8336266553 345730.7154753641 -265346.7026672412 996909.5037460615 451915.18904816755 -1383696.5237596426 2546990.343541815 166504.89191952578 2557335.6786781354 -2704572.140103436 -1776980.0865132965 1587374.817769784 3547529.8406400876 -1946665.5060365011 727834.8089124984 2055806.0795559585 -1067016.5559404453 -1982266.0493010443 -1424997.4395857838 865942.8456134454 -1206911.7488732922 470527.0716984865 3685726.5603311374 -1618511.1642669623 -2672867.58385736 -918064.8887815464 -4108898.326885171
1906038.8666747091 -898583.7344725884 3427237.1351378914 -516151.6434417428 33030106.526377536 3570453.6828570347 -1151717.1397484269 331139.2605917165 -3244247.0366308815 465156.1863327298 -1022850.8384038231 -863532.1631761958 -2724326.1691252636 -114883.59635400078 -1103053.477442948 -1754102.8314100495 766722.9707025045 517295.4917285144 2264260.5161263435 -1530385.721279105 384333.3843090895 -100722.28937334532 -1401820.9923706818 -1973135.584809634 4823643.923300237 839234.6930634549 -354551.50312927546 -878173.7002478385 848067.5717045668 -294803.9959218852 1758941.5240367034 -911378.7221811194 -741730.5255689737 -2283231.461147734 -1392170.8087385325 -1801968.3277374825 1105279.267155341 -1426639.631761582 2888327.5095058866 -542432.5787529493 958332.0441532193 -325940.2873274022 -1444576.1907502385 2821224.1724061305 2099093.5910478337 -34486.81753767844 -1618759.9554527777 882013.789389417 994669.2348829405 2646332.517899059 283805.91429319023 -1255375.1482980535 1168932.4663836784 -1433006.1900173759 -237913.14145500638 1464267.8888969205 -974422.4853665872 -2526859.3372271745 -1935666.2283426505 -611688.9560458867 -151284.41710531208 984492.1556904683 1200645.0940113268 -1707046.909637612 2860918.3919987297 3495766.202832331 -826671.6366976573 1873470.8027475015 39385.23375679178 -944023.582325658 3923687.5434397976 737852.729130372 -259694.9124488261 79230.34460447376 1404292.2184308786 954314.2778362723 -127809.01351114469 2291595.727440542 537963.0068841027 -470948.8751884308 -2312152.622358224 -638155.1190619349 -1352659.6525618243 2136800.4970420916
1968096.7664046893 -1238259.4942277363 -851442.9662175402 -762859.6887356623 3570453.6828570347 31515803.43552179 -79681.9258840334 -322745.1807470584 121348.40132460592 810917.0360508802 804147.5213044625 -1341109.3937626793 -1895709.792229492 438011.0845480413 4841651.749553983 -2502675.6178579982 -809911.3312894457 1725311.986113532 -1654769.6335273723 1632030.3274407203 1611815.4927630816 -1433296.6951673948 795379.4527964042 620475.1263543816 -3069388.8688515024 -1337510.441956524 687997.9156240865 -1542340.9724147646 1471828.5431757888 481547.9532986021 -2371831.69661964 322835.1493616974 -1769850.6328422877 -3337260.432499464 1013195.702457071 -2098209.7308343844 604096.06909646 -1422289.3221613043 4706787.998492876 -1425908.936291591 4328.3381544428175 -1041515.4625787693 -705843.2910999493 44827.92522819048 -1680792.5711735357 -1084793.2206838364 1008480.0505738888 -491077.7399108654 657297.104331952 -210229.38106053002 1032261.6050941685 -2586456.2374903 -991976.1160901595 2743517.3778478075 -3154751.375986785 -1143571.2124798736 -81313.94423978156 647814.9871637075 -3242.7990177385927 -2336272.1541268397 127558.12430039328 104264.11696442729 -1621023.4768044674 1554508.5284893883 -656425.9264522527 821660.6137465414 671116.103745777 289953.4771750119 -1400478.5335045822 3225331.636152255 1944454.1945901597 -786745.5656933219 1451882.462572751 1177899.7416979114 2141081.51129491 -2968277.6458177976 912150.2473529166 -1944558.2032718903 1592044.7559439554 -292098.2142914615 1167652.231475115 2677566.7676436845 1071677.1300721273 -772549.7990135446
207213.23360778994 -365167.4330004884 2002408.6100675953 419706.0904589621 -1151717.1397484269 -79681.9258840334 32383255.50962433 1744025.4580871672 1152026.6964561276 2791225.58604193 -503061.54499713925 -291827.72079784557 -949990.4364698216 2159800.2179226824 168840.31355527803 1019537.4866482877 148957.1498675968 216047.04937514188 1686883.3510829366 209771.51067148297 262588.93724540673 -219288.4862245047 69749.54520575561 1657013.0507690576 -329927.6331368772 -959895.7705606386 -2216633.2429767447 -3124813.1694807857 -1681871.0993875477 1245445.253379899 1623349.8409497293 828742.8692228255 1212828.0644193748 352938.7836501269 -3110368.308365919 743397.0913845911 -2154348.919417024 346716.21628731495 -1210350.4371527287 180551.66021944315 730435.0765953065 -2158305.7929522083 -1207837.2589451843 -391979.00852741825 477622.6057901024 -293215.9611069607 1212802.3866352804 724186.1664344686 -1868495.1245139623 90387.08479643353 -93156.32171987118 -3588636.0784187973 604720.2389196719 1464807.8842318924 -2148700.67791827 1575657.6803080433 -585175.3800503869 -2571069.27718427 266433.54505373543 1064378.1735120497 758834.3657125786 2681105.806383105 2083506.514825753 2057534.237593372 -1791051.586972378 -3185386.19225329 -903210.4713532887 -862345.6553561736 -1180971.6815733993 -191599.64288726248 -1928729.6470723122 -2184101.5127166864 1561094.1230471993 882863.6160717666 -918187.2908999128 943685.0179019534 1304171.720965779 748287.7831532675 -617380.2722811261 -638888.885241294 4355710.91918591 2583154.7944207527 1374267.1209401074 -1534002.4380826948
561176.4439176572 -2575887.9695067923 179841.88262401178 1197373.0381121053 331139.2605917165 -322745.1807470584 1744025.4580871672 34178727.271228254 2122295.8036740962 1613516.1027804145 1237458.582382845 2989558.198463212 615253.6961555722 2131387.651762272 -3672956.9911078513 408282.4688043276 1349312.9158646488 -5067024.717997847 -1862826.0345126442 -1247237.1328449128 1362703.1536945363 -1795697.1218635805 -1431135.7614435412 1110004.383038377 959944.4500438812 -923052.2267429446 -544010.0488318993 1727920.8590249969 -134183.64303418872 427661.99948667275 -121009.22267267616 1144421.2877486981 -2695837.526534392 -1069660.7077021548 235582.97417193974 -2532155.242644672 -879305.8107504643 -813705.9236229436 -3523814.443883445 1791010.1213853697 656289.9841272016 -194829.1248836386 799093.0547554297 -1106665.4531028683 645522.5485962793 2234779.1324948845 1480734.771562728 981414.6139072691 -461098.05127667263 122710.12425022232 -944401.3918397475 -1646834.8818512526 -1535270.3867538495 2258830.879015113 -63464.05198235376 2755991.7905957024 -2826089.959509901 909421.4555436132 -653415.6922157701 3947594.744912709 -1155684.7464571367 220317.6611912674 -14850.249308531107 1483985.9847877182 -558162.7194399028 437961.7886797357 -3325824.3688307717 334847.87483562814 1758845.9433522813 -314546.052304964 742731.2910391656 -871419.0320679877 -1880355.349191011 -2643859.443693386 -2255174.2211692166 1413969.471377983 -2718436.9119176473 1659152.9956747696 1515499.774374317 716445.4174738515 -519689.1116949639 -2204566.4858060847 1624443.8740081065 3215862.610896891
-773238.78402998 251269.2079811346 -609085.0757470246 580849.0525666189 -3244247.0366308815 121348.40132460592 1152026.6964561276 2122295.8036740962 31186495.063333407 -2440858.692634915 -1090035.133761262 2898457.336955932 866902.7208884032 -532657.837762188 -1797206.0197923917 1897093.0759923407 -2740817.081903687 -209499.8584826852 -2632663.827271339 3253495.9344096207 -2020402.5525399514 -784747.3785122937 -1569625.8373979472 2580061.2155001466 -1606125.9598607398 539072.6678905328 480299.52395421156 1268814.4695305445 934035.3232626463 62208.55771254479 -467785.732825424 143617.38496231168 422246.9337921068 -389959.20662222704 -147120.33040082082 2453516.359939953 -2599981.125172902 -47027.070184621756 -498288.23680044955 -959184.7288434972 -2618907.880933108 -1732817.837194016 868359.1916819746 1228731.7518499868 844967.121386753 -1009771.9007778604 955952.6698378568 3000464.326652659 -666078.068646988 -2719080.972106725 799680.3583948447 2392314.3414732595 -2402418.2464129752 -1478017.362022297 -1949311.9458264443 21423.663959039004 1618703.963702358 1061556.6396314793 1117240.0991912156 -656719.5142644881 2403269.9917131914 1013655.1778320537 -1833061.7866399086 834669.0007367687 780282.69095656 -1229756.4846008033 -1204992.6896549382 2062522.2417185765 -1282175.6408812949 1184465.2198196843 143762.56756286242 1534971.479664781 1828379.716351475 -782647.2837148076 292480.34334896435 3530454.8008839465 2908160.0396269094 -947568.8095560005 -947053.0723897065 653122.2787539881 -1208945.9331813946 -71377.68838970705 1128124.9619294724 156279.6262152355
886349.8528360166 -2353258.454781196 -396049.1736096665 -289903.3732378792 465156.1863327298 810917.0360508802 2791225.58604193 1613516.1027804145 -2440858.692634915 33572034.3816038 -1094863.7470225263 -2992640.44987876 -1974827.491478707 1424967.479021343 1180772.2275095368 -4319057.86334469 -2247487.058130951 2979408.8541872986 -398915.53990991437 497478.37541395024 482482.4071471574 -280631.40239502804 -2987908.6404903866 408311.2586681825 514896.2048952782 -1347409.4866513321 -3294009.327104276 -156398.62958611 -1029705.8365281569 -2130701.0815246357 -850006.0254928491 -40030.59724720452 -564577.421707368 211520.61854675628 5469.588628169345 872679.5042453806 83001.67821578762 563530.6650888728 741099.6153968795 -333617.9654261523 -1822369.6881512552 -1056091.3071259416 1375309.1540155346 -1765229.4694511243 -431573.0248125634 -1431754.1507590786 864136.3101284702 -740185.6913464281 -70437.8504891104 1392342.1509389465 -2477625.2727533886 1608111.936896444 1817210.471836121 227507.82308843723 766698.7807064119 -757244.3600905795 -1123410.700741375 16999.67824099116 1541814.6079261836 4903995.254063403 -467221.6063949258 -707612.8691969047 -1854645.6305274062 300378.7947862505 1072720.1495534738 -293154.684001455 -312931.0091743201 -1174055.6000371047 3363734.124746485 -2318682.334509537 -1048843.2266670763 -287223.5307216045 313131.695759679 2956830.8130179755 -1723315.0728586058 -2132555.9624819504 1180692.2094401845 254913.43799940267 289693.64473691216 -4078277.1393302656 -2173892.9625004292 53748.79321170183 1557927.470282262 610339.4187698412
716294.5499550813 916408.2940060006 74207.514085978 -1940294.1771817328 -1022850.8384038231 804147.5213044625 -503061.54499713925 1237458.582382845 -1090035.133761262 -1094863.7470225263 37313511.80896912 1150349.9316488795 -682792.3746571713 584685.4799429161 -1876722.6417013516 -1337023.7678084986 -2510498.72421721 -918871.943731985 839901.9992302883 526368.8395926156 -29259.43440637067 -2437085.1036744136 -438003.14636234194 3386337.396997194 220212.29935000892 743054.9078940812 -423273.7965320574 3729031.911813042 87982.1775498838 2918348.937487104 -902878.4712200799 -947505.4318411123 -2851898.9902018146 -1057089.7562330698 -2007172.5950214274 -1271225.6559830764 -1261100.7031117063 -790483.3740755323 2404380.9383177157 -626679.8908452423 1202628.7559907609 -896949.2187775167 2149420.151484628 -452581.4285618673 964184.2115089148 505909.27654967544 -1090960.216284627 -872277.0116582295 1338640.3808317934 -1832197.006113736 219643.24274426463 908437.0108671016 -832149.0784496755 -1068732.3848534815 -595529.2148949702 -2694759.5584714804 -712992.2443292951 -445875.0462704319 2630615.742922268 -3013896.202862795 -457881.37763596186 -4505404.186984421 511823.1627570061 165416.3113684133 -1735800.934199994 -4375074.120456908 -2717609.645203196 -659640.9011154372 719051.5060425373 -1181408.9420972227 -2129379.481161578 -1519430.6867220225 2997467.6333659505 1353069.952920407 1383158.5462771056 -885374.011126562 -1002839.1323017008 1876448.4459451062 1206123.987171343 185721.28316563182 -26478.64404111145 2403824.61696688 -392906.19785962574 -574670.003120775
1944795.7666999442 -1817002.8025513801 2737597.2994492515 2205571.6512513836 -863532.1631761958 -1341109.3937626793 -291827.72079784557 2989558.198463212 2898457.336955932 -2992640.44987876 1150349.9316488795 35258345.61772925 -2164331.6060875277 718417.0141337262 -1510871.7818367463 4263695.548978 839033.7535734721 162916.3788393968 -386230.2859948955 -773007.1771234834 -265829.1882567519 -1103832.841193295 -1136237.5397488186 310728.99158405844 -1921352.8847142518 -408797.1277079296 -2163059.93004269 -54112.15462684868 308020.15805939527 -627857.301109058 -1642471.7634557036 -355606.7341206337 1276534.0363375181 -494656.1514585255 350719.4219507961 -341915.93069110694 484807.4280819967 -1274795.2996531213 -1475569.3496462798 -181409.81905733477 2923387.4921258288 907465.2868412047 -2798247.7843871186 278728.34707172116 1110543.3417557336 -1130046.7963044494 -1193492.6676332634 -702788.589399538 1902815.0157850585 594949.144457429 -494827.31229332404 840991.8038464843 -3957919.4963052208 101080.97828416887 918675.5636880643 -1652844.9956024014 -466442.9245190741 3784962.057912096 -56118.73902372999 614826.995899952 98639.43091613275 -2806986.4656556114 -1036087.0103871449 1533070.5839546581 -3462179.1212170683 89801.92361112358 -2998114.5986006213 -2363563.8451694087 -3276586.2609655755 143138.52898498235 2541446.2181041255 1426711.1191272282 708333.3460909885 -61038.212385221515 442360.8043087241 150233.39453219945 -208956.8145754108 508538.93966005265 1266208.5725551618 -1537709.655365363 2268292.99893786 1589202.7824776676 738166.2540356654 -226275.46855986942
1826966.3682080496 726785.0946040475 290854.67114011507 1347064.7610019161 -2724326.1691252636 -1895709.792229492 -949990.4364698216 615253.6961555722 866902.7208884032 -1974827.491478707 -682792.3746571713 -2164331.6060875277 34564795.14697258 -2172975.087469869 -75514.84079973999 -787132.8721993457 -379115.253944927 -3116656.8857262 3278540.194052486 1448726.846326597 -557266.4271455638 75467.82599451886 -618904.2894872457 1579582.0018013674 263570.52928609174 -1722752.765571227 -3367691.5991155803 -1004486.0550391274 199584.6548426774 -221367.23481547934 1116104.5457347278 -1771354.4490269292 692446.4918890249 1113645.1848355094 -2715782.2220468116 2314849.6837836336 -1597002.4251993487 -559847.6789537079 -731218.2579671242 -676823.6032695962 -337435.2198605029 1559460.723882735 -3805545.2783645345 -1682095.1119057923 -174507.81715572922 -1431452.4795298914 -884323.027501993 -433674.67056162725 1184291.9499568217 -1990958.1104786315 2314791.0131089617 1068411.229697475 1210718.9551651084 2750624.2798922844 -188871.6726474089 -203994.8079163862 -1497975.8197577503 -441613.00354501605 -327076.24733225536 -2613269.119389694 -509925.19243597134 2487004.2803977057 1745704.9318073527 2534257.4042041497 -1402060.0646093413 1316866.7758239293 1779000.8914240212 -519573.5915461506 202596.65091895347 -1356594.3123273433 1783775.1401499256 313762.09188592696 508533.7977891903 1703349.533564757 -514636.15330948343 2278819.819933606 -469085.97592181456 752288.1376626515 -395035.63483388646 1342196.8174058206 -865154.1150641675 -460079.18954013375 2590344.38034237 3246179.8031258583
595253.7549384455 1498165.1332455706 26440.827030813583 -2383313.110805458 -114883.59635400078 438011.0845480413 2159800.2179226824 2131387.651762272 -532657.837762188 1424967.479021343 584685.4799429161 718417.0141337262 -2172975.087469869 32007849.8642058 637458.2802033294 3387770.036464674 914088.838858861 262139.84546959 -1884229.346052627 -2055684.6667249934 1053705.779789693 739809.0095822455 559786.2865866754 515842.2012890911 67047.47488119348 -112406.48272755068 -2440839.062036903 -1225177.764353828 557309.0961826196 1409811.1008274704 -357498.7245910777 1318230.3337948022 1627557.284675875 -1328389.3033243287 1521498.886768376 -1793428.4211503202 630844.892242499 456402.546794655 1614942.9847829523 2724988.154851432 -1775199.571239546 612974.8296705699 -362437.29851914675 1314637.8620838718 -21427.94431248596 -38085.33720992479 1025876.0459597196 48162.91252946196 254132.3190965036 233942.7832190623 -3848296.8082671817 -1151276.2923370737 2611908.8010372277 -172743.49038931873 1029992.9679680659 -927433.2872396208 6895.299057722092 2800626.3651068793 -1748962.709348336 2318766.7588419504 775872.7129681829 -1487894.9455925734 -1815528.0455144942 -244704.6962699189 1501007.4330058373 -392686.10384393483 1249812.9124570591 2503845.0508321607 851982.6931921829 356973.3289462586 -1430679.8166959444 679357.9095809949 3020013.6666150154 1051111.9230497668 -1547788.150746703 -979546.7052813552 -1681400.5024130472 3072159.623057946 -3032623.06503446 -813334.6078477919 2854738.1555330474 224705.6310480592 -320496.22181247995 -1424657.839518579
675889.4012960702 -565151.3170002026 997219.0240674074 -2649863.504324241 -1103053.477442948 4841651.749553983 168840.31355527803 -3672956.9911078513 -1797206.0197923917 1180772.2275095368 -1876722.6417013516 -1510871.7818367463 -75514.84079973999 637458.2802033294 35001689.56919619 -266074.0855155052 -1850382.8753861878 1839996.3992246082 -520765.5207185354 1147781.663622071 -3065291.0976820206 357922.1515058708 122469.31522129863 2854471.676735695 -1569403.6756275054 903063.7499028428 1574262.7734292424 -605744.524293181 -965258.724546033 2213216.9955922347 1845.656908220516 1296595.1939583332 618023.9188996435 -468630.4694092622 1220853.3089810885 -200398.80272403706 -932748.9516908699 -2516300.5371343973 -299729.77561978943 -2478401.5257822704 -1111895.109404675 -263523.862537209 -1003604.1617053829 -169420.419319476 1304949.2343491944 761116.1338904297 4581468.17401689 -2000382.3610158905 4404354.195859838 -2613010.4632640616 -1848209.0622703102 -872762.4908569265 -686410.9615201136 -227817.8694783622 90737.02029019661 -1174987.3178592594 2099432.7127744555 -648963.3408576143 2298745.494514916 -181405.6644110352 2122954.3665400627 356334.7007683042 -727927.3843615716 -885015.6410823886 2437470.5308002993 952068.6245215484 502926.12960406294 224169.72279309464 650068.9662575934 2114746.2754047373 818282.8086915691 -1953029.174884318 -121988.94277652366 -118711.31914071285 3598400.652542723 3729604.761139121 828889.3656037408 1770150.962028727 192564.62861492793 -1719373.964009676 -320771.8782151428 2244585.6415402107 -12803.301125527285 -214560.67403127954
-525314.2036404436 675413.9608321417 911436.7676836498 1915639.2188509745 -1754102.8314100495 -2502675.6178579982 1019537.4866482877 408282.4688043276 1897093.0759923407 -4319057.86334469 -1337023.7678084986 4263695.548978 -787132.8721993457 3387770.036464674 -266074.0855155052 35295509.037247606 661901.4649082575 -303195.3924011233 1278283.8905581003 2778282.6503079976 861242.6581954744 -1647080.1392566273 -33831.772113221625 274487.51993415714 -4205230.48657725 1429410.3124566493 -1639136.0111903208 -1066635.8150122287 -3060782.629180006 652908.2508579672 -381479.06052331784 -1423723.8685560783 2923300.794220164 -1403660.3298908812 1175321.6401914095 -171299.88429643252 1421093.3425134502 385250.78538137244 -1677371.628673237 1232033.3294913082 -348848.59047355776 -1101002.4715265704 2974556.6918103476 -3693133.213797294 109309.42148676321 1914877.7855310699 2456453.3416300006 -590611.4973081975 206801.19921732924 561111.5239326772 -4238102.873582975 -3189301.887691591 -186929.3616441201 235447.5304209908 -676774.0047574815 1932.1309659229498 -744428.3299489438 2305217.22068137 -1717501.979819662 -307927.3726568561 958510.2062696582 -2190247.504732453 -465449.71361067233 -272483.7732979472 -1538785.084414303 -1142513.5439040833 3159369.9804354054 -2838189.7227703803 -1814220.5011189769 955890.5946609533 321581.1237772027 1469490.0718840521 666229.1437556716 -2846463.733826897 378220.9945789954 711397.4057022079 -1106245.7248691088 3603303.5959855574 441079.12103940116 1992052.0306058899 -1427036.2416909176 439148.5216238985 -1974897.6487374369 -1591530.5512175765
172383.836546234 659803.196376693 -918090.2779805213 -1966348.61598223 766722.9707025045 -809911.3312894457 148957.1498675968 1349312.9158646488 -2740817.081903687 -2247487.058130951 -2510498.72421721 839033.7535734721 -379115.253944927 914088.838858861 -1850382.8753861878 661901.4649082575 33941145.41799388 -606981.9224093034 -1534349.4087484675 -16202.45005180317 -6229.51516243998 424683.2530835146 2097695.76570434 1364017.3230663966 1226270.571018994 -1440902.4818000877 2783411.8328738674 -467596.1611542532 1066195.2124165785 -2326588.915669926 950909.1065389978 1570467.1481575787 409958.7112886887 706625.6565428692 1785926.7568365461 -181205.44837275363 -403436.96801851573 -1535503.9096450387 334086.6635509065 2869076.6891248403 -366191.49178469775 2095060.0015720495 152728.42871731153 1155460.641206875 -397081.66292053 -2345384.42475842 717620.6191692326 -2884815.305496607 855811.926648372 -944706.5306023234 145038.4390755463 -3386642.2016264824 259913.63098093498 -2082167.6700281596 1957820.4198143003 444135.9587192368 -703450.1584531411 379763.8147474717 -728954.9933478903 532590.6407910574 -390165.5607780407 -427068.5244014031 2067220.0517844802 2594392.1409758474 -2600902.7410328323 -3612959.7835255344 -136912.24132092908 -2312804.3145331885 1102147.8815357226 1037176.8612781471 -564514.6763107756 -2635612.864578335 -2122392.4332679617 279440.58377103676 -485963.86181786505 -4009135.311808799 -784532.6418333735 1403746.0081578984 -1375961.961850188 -609613.954375573 2504548.536446057 1229917.6059894378 1258303.5475070318 -178119.1068488068
-1228853.9343363112 665431.4813035164 -487472.2988917939 653736.0970018327 517295.4917285144 1725311.986113532 216047.04937514188 -5067024.717997847 -209499.8584826852 2979408.8541872986 -918871.943731985 162916.3788393968 -3116656.8857262 262139.84546959 1839996.3992246082 -303195.3924011233 -606981.9224093034 32781879.27510806 -3147202.989199508 -795346.5223427587 -2007051.6182398659 2519280.8268306763 757301.5701910637 637293.3388021362 2985659.684366635 1587579.9664716946 -1579200.8342583198 3588108.1291817026 -4230621.317314819 1962233.380246636 -219309.4214036137 2431248.9545615837 -84223.06016423748 -763891.6904961492 2630994.6849789377 -1316944.6241368116 -1424953.238500976 195331.8128782382 -400474.46953060204 -2822237.3557995814 2609109.532873934 -825405.3239213312 2327736.9000240094 2477685.0861190613 804998.8524405502 1644599.2280522538 441595.1708472918 1648308.8557743484 1419570.0937462056 378152.6892778286 1335658.5315699219 -3789047.43336276 -3562751.4888499887 -2121281.6156348316 -3294265.659689609 -7114.9573940595565 -699468.5636946638 -1500276.7528812317 2940331.2528676926 -1268401.98170403 -3034676.4507258697 -2786247.287237467 2715301.7092151977 226854.5809441391 2446425.928439559 98208.44122742764 801724.4660013779 273693.8528416564 872152.0398025746 -916109.1417711218 157226.88551788346 -2638997.591795411 433424.19359517226 -1270353.7291642893 1388089.1452234471 -1499978.6242798672 2045510.989663464 -1556151.6850456756 1787365.432205992 -13280.882683299882 2227332.8481869353 -2499716.3126817467 4403656.793848474 -1607080.243529782
-2045082.627750618 1767515.8873697377 1768972.5716965229 -877849.6346738946 2264260.5161263435 -1654769.6335273723 1686883.3510829366 -1862826.0345126442 -2632663.827271339 -398915.53990991437 839901.9992302883 -386230.2859948955 3278540.194052486 -1884229.346052627 -520765.5207185354 1278283.8905581003 -1534349.4087484675 -3147202.989199508 33601103.601796605 -2611510.7502295775 -1958413.3065515116 217692.45544691765 -899440.643297716 -2497517.675676005 -847861.275236467 -200990.88744390878 322225.27685673634 -1425922.9107033603 2341605.6954001435 -1604745.451368905 -632369.9331510887 -1872131.6127129332 329315.15800742677 -230486.5663857217 1028804.3163022981 -1324059.6695905786 1187522.3939587928 -28963.958279258666 1288452.315887884 246787.12139356427 2311881.7896713354 -563996.4038469024 -2743660.809273797 -1227288.9858626507 373350.16397586523 2309907.809114055 1830643.5277057895 568880.0897481543 -3040916.0580540877 1909728.1520534873 2176640.627120819 828280.3610641008 -88975.32458691472 1509240.3537404398 -992205.2235468848 1040990.1580196612 -579332.370922663 -2567907.446488376 -2052103.9500368624 1311160.2350642304 902120.5960843326 3058956.254155151 279093.91043046914 -3537573.746883037 -994476.7430930282 -170728.3545143185 960566.0003872092 1412250.6512999863 -4608144.822860432 -4301018.243740541 639194.5262833191 -2664041.13193366 -381555.13707244524 422206.98959030973 141606.18264889135 2670423.8358543008 -2096688.7732333646 758955.6725360263 -1056041.8126183217 804798.6671386617 880250.5653922977 266927.24864282296 128778.83976136133 344684.4252274038
-2003379.4227862796 -1753234.8606306233 -2889807.5464183576 -1015989.6254937627 -1530385.721279105 1632030.3274407203 209771.51067148297 -1247237.1328449128 3253495.9344096207 497478.37541395024 526368.8395926156 -773007.1771234834 1448726.846326597 -2055684.6667249934 1147781.663622071 2778282.6503079976 -16202.45005180317 -795346.5223427587 -2611510.7502295775 33241255.470697146 2208749.477105409 -1874843.083817217 -2078233.0369900328 183736.29001332785 -1381309.8492624427 -1066670.3712669336 2382853.830548503 1113038.2252883334 1440831.421521027 -88022.32305899194 1932353.2344628957 -373977.0832531811 -1082080.4850905198 -653147.1054144693 -1866164.620533041 -1057580.7999392368 -1818593.026967804 -241185.91156334907 232944.0036797502 -41537.11041773255 691260.714099269 -737235.8481238238 476388.4149875487 -3431652.8026583954 -2124932.288392652 -1525167.4127534807 474904.3293041773 847142.6540682915 -366116.14802773006 -2800848.517900061 9157.11470258287 -1585064.4179233846 689499.0472603664 -1871582.540684075 1139049.6209553971 -877113.9178062322 73597.09929907206 2339581.9547526394 -2087697.8209502976 -2063617.4306728956 903293.1491783255 -1073540.888379167 75860.78281751594 365123.90510091954 1570160.47422747 -4687277.686384253 188746.73876602802 2402579.4148390116 -118788.01772451542 886900.5082637377 -1969679.5172285691 -1660416.8752699941 1292667.9442634555 -1667589.6582269806 1566532.9999945718 -939891.7544527074 69502.3893904746 -270237.4661710986 -365016.37466064305 -1997150.4133250667 -2509586.1380288834 -4195155.673805461 -212473.31845872334 -468291.3506680046
-1763431.5298507803 -988533.221677957 1433324.1569207988 5140047.01503481 384333.3843090895 1611815.4927630816 262588.93724540673 1362703.1536945363 -2020402.5525399514 482482.4071471574 -29259.43440637067 -265829.1882567519 -557266.4271455638 1053705.779789693 -3065291.0976820206 861242.6581954744 -6229.51516243998 -2007051.6182398659 -1958413.3065515116 2208749.477105409 33437471.697962534 1238254.4686063274 1825128.8165520532 -1395911.7706052274 549134.9511472967 540494.9963428387 -1149823.4722176632 -2139659.0766123272 -1053892.5466201734 1754327.940235348 -1202265.040987913 2508921.89919755 -568559.9945326285 -296401.40475741116 -1677220.713841235 818394.1876477227 -541968.1182939715 -64847.161070790105 1329261.5453173378 182698.2209537819 1710140.000054465 -329089.9412904256 1875196.5354565943 -4163890.4953420074 -3088208.3132803137 1241500.8614819327 2460980.605013839 573581.4839439499 -3286628.9433468874 2567222.1914155893 -952450.8827519363 -2498326.839099409 711444.1083936152 908664.621771629 985042.3816079375 -1390403.7157343747 2260828.9384390144 1115106.9078646605 -666938.6544268117 -286981.6308285084 3771415.3105544774 -207767.12290222928 -3253855.6776920445 981146.0556699726 -80742.43986342679 -1209528.7632755511 591053.5545634878 -2074565.6770548814 279152.3993233583 937600.7305512015 -1673460.7196964764 201336.01480102833 383389.18046015606 -813943.2022877955 -546078.1518448262 -860243.3306304499 1546172.6849113067 2539399.925340669 -1895732.1357695267 446346.8117796641 493417.91118995496 -2230284.616790725 -741814.4664910445 -583465.3468710049
-1038810.2254761719 468564.2275738605 1655820.4803391064 -3075485.7256821203 -100722.28937334532 -1433296.6951673948 -219288.4862245047 -1795697.1218635805 -784747.3785122937 -280631.40239502804 -2437085.1036744136 -1103832.841193295 75467.82599451886 739809.0095822455 357922.1515058708 -1647080.1392566273 424683.2530835146 2519280.8268306763 217692.45544691765 -1874843.083817217 1238254.4686063274 33808690.13057214 2389288.499458296 1694390.8551977521 329296.0708756501 2594339.994934754 2505474.415843232 561977.293432628 -247823.5130170789 -880771.1270342974 2307441.1422190084 685750.9991574555 469559.5206961623 -1437054.9565295062 736294.0539876563 570316.3387900204 -5837777.390122447 775880.7072519779 -1199966.5376132356 1156655.2113073498 -64975.13353067857 227888.47116510943 23807.085812469046 2611255.113296075 -407441.51597402955 2170511.685597163 -63581.75909867597 3391407.540466134 -1181715.6394351416 399149.01874861046 135985.74555830326 -2623482.7593688397 -1078328.086352762 -1068901.9673403397 -980417.0435655044 -1018291.809818088 2739283.991797537 -747946.3084018775 -1621422.914146318 -2267466.7980345967 -938845.0117925649 -684958.1519790309 1523458.425434685 645118.5883291754 -1271721.83742717 -729812.0143875672 601018.5970983589 122902.08664082478 741317.7437501684 -1800773.4523365912 870717.7878230049 1229910.0689404742 -1564475.49786493 -477960.7583837631 -406890.6678195607 -153530.05839905125 -1282542.1940783085 -754915.9112808387 4084443.3416073457 2388687.4000669024 1175432.6844656428 -1619334.800533297 -1384200.8871714696 3065977.3504736256
396281.9666269034 191633.49867115644 481099.9002489911 1077323.6108022525 -1401820.9923706818 795379.4527964042 69749.54520575561 -1431135.7614435412 -1569625.8373979472 -2987908.6404903866 -438003.14636234194 -1136237.5397488186 -618904.2894872457 559786.2865866754 122469.31522129863 -33831.772113221625 2097695.76570434 757301.5701910637 -899440.643297716 -2078233.0369900328 1825128.8165520532 2389288.499458296 32147759.71090141 1125758.5508543705 941355.7105261903 1855820.5414875185 343026.92682937055 -245986.5646975923 -194946.65440618023 -752426.8814535411 -44112.80747698745 1391141.1721548769 12662.588687894977 987225.3286770509 1907165.3680857506 -461375.4694902769 -2450414.3903678386 492583.7834714146 -274817.36591873766 1157450.231598415 -2781878.038343314 1333223.7413257065 -2119817.923649588 -1160615.163017387 -1383874.1389055122 -2106623.5664450424 -1044148.0668834314 2544167.903492034 2224083.876286105 -91874.36257259808 1411126.6616757247 -702300.7707558098 2969351.616838739 -1526287.8705894747 21076.5754465371 -332529.3049637084 248940.47162085437 -1364663.268866632 -2032103.8579514218 247857.58938368544 882693.4752833691 25434.674127875463 1211196.5322156562 708608.2506538336 251147.34191554663 -1153297.7350760084 363296.35634770227 1358539.8816938621 -4786378.981542092 1255489.9908829906 -1058324.733689782 -1344606.6577683971 -1005542.3223258171 1920462.234490818 -1037443.20865531 -1878874.4491726689 2809676.673900156 -2436106.6427396582 217479.61687669408 -1131645.838158192 -275784.32673863345 -182513.9201716944 857289.8258132315 1410082.1942112066
-477166.4369774983 -253424.34384734475 -2219183.005593524 -2860441.0405927096 -1973135.584809634 620475.1263543816 1657013.0507690576 1110004.383038377 2580061.2155001466 408311.2586681825 3386337.396997194 310728.99158405844 1579582.0018013674 515842.2012890911 2854471.676735695 274487.51993415714 1364017.3230663966 637293.3388021362 -2497517.675676005 183736.29001332785 -1395911.7706052274 1694390.8551977521 1125758.5508543705 32305692.94932784 3229975.1128586745 439514.8661324817 -926836.0473746611 -1109162.9390372739 -800963.9595644568 977222.2438049377 -1276982.892883693 299160.36639087374 -1310763.9326630079 -1135287.6372933104 -285500.59724060365 -543586.8072792975 -2058024.2034760383 365045.7934487227 491905.5124336688 -2212724.0067370497 307748.0446838093 -382879.3622120574 392392.8535477344 812007.0638677423 765501.2024797322 -3055358.837901895 365009.4539700397 1505270.1298117954 1402887.0444995954 130615.61147730167 1237176.8249475318 941628.7992117617 2377175.440163621 1410737.2522778488 -1761377.771642043 -1209945.444209398 -1125666.429847485 -212193.94572550262 2337927.7071087663 -855525.5835534158 -826652.2995045393 652671.2647250432 1058969.1248550862 -966158.819215842 849226.4511270876 1438778.8635336799 -1512006.5363352427 3324441.3544968395 1151777.3857059283 -3126105.653839786 1279141.7147172207 1099559.4643171616 1090835.9933723516 617749.5699480649 1075488.0273443626 -2266970.178010956 1113849.5696363125 4190486.60966987 -102383.94049555867 -1825154.2686211246 -1775060.9686239955 436679.17267997307 2974577.8581682886 2688495.1364836753
-464130.3570348056 664074.2075721336 -1694461.8119347263 1795654.1673952965 4823643.923300237 -3069388.8688515024 -329927.6331368772 959944.4500438812 -1606125.9598607398 514896.2048952782 220212.29935000892 -1921352.8847142518 263570.52928609174 67047.47488119348 -1569403.6756275054 -4205230.48657725 1226270.571018994 2985659.684366635 -847861.275236467 -1381309.8492624427 549134.9511472967 329296.0708756501 941355.7105261903 3229975.1128586745 32564003.63610119 2391134.494539604 -67724.98960798471 2404593.2735102 -1153340.0394429103 72107.44080997792 -716412.469951357 1497730.1866303536 329973.10977644415 1056798.7182615383 -2473806.8438513847 2210616.275484634 260746.2687200128 44037.88571501409 -987741.4313835534 -2722481.70716404 -2402268.767378516 2532067.392390629 1654519.6506030986 524980.8110828078 3082.0871199863777 -2868308.406073387 -2061376.0862559401 -1932957.693669051 2280030.415053439 -1810750.2624904932 -300251.8152348954 1041882.3435348512 -587742.6863664784 1087570.27474386 -2066297.5451724548 1378407.1303233246 681472.3990381516 -1480811.6332173538 -492780.801617446 2057735.2449382893 -1040200.1799156185 1518706.5658263124 -2225475.02385446 -2625685.889552953 112477.31173687542 564913.3715903098 -902831.7534654796 4906835.264004034 -837752.6063534118 860530.6458977367 -1119999.915539069 -1039651.5842949718 619563.909162412 586210.7618986804 1694251.6039085456 -1490989.2877880225 765468.0997140537 -1112959.9658007491 2084615.9575373223 -97680.16047398887 -1340923.2556102555 -1016505.3185532376 -234625.62740956384 -400134.194240335
