33233343.201899324 -3966097.3805707986 61942.425411843586 820305.5208133089 879828.3474810964 -289179.61139220593 958253.9354426306 456620.26125980733 -531428.931526463 -1783702.2596491477 -150991.54402202813 -73452.90861131453 -747299.9486158193 -548557.2550510627 -1975319.8513691723 1373357.271967833 -516715.27396796906 -773853.1617160212 4289493.703284717 961083.0196425713 202750.78458414762 -327479.9571965573 1749905.2631697059 1402493.6155657163 3348001.7221431495 -1111218.4020866929 -169159.32146187473 1862004.721838942 333188.2709710024 2087761.1930646515 -1161751.1383160602 169596.12594318303 -2315351.2577147195 -503418.1867378335 2765874.355039026 -2503553.1982567734 -2377689.594130617 -866299.3320766656 389619.1349874294 1254159.6941493808 3598120.040074209 -1230341.9014316371 -2637024.6044281716 3676129.7561283233 -2409142.537309581 42655.82349342185 36852.073310231244 -1630485.8925240792 -1276759.9985967684 601975.442477995 -2089820.7168739846 -2078652.841653692 769908.8850400675 -1173867.262720163 -4941365.556250206 748653.9551844512 -416768.61389790615 -61401.551342663406 -1642480.4924308294 1146094.3705982738 -652112.9024709391 -2806251.9798854403 2962682.6782978745 -511118.64792467403 -1267669.1213222677 395805.8601768825 -3266045.1476433678 -984159.1466750215 -300754.10062326776 -2346474.2666483223 59726.68925132969 565330.3035633198 451262.373923744 -214467.31095315854 1420477.321932757 1608743.2250375876 -1661381.8927820057 785917.1384896424 71145.81471612595 -3384460.3548777304 -688367.821793993 -193651.72396820816 461748.72976298 -2462243.5689480123 -1934299.1572048522 1234135.1999060744 878466.9824012445 1107562.8436302235 -1446743.4679809497 -403989.33848586184 1689015.8588705428 227492.1750981544 576131.0244981411 -2769885.42972735 -622208.1443382059 7875.554830771291 -376099.336458293 -2939406.204924514 -2377539.041370656 570355.2882684125 1047042.2071719503 1990937.9544448657 -30850.665201619875 -1353248.0129661714 -1863148.059367714 1139178.6004064614 -316028.33028183546 -2564401.3335870844 1099121.4495483015 1142327.1943194552 1242776.9399210007 3483439.2137448643 2350836.828994712 1235140.7411140492 1425646.6313424746 223719.49311312812 1029711.5403473362 -1465702.770229009 285074.8689011914 430109.7057747597 494904.2056954425 -185749.7930063414 -1157049.3666701172 2190723.4898353657 -934150.2393110968 -3552512.9325029794 -49882.82729443161 426635.2330503573 -426878.8656867281 1672060.0783412636 -1302050.6891351645 789936.49464993 2289958.746569831 510047.0743630897 -199449.94815928064 487486.75424259726 1232176.2358750636 370980.77432022593 -1832775.934124186 -1892081.556491002 -626012.067686952 -52384.962321844934 -432130.14178305335 -52690.970272830484 -377000.77543326846 -1997234.7700680725 -1526890.820163346 1253519.5089875187 956599.3285931916 639078.2797446866 -1672486.7156291925 -1061126.7104884647 1936538.4813083766 -2413044.337766077 -272578.27870034176 -2284830.3578129224 -1916217.7729900768 200390.82848459002 1753376.5518175415 891757.6667732407
-3966097.3805707986 31867169.44818816 -225152.50149656986 -205323.15701878158 450387.49571418564 -296659.6423059654 -752973.469159385 -326598.53971696144 895018.6390378851 -1538994.247103346 -1682695.1606927582 696384.1817220193 569388.7078884882 3181326.8331780946 1284100.8667392903 -52027.980170612944 1739337.016801398 1856298.9432533549 1432298.456762539 -1387053.2054529432 -1492757.903484785 -803489.8834736975 -699736.7972874366 -156185.61731346493 -1861204.0818599078 3972605.6532780426 -1646157.3138125173 573937.4648509496 1122692.9196034293 -1901820.8678324835 -2896158.3180623474 1090060.3697366666 -86216.7259169377 -1624183.629040359 2032379.003151052 1326742.1320019274 101573.9265591264 716312.8329239027 3206916.3358409815 2045750.5550419502 -478489.98431045783 -1510251.6887881863 977215.7740683747 -928833.1598314348 -1165013.087941266 -106222.91268752453 -2038654.412696209 1984809.2167519024 372531.0524702974 1687381.5815800563 -25070.063128868427 -2388816.564614927 -1763693.9562096058 -239358.9189957584 -1725511.8519693771 -188459.11133208577 2240.390900634662 -925624.7584995162 -259625.5577005625 1183713.4690047635 -734381.9787697017 1406140.0630234422 -937081.0728843769 -794371.2509755159 -1808884.3304954707 -995815.9335348492 600119.5245144472 -816757.1007786187 -1082454.3217462283 1277993.3349639007 695958.4386974165 339767.5262603997 -93950.2872869446 -645128.5048646068 2385787.3939373777 -732460.2670989792 -1560791.8195266956 -132971.4525003763 -1125775.118654539 478044.6026697581 309742.06109640247 2425215.0324209193 -1385414.1343920217 -820170.0006166716 -17993.678624496886 -161317.13418518438 2853295.8666669345 865260.2266923281 545589.8641357742 1718485.6175876646 1917679.7079296438 -2379452.4803846446 797929.632279869 -141681.9329365683 48906.16227464964 1514796.0483713364 -432741.7779923846 2724680.4533731854 1399932.974985601 1374117.7071357863 -1426003.8126928685 -464787.3120522892 -779769.7185947053 2147680.7178872977 1721862.9289355422 538366.5283522388 522335.3457506931 -486191.4528479837 841256.5636688503 -471465.04628307384 -1002755.054644099 1309525.2435803174 -1869007.4239926548 1748836.8260544587 -2306672.320461258 84209.30674606493 225539.58641444967 4268980.539401129 -1129284.198276614 -2029830.8332102716 2100611.0125582246 -1239655.891977733 -1082450.9486180968 -59670.5884790125 -1208887.7660539197 228075.63368553488 -1034884.8140604096 1458832.0886811353 -1268466.5367969545 -2424292.037820457 -167196.13494398762 5175870.090314197 -247101.9733650955 -528155.0357240867 1347576.7159337117 234753.58711200987 -805814.4707693657 -637896.7344101121 -2127445.6792847607 -702617.9755943342 -317170.3559501262 370113.764025349 -2994526.0190816945 798569.4236358837 -92575.55467637736 959873.6988823903 2330387.3602351714 -3757647.8604647587 116360.94073369466 -2756769.97391135 626252.1974509282 -251022.34518332593 -2365002.6522748126 918557.5728598111 1924554.0077554767 1607497.1853656934 1866976.063383724 659766.3847411921 -2271887.4450528547 461127.88893869694
61942.425411843586 -225152.50149656986 33248783.804880463 2743939.8693005787 -1451610.6026670367 -134113.68693444092 1312094.1791419527 865077.8055078996 178471.55868835314 1796285.092499497 368011.6677071324 -607677.0408396275 -3181508.6498966245 -4029976.8834758075 1490465.9563684256 1380939.5140330405 872106.8404758484 -395787.45185904164 -1615044.505361698 -2333015.9476018744 -162718.3169478349 -244337.45292209802 744329.1963138616 -606969.0557107531 801265.3052169099 -2923737.903340996 -2033740.3439545734 1651240.7923206715 -1215598.1364997425 -1048823.6580094318 980858.4975481163 3951037.237941023 3949220.6923466865 5149053.082409396 -670268.8147249336 -1360891.8830226345 -1413200.2559300503 -1270771.0503913586 -824185.0905802913 3867712.3677752097 -2618846.2383334134 -1232368.7747403546 984528.5057003837 -2328622.7480858397 -252291.3033362372 -672067.6825880597 -1069740.3129523194 -3042565.006730582 945232.7970757212 58481.07587766201 -915983.4192375895 -464883.18085414683 -91499.85541886726 -88875.66906228571 -827667.082858188 1674828.370576609 156944.8866784625 639128.5658968823 -995303.0568607297 -916911.2021129561 -863312.2107649145 -3191747.1541265678 20387.55591930994 -200405.97143206047 1319691.5713754739 -55952.08432880596 299255.63312872284 -2182080.6216516704 -2605811.511509134 1460617.0969475477 2873690.161618949 477890.20791504957 156173.8939786795 5405.449872157847 -1898425.3262564177 841634.6127536073 641756.7998260394 -503237.7213680246 1442707.883355194 -113319.40304102951 -743468.91768278 925406.4317332751 -1689904.510519173 -1879574.2684944407 -610890.5642361369 525364.690585466 525472.1130141491 -2315965.699266735 2294626.782368832 1180335.565191307 -74084.63046429527 -730311.8756857617 1247871.143800995 -1179279.502500345 -193640.57463557305 -2293483.240194567 -998108.8787588154 367533.7777761688 -1057851.5684212793 844764.279686996 877541.6798537282 -1438615.7702924188 -812908.2071886902 -2071156.68116719 -2451573.7112731296 -1482787.9370853808 2806873.7301339917 -318695.71618496923 -2559121.0714364266 624903.6086975582 1058536.1603294816 2848162.081630947 -543004.8721587746 1448639.7531404211 -1311148.2975254639 1533007.0769517238 284957.11403821147 1418752.5290721185 -838537.096506562 -330001.1425448339 654056.735556167 804954.2716818126 -441978.3491195486 1067398.4640950032 -1595577.0929236133 100279.95134653445 -65798.6886356006 3858.4004219510034 1715185.544140087 -4326864.18905853 -1189191.808202334 2330354.6793468944 316033.35177645 -1280239.8122185087 -1264529.3016326602 -3191111.43989407 95535.25646605219 -257142.19511206495 1216896.0071756963 2285628.089866811 1816957.3367676998 -62699.876208003414 -704236.309738272 -2463633.7443848704 -2401940.367276531 4888829.118692596 2369509.8075128607 952379.4079151865 3241393.0107565345 863884.8441977127 3923310.3021251066 -624680.3689022177 1804262.787233762 -1703584.3573687829 -1999926.4550717524 1014496.5449083156 788813.8482946807 3449082.8771446063 -549587.2465450388 -1547357.155924858
820305.5208133089 -205323.15701878158 2743939.8693005787 33400520.552166417 -901682.3914701357 -1482948.9517220606 -1008739.8220840152 1094182.4647362172 -216557.76135589837 -578218.5868426936 1685643.9861852517 148023.07676778288 -272091.4862790301 605166.6874607343 1030385.304541463 895386.6959990537 -1831337.9667511478 -450469.48629170464 302563.5332627083 -868726.2207843356 92394.08466286524 2220828.502030586 -252297.70745399458 -2084263.6161146392 -1003144.9357899008 -1535512.9847019906 -1993193.2572265775 2109279.7494288953 -642166.987121679 -2150331.9262430603 -384900.17921145784 2367205.2086992892 1554441.5101951133 1374791.7167807776 2244624.5055648033 -2951970.690474835 -859375.8322656549 1730373.7540947525 485543.40613123385 -1357935.9864331405 220643.27735018576 -110007.19913651538 -428702.54056868167 3586493.2823217995 -2248296.0437535658 2114642.58490048 1229768.0532999246 -493537.22221940814 1788311.085714534 -463891.6717947444 -2390485.08640535 2980693.271649545 319508.1766331589 -264628.53314372373 -574529.5164053594 1269104.1314024546 -1862190.5969553285 1723829.235601777 -2838594.2846632134 296318.6518740655 1979181.2636555873 2240173.437995936 -2064546.5263333393 1009354.7615470347 -1019826.3210538124 1064534.0107382468 -12796.80461159977 -392273.3679241934 -2226616.5419813534 -1005155.6135549749 -1470395.0573731835 -506233.32955605176 -1021665.3711636924 1492832.2669495363 -185873.46536572257 -927393.4790120281 -97828.76776102024 -2023375.0771639324 467971.57923104113 470229.59320746636 2720305.562685918 -1473102.8659905298 -1049487.889530216 -116571.44897158018 438655.6086442924 440962.70863332885 -1166582.8730254043 -518327.16031716444 1466450.7567689554 -1786985.9685589196 556360.9150117732 -277854.55790417147 -1781251.4148190045 1893007.4510148645 96401.74540641956 710194.8300361367 -197629.90217682335 831691.1909530225 -181271.3849270952 -979765.0590327492 -2750687.251927318 1237955.89512527 -1404471.266088963 -321484.86442156543 -2889102.5530621847 -1193971.6515531705 1767203.7890138482 580068.3550014611 -236490.2478941165 -1436981.7084718398 3934246.49052485 1090742.8808998654 31407.532244443068 -2596905.7649308234 -1551925.2353606327 3721861.26455585 -1434445.2686452467 2031690.2903007052 -811455.918754299 943100.0805949289 -437963.66192649095 1411570.0914245818 510793.0689319553 -1099993.9499889328 494211.1721187245 -299150.9870673744 -1535359.192383989 1307343.4703613431 -2508198.5242450717 -1735991.490480088 -320425.6268823749 861830.9687397771 47666.26767187051 -4965.131695635858 2019319.617305774 -652127.3649150258 -1724201.6790843783 -2679345.7114899578 -2425072.6369506232 -2186529.546689347 -2669844.6989481733 331262.88509518886 3044776.608157846 -1874527.0280190983 80844.2217401041 -2987446.2057966753 -478797.2813646706 1180411.4556713025 33511.51450210514 -109885.5101128609 -443432.5096087462 1252798.295207814 -1006580.2901607868 25061.431153804162 1453670.0912920544 808967.3072395526 952469.8466038249 -2237148.3743808516 830089.8460093475 1083943.3271856257
879828.3474810964 450387.49571418564 -1451610.6026670367 -901682.3914701357 34627856.88128581 -2466964.5678637745 1000946.5754498274 3277955.504866454 2401924.571139409 -606886.9325341858 -99931.26946478123 -2049209.678840601 1254517.7894765977 263073.84050543 247612.38692591994 1315338.9428634832 -1331178.4863320312 -1366498.9504247867 -826223.0428413938 -1245868.4843869403 -538332.2965927302 261032.75491143155 -3211144.816655753 786112.8200839316 -849104.7918301385 519196.40998675674 334018.9974649995 -1838913.3374863837 311794.46367345826 -2708466.050173839 -297103.2749790237 -671787.8351134551 -2582002.6088244887 -4332.994829660398 1619473.7091038385 229810.483835414 636209.7134581382 150045.5096191111 195176.3755763791 -1356511.3321278656 1011683.510806935 -1677951.2982307074 -52702.71719018935 -330058.06801544986 1144984.8582050824 645939.4373296498 -1065150.4945887602 1629942.2929682327 -601334.5471734222 -95417.03639473996 942542.8471121158 474907.48014336656 -3100289.9763982855 1385217.390114362 -701966.2344793706 647055.8921566658 -1523454.8247488143 -2819820.1444542888 1101750.9027758008 584727.3322970816 4976066.962245637 152547.6596142543 1886144.9659948056 -918435.8413936965 -945954.8858462218 294059.5253080757 -1100125.799789758 3085419.262893948 -3688502.2343107616 -1303448.6721855632 1393632.4590527406 316131.3707824152 -96765.01511849077 248052.9783078272 630392.6839975431 -441368.6040583706 368571.43973430264 466153.66196942935 -1665893.260975205 -563098.1761102562 103041.08929809064 88074.75848684416 -455073.4938430791 460655.3912710591 -3150857.617323888 2720412.8618646306 -285373.87699024205 -428052.46040006005 1243945.3078602632 537121.8032773847 4413222.712352149 -1978945.7548682622 -834906.7841732473 -1248946.1944987217 -503634.566146496 549072.9610635735 1869666.4152797011 -1022476.1184529932 190211.37934750674 2495833.8729308285 -75124.1336349653 -3503937.8787012403 -1912597.7582194004 693419.8452536559 -891920.9642364573 -1126192.5507433352 -2578691.017545704 -914842.1167094122 -839295.3068996309 1786208.041837262 418498.4893308028 -2016304.820099666 2713495.917262249 -1906480.4755139372 3433393.8794657188 227627.33077053388 1256605.5401536762 246498.59781258064 294274.2041778045 -873442.7087921739 234225.00806068955 2130600.486291457 356290.6489250222 -222600.10373672427 73113.30304746577 -504530.85919251916 -1395790.4876296706 -1517161.7785805955 -1851440.8460951922 -1003178.6561059173 699020.8615423803 -2304385.6580772097 -382143.7052483436 -904062.7096343075 -1895944.162170537 -1598685.6493739758 -415739.71190683974 -908712.0255770807 2572574.589512514 1564835.622494012 17041.223711982973 -3293027.5706116073 463445.9749644153 1233268.9024288245 893017.7880579842 -752287.3835713791 925760.4884829991 -1018617.0828701693 -1024026.819509482 504501.7025127008 -466945.04875766236 -90429.35818269315 679928.6518568143 716380.2749512848 -790323.1123604574 182776.88951189135 741773.4162768183 2171487.781072436 -330296.78026548465 224293.32772680183
-289179.61139220593 -296659.6423059654 -134113.68693444092 -1482948.9517220606 -2466964.5678637745 33520100.87490957 -674733.558496928 -2741333.3249173053 132147.5992770785 -1022861.5397508137 -1068446.3207564352 1040592.7276553103 401496.57936361316 1142644.5464102568 2344650.2817191724 -835581.3604813729 -211246.3595428376 2078591.9974443081 1486987.5463166395 -672089.0499501869 -1756281.309494283 -1311718.6894477266 -387312.24111132923 -3175989.5723910807 1696566.1360042652 511424.69583804964 -1318504.9302063135 180760.7800715651 93456.03617919395 3126278.3047635653 -2460642.677416545 -371343.63005981327 1267991.365195573 -1232300.7046574974 -446222.19500318455 630471.2948966465 -584880.3598039484 -123603.72787844417 1725141.514083571 -1820356.0423441622 670313.316800159 1447299.4633877599 -1837208.2130993481 391385.2474119256 -349250.19487219135 1868605.573387473 2081545.640832499 -340054.79310766497 2128969.323603838 -2180815.5433155 721213.0055809389 25502.084373561094 -1535798.1016338146 -1120236.1715283883 72958.23423041102 402863.63462885097 489847.21098513337 601133.6484886962 712705.1810101718 -195106.19788549645 -841195.044183703 1763336.8490362077 -282865.20317742927 -1865804.40935832 -385674.9757650421 1279015.122162375 -1414234.1361801473 -2106152.6937229955 1141228.1712182618 2142823.796911504 -1719107.756862392 743099.2286583474 -2853689.651719691 -1910848.0220900644 -1239976.1483838367 -970927.0854763106 -1382675.540089375 758082.5857686722 -352203.4399965375 1673135.7791562187 -676773.9027839662 1516278.6641400675 -441770.4793116282 -523047.588607544 -788979.2443551079 114355.24570294816 -1562531.1183686312 -2023651.6114794316 1129930.6095892214 656845.83770262 181179.02988786393 -514664.96689808916 1743669.0051532707 -1358558.7320392278 -1741284.8067526312 -1465707.5169609534 1562908.555837974 -895392.453689753 -1300282.9168008813 607434.7208046006 -1969384.682627765 -1186855.2912191548 -854133.2806214031 1773423.438015346 940726.0137966443 -698498.0011185787 224796.1892914348 1392548.9598777932 642790.6699218878 -732413.7435156737 1075907.1254929216 1771894.2699344493 -1371492.5981128518 1918035.8623354882 -2475409.678499885 1890554.2835754494 -1750043.2567292245 489592.09005391866 -2688897.297969855 132434.068611819 -685597.868592988 -19373.839064201413 -78280.78451892459 1462285.00798692 -243469.8379709925 334073.695698439 3936887.352709286 -437730.41109202977 -4172020.2381318095 1496576.4281771206 443555.7282962568 -3164620.316002323 -512319.50576767966 430998.01194922347 -905503.1859255709 2624963.8779258607 -1161236.2194563334 -773487.3883093479 -455226.89921524713 -1824775.7581915131 840442.4533661639 2060373.8264686426 -1278213.2763293018 1336248.33080089 470600.0443537119 942031.3430030876 1791292.813377696 1935922.809648013 -223180.7185729598 1048197.8618211548 -2058882.634140265 -311694.9329585152 1969690.9358233614 791434.9493361949 59430.23875345767 1094158.2174305806 491432.2144177423 -1287315.5790879605 -1491739.1691680576 -671547.1936093686
958253.9354426306 -752973.469159385 1312094.1791419527 -1008739.8220840152 1000946.5754498274 -674733.558496928 34434251.96808356 -983149.7610246041 -872539.3758435072 1867857.796277655 -1310790.6784567537 -2014556.5958029507 162366.06380903674 148811.34539728082 378709.0532044993 247715.77382475894 139720.61705217502 -1993340.806729821 -1405647.5675399338 -1309883.1881390808 1317817.0496308669 -3795709.373638197 403671.6556404944 -1508925.3726539228 -535024.2520548009 -973641.0213864308 2259453.37452762 -1051600.7008357535 -1767844.4160295695 2105039.085794687 -3008543.7949505122 -988413.6914154113 375072.94819373527 -1773328.6741880397 648969.4418757652 -908908.9215231445 -1606125.649162446 -2347014.8823772306 -1540986.3620650633 -480267.4712801845 -1094256.0958684902 -1381153.4923067447 -1763658.8250876844 -1449307.6249820301 -723028.1984297517 -2983552.18261297 1270261.2321849163 -1244286.7798061243 -951654.1424407818 3091687.595651366 2106002.41006643 974269.9589620397 475777.46652114065 -565115.3724939411 -1737298.360895433 -1710369.0652350578 -2139395.7270821542 -2443586.3397211805 3213747.605762659 1754247.421574969 255991.97617586507 -618956.989046394 2855387.1897323434 -1282446.7532157572 39045.71211769059 -1233854.7933082802 2453200.1444203835 -790656.8194747666 -2421761.627124881 167260.3808068361 341674.5508185129 592445.7451800674 131930.06078042247 -1003818.9977370743 187510.50887922174 -460316.4139257076 3204315.861381713 1470093.9741113784 -1388723.2814429842 -1762554.0259558572 -1654581.0944744716 73698.37511517486 3255187.4374767346 -2723762.4417497627 304430.9895701077 979538.7121607596 -459516.17115362827 401076.16127050994 665263.8477481017 -866004.6485935933 1872187.2256474567 -1774305.8655615572 -457944.76289027923 -2752940.250190787 -188969.42842734448 -2681505.1913092197 309253.1390293559 1060290.620970406 2468497.6644375063 466885.66986963083 -955740.448252946 598059.3260957046 1163242.5709093418 2004780.8335123728 -1120992.7136170622 3037857.0181636303 -1279254.2901457995 990551.9264609652 889865.6803422292 579662.0186459089 3966566.1648795893 147624.292029311 -1095117.1716917958 1627667.6057985686 -482055.8445957737 2359662.3637686335 3446887.624431926 181397.56207755452 -659528.1717665409 1415189.266738101 -1664627.13522033 -715848.7560962051 591657.3562958915 1182062.2153928576 663822.6106716972 -1645574.4470320954 -1008354.616845021 1143203.7709894227 -889014.4650025616 -3180650.177878521 -1907773.5966042855 1067567.4636326788 -46334.26047316184 -1892286.4099945237 -2580948.519311541 2193891.599715731 -908967.5152897299 2782140.555722844 1634062.1471730403 1811349.9755918153 -1977740.8037361128 -1244881.1515739453 1457141.8520703579 -158356.0189473597 152264.44342509127 -260136.21230086606 981506.7418001898 -618248.2082792273 -1058521.8730785411 818509.8378513218 638459.7273064603 -1686735.7737459966 516794.013678846 -1341561.4040589056 980970.0174656095 1278083.90309822 -614486.0023612174 -1452147.0963283347 -332699.4279631738 -1715371.3857377546
456620.26125980733 -326598.53971696144 865077.8055078996 1094182.4647362172 3277955.504866454 -2741333.3249173053 -983149.7610246041 36670032.469978325 2147591.0716762645 1130086.4097403074 -1791461.0178418 -309152.6454028564 -1774207.9310425264 2480895.6079793875 -840079.4089709424 -331176.1896496424 -1687502.7609853768 -1323324.9439023163 -431976.2493306972 2424495.381888691 453895.4582533946 99681.23716734698 -638652.3055594312 1827885.7961743728 1304659.018226396 2267957.465064663 1858645.5439367834 884497.2371853633 3240615.4033486317 -524437.8360475963 1006163.8374420621 2937440.717025837 1571221.3432741382 -489980.9744397126 806084.6026469534 166317.88422578765 -1491767.1396141378 108690.83634242984 -1262891.619747998 1367160.1091682145 -335408.91034757794 3221168.546831943 -350647.18787992466 1176908.2827239728 1135380.532298555 881218.2422077057 -1483363.2190994718 999229.5769462069 -1737356.268847718 2067143.267633236 1710462.034548343 1536494.7858071653 -1912670.952080871 1218171.1924946608 -315481.2634363239 -978258.6303714606 2414956.648522375 1943783.9584012562 -859612.0163833264 -1997755.7219856696 1079025.49336082 385307.346740737 864647.9476293428 -1807806.4635451222 -187163.40040795077 133236.92740948868 -1818767.1133778444 464736.0745985294 1291156.3611720728 -986154.2206333227 187223.17956386952 -586953.355762398 890262.8392109226 -1345223.707731198 -83107.67664063326 847147.2177774148 -705966.8350581541 3546644.652501344 45255.99160302104 -1994675.0450336346 -263402.8302777975 -208934.8115259447 -3047162.4301497266 1366026.0970783064 -680687.8732051894 1254841.6062228961 -197758.55521715948 111525.91829586844 -1902770.9674255406 -1292000.0030495229 -47416.03926256923 706914.4793896673 1759520.2507289436 938790.1938378514 3152727.6348603386 -369228.4898423984 -165833.6014584997 -1556187.72994181 -3893723.3597463216 -750671.9829902224 2979863.4879778847 -581706.2586380232 -489945.1730262034 -187389.51648132157 798771.1463275125 -303338.0060805031 -1921522.308287233 1971613.2144339336 -1696413.730887356 546767.9994894805 663368.9660446071 490855.08310634916 -1081889.365945965 707896.9086178212 -1576650.0512043645 826897.2241522187 -352910.0404609415 -2559585.3541647913 -922587.0726383746 -778730.2778836731 857341.4160963786 479002.46475973 -2209453.491982425 433233.0751309215 -149211.9110398162 -1222637.297740092 -1344809.2444561354 -1239705.2668140316 -1535165.87624119 -486377.9459750431 -1345461.4800383777 1520900.3085277355 -1171215.2567378033 -3247421.467268483 -813548.5523351519 -129151.13113937332 830528.9480448652 3845030.095413163 -1579055.9960958844 -826874.9715135661 -612322.720158426 2909359.875176147 1057356.6359086863 -1729184.28886061 -551907.6013606609 -627669.8372179079 263738.8651352296 -656373.4626362157 118772.06182489145 -2515121.559059202 -57107.518153313955 -2150784.4230550034 1109980.176530262 2722732.9852278754 -1026175.004977722 -1371606.470651043 1972353.025200502 -1486663.2597807068 205301.58373394533 277419.275383746
-531428.931526463 895018.6390378851 178471.55868835314 -216557.76135589837 2401924.571139409 132147.5992770785 -872539.3758435072 2147591.0716762645 33505428.079586685 -464934.07244729414 -1165448.5380035262 -38990.580118190155 1474071.3922977091 -990876.7511234677 69287.00243442156 -1733937.6727668962 -1856754.9172886014 -33879.01861123616 423828.26196345635 1386974.084635646 792850.0451923868 2404782.902024012 1467423.9789661842 1449226.4489016081 -516344.6591370817 -1698235.9736717483 -465341.96892733214 2695208.040823844 -179241.23006676615 -399823.75654244155 -948578.8347859797 4339577.443717477 -1483209.1070876713 -1295385.196407091 88326.97870032933 1389425.2245368464 512119.4680152841 -918163.2271491584 -2262073.0530870766 -684613.2943539118 -379728.5676930884 195364.09750115903 -1173570.562034427 -938042.1330369698 -2140204.522190093 -362859.3765053298 -1080362.7440151065 3341715.7111310144 -543358.1337519761 3284656.6581666353 2249529.976668898 -590428.5600065873 881445.2263989263 -837816.925549666 132279.30060470855 3701004.815340962 2792250.603358323 -2752213.6861747853 1785460.3509885923 311965.7524166742 -1577129.4054166528 22785.52895167733 -2571355.325370013 -2294580.103294194 76831.16126457523 -1832874.4718042214 -2063598.4930399323 583428.8769289689 2184604.186117073 664905.036871109 -1158160.89448667 -6241.727602480184 2041760.4292833973 -1894044.8904880427 932315.2059898692 816590.172761132 1676303.3409408978 -297561.23495544796 529167.6773668755 -751059.005385319 134457.45746653614 1676986.109151842 -1659485.75103285 -1294706.4807785298 -2174394.6921917023 955656.6811558411 65583.18790150677 299156.1091699948 1837077.3209453716 2718986.388086895 -668860.9067278544 890524.006290536 -1581490.641168219 318842.0860844293 -717658.2117176264 -442728.6702404518 1063371.9542700036 -1541602.3102735456 43557.76448926423 -1426475.5428735362 856620.9353927234 -173739.6210444542 -3733989.8823821293 -1712091.8107386 -1308913.8467089979 -811959.4959241217 -3576.221987608142 1254907.9707036943 590447.3099912992 -450916.58814105834 831434.3324900018 -1997005.8278725808 1413733.805413371 1769447.7076569875 194754.38643457746 -904931.7992093897 2019847.394916634 943940.8612921851 2266080.354246552 -419699.94810642215 -1509997.060339985 -769886.4309858414 -1712431.4931433806 2905109.9190181755 931417.751557547 -1917389.7599451412 914763.3476961734 1115881.03169308 -52548.877604194924 2558097.317741378 -387773.30842699844 1501079.80657131 -2825169.8179463535 500051.84063578356 -1291025.3542636894 3303548.901500444 1097244.7795503319 2480560.104689049 -363890.57489419007 -1229583.5874410642 1027725.9915358734 235642.76637751737 -770237.1685801884 -709019.8510942023 -1340350.4018869535 1503417.5346042274 600218.5500979185 -534754.809468706 212629.08263119476 -1413123.0255783475 489208.9640504799 247737.9778327115 111079.70063864067 319311.6175090744 -3148665.3743695337 961588.4071627485 247578.055516248 -195831.91304384195 -342301.3237292836 -470238.7198265386
-1783702.2596491477 -1538994.247103346 1796285.092499497 -578218.5868426936 -606886.9325341858 -1022861.5397508137 1867857.796277655 1130086.4097403074 -464934.07244729414 34358450.84628118 -771771.7160123572 -251157.31273905782 1660632.9223251177 -46091.37786036365 -13209.956359714519 -877877.267482385 -1227738.9674909057 2880307.2982623274 -2578195.389697807 1734820.1335897637 1557646.4083713302 678694.3165030812 -601196.4980490861 -3304323.041658339 -2136167.6069219136 -2492915.6600837256 -2116296.5338943084 -42788.764382692185 2113324.899226254 4546.598281671828 555701.0700188036 643650.2578496021 788699.1574844789 1813092.2614616025 923103.5550325841 1102563.150870214 -2267270.36324436 -2020824.829647522 -456408.8426470592 1962668.976216359 -2118018.56729874 -1791494.2741239527 1738055.0677502165 528841.4433087218 59590.96726925678 -1691861.6039722739 -29234.967094352465 2499529.639158273 -2139613.2335058386 742319.0637034483 -1870038.460274831 -852122.4056983632 -859567.962259038 2352970.312221354 -707666.1388002367 -667576.0237701847 1844008.6203174535 -1464126.0130814067 3486736.2667466165 -505638.84626550326 -660581.9457015087 -6088.163554530458 -3027542.465925937 -965069.6227976341 -675735.938695792 409925.3718807106 -1894136.0598070375 -1559354.7995284314 -2774217.7091669175 655536.6521553847 -38327.52329488478 630385.6579490943 1631049.2306953648 -1028517.6360152545 -3012591.470698217 -1181733.2101727105 -1614775.6369551378 -745702.3885952617 -2001018.8983280405 -229755.39241011537 -549681.9427888751 -2624833.0503642187 -1505941.2993431245 1053597.9376609658 1805522.49569217 -906941.5697223999 -3477292.049875957 1162149.7089327076 -1812798.0928744709 -1643640.8006991604 -575669.8431531126 -1520317.361196208 72962.35802274736 859853.0745776476 -2021549.2589007781 1913609.336466038 1444802.699132176 1263049.8351988373 883356.0815608127 2030507.3085830836 -1406795.091816372 -645366.3570649002 2426495.0553874793 -1489692.0531620802 -1655666.2494909319 -351681.34834853275 -1492808.5188315492 1451692.136792625 -3131566.0993320565 1145251.8990910423 2017831.7125769497 -253983.8802423179 -3284424.479741454 -2169158.9641710217 2551660.1342657492 208985.8947806745 70101.10846329329 -658975.5038953421 926012.3185201987 -128431.0381417553 -808808.3373590546 -1521769.0387901268 1074573.4092827886 2276292.2011572067 864505.6366560446 2363628.283030817 302288.66236316593 1110511.2774860167 -1110112.401175092 -252888.5525539899 -2326704.146820515 1614128.8798610393 -1159574.1953702625 233296.53384687024 -2762080.5660876054 1005873.28409278 -2181081.3884650506 -2663550.686901823 -1193914.4204281808 231864.91885500585 2243336.59007213 -1516220.9640336058 1921529.3940664844 -2236640.834746569 1441191.0977787941 2895252.027949136 1561495.544434643 -242813.05912422945 1205363.7666630917 363825.7509361087 -2377535.367176068 -1019656.3673661044 447659.5155438288 177370.90724364656 1183373.8000067214 -2660406.779293271 650017.8731247995 2895630.9388814056 -1743526.150711319 -1037678.2955524443
-150991.54402202813 -1682695.1606927582 368011.6677071324 1685643.9861852517 -99931.26946478123 -1068446.3207564352 -1310790.6784567537 -1791461.0178418 -1165448.5380035262 -771771.7160123572 34675688.57043395 -893510.3116555572 2124118.5462246253 -625493.7204302911 -474625.45700163743 627256.0879939471 1671351.6463675036 -640107.5373027779 352522.34832942585 -612891.599088719 -833124.9114937973 -1668040.8983473163 1594957.8811169488 1932300.6511478892 1573213.4847005012 -2952491.982153602 -498996.3439519349 343222.9987206407 -945158.9986726238 1001280.6182071536 -1288307.6584357866 495207.9601942838 570660.3508428722 -718689.4147366585 1615448.8339837121 -3103423.7606321485 -2341496.1664971304 -3949009.5277245585 953100.0161846583 -152886.99786469576 -2097116.0504133778 1870567.2758598984 3534484.0663948 -2399319.667760816 -808673.5045862694 863133.1720369597 -1709343.2118575845 -2966113.102706339 -2780047.0947801513 223515.29754571634 402515.8714565606 845318.2661325568 1557650.422978599 119057.46426314031 -396995.32946800266 -1816612.0953545053 -1276285.105738686 -1587095.610008149 -1452538.5152472344 -943971.2625413256 -27836.514233494192 1314297.5839276055 -2377703.195029304 395257.8259079892 1599678.2610282234 1695330.6754739014 -1058571.826615573 2793733.8840707554 -3652853.2405819483 -558903.9243884591 3269463.0334716756 -1400754.835655736 1267600.776643748 1678214.7117547514 -538363.189422342 -158949.65529539893 -1250155.784738905 -1000225.0164503554 -679125.3535029843 2190194.586182525 335842.61163719464 -968019.1899034355 1643097.8268809235 3589805.735464866 1821889.5022718909 333505.0150723846 422669.2963862351 -718267.171785796 164886.15845742665 316889.5808994598 908022.35586244 -327483.56603576493 -2462892.066861132 -199906.72664294986 -1830861.1946156991 1155033.222761074 1695013.7127233262 2560834.1097807833 1372620.0062546092 535656.30210595 -1758075.663619382 -162470.48888097418 5106366.7164368285 1523630.9371863648 -2762102.427112784 -1692976.7970903045 -958586.5009346915 -1281042.1842375 2080255.662749454 -3509525.990352057 1022032.6294787169 2687090.5539507945 -1373256.6034841277 -459747.8876162152 -187117.19505816 1093390.4359324737 2938130.127616933 -2661736.419915336 -235707.71488107313 -306025.645883427 1373791.2523474332 473578.7953546269 -4940.370171960166 258167.75313474558 -1647594.2818841103 -665654.9301526755 1042278.8785764175 -2235541.2766076084 -260846.11678523006 -3841547.6067231367 1925895.605222519 -101707.17363376253 -2031957.1590623793 974628.792320788 60357.00282007382 -1116843.1312180469 -1473588.8017803438 -2290703.2855995353 526424.5670157283 2178054.056616602 -4616961.264995838 3786418.2343398533 375328.55089181033 2279845.1597466692 63116.48756397564 878819.4267802683 -610167.2218156434 -44039.34510946563 1634581.8610243583 844026.0714364012 1051572.3426587726 -580849.3667261023 281474.9028360555 -1372415.7781756949 -583045.8165815858 710800.2766228528 -14677.31692789006 3497576.9839944337 -494522.2462242618 868264.0083037729
-73452.90861131453 696384.1817220193 -607677.0408396275 148023.07676778288 -2049209.678840601 1040592.7276553103 -2014556.5958029507 -309152.6454028564 -38990.580118190155 -251157.31273905782 -893510.3116555572 33798344.60969892 2646367.1239346336 698451.280302318 -2296194.5982689885 -933176.68657254 470193.9068346093 340746.4686552831 21712.44632036553 3454335.61200688 -5044461.774779074 330453.7272734128 1790102.8868119838 -71025.77116332916 940024.5446371998 962466.2250948928 216833.9973977874 1178994.999577875 -181666.53617661 269975.141285136 1541122.771298183 1041321.7167857666 -2472586.2661756496 -1886200.2931009298 -115875.45432015465 -327213.80979981803 -147619.15314332378 -1160278.772838544 399692.2163444901 -599292.9700794016 691398.6326622355 -1006231.846013689 1193034.3283106217 -332751.79737379664 1734752.4429190415 -1335823.4716695119 -1420756.4641846577 2044092.7667421685 -1074086.738532089 -2683804.795342583 734130.3471731782 -1955535.688270195 1937410.4072444378 -1028410.0391060202 704820.6435551231 994781.2103127921 657240.7175059818 993650.3070350619 -40375.223001421844 -1176364.3792557986 -3730751.232955995 178927.55427378585 -2124115.6218288383 213392.3712354449 1551864.990670481 -3959057.4493056783 287412.8472636908 1196852.053990073 -768086.2047727272 668237.2132972213 -2322556.743253119 -1542048.5368243074 1506452.4525744906 -474663.6887506704 482768.84945428016 1936677.5340957043 2588585.75455752 -27332.59460404468 -1123385.7721974363 310781.9966921916 -1795784.0320073243 -264260.1725635394 -574948.2890320816 710655.8899301052 1377718.5164725077 -605898.0346228309 2668234.882242008 -3427822.247914439 -57509.72652011265 1540829.5190451376 -260137.59720339527 2160441.862778388 -689489.6992771842 -1042262.6517233512 578595.3613012544 -344141.6620092139 -83060.28647048828 -1561753.7096680368 1502535.3091961928 -712208.8806801942 -469165.07368342136 2305040.517546889 -1033224.3827408862 1985713.4506778507 2483796.332907392 1250664.5466569946 -323049.74709870666 2021248.0997923983 -1664885.5244804623 -596739.7831762338 737706.1145076434 -1741492.6509781603 -188543.38019085652 -1112267.5578685226 511525.7615108141 -1622478.4806419632 -620199.3183495101 191069.8245565472 -1589793.635491264 -988083.5442753858 -683777.2029603546 -483161.2521602102 -2460101.4439624073 2027639.9779396933 5343.521311114984 -1900034.6576438542 1059108.2599858753 1763648.3493725164 433831.26001192105 -1273037.9203639037 4082867.4968745466 -740375.677546593 -1455727.2946051806 548781.6693513717 -438088.45667704544 100429.87316646668 1592988.0811140812 605559.8016470672 -1240701.13383314 1527612.985870912 726674.0784245642 -1915409.317400628 2371712.700471797 -600640.8824417231 768418.2275571954 1342320.8287405474 535074.4448458152 586045.8815152266 1899200.111612354 -1716795.48101191 475109.0094400857 -930931.11754166 5871905.443170336 -723644.5749672404 -1201262.4202507199 1670710.9549811017 397935.7454062382 -2214760.234591776 -1393176.7414115642 -1712584.605996855
-747299.9486158193 569388.7078884882 -3181508.6498966245 -272091.4862790301 1254517.7894765977 401496.57936361316 162366.06380903674 -1774207.9310425264 1474071.3922977091 1660632.9223251177 2124118.5462246253 2646367.1239346336 33977963.28074883 722625.9007812577 -589317.808986941 -1734033.8945354186 -1750313.914172898 2009733.5687046144 1396166.8667075022 2131136.6959342603 -1559893.7105586205 1432974.5027610306 273097.9398706815 -3673403.041140119 406952.6976280514 2187386.8629138544 1693271.1070474987 148443.4884482037 248902.95514561937 1086938.9822498958 2815451.231367998 -1091314.258984777 -1528308.660573963 -930769.5174685664 349574.43855189567 -1677008.1002438269 1137799.5215248908 -273359.5344714933 2693481.2206538916 422168.8972489738 -1698273.1048256443 2568944.5745299486 517320.70733509224 -1246996.057397384 226749.51096743307 1996566.1278428354 -2798711.6538780415 1767269.4481948754 956908.4844568816 1295699.5091548986 1805471.6453002458 -147180.49328112585 2658237.3116046195 3512634.923815394 -3498158.7602205854 2551171.8066252954 -1251546.934867379 687518.9976348237 3206721.4766257685 -1897792.2430604883 -308687.33544940385 1229994.4466792345 1629630.7559840921 1963437.248317603 -676354.4033524917 -656930.8695439155 -380720.46559070196 -142071.51638776972 -1408322.898204829 -2373097.404057325 -1035072.3504440319 20859.732762054737 1012476.4202259184 -257678.8030320227 -1281289.4193289788 773142.0713501008 -551322.075268231 -1318612.6582059504 -2289066.254928113 2224494.6483498425 -1089573.5671985932 -300545.35276996513 2002529.5712002246 2567599.7130892687 599571.988339003 877664.7756691052 1744944.875692812 -1167323.9434021772 -103195.33924467747 754213.9141769544 -1302793.9383248447 -1145068.4306421347 643648.6579890115 -534866.5314913329 -232778.69446793673 173365.97603343354 -428920.5990439327 -2057074.0919158692 330630.7765887229 -922107.2556763643 1187750.0971698829 3264268.995454464 602924.5510991637 755353.0382730106 686596.266754961 1856487.3538413092 1843077.422902344 3992541.4224815504 1674573.0846657378 -349318.0710023445 -593996.9295399312 1037081.3918987685 992695.4458736726 -2391316.7818540083 -75453.11782693441 1912475.9328425669 239350.0138272431 1190086.4796953439 1091298.7059207468 1468785.191164148 -386733.19616801623 -2171528.1251811585 -365758.09159747494 -790574.2890704101 119090.5596554761 -1302467.8508461504 121947.61513379634 159705.05004255794 468633.43348914507 -1077924.79260987 22831.55479137964 122579.23869401886 2703834.0554912756 -1326532.3471318714 -3277140.1038366905 -395186.8587607198 -2495872.8984035333 -1511950.1147993896 3096369.2738555623 -1603372.6105247103 -99215.89753132372 -816604.9396111416 -2949286.564734167 -1901184.9567240905 1542490.041507974 -909059.4687594776 276683.26255363505 -2147315.5910162767 -351986.3278072205 1277985.1292404348 300130.86552564433 -620394.0541790675 -324403.83558183693 -275215.278825529 -1064183.0959503006 -1079022.3328962275 -139303.26991528342 1088720.4662523975 -1193256.5558388508 1672769.1104892225
