34179989.97412264 -2470489.0569249787 -3003174.9613649417 -1143740.3809125044 550102.6121140452 1210839.8384948466 -117598.8904615122 -972995.9039499094 1177627.2146148842 -193514.24521223857 1757113.8955766058 -131766.5980381547 -1958489.1536147117 -1446988.9683390108 698747.3535439279 -123719.1521032546
-2470489.0569249787 34178154.16583453 -125324.18344450247 1514918.3501594344 -768432.5036067587 879038.3408388004 744361.5734487046 -246905.6913349205 1215954.963287941 1993778.273535893 -565289.5688778098 -287728.6138776376 2323149.8501941967 3211285.4267642917 -595774.5587325437 -3196625.475555683
-3003174.9613649417 -125324.18344450247 33780518.85155628 -597890.0373266608 163868.2772299251 -864041.7770876131 -2475999.657053633 -1949276.9554602867 -1002836.0272476391 1453495.4211192557 88159.16738171421 -2331372.9927597563 -1592767.833964755 1955278.6461655814 -1485675.2100891469 588522.8398452394
-1143740.3809125044 1514918.3501594344 -597890.0373266608 32190687.675726097 1917527.9564937043 352694.9104150715 1100984.892401629 1973362.758121371 1627470.6379573357 1332975.4543560052 194042.47832512515 -2730704.0740905125 2470866.4130191547 -2758525.4647093923 388360.2032558422 -1279792.2822200148
550102.6121140452 -768432.5036067587 163868.2772299251 1917527.9564937043 33793073.110033944 341692.00064248696 1651005.4813292949 -427623.3715537417 -2048471.8424904826 1448931.2523185008 -1712068.4623870086 928244.7407583387 -534104.2482030817 -38189.36120216132 -222672.67271159086 -2173584.0664822347
1210839.8384948466 879038.3408388004 -864041.7770876131 352694.9104150715 341692.00064248696 31663128.034183268 1859532.877873915 -1167768.596174307 -602302.8135726651 -1698536.802309531 -334071.1723637628 1547334.6401391802 5224711.38944721 676052.354517489 -1015217.9807955188 1039575.266681135
-117598.8904615122 744361.5734487046 -2475999.657053633 1100984.892401629 1651005.4813292949 1859532.877873915 34212471.836966865 -976947.9860748053 -1696291.511942245 2915805.781756826 -478458.9272518834 -3146868.272476998 2278953.038540711 -1335147.8410931837 -1284122.9804610377 -1849268.0431147565
-972995.9039499094 -246905.6913349205 -1949276.9554602867 1973362.758121371 -427623.3715537417 -1167768.596174307 -976947.9860748053 32116227.108660065 -1035290.5961104474 2284101.0679261587 1102515.0209016786 -1693155.882397881 329225.0354449851 857355.699971183 1031756.8927606506 -2635143.685984149
1177627.2146148842 1215954.963287941 -1002836.0272476391 1627470.6379573357 -2048471.8424904826 -602302.8135726651 -1696291.511942245 -1035290.5961104474 35856827.153684914 -980562.6465117154 2268414.5965671684 -472336.9599876784 796210.4166345104 -124032.03261235676 457534.4730997037 24827.98471402051
-193514.24521223857 1993778.273535893 1453495.4211192557 1332975.4543560052 1448931.2523185008 -1698536.802309531 2915805.781756826 2284101.0679261587 -980562.6465117154 30892915.525866747 1005891.7632349322 -1103912.4194905462 -241392.85896132002 -1243761.4154249707 1226105.6645830749 2841704.351850598
1757113.8955766058 -565289.5688778098 88159.16738171421 194042.47832512515 -1712068.4623870086 -334071.1723637628 -478458.9272518834 1102515.0209016786 2268414.5965671684 1005891.7632349322 34126611.901803344 -322770.2625232657 -672078.7441529179 -1338750.2913373332 1397331.9052082004 -1519127.1482098748
-131766.5980381547 -287728.6138776376 -2331372.9927597563 -2730704.0740905125 928244.7407583387 1547334.6401391802 -3146868.272476998 -1693155.882397881 -472336.9599876784 -1103912.4194905462 -322770.2625232657 34124978.93990636 2279413.0084693693 -1788937.753396285 633037.0316144171 -1467611.84854085
-1958489.1536147117 2323149.8501941967 -1592767.833964755 2470866.4130191547 -534104.2482030817 5224711.38944721 2278953.038540711 329225.0354449851 796210.4166345104 -241392.85896132002 -672078.7441529179 2279413.0084693693 35872153.149971455 -986727.0271478015 718453.2265641058 -1040665.9374531319
-1446988.9683390108 3211285.4267642917 1955278.6461655814 -2758525.4647093923 -38189.36120216132 676052.354517489 -1335147.8410931837 857355.699971183 -124032.03261235676 -1243761.4154249707 -1338750.2913373332 -1788937.753396285 -986727.0271478015 33406553.97930133 981173.2156656459 2940800.6433531577
698747.3535439279 -595774.5587325437 -1485675.2100891469 388360.2032558422 -222672.67271159086 -1015217.9807955188 -1284122.9804610377 1031756.8927606506 457534.4730997037 1226105.6645830749 1397331.9052082004 633037.0316144171 718453.2265641058 981173.2156656459 31962756.1755188 -26240.584280168627
-123719.1521032546 -3196625.475555683 588522.8398452394 -1279792.2822200148 -2173584.0664822347 1039575.266681135 -1849268.0431147565 -2635143.685984149 24827.98471402051 2841704.351850598 -1519127.1482098748 -1467611.84854085 -1040665.9374531319 2940800.6433531577 -26240.584280168627 33388204.913101684
