35713081.78783891 5595529.942981616 3342004.9203186566 672362.0462972478 2349372.795809052 2257653.4496671543 1420749.9657004967 -1267281.0675413555 -5260882.515690786 -686208.0369970478 1598948.9626849173 -1226307.1824449904 -2341026.801945455 -2302884.548497336 1398272.7355874886 -366488.6410444591 -4146716.3332144744 838366.5567466016 4163527.750336511 -2254282.779957444 -5622488.551474558 3788564.8987186775 4431421.276320924 -3880060.2647661534 394490.3185409534 -6098804.9236672195
5595529.942981616 34848444.880274 887015.5934797281 -164819.84862532967 -965732.2458677156 -1747791.6462430367 725637.9334556955 -3935637.9835927207 -2832848.0158551866 -7707671.661149606 -3695709.7920012227 316938.76908063557 -77351.15773822276 39292.90209197529 2430635.925205676 4277429.063045234 1463798.973782094 4140474.898195237 3194941.244649099 -6246337.114575888 -4709679.287257835 4339908.646265311 545870.8933696478 -1762749.0728373283 -103013.22485293518 -2595416.16968182
3342004.9203186566 887015.5934797281 28655379.049774732 3382131.3049124805 1978020.1671613508 4419463.386102661 -2160143.022323984 -160009.90929166382 -3068635.100703524 2312388.7695689877 1431124.3627562672 -807005.8469092972 2430025.089943176 -1867852.6506157059 -729016.2032783899 -2071150.2098410015 -1276725.1370690912 -4514785.685846231 -1202607.2919592194 418807.21324184694 5043502.475436959 4885635.278284245 -1358291.2215870991 25451.985441231292 1738860.9779362183 -3013329.816970159
672362.0462972478 -164819.84862532967 3382131.3049124805 36035860.97632875 4939611.114402679 4688157.7349059945 6907025.194553056 1518911.4946295084 -3608484.596215175 -86514.93431744949 -1596685.9361655926 -61504.951358900886 -2407201.936148795 4278818.177070387 5956672.999885112 4856847.541042835 -1122469.8728464148 272008.0521424807 416297.1295462242 2833517.551388537 -1573401.9534678697 857330.2939094671 1916510.2862231613 101046.45532466387 5286270.064598243 -781526.6445781506
2349372.795809052 -965732.2458677156 1978020.1671613508 4939611.114402679 36040221.97849946 -2098182.8210043623 2255856.3731216416 -1032981.8812662321 -740758.7921819661 3841910.825920342 -8458.648644510218 1349407.9565067107 -845125.6463826846 4588451.846349482 -2332149.9291827376 572022.5236972187 -220169.9254290066 -2010510.1813945721 7665540.901873886 2674781.732162581 2560580.1783708157 1533094.5311024874 1897327.1320349474 -831762.9221778999 1340061.922363465 -3858050.548524897
2257653.4496671543 -1747791.6462430367 4419463.386102661 4688157.7349059945 -2098182.8210043623 29530208.13512161 -3582470.94797056 7223708.440564404 -3889720.3415319757 -442883.1433511581 542801.1076008388 2253704.052128805 882940.3844856981 -7749913.048349801 -2685593.1870383476 -3041203.5358975776 3162623.6250181207 4216800.244327822 -1934406.6538991616 5896206.912695541 -2242773.4521321943 -4296254.262879823 1551582.1643553376 975279.8987921133 -224726.28483680004 382241.3886387926
1420749.9657004967 725637.9334556955 -2160143.022323984 6907025.194553056 2255856.3731216416 -3582470.94797056 34051423.70505104 -1485963.9418053234 1423892.1536699147 1077702.624551774 2265226.286177901 3103210.1864018287 950810.9277378387 -651947.755917255 1936119.8896506974 1659875.3466712646 866141.1982131207 -4259216.8351573385 1022712.5884579764 3185321.6498775883 2013849.2350462538 -2671264.753274943 8395788.66770087 -913866.5757002921 953147.4423379104 2944306.3500663764
-1267281.0675413555 -3935637.9835927207 -160009.90929166382 1518911.4946295084 -1032981.8812662321 7223708.440564404 -1485963.9418053234 35788667.64126802 1417348.668895427 590046.0041899958 -4544217.886047282 1518395.4022565708 -5069392.168268504 -1502874.5883311029 2623884.4174927897 -24972.038469538715 -588406.9389707915 -1186771.7717473323 1788291.6742021062 2187034.2522592596 2020968.95971181 -4002893.6588464575 3690084.840379409 687488.0625316899 -3088103.581101832 -1450015.6547611698
-5260882.515690786 -2832848.0158551866 -3068635.100703524 -3608484.596215175 -740758.7921819661 -3889720.3415319757 1423892.1536699147 1417348.668895427 27872256.831240635 510540.56610930566 -255684.15232920565 5315177.573776254 -2206464.573950979 -2285178.353981115 4632256.262054375 -4764693.175495313 -837615.183933233 -3140259.57968632 -780785.151108172 -2514790.0564512676 1098759.8960358747 -693181.6108874024 -1124183.0410280551 2959720.176629247 -7582467.438599067 2230149.505468826
-686208.0369970478 -7707671.661149606 2312388.7695689877 -86514.93431744949 3841910.825920342 -442883.1433511581 1077702.624551774 590046.0041899958 510540.56610930566 33525636.281223573 1099174.9413091098 -1287763.136108699 3264694.08054137 -1362420.583661813 -3822613.864444041 -3871402.841590228 -3458589.561180038 -624882.4613554957 6244421.374801637 2896872.9033057634 -3090010.942572818 4955578.1610763585 -3044552.192891461 3260688.5765116536 -4664325.0892233355 -2533768.6003070753
1598948.9626849173 -3695709.7920012227 1431124.3627562672 -1596685.9361655926 -8458.648644510218 542801.1076008388 2265226.286177901 -4544217.886047282 -255684.15232920565 1099174.9413091098 32852728.797145735 51156.88873259922 -5389075.244213443 -2406024.5391004183 -5156004.631918452 -9250045.00420775 -2320592.4739950406 -8544.35577597257 -4959849.453181964 2095982.8870981303 -2148665.0737120556 3240090.3641196555 -471848.33140859567 1224214.7954151838 3396322.7557623293 415128.3431057071
-1226307.1824449904 316938.76908063557 -807005.8469092972 -61504.951358900886 1349407.9565067107 2253704.052128805 3103210.1864018287 1518395.4022565708 5315177.573776254 -1287763.136108699 51156.88873259922 29186683.036525294 -2320608.134558794 -1314155.1800497437 2182891.391945883 -2683272.3584633777 852626.3094131462 -4488499.354132152 475267.3135649093 2037467.6346887578 1235911.939490217 3219246.6620467054 1686670.2274679854 2771261.6769974255 462151.83558085014 -2866995.3675468694
-2341026.801945455 -77351.15773822276 2430025.089943176 -2407201.936148795 -845125.6463826846 882940.3844856981 950810.9277378387 -5069392.168268504 -2206464.573950979 3264694.08054137 -5389075.244213443 -2320608.134558794 35427061.47712001 -2408723.640496255 -592005.4902583563 -940843.7993758455 4716750.613881914 72232.76909063107 -1008022.792464514 918208.5497958357 721682.6919048149 -981083.2430373078 1696060.404574073 707805.718911588 774639.9727691825 -1939362.9409317826
-2302884.548497336 39292.90209197529 -1867852.6506157059 4278818.177070387 4588451.846349482 -7749913.048349801 -651947.755917255 -1502874.5883311029 -2285178.353981115 -1362420.583661813 -2406024.5391004183 -1314155.1800497437 -2408723.640496255 30227817.864764225 3620280.734339699 1589367.5406961655 77687.63639439295 -5035989.535777772 8605070.722709594 -395294.21318144747 1602291.8738027504 4863382.206003315 395396.10809730925 -1400594.6949184581 9040133.974757915 1872302.6591087887
1398272.7355874886 2430635.925205676 -729016.2032783899 5956672.999885112 -2332149.9291827376 -2685593.1870383476 1936119.8896506974 2623884.4174927897 4632256.262054375 -3822613.864444041 -5156004.631918452 2182891.391945883 -592005.4902583563 3620280.734339699 36425967.11623454 -1063872.2138597597 -2430086.1285885964 -5552790.595712303 -1722494.45863806 -7667746.428530938 5636936.227982637 -4702425.89339256 -921832.5899200845 -1317693.5490617983 -347808.88047382684 663191.3106396464
-366488.6410444591 4277429.063045234 -2071150.2098410015 4856847.541042835 572022.5236972187 -3041203.5358975776 1659875.3466712646 -24972.038469538715 -4764693.175495313 -3871402.841590228 -9250045.00420775 -2683272.3584633777 -940843.7993758455 1589367.5406961655 -1063872.2138597597 29958080.648517992 1563427.1783223364 2493442.498918262 206823.18423866716 4821169.995228942 -347331.7109301515 1221497.8205399534 -2849272.2397482316 -3115621.2510800236 -276739.4305276012 -4616419.201767533
-4146716.3332144744 1463798.973782094 -1276725.1370690912 -1122469.8728464148 -220169.9254290066 3162623.6250181207 866141.1982131207 -588406.9389707915 -837615.183933233 -3458589.561180038 -2320592.4739950406 852626.3094131462 4716750.613881914 77687.63639439295 -2430086.1285885964 1563427.1783223364 33055981.188501254 -619696.6427653622 1005899.9577078618 6360195.8556013005 1976261.685764209 -857559.5867991778 515754.36745517195 55843.04910609468 887932.4347467291 -4414691.861096559
838366.5567466016 4140474.898195237 -4514785.685846231 272008.0521424807 -2010510.1813945721 4216800.244327822 -4259216.8351573385 -1186771.7717473323 -3140259.57968632 -624882.4613554957 -8544.35577597257 -4488499.354132152 72232.76909063107 -5035989.535777772 -5552790.595712303 2493442.498918262 -619696.6427653622 33268826.437363643 -12258.782173467585 6526591.718935178 -376067.8596681552 -3931200.430922034 -2271835.758308083 -710554.5388278882 -4665354.052017073 -418409.82908716635
4163527.750336511 3194941.244649099 -1202607.2919592194 416297.1295462242 7665540.901873886 -1934406.6538991616 1022712.5884579764 1788291.6742021062 -780785.151108172 6244421.374801637 -4959849.453181964 475267.3135649093 -1008022.792464514 8605070.722709594 -1722494.45863806 206823.18423866716 1005899.9577078618 -12258.782173467585 30381952.708246995 842182.7543447765 1199133.0145258985 350605.93527546304 -1184718.8617664836 -2698908.39520639 1538522.7058960919 -5119919.329817991
-2254282.779957444 -6246337.114575888 418807.21324184694 2833517.551388537 2674781.732162581 5896206.912695541 3185321.6498775883 2187034.2522592596 -2514790.0564512676 2896872.9033057634 2095982.8870981303 2037467.6346887578 918208.5497958357 -395294.21318144747 -7667746.428530938 4821169.995228942 6360195.8556013005 6526591.718935178 842182.7543447765 31992517.461742785 -253554.6160807347 -2280573.711093376 791004.3067776606 -3760388.4310066225 4139961.6368062743 -3329038.1984168887
-5622488.551474558 -4709679.287257835 5043502.475436959 -1573401.9534678697 2560580.1783708157 -2242773.4521321943 2013849.2350462538 2020968.95971181 1098759.8960358747 -3090010.942572818 -2148665.0737120556 1235911.939490217 721682.6919048149 1602291.8738027504 5636936.227982637 -347331.7109301515 1976261.685764209 -376067.8596681552 1199133.0145258985 -253554.6160807347 33613823.90295649 138597.31571753716 1681396.761843342 3788141.109286654 5524585.734755088 3310279.2887755837
3788564.8987186775 4339908.646265311 4885635.278284245 857330.2939094671 1533094.5311024874 -4296254.262879823 -2671264.753274943 -4002893.6588464575 -693181.6108874024 4955578.1610763585 3240090.3641196555 3219246.6620467054 -981083.2430373078 4863382.206003315 -4702425.89339256 1221497.8205399534 -857559.5867991778 -3931200.430922034 350605.93527546304 -2280573.711093376 138597.31571753716 33388717.911963023 -1137937.040099086 3762260.2296369034 -809731.7000318042 -883304.6963907367
4431421.276320924 545870.8933696478 -1358291.2215870991 1916510.2862231613 1897327.1320349474 1551582.1643553376 8395788.66770087 3690084.840379409 -1124183.0410280551 -3044552.192891461 -471848.33140859567 1686670.2274679854 1696060.404574073 395396.10809730925 -921832.5899200845 -2849272.2397482316 515754.36745517195 -2271835.758308083 -1184718.8617664836 791004.3067776606 1681396.761843342 -1137937.040099086 33586105.67320346 849442.8457581066 1514272.095585814 6342583.103304347
-3880060.2647661534 -1762749.0728373283 25451.985441231292 101046.45532466387 -831762.9221778999 975279.8987921133 -913866.5757002921 687488.0625316899 2959720.176629247 3260688.5765116536 1224214.7954151838 2771261.6769974255 707805.718911588 -1400594.6949184581 -1317693.5490617983 -3115621.2510800236 55843.04910609468 -710554.5388278882 -2698908.39520639 -3760388.4310066225 3788141.109286654 3762260.2296369034 849442.8457581066 31023393.080254328 45793.81696454396 582722.134612934
394490.3185409534 -103013.22485293518 1738860.9779362183 5286270.064598243 1340061.922363465 -224726.28483680004 953147.4423379104 -3088103.581101832 -7582467.438599067 -4664325.0892233355 3396322.7557623293 462151.83558085014 774639.9727691825 9040133.974757915 -347808.88047382684 -276739.4305276012 887932.4347467291 -4665354.052017073 1538522.7058960919 4139961.6368062743 5524585.734755088 -809731.7000318042 1514272.095585814 45793.81696454396 34046750.726341784 -1998463.9653950892
-6098804.9236672195 -2595416.16968182 -3013329.816970159 -781526.6445781506 -3858050.548524897 382241.3886387926 2944306.3500663764 -1450015.6547611698 2230149.505468826 -2533768.6003070753 415128.3431057071 -2866995.3675468694 -1939362.9409317826 1872302.6591087887 663191.3106396464 -4616419.201767533 -4414691.861096559 -418409.82908716635 -5119919.329817991 -3329038.1984168887 3310279.2887755837 -883304.6963907367 6342583.103304347 582722.134612934 -1998463.9653950892 35421736.53747275
