34632311.85277427 147633.21468654092 -2356832.661116113 669612.50214844 712868.6522828805 -1607401.8958193555 -1026213.6353215508 -777397.7371664775 -501537.22573392227 1482560.9692252232 -454870.0376246933 -2737222.5037938296 1156259.2323208652 -4035532.3022092576 888048.6052272032 2469965.228306777 -2090926.3974772587 -2968373.0604766835 -3087789.3627222013 -169987.34098705303 -1977746.0797724258 -3373265.682603779 1177490.6838052461 -3100867.069787658 1819290.442567893 2651166.6500515593 -3686556.308814878 151762.21346360215 -1359478.5706252179 930458.5998675982 -1947666.4313263663 1273790.310070349 880712.1053987216 -75153.10861725456 3392779.479176946 1788415.421276957 1164516.8976958923 -1087246.0603925402 -2496582.615096179 785337.3636393427 -1003247.6778357837 1322440.6002794893 -620386.0043243276 -329962.7238782192 -631107.4876961831 33276.064913111426 68907.39444919834 1488030.896183529 -1575146.0711918105 -3168714.0586980055 -566618.0966695929 1862994.1565260363 -915615.9740376085 657306.7528253377 1743437.2445661172 -1698361.162263245 -2337735.2420183257 340102.7867759343 4040042.3172114044 -788649.2730452045 -1953396.174671176 459634.98966062366 -1035058.0674181173 3137181.297685026 861959.0786434441 -1577692.3876882337 -2237290.7427632334 1362995.7858696468 -580225.495941595 901965.0004387819 -1690189.13344565 169966.97593633732 2091513.607189144 2453443.6936544 -5885735.192537711 767234.8932889844 997203.789548773 -3535796.438244286 -4543214.95317301
147633.21468654092 33969975.28128966 -1224442.323861956 -1078091.3933814021 -1952951.0569193119 2326972.095119179 -195929.73139409264 -524358.2511614064 -2136406.29484561 -1210292.466566731 2884065.7905922807 2254766.669120835 586815.3803752031 -1666192.9430426932 1448160.7572251284 70964.37972937434 -102634.08591443062 1301153.1065676936 -2509826.056524959 -362423.1799147505 4465330.889255148 -1116702.3935153426 1565782.1750712157 -1619961.191771574 4925011.206351995 -2923953.6545287673 -3136474.1831970406 -768033.7043177676 -1228298.668039409 3036627.387069636 -3405630.394063792 2480981.010025471 -2444556.6832160754 -2687068.9426627625 -2500848.57276083 1386391.9055739555 -2206814.299307016 2006356.4781062803 -2691537.229876132 1301521.6106270999 -219205.27326382452 -877833.8252447894 -1342616.1343836018 -450938.31928864575 -238942.9708539685 4126528.310941552 1887798.1374625238 1543973.325147937 427563.02965568285 -275005.7731527248 -3858111.0021107728 1463244.167343079 1253354.7516705766 -1503527.2596138834 3719636.504389743 2497025.38196083 -3075167.831289909 -58038.53497197867 -516124.4395590339 -1089721.397935263 -1090787.8189443843 -344022.59854133386 -1722282.7780959606 -4085018.914198123 874911.9160515809 483912.6324098562 -82476.3848112553 -1304514.7730943626 -1077569.9645594023 -492415.8149640006 -1236881.6796301922 -3059394.679929272 -1265884.2883592097 -1470870.8786950684 1302273.8371902506 -3609658.8279010723 264972.48289541213 -657192.227212514 -307039.3799203136
-2356832.661116113 -1224442.323861956 32573836.45837043 -480634.0045195186 2691487.0840650857 2918791.7525775353 -3533570.588112205 -108633.33445452712 -757841.1215206578 -287471.5541045805 2363741.1823970103 1407386.1060949785 674442.149476767 3256208.996630442 702923.3762621455 -3175208.311352013 991813.2174616567 1301884.5604465231 5096938.586107106 -1614985.7348310081 286941.1015427994 -982339.9287466862 342291.93948901107 -4155741.987964601 1026020.1283087968 -916376.801063548 3629064.5878986204 462832.4503131989 711782.906609322 2996810.0572725367 852157.1737674124 2848198.8587345188 -1192133.9188309505 -320467.06461479794 395672.3889489399 -157558.69792911556 1873158.0860429099 774696.8198010299 597489.8566834596 1247896.3627410124 52423.297926898114 773832.604470533 -2056378.3785996833 1274048.3867369317 2119381.0284110853 1029203.6457416567 942559.4487697243 -2731326.902089897 1000027.1444368971 515451.73662152886 2049296.831387135 -3673589.5318509056 2112649.843230532 -2114682.565702549 -1180561.5311574258 -1706059.644301571 3048371.7519961777 -2325519.2727501374 -1976670.6683637598 536197.9825911014 1830079.3115366106 -566147.4575803087 -372582.75676376274 1533904.4040134063 1119578.6350197427 -1138278.724435712 -1888434.4474965855 -3894355.531041202 -348660.07254699594 -2971311.533262367 3170272.4588384195 1877192.8882342174 -6228963.274698156 1347243.8242653909 -2666293.6796571924 104532.25008034274 -942205.2431240246 1200252.521889336 -662789.6053951151
669612.50214844 -1078091.3933814021 -480634.0045195186 30548200.713141393 -2940082.2243272457 10814.179112765607 122356.79935962186 171725.25397772662 -1061166.398661937 1958499.8126794368 2724853.639804596 2337341.941473056 -1248763.7496892784 932302.3696856715 -3679114.0944841085 -2836141.9764655614 1933546.1756652545 1190771.491435432 3449435.6448862273 3763715.9094082233 -2380388.312018662 102672.11366250829 2010891.9657081142 1838193.9992952056 -1266028.9167244188 -608954.2719930036 1846554.5986136154 1709933.253838378 3697127.2083583195 1498178.5024495176 -69911.55817754446 -2744398.226684235 314135.08534922235 2928230.3013429954 -3066805.5542497453 -2110584.196197249 1003450.8775681313 899999.4472923342 571663.4106790951 -1676209.2889129221 250755.72773182055 -1313811.262077367 364365.2073643091 909347.3562670317 548371.0186322985 572843.9205641797 856486.3593613094 4179431.1258939416 8887.342900728958 1377637.6359874825 210346.7787349534 -1400606.5238252173 2627482.95935969 515834.1429472279 1557608.9241589145 -1304656.490725257 717594.2019141326 1188686.6794382762 2801660.2687176047 2168670.3811534364 -1263406.423803073 592594.5139270596 -2544363.824439657 -1120162.273333219 2511217.204911826 176451.59755368598 612641.8238312883 -1106639.223494576 3961181.506323611 565098.1113294238 -2156796.22135609 -2301222.5255158236 1018204.0280977426 1689693.5220405352 -179113.99286663323 1359460.5403949218 -2486279.433461718 1803790.1801581718 -684326.6606437596
712868.6522828805 -1952951.0569193119 2691487.0840650857 -2940082.2243272457 31850561.694020037 1282204.9822741435 -1046413.223243564 -582020.8602803808 -689046.8015442012 3011847.6358778677 -2086965.610577338 -845482.6881144849 412866.04463046644 2055186.0826348742 727503.1347180399 -990936.012464197 1410450.7605603873 4104444.078660921 3262259.5720306155 -2076252.2343907058 1878722.0147345334 -850336.250418193 688631.5338920711 198603.33381796142 -152270.6818008255 -1200565.8820596696 2602671.29519345 656794.7517241725 1402231.835795922 -3543955.826932501 2528436.9461591262 3056683.101648454 328151.8652866948 -866808.3273645703 -2278965.3384320335 5136430.034521985 -707695.3257944334 -3475355.908092557 673890.1588368032 1154824.4446878016 -1194119.3421170856 2774975.440693357 718986.3960006156 1199591.898543615 -2058364.6794464434 -1662055.3725198985 526002.898475429 -3030486.7555220528 21304.422015372736 -3377559.1828660914 561706.3611840812 -1262672.5926989329 1812119.393624755 -599844.7942159198 299566.3472209317 -2194636.760579089 -3785421.1794982855 -497965.49188358267 -3929725.268740659 -1559937.5289881215 -3138270.5098781325 -2158226.1583931237 -2927639.333013497 -1164656.0822803096 3316610.7260728474 214705.87801710822 643184.7579305525 2280767.9872222547 -4262303.302541793 -1460081.4477528187 2497232.319865463 -1206627.9887127005 -829078.1256748461 1539414.9613162153 -677082.0121906804 626508.2890446098 -1808451.7364430996 1816412.375923511 -739394.0352317272
-1607401.8958193555 2326972.095119179 2918791.7525775353 10814.179112765607 1282204.9822741435 33885418.14119306 -971995.0487804243 -1900312.6845140255 4277677.096832888 -758721.1459655171 50038.646788397826 3385559.862037561 -2323840.371611121 -1071210.3859166275 1737438.0959272133 1080552.9737812292 3993258.9749424667 30462.506026037237 3784303.062088352 404215.56679253204 -789792.527374584 -1092428.0665876274 2727171.357108828 -2596087.4696602225 -678806.684507283 3707973.623872112 773587.8087451388 -688924.0337701094 1000871.7373388783 104721.52494589967 -3912464.3360349336 1991299.834150224 2024348.6090592323 -312380.0158671374 -1577431.918094177 -774594.9729441565 2173743.189495026 -2565370.5480958065 662025.5261378512 -1884707.9810188115 519549.79106441035 1526719.4717719469 -619933.4024841464 -2682744.8911353173 -288203.5548546217 2273375.4645591727 1720464.343163958 -818642.1314692236 2389187.807783115 3652838.8824585997 1935970.852163231 -1779741.0699782874 2413531.3371258783 -1183453.941182566 1038312.6924259621 -1873747.5433344778 -1644002.6148503798 -2823713.784727877 659417.7426420499 -1682616.4217129163 -1425572.2144548187 -2470703.9248478343 -2930148.053848503 805189.0992684994 -563678.0780303234 3607719.1782514686 1984205.6062261849 -1764310.8467364425 -1290375.7875453662 1254661.7779693098 2885134.559188428 -2469740.565320861 -2090772.1351175373 1167874.435303042 -888742.8279223253 1227534.1136285265 2828965.7934635486 3194075.3875672924 -1706355.4329193498
-1026213.6353215508 -195929.73139409264 -3533570.588112205 122356.79935962186 -1046413.223243564 -971995.0487804243 36577650.14376012 1483906.169409602 -1295606.8994851639 -1889769.4781037834 -1708852.259488351 4089459.8615132193 -2853726.584887513 -1358766.2933620354 -500279.1845459757 2288580.6595074465 -172571.45970926224 1626715.458151171 -2306012.95378366 2375996.176138062 -2918035.511574901 1362818.9662113665 2172738.9998782054 -127408.30502856449 947260.2763670519 -1832387.9131820963 -5779388.551681742 4234633.532071847 2351681.573396704 -719154.5910787721 613727.5375601801 -2562610.2390338243 -915214.567311185 411784.52698551805 -3807828.8679338894 -3239952.744801247 -9326.698966703072 1383254.9863839832 3315589.726810229 1425035.2129736731 588544.3362965846 5265020.269941234 -2623298.7493518367 106000.55795324018 -2468498.23365284 -3053446.5309028677 1625377.0875500243 3340693.806954071 4638552.38444199 1982508.0986433674 -2381643.3342566597 3984488.0979946516 258964.410628444 -3403994.7882654415 1650173.3608369948 2108433.239854149 3056568.4811170083 -235764.2731278159 1767049.6442732052 2118116.9521892536 1646361.759418294 -5080179.276740905 -2252683.9143315586 19060.756671546595 -491705.1992676676 2527398.3481219956 -4377135.9372058995 -3874549.092344785 -2035919.7765695462 -1574198.5061760396 1218545.9552500802 1323462.9823434216 2805936.803985787 766707.0036047772 579472.2540898625 -682310.5253044473 -1680108.9322133348 2413167.5953832027 -208879.53913394897
-777397.7371664775 -524358.2511614064 -108633.33445452712 171725.25397772662 -582020.8602803808 -1900312.6845140255 1483906.169409602 32849680.800894108 1819988.0879475006 -2075526.422782359 2169234.5214493717 2481994.834852787 -340818.004719648 -2596304.625704301 -2631928.3378695147 883954.8427956726 -1974008.0406299613 -2243011.66272483 -2431898.33838005 493028.7135200542 -2788563.159564559 -2870715.895944359 2725794.2969217272 -268073.9329402062 -667005.4807100967 405391.46925826377 -1124852.768159163 938777.9005050841 1348191.447438611 781841.2832487259 14360.886377607361 -2209210.434558179 499279.4165439283 -132561.66749683523 -1840092.021665168 -4326416.451928026 1996879.4175356543 1145499.3533665088 -4204397.51095732 -1243578.2985516198 -5744151.652003796 -2533292.6880999897 1678593.3799420234 2558549.9145621634 3139562.7855022918 578516.599302465 -3455582.1800198383 -572378.5631953324 -2608282.8143192898 -1538122.6717889986 -2807476.778678171 -436923.68425256526 1762765.2130267806 3133169.132060541 1504147.5731087958 707040.7384826222 121576.1320145656 1303524.95751924 1350593.4393969527 -679045.8840217228 -4561414.729916856 70298.0212191979 2978034.1589171104 -849802.9346123867 2450950.613521667 56436.2083087948 -2000715.6773166524 -1920547.528372131 -911894.3066317592 350698.85967551125 -5377779.950542624 362776.5667558992 -2545233.228339121 1438631.3296604392 2898511.613488107 1732429.8940062954 -4173796.8334417976 -312595.74548060156 1445139.5681595774
-501537.22573392227 -2136406.29484561 -757841.1215206578 -1061166.398661937 -689046.8015442012 4277677.096832888 -1295606.8994851639 1819988.0879475006 32602873.125362027 4263.67186199051 -2771973.3070916147 1606388.3154941376 -269987.0408128208 -4183784.853919506 514546.1822241368 3097355.64341869 48440.57045978863 1873961.9531187615 -250588.03530008564 -2637135.8226317274 -1966482.8996192468 -3226874.9528278983 1842067.9351508922 -150420.82578096262 -2234578.9302070043 1921041.1250143838 -762004.8653299985 -533105.5934011189 -2340868.758172211 2432719.3668353627 2128294.124079888 2554176.9055130007 910289.1673410876 -2806651.774593478 709523.5157199978 -1836185.2065559463 1482433.1972171173 3786727.7237193966 -1350145.7661546979 -5605460.341369775 -608616.4043476032 -5391778.938125435 -1257100.6448576855 60777.65885978845 1929848.6722181856 -451553.69668233825 -444034.0662490201 1052606.2832845845 -3642.1488976450673 -2456396.134136971 739759.8715463518 -313558.67557428207 5064833.4168885965 2526297.4289808613 2222745.5333506935 -2239884.5572159477 -756770.0662117018 -778997.8317735455 3640038.6134988125 -4369720.287338864 2340274.3840429555 -1345054.6249360999 -2184942.5798181947 77664.27279936308 3489423.455060383 1952640.4968146542 137532.9495429515 -1566815.8698472679 2212199.7746739206 -590280.161057067 -1153884.860384957 -2133410.614001243 1182617.8335184488 -4700727.394590151 -1890662.743043 2133985.287289786 -2271408.817641717 -378526.47945492534 878437.5973364057
1482560.9692252232 -1210292.466566731 -287471.5541045805 1958499.8126794368 3011847.6358778677 -758721.1459655171 -1889769.4781037834 -2075526.422782359 4263.67186199051 32541926.339075454 480018.3159340457 -765796.5051729194 3597380.637249851 -819420.4001306123 -1823119.086875698 973285.5640006621 -2622095.1488750544 -792984.9404466465 4813687.104989349 -3487020.466867994 -451959.10904282116 -807276.7469280126 -4322569.084315006 -1331726.3907788063 -3856973.2821481107 -3722582.808263278 -3060470.6257745344 282944.8106957921 -2923163.72081621 435139.8640422482 -1061944.3195971951 -1593592.465426584 2525441.8001538217 -2951213.940970265 744397.1959056616 1810848.102803856 1179969.1052284515 2089040.547087617 -957884.0902146715 3702194.947854042 2129336.4169340995 489853.42274518707 -1965562.9473535288 5367193.907422416 1858344.1839712008 2367341.599229476 1257955.964805739 -1383500.1297116764 423287.22872712463 1737589.8548333002 1383370.0165445744 -1743701.9223825268 -281649.6692382321 -275867.2418889179 2968581.56130501 -722935.557253524 -4851037.749861201 695521.9372777253 3246571.446495919 -2691419.040770864 -1205973.5187610204 1550912.5776955113 112388.65764032713 1866161.6940951901 -558361.0017764884 -93192.21326177515 -2572111.4040145073 1582906.8609252018 1857843.2171437573 655323.1599133697 2896092.4128102195 -4564036.757398804 1664832.6792210478 525082.1216652681 4340352.179660952 -2499832.599520879 -4167787.840324386 -452702.93352542387 1085432.6337565293
-454870.0376246933 2884065.7905922807 2363741.1823970103 2724853.639804596 -2086965.610577338 50038.646788397826 -1708852.259488351 2169234.5214493717 -2771973.3070916147 480018.3159340457 32324377.70527736 -2208838.8110586684 1914864.5831749642 -1136310.5926055203 1816509.679654326 848312.1636604497 274434.1894452545 -517516.48370784154 3219590.9185077087 632100.8865012013 3431239.1012242367 -82494.53774702668 2313577.6198029607 -2354938.9929894833 657139.9463049237 -4851528.689530898 -1695318.3418205061 -2070178.249872075 -2472434.9470310463 -2217029.505864392 -3503229.8979266766 978247.6484522469 -1622153.7805435879 -2172906.403798877 -1012433.4761506843 572875.823407219 1331402.624649546 -786138.6635715598 1392304.412492765 -646860.3335440094 243429.4357886189 984028.6595879287 3823999.179746404 1548388.13830054 -5081571.083034001 -2240911.747169835 -260084.51218711663 -1468297.361328537 791276.8457511315 -3173374.5681057204 4060691.1021566293 124179.89865139498 -2234207.8043172304 785898.5575846143 392655.37360958586 -1501711.331108583 2330098.7300519105 -1632190.325804001 3493882.771114219 -1509593.8844567179 -4326023.071738054 -994091.9229110046 2208265.7144087506 1509166.2373429053 1602972.4115607855 178051.68012602523 -783290.8581254323 -146726.43951734263 596395.4632247165 -96060.17380721458 -1051546.765083116 -2646512.2713968703 -1026972.4142983244 2084680.2057698697 153884.25481768823 -652639.014409438 -81992.7204706721 367841.24625856365 389767.87842864904
-2737222.5037938296 2254766.669120835 1407386.1060949785 2337341.941473056 -845482.6881144849 3385559.862037561 4089459.8615132193 2481994.834852787 1606388.3154941376 -765796.5051729194 -2208838.8110586684 33278154.347816933 -3111542.8845373336 -1103131.565305892 2188923.697687397 3177266.509055293 -3546451.1760948873 4451064.586009586 25893.53239506174 -585601.7055447232 -3006429.6955256066 1595768.2387918408 -1868680.7961785463 2656929.421333406 -2703871.2282423847 2174908.254009479 691105.5035409584 2303303.7054902907 -616684.1878653518 769597.5022070021 -262931.3080893903 1869085.7697523972 -201352.2186039092 917132.0663142821 -874948.9454908095 -3858039.2010877603 1300391.1286684265 -438017.64322021883 -134655.05486805615 -1106393.2599111518 1459775.871716156 1345989.4226488871 -4570914.854671789 2111764.6072905893 -1138030.887655904 2354832.6293061934 2226170.1815416827 -384089.66692448524 1297424.3651463434 2116100.3360391045 -1423733.066844949 -2530915.324498751 1330139.4497590594 -749861.4562686572 -215412.27835011357 2193089.1585302837 2017425.371668479 -289662.603930697 575521.9657955706 -1169109.635043064 -539642.4772428699 111659.89384473125 -1833338.936778325 2342800.1364620393 3071627.100760681 3613636.4192705187 -1820704.807236464 -3554881.0635552453 1624671.787742975 -1442112.0959124262 -1798500.4876719373 2411319.1227728743 -3292242.1686670496 3565464.3001974393 -972263.2887267206 1617356.7605074167 -4195269.811345532 639008.1063394523 -991263.3292072526
1156259.2323208652 586815.3803752031 674442.149476767 -1248763.7496892784 412866.04463046644 -2323840.371611121 -2853726.584887513 -340818.004719648 -269987.0408128208 3597380.637249851 1914864.5831749642 -3111542.8845373336 33573795.05781208 2610539.3099273425 -558946.7490817953 2090183.5572207351 1859749.7184881791 -1136404.2465730503 2644805.4889794346 -1546709.5459377351 1439006.3572532113 -528504.2597806525 329020.81672272837 1420180.8868301958 3483689.521431582 -2096478.7020745066 -829113.3803036684 -3099405.129782633 -4086915.479850092 -2733343.3620813517 725767.0971479191 2175057.5188272013 433529.83854337333 -2987637.5059428117 4699348.379153371 -2083782.9336875805 -1634244.2392693034 4569178.606710963 2633698.986961862 -900331.3455285358 823738.2006288196 16207.084525155453 2142469.3154941523 1714026.2850427683 2103982.59161376 -3021587.3993446757 1264516.8178494081 1814951.8206369078 498740.57580623816 103956.57242575733 -2732907.1873697555 1990125.530590169 -3355326.4270926868 -3358966.726574104 1701344.058124953 -1434380.7374969742 -1115813.8796878748 -2816057.275982946 -2726779.3457855405 -3725589.6037269235 158484.67262663628 -732795.4865806758 -1318559.2222441975 -709005.5807561335 -609872.9448959146 604644.524149139 -981845.4573985008 2672949.1596161285 -1493717.1865875865 3455169.0163188297 -846286.2231120798 585930.6562318085 155294.75744365167 -3964359.694562704 2449473.6959538623 -2474197.922514051 1105226.1058664354 -156268.38920507423 -1864682.0025876516
-4035532.3022092576 -1666192.9430426932 3256208.996630442 932302.3696856715 2055186.0826348742 -1071210.3859166275 -1358766.2933620354 -2596304.625704301 -4183784.853919506 -819420.4001306123 -1136310.5926055203 -1103131.565305892 2610539.3099273425 32156140.04668355 4356899.603612685 -2084303.7275003002 1176994.2551407197 -2290208.296954543 -1212702.2443704016 277227.93362679775 1262343.7790221474 -2445126.0818243995 889401.5640104288 -901679.2482219244 275572.10872510704 808791.3703283796 4626897.343432514 2434596.4374286667 -2523348.1082349676 2380551.913457033 -983197.0206651974 -1686634.4040375287 266324.21963933634 321076.29361923365 -548187.7415549404 -786929.1724263461 -3514242.024994272 -1650362.4969349552 757350.419920033 1752006.996115171 -981471.1367792648 711925.5886487149 -2651464.0101254727 -514560.6788656115 -1784606.9509094367 406999.0112833839 3198873.185903487 2518201.1180988452 124661.9520021272 2546396.2810932864 972118.1221887849 -728234.9779862342 870157.7238205144 -2383037.285457782 -2019550.361612646 -4954850.944440683 -1263809.050544617 1607866.8357450136 -2326338.9170052893 1277733.465124578 3137758.9413102693 -503506.40133046865 30504.075464857837 -838888.9404119714 -1043953.4438088569 2837343.1267056745 2492680.619503142 -1238079.5449141683 -2127278.453786022 -2161963.4487934858 1016887.8404737198 1878133.354213498 -571903.3157494215 -3614051.2211247473 -1210114.1191784488 184306.58238034724 5116328.059983189 350520.63828089694 423340.65190620365
888048.6052272032 1448160.7572251284 702923.3762621455 -3679114.0944841085 727503.1347180399 1737438.0959272133 -500279.1845459757 -2631928.3378695147 514546.1822241368 -1823119.086875698 1816509.679654326 2188923.697687397 -558946.7490817953 4356899.603612685 33533152.7558181 3037747.590558573 796285.0754540517 -10915.559732166726 -1848656.0876086536 923346.7278386577 982083.8033419868 1369356.8153018728 1217022.9665973168 -4590182.855185765 623055.0425819915 -2564811.9287841627 -3296866.645921541 1868535.6559003843 -1443177.2633892691 87979.66800631744 1297607.7505614278 4284042.035468959 -750548.6055683759 -3229931.203437478 1675436.7084454014 3953717.413024217 -1645501.2455593063 876922.8654634483 -516822.98850970477 59478.99563243988 482177.0546428972 628311.9009030312 1673294.6579649006 2056991.975840174 1475916.7384008477 -806278.1554444189 3736993.97489488 2755598.7639391334 -1013729.9333611261 -1512054.9378838476 1342674.1210324324 -185473.33220001883 -3187283.830645317 -622405.1798066535 1019544.3904558221 2401148.131577825 1854663.4090321618 273497.3924432773 -324668.54531491676 -1089435.8432946957 -848107.7321655406 -1709612.7499758538 -2734607.0308110816 5485843.283861454 1467233.5167565644 4087749.749001357 2727259.41388588 663966.5660013087 -519866.9926276911 34414.71595528164 -1747726.8183212087 1763134.8393001112 336937.7950637225 -476386.03490858054 -83126.80539198266 2536956.0762888705 4554813.565289645 -481989.14965048997 -2313870.4449219764
2469965.228306777 70964.37972937434 -3175208.311352013 -2836141.9764655614 -990936.012464197 1080552.9737812292 2288580.6595074465 883954.8427956726 3097355.64341869 973285.5640006621 848312.1636604497 3177266.509055293 2090183.5572207351 -2084303.7275003002 3037747.590558573 35625894.183389835 -1224003.1987652595 3032632.698099497 1272929.9183329267 -1345587.5101275381 -1370731.478554622 -4416074.4707657695 2934258.494409538 4267857.660323141 533039.5072403535 3978340.2140077576 -784531.2139978512 311313.87135318044 -1146158.861601658 298120.09408050415 341294.09609726234 2661018.48554982 4776512.835841784 -42784.13792353633 3300920.704492112 -2281073.5741790766 -81735.70854169893 2488065.060532378 294761.0968993981 -4363083.377649183 1172103.6668756623 65944.37260882853 3343300.3423780133 2357267.939082035 -1874846.9371580356 -524001.36062221305 -3316409.313337318 149920.7952082074 2485101.8311884766 -1076373.358970714 -4483850.8662612345 3576493.7477981187 -953483.7705434845 -2815062.936085415 3392257.1841677288 1150263.5552890336 -1264035.2406249552 1038299.4503076847 178827.195424759 1931671.4849230463 -5117380.6884356635 607079.8484065682 -3359967.5762953158 3419377.1987637826 299803.1921081031 2856775.664653751 801548.5029245908 1004357.6325345495 82993.16362333181 -1889872.611992871 -3772547.5840286114 -2014574.1955406326 -2518191.661463653 1069089.9780863575 -2042667.7124695275 -4139585.948204437 -1947517.5633457983 2543247.9939724756 -6643975.954439434
-2090926.3974772587 -102634.08591443062 991813.2174616567 1933546.1756652545 1410450.7605603873 3993258.9749424667 -172571.45970926224 -1974008.0406299613 48440.57045978863 -2622095.1488750544 274434.1894452545 -3546451.1760948873 1859749.7184881791 1176994.2551407197 796285.0754540517 -1224003.1987652595 34246336.45495939 329715.1695131973 4299129.863159371 1354783.6558898457 81851.50259783588 217962.1953233163 -3374036.8717724048 939880.1587247826 -2821236.2080336586 -1136968.3237419222 2587365.4664428392 -786263.7071130933 4864051.269945174 704770.5883883558 -1161156.01988273 -1694058.231577491 -1809320.753729576 -931063.3995541723 -1638223.0435082251 -184922.71765033374 -1951.4031677707223 1858883.917217195 -150538.37854099588 -1223950.6115586788 1729895.1656672026 -785597.6637728758 3459856.078256996 -4303579.502987965 -605340.2743602339 2567711.085141084 -198405.1033899119 3323965.744581725 3061485.1686529457 -6003.959245910099 4054051.1790660834 321876.6829469643 -1511193.6926763603 1704663.7662724906 -1564457.8068538883 1869110.9906468932 -5030743.978148784 -3067688.527862345 -1692484.6164191186 2007213.8300911917 3244941.629160927 501110.30977921234 -1120121.923530794 2862793.1772965365 243376.2221534668 -425377.5600207036 2002005.9756635972 3212095.3198131453 -2562856.9157714616 1510124.7282011954 239945.60832511907 -1032052.3769064284 1718693.2183438821 1848034.725764527 -289365.42477197247 566394.4567254374 4032014.2397508966 -1674678.3998412846 3074437.9599231863
-2968373.0604766835 1301153.1065676936 1301884.5604465231 1190771.491435432 4104444.078660921 30462.506026037237 1626715.458151171 -2243011.66272483 1873961.9531187615 -792984.9404466465 -517516.48370784154 4451064.586009586 -1136404.2465730503 -2290208.296954543 -10915.559732166726 3032632.698099497 329715.1695131973 31181194.30783078 -1189985.08979934 -1160018.1193638989 4069684.1547554336 1562655.7441919586 2068299.8971350389 1657915.214621787 -1704371.8557335006 -2601547.695666554 -3016892.8300439115 2272639.0079197846 1352434.9478726902 545765.783640268 2133574.4275254365 17175.905102265475 -2975204.675817003 -765229.391034573 781454.4866077686 282694.05768603046 -1976405.1416325457 -4467943.620115523 -403761.28546148265 -1573282.2926581646 1342755.5210565082 4672341.791530586 1671318.7648270696 -1175536.3707659652 -3278109.007399639 -48632.56853139792 795806.403539991 -998765.708353425 1148991.0037353737 391709.53379298025 1869497.38462 4447283.193182694 2056193.26768038 -1901916.1595166537 -1841836.3444226398 2537527.1563071716 -2459016.9313237937 1577492.6898974867 -148202.5824757285 2542007.828904823 2547407.1408738242 -544430.5073747372 -3677572.893303829 704775.7953937601 499914.61568159406 -2112768.9285436803 -2728187.273123849 -3059794.286485347 -1402763.1570305806 -746941.9494860952 288847.3787671563 -1052077.061978931 -1427404.7669748187 1425010.3738139593 -602564.0087804127 99598.44534187081 -2270533.0642228816 2774066.714088399 -1861985.0648307668
-3087789.3627222013 -2509826.056524959 5096938.586107106 3449435.6448862273 3262259.5720306155 3784303.062088352 -2306012.95378366 -2431898.33838005 -250588.03530008564 4813687.104989349 3219590.9185077087 25893.53239506174 2644805.4889794346 -1212702.2443704016 -1848656.0876086536 1272929.9183329267 4299129.863159371 -1189985.08979934 33866556.68847287 -3997621.8930605524 360588.72617871285 -647283.7170794787 274079.98834611336 50165.422795025195 2218322.820400849 -1687217.8488568624 2478723.073894555 -3513338.953570464 -766367.5316854347 -1571509.482595076 -253858.29537214537 1096569.2640315031 -914160.7040879906 -1096493.104699355 965592.614382483 747961.1329729005 -226027.1813482313 -3140597.4324394832 1002180.6726942031 3226411.3685051673 3191643.6970334025 -2910684.5925816963 954874.9240901512 -1276080.2144131437 -1634311.8913858326 -343886.31772653305 2164143.12079743 1084255.5199425959 -812478.9234457318 467939.1206656709 2987210.8500715983 -4983292.955576588 -2875382.0968427733 -1994632.200073632 350080.7569914723 -517026.0790999548 -1035259.9295873553 -434880.9903062559 3245443.770347527 -57672.38308018149 -1745673.816931475 1853126.2569454422 -1433740.172019473 3055668.5639168266 -535826.3705091609 1677381.8299012412 1372290.903491267 -4393395.811924886 -2755079.325184712 1510309.968094057 2264361.986271089 -3251299.1361995297 -4075963.038815698 -192649.36738410703 -3111584.5606964487 -949533.7540118423 -281296.5453589173 1847653.9263120876 -3622292.134182291
-169987.34098705303 -362423.1799147505 -1614985.7348310081 3763715.9094082233 -2076252.2343907058 404215.56679253204 2375996.176138062 493028.7135200542 -2637135.8226317274 -3487020.466867994 632100.8865012013 -585601.7055447232 -1546709.5459377351 277227.93362679775 923346.7278386577 -1345587.5101275381 1354783.6558898457 -1160018.1193638989 -3997621.8930605524 37220387.61722502 -4169520.0449707895 1686819.3160848801 -1955355.1910551726 538858.5554715983 -888434.7478081203 420913.6887022336 -806001.3416534207 1641546.7289002629 -17812.141076245738 2182061.523884796 4055464.458647871 -5969261.504951019 -2174520.4362679324 1453579.2427093536 -1533332.995710246 -1998632.077542287 -1041429.9924631745 -413530.9531668942 -119996.99532903549 -2259707.994059122 -173864.4755935452 -1649038.0274412422 4276296.9065992525 -2915938.0985171376 -948880.513957613 -872547.2176158554 -3170271.782850182 1252285.829884633 -4065893.0990859442 734033.6831501271 1273980.071884076 -2998690.3987607406 1899532.6261917432 -154797.96698912812 236370.87911392725 -194309.03263580246 1225944.7184983152 -1637683.8887919146 1194813.1946850535 1378078.7391887826 -16388.965322801705 1579832.7435226962 -412734.83427944593 -486785.20148896927 1216174.1198634019 -2301582.3410608363 5286493.246082613 1900793.2516706055 -90417.37167694503 5492538.197012294 -1429777.0479284294 3652157.3310408928 52887.70311597645 1601703.2629877133 1576986.0983623618 -3929408.182341916 1934695.6703520613 1311116.5750136008 1899192.9753563984
-1977746.0797724258 4465330.889255148 286941.1015427994 -2380388.312018662 1878722.0147345334 -789792.527374584 -2918035.511574901 -2788563.159564559 -1966482.8996192468 -451959.10904282116 3431239.1012242367 -3006429.6955256066 1439006.3572532113 1262343.7790221474 982083.8033419868 -1370731.478554622 81851.50259783588 4069684.1547554336 360588.72617871285 -4169520.0449707895 34437919.541162744 107149.87874850981 3442380.5755006354 -2641156.916902029 1100613.6236151385 -2794467.528626282 -327337.28329510265 -3918250.6246688818 605823.9483206331 182726.6252961285 5161974.817757782 2069619.6357993577 -33663.753230371934 -701930.5481471814 -1681545.1140066485 -61135.648169297834 -2532996.4540527156 -2678237.6918454235 573154.5994174399 -627820.1939085335 1700673.8973321903 3132795.729877047 2037871.1972857865 -2377459.2874997887 -1831709.6192883772 1184316.1100791644 1529228.0374795697 -1716235.8793549566 -1001320.5060826455 -1524976.8137690262 4808021.6381219495 -68743.4441565995 -1594396.7533716212 3638791.411655732 -1364032.135210362 1347684.3288489506 1271426.7002952339 434769.0539319637 -1051417.839169436 -1391013.5995268787 743949.0406088739 -999439.4657861238 529637.4133294057 -1410275.424764073 1925419.6659151416 1768966.041709948 -12899.168263762384 -1294462.0702575813 -3619426.7061621896 -1669025.123967565 3723.6720395550083 -3237518.034402028 -1175073.127525393 183565.8211750738 -2349825.6748710233 -461890.8876297216 -1157519.3911578108 -1826520.647686904 -1577822.8042544145
-3373265.682603779 -1116702.3935153426 -982339.9287466862 102672.11366250829 -850336.250418193 -1092428.0665876274 1362818.9662113665 -2870715.895944359 -3226874.9528278983 -807276.7469280126 -82494.53774702668 1595768.2387918408 -528504.2597806525 -2445126.0818243995 1369356.8153018728 -4416074.4707657695 217962.1953233163 1562655.7441919586 -647283.7170794787 1686819.3160848801 107149.87874850981 31730876.964516427 -1796183.7543366351 785406.41020312 1030335.6234600702 -2303687.732411067 -1719293.4244947243 113346.27847324639 2627224.730338976 -2662290.635940776 -2091518.5068061682 -2657880.012194311 -247567.37482303556 979118.6605521449 2556192.3759873593 -525312.487859154 -2047812.4022998873 -1661445.086436647 933238.6669430914 788398.083888521 3245412.522319468 1923352.0141115 2437885.066530402 2813198.021069809 1028702.7236211002 -924388.5682255697 1104633.67327647 3061783.7653726395 -2029886.6075383006 -1934417.562756642 -885708.6697061158 4431798.859449299 835972.1480077292 -4169602.7892274433 -240564.5406518016 1295628.0660808322 674348.7549245162 -1585611.8740328264 512869.25302008505 624907.6404969312 2550604.350124916 81847.7309335603 -1066364.4622015334 771101.6121003828 522685.7021572431 -2025826.9499611726 1521352.6882524518 1517975.7427040683 -360080.05164675735 2981708.568531551 1376818.6871635641 170949.31531205372 -7528.245486504035 1142999.1021591448 324610.50732411735 461212.09435736615 739917.3625100022 -809384.0665742651 -280115.7827799534
1177490.6838052461 1565782.1750712157 342291.93948901107 2010891.9657081142 688631.5338920711 2727171.357108828 2172738.9998782054 2725794.2969217272 1842067.9351508922 -4322569.084315006 2313577.6198029607 -1868680.7961785463 329020.81672272837 889401.5640104288 1217022.9665973168 2934258.494409538 -3374036.8717724048 2068299.8971350389 274079.98834611336 -1955355.1910551726 3442380.5755006354 -1796183.7543366351 32834665.67640972 1434960.6473482673 1940920.5143344686 -638006.511628627 -2504056.6164505226 -1396111.3320176336 -1266631.7431371477 -1022781.6878283118 -677191.1237699133 2685080.124785521 2794974.211004616 2882555.542722778 -244462.37793689632 -1433557.6077208915 -2584082.6745670857 1268652.8048964883 -760711.3636537953 -6337665.863766461 -4245.264801526363 4075298.078900281 2014842.3772964436 528146.0767383323 -2007380.2536897743 70393.31685367822 1493559.827936083 -1102062.203129723 3474813.899282171 -485972.746718559 -1561678.0305632513 975607.4232713241 1770260.0295549545 -1976371.5544791974 3140254.6640535626 -1828438.9003374043 945529.0137332247 2990113.199058166 -89104.66427321505 1467733.406190375 1850772.9359921652 660873.7844385717 -1349892.2796782395 -635407.946939194 -2125908.547256542 -469053.69406837405 -1084403.551221506 -15448.649256889956 555482.9485311592 162917.2621081813 -2565537.943696367 -124917.24561521923 2122010.792922638 -572338.1866175099 2685420.9883526717 809082.3580198176 -2622229.049033038 2722742.6112324097 -1014676.3709583271
-3100867.069787658 -1619961.191771574 -4155741.987964601 1838193.9992952056 198603.33381796142 -2596087.4696602225 -127408.30502856449 -268073.9329402062 -150420.82578096262 -1331726.3907788063 -2354938.9929894833 2656929.421333406 1420180.8868301958 -901679.2482219244 -4590182.855185765 4267857.660323141 939880.1587247826 1657915.214621787 50165.422795025195 538858.5554715983 -2641156.916902029 785406.41020312 1434960.6473482673 34670374.06735661 -2093095.1050527804 -485577.03466602165 -3144232.1525717094 -1922295.2349070166 585276.892295717 -443762.2206222644 -1224332.186004765 -4995295.516557583 1525397.5629250708 960579.7261156664 1551430.9630568903 468696.45544342115 -888092.4036521919 -183142.16304671328 2561808.6158420276 -2333131.184061797 -229279.84449195172 -1277399.1727366773 2390245.912660822 1333702.9479020473 -1179678.06394753 -814461.600633314 -5417369.10469225 -3562937.700769683 518052.35937648173 -3630920.269369185 1035605.4979703091 2727351.601810463 4116881.21367321 -4146461.6081926334 296973.8152797936 -3155214.97154887 -6193570.285071734 1185998.7966964236 -1044784.9504080891 679941.2469171264 -371162.1012979762 1113841.648873086 1924110.0623358898 -1881448.7299689748 3023116.188155866 -598006.6849514826 -2351406.2723157606 2777502.300400013 -552832.744800871 -5852298.798955003 -1151100.601288766 2615217.406771997 -2557830.7085793437 -624437.7678302767 2716317.217941412 -788621.5738571166 -1097005.3193999813 1109338.8323563682 -882702.1879409745
1819290.442567893 4925011.206351995 1026020.1283087968 -1266028.9167244188 -152270.6818008255 -678806.684507283 947260.2763670519 -667005.4807100967 -2234578.9302070043 -3856973.2821481107 657139.9463049237 -2703871.2282423847 3483689.521431582 275572.10872510704 623055.0425819915 533039.5072403535 -2821236.2080336586 -1704371.8557335006 2218322.820400849 -888434.7478081203 1100613.6236151385 1030335.6234600702 1940920.5143344686 -2093095.1050527804 30890278.32356711 -138183.75242400554 3009567.96538459 910841.9081018565 -148247.9550998723 1225197.2290144407 -1606478.6757267488 2304038.8536154944 2314697.143532172 -419984.9979354059 2556746.5823792187 1716042.6164700794 244831.5127941106 -1175218.5175181732 1543394.5017084496 949191.114945996 -733915.9296041125 -242326.28538692583 1551961.364128616 1145355.9094928754 -1478372.9126213752 -1038657.0223006519 4289865.6672588205 1326749.5234011454 5177843.781339254 892375.5640179714 -3691760.318191299 833139.4613008783 -925295.9034689863 -4416092.571863817 -1464512.5728709914 877496.2133514113 69843.4170060962 -805201.3324486349 1909453.642115885 -2249344.8909850945 1100022.738130879 -2233000.865073213 891949.126016245 1123401.7177771234 -148966.65805710835 345522.89329277363 1442795.1105136916 -2102729.644712321 4549226.526235618 -2841631.9541635243 -3870613.9570146874 114741.16870975713 -2154419.9914796124 -1992589.6425407748 -3296693.10207614 -42087.4356795201 424703.6294424644 -901648.3574672024 -3759402.137484025
2651166.6500515593 -2923953.6545287673 -916376.801063548 -608954.2719930036 -1200565.8820596696 3707973.623872112 -1832387.9131820963 405391.46925826377 1921041.1250143838 -3722582.808263278 -4851528.689530898 2174908.254009479 -2096478.7020745066 808791.3703283796 -2564811.9287841627 3978340.2140077576 -1136968.3237419222 -2601547.695666554 -1687217.8488568624 420913.6887022336 -2794467.528626282 -2303687.732411067 -638006.511628627 -485577.03466602165 -138183.75242400554 32187984.49529396 376752.7379395797 1429577.1460604954 3015165.713792817 -383684.9915617915 -2482735.9812836237 -63535.1946293685 -88165.38120406705 3546024.3980731373 1285792.7194175469 -4009624.3613488926 1066449.145631396 -1288440.804966858 -281376.532297373 -73133.57825352826 -1705954.0866824302 650004.2239082911 -4835708.052808047 -4478322.049502394 -2343875.8330994616 3427633.4294909555 -2042912.7235775706 1224522.0294513574 -611486.8618824097 1716373.7924978766 1101127.4975297845 3794314.045454522 -1406818.5346658446 -1631493.8501104924 233604.02661665503 148462.3944008168 366580.4081209264 120406.8194104237 -895781.9409698503 -944254.1759127508 1326218.960211628 -1718952.6410999866 -3674378.6079760757 -1336503.1872022732 -3095448.456885071 -45439.796084457426 2966012.2090426153 785411.5358960386 -3024700.513879977 -2422781.8578002076 -592128.9634402029 -1620063.7373288684 -2866159.6888918215 38621.83999622584 -2708773.551790737 -1611788.4459202008 -1543082.807255165 3403697.363626664 2547454.572309294
