30702190.61662429 4787654.485325624 1863017.1152061708 1232412.8956949604 959314.2055515627 1452148.7782072802 1716376.1109713502 1708002.9371381144 501914.76013822836 1171221.8288870507 1023498.1472905723 -4081858.232369168 3300798.8184434813 -460259.8790403755 -427578.8741788807 -590680.7723235297 -663687.4799004566 982212.5686283482 742530.2339107924 33344.83444584068 1176038.9855314044 -1339739.821289541 169497.4538885688 127021.49924573631 -91570.39980943168 -3583997.738319343 -3210050.166218947 -2473792.8362428835 719917.7210425879 926092.7972956493 -340185.2286813473 -326853.59406492364
4787654.485325624 35242722.669105634 -4550923.494309159 388145.4291512889 -2703326.9366977313 -3956663.5088972626 1861036.6466505844 526680.0954874194 -734908.0671592893 -3023786.0485069104 -2196393.4679931644 -1254574.5853972465 -2328267.017550489 3661685.4524708414 -1085053.1797581068 -3901156.099910626 601844.4085417805 2442810.1488269037 1897663.5197374378 -4824616.292275697 3194866.384650512 3135830.772208635 860454.9260068401 4286456.580585729 2090442.5968170874 -693271.8278620598 -1027656.0659879373 2586956.4374549724 95186.86002644208 3329545.21958093 313738.5059326609 -1210333.439552343
1863017.1152061708 -4550923.494309159 33680797.418593474 428065.72061283095 -1162333.2162540127 3838727.3076603357 -694443.312164575 -2234496.7721995907 4270055.894295481 3346891.8024864197 1889696.588832093 1826086.7870106082 -6047340.462690863 -2177751.219388829 4190862.4299881207 -3979764.957034236 -6754209.226943125 1074428.5859086367 234422.76513973545 699538.9095525136 -3590444.193576493 5481525.008144119 -1331145.268584704 -1337384.5334203043 -4329554.885761498 -1197689.3776351572 708669.1146339196 4720929.404079126 1682568.1069946496 2563517.190091225 1669413.2925571308 5612224.732986021
1232412.8956949604 388145.4291512889 428065.72061283095 37810739.50032704 -2187234.454719679 -1430193.0057669606 1708090.033493014 996882.9683036573 3313261.4645234016 2072332.1648937042 -3889118.1955059804 -4839222.384207791 913978.7997903557 461344.26443931274 2931085.4219288793 161631.09055738949 1051615.6534333625 -3479148.6723156637 3233107.291144816 3208506.8968149573 1520846.679709344 -4299441.0605378635 1474851.750455834 1141894.4346053093 -4478655.887708015 -559970.8685611343 -1393248.8301815111 2021150.1068112496 -4879716.025868556 -2504733.194610531 -2193354.311899169 -856103.3229582333
959314.2055515627 -2703326.9366977313 -1162333.2162540127 -2187234.454719679 32968155.542760238 -113300.26017315988 120952.69021450229 -136978.61860927774 -1160718.3145422328 -89636.42913663646 -627858.4503156651 -3141861.1545429933 2877100.901996715 3745335.2466144552 178391.66282651317 992275.6931324971 811877.7453172449 3912568.736835873 -23682.589491528404 1302014.8681351966 -3468523.144471177 -2691044.17195017 -4618257.951276329 -1304343.4542242372 1068700.5412409797 1075062.1675459994 -4279518.869316702 -1302576.4971750462 -1531245.1107855337 522648.62922768836 485764.97591148753 2779370.3899679007
1452148.7782072802 -3956663.5088972626 3838727.3076603357 -1430193.0057669606 -113300.26017315988 29851924.44267572 -800303.8013059199 -6583084.9722666135 -390115.24938430666 2606883.27598073 1362015.3407641586 -451414.407932718 -2104503.3750753175 -238210.81041215337 1724234.9609426495 3041527.871716441 -5687919.590400882 1646635.0488101938 189717.88990373336 2743569.35543311 -3498513.2639766145 -45767.18868134491 -1123887.1698898897 5096423.263372749 -2180613.148290202 -3508945.660294555 6694559.531176071 -1146001.1726869848 2586442.7647505724 -5749965.582175363 2988281.9220473077 1118098.8943046157
1716376.1109713502 1861036.6466505844 -694443.312164575 1708090.033493014 120952.69021450229 -800303.8013059199 34258653.2316312 2604437.2624313617 25715.36550810383 -1926165.258546069 550905.8852307727 3089680.561710256 -1763919.3224208069 29680.398506188794 427823.5373985123 -3079037.9557872647 -3532607.910571536 -729250.4326130565 4033143.780604706 2576435.4948298144 3764176.6625976227 1599758.3301293475 -1870533.486000466 196547.57757008084 504576.5994942666 -1418012.553024904 -336086.51454130624 -968494.536061605 234984.9652112302 1817858.868740063 885620.7922289149 -859968.5546803426
1708002.9371381144 526680.0954874194 -2234496.7721995907 996882.9683036573 -136978.61860927774 -6583084.9722666135 2604437.2624313617 36271868.111675814 4881817.124775954 695552.8928217769 -2048271.888148253 1330309.5871028567 -4231342.532397581 4535335.586884845 -888643.9165872092 802777.1219320328 622712.6214603537 583654.4087564994 -1271099.330286228 -3652549.110025614 -635804.1074005618 544254.8001433375 -2548609.8486672505 -3536908.46621909 3836556.588532301 2740556.5262775198 -3263954.551568209 -1369035.0648704767 2111690.8423478664 4186265.0143367816 -1048164.9584922331 1315989.4740489256
501914.76013822836 -734908.0671592893 4270055.894295481 3313261.4645234016 -1160718.3145422328 -390115.24938430666 25715.36550810383 4881817.124775954 34268542.85547575 -2224707.5736865764 2267429.240457953 4162619.7758647082 951192.7649116509 841154.5334460881 608680.3474862922 1313451.0827507942 2068058.8281535928 -954869.043539934 2400034.9187366734 648704.4693659015 537365.1223164817 3688675.404762832 -633371.9140457948 -1891323.4622626833 -2621581.333303786 -209606.62963552738 -266567.95894056687 3874767.7106112987 258240.13651161973 2851111.3224933 746048.3257580517 3397993.9243810507
1171221.8288870507 -3023786.0485069104 3346891.8024864197 2072332.1648937042 -89636.42913663646 2606883.27598073 -1926165.258546069 695552.8928217769 -2224707.5736865764 33333805.12699888 508361.0000670154 1059430.774016139 -3557843.97064833 -1455493.715864672 -5590483.551307187 -2539345.724844865 -2009008.5613609145 1939556.906462392 -3899200.1678835154 467485.8575415537 -460457.651831688 -1795840.618127494 2572534.216530693 1566139.1287560451 -31700.461129648284 -3819394.5265388377 540707.347692245 1179962.0827124328 -1192984.5920435782 -3302188.036384657 5011323.441157865 -4692170.054679697
1023498.1472905723 -2196393.4679931644 1889696.588832093 -3889118.1955059804 -627858.4503156651 1362015.3407641586 550905.8852307727 -2048271.888148253 2267429.240457953 508361.0000670154 31672175.091411803 814928.4191687212 -435020.8081009053 -2561096.9871106506 -1570722.225420506 1720533.0353649072 1237940.1973089033 -2404185.3332526116 1608182.4851469889 1212624.6999936805 -3244418.643385022 1552188.6290422236 1039448.7955223749 -1939010.8113117022 1778883.0001654446 1969770.9490296694 1788093.0484716156 13325.80754571671 -690833.2674548147 -1989029.977180887 4379790.353171668 -13374.203762453597
-4081858.232369168 -1254574.5853972465 1826086.7870106082 -4839222.384207791 -3141861.1545429933 -451414.407932718 3089680.561710256 1330309.5871028567 4162619.7758647082 1059430.774016139 814928.4191687212 33722487.46041642 -1496543.0780582225 -4562677.918871455 -4124542.601880429 -794891.809414239 -1853896.8538708407 -2692844.406010314 2257926.136703059 -1904150.9703260113 1688327.5445953321 3531265.550941229 1082337.3190527384 532.3467243075371 2100054.3753032433 -2857778.4699958316 -923518.3859137039 -1540639.3834461 5444413.224903973 1454201.153838622 -1120299.70789985 -393353.40468687355
3300798.8184434813 -2328267.017550489 -6047340.462690863 913978.7997903557 2877100.901996715 -2104503.3750753175 -1763919.3224208069 -4231342.532397581 951192.7649116509 -3557843.97064833 -435020.8081009053 -1496543.0780582225 35476839.68929662 -3451021.31861441 2775589.217192177 1838530.1066102225 -470929.0527990621 -2307904.933136728 527327.502523789 -2750903.184458482 -1958986.4999897662 -3685547.981691323 -287077.0622745292 2271682.530966115 2450991.099269592 -987673.7717970394 -1589192.5159278372 243846.80284744728 3307878.9104799153 -581653.2311074217 4899362.92252921 -2547916.520210318
-460259.8790403755 3661685.4524708414 -2177751.219388829 461344.26443931274 3745335.2466144552 -238210.81041215337 29680.398506188794 4535335.586884845 841154.5334460881 -1455493.715864672 -2561096.9871106506 -4562677.918871455 -3451021.31861441 32238796.712101895 2056180.1001745665 4147798.598450037 3028857.9176959684 -4659178.449532938 -1774941.9844334784 2128184.9643068435 -335500.862342615 -1828779.0584044415 -1195855.3034188554 189135.7994618277 498680.83560088783 574766.8298201157 572216.0255955772 419972.27273974987 -1767694.5932822705 818197.9202376396 -2434772.3253977834 -1569009.8551550065
-427578.8741788807 -1085053.1797581068 4190862.4299881207 2931085.4219288793 178391.66282651317 1724234.9609426495 427823.5373985123 -888643.9165872092 608680.3474862922 -5590483.551307187 -1570722.225420506 -4124542.601880429 2775589.217192177 2056180.1001745665 33902953.4113973 -2498067.3928469275 47942.57847756572 -3091531.6041330025 -4411297.632437624 -259622.99988326753 -615739.289275541 -2238615.358025519 -23465.71648842745 3333395.361688438 -3270180.112941171 2763224.9477405474 330846.71630722785 717801.4399978572 5835732.827994908 2064365.2611774718 294152.124404221 2184987.1359065156
-590680.7723235297 -3901156.099910626 -3979764.957034236 161631.09055738949 992275.6931324971 3041527.871716441 -3079037.9557872647 802777.1219320328 1313451.0827507942 -2539345.724844865 1720533.0353649072 -794891.809414239 1838530.1066102225 4147798.598450037 -2498067.3928469275 32096061.059821684 -1600768.2323592443 3018366.019313484 -1192899.315890277 -1826598.3219470668 -3021609.4225793206 -2727626.002569998 1856172.469415416 -293413.81934639305 850597.6109779269 1916021.542494503 4536079.56469942 -72816.10512843693 -2031928.4507278397 -4560425.11002608 -154271.9785362628 -1992411.4904366115
-663687.4799004566 601844.4085417805 -6754209.226943125 1051615.6534333625 811877.7453172449 -5687919.590400882 -3532607.910571536 622712.6214603537 2068058.8281535928 -2009008.5613609145 1237940.1973089033 -1853896.8538708407 -470929.0527990621 3028857.9176959684 47942.57847756572 -1600768.2323592443 34472080.166324295 -5048177.568380169 -2014286.3308313426 -4094028.899100094 784910.8185173967 1833238.2300173927 3076268.2076961505 -3416817.3133723526 -1390586.8671664842 2376080.5736850104 46775.33218453532 990320.8528354109 -2368192.606365344 2714636.724267655 -4097369.840982405 -1025433.1957770968
982212.5686283482 2442810.1488269037 1074428.5859086367 -3479148.6723156637 3912568.736835873 1646635.0488101938 -729250.4326130565 583654.4087564994 -954869.043539934 1939556.906462392 -2404185.3332526116 -2692844.406010314 -2307904.933136728 -4659178.449532938 -3091531.6041330025 3018366.019313484 -5048177.568380169 32037520.994694225 -312054.5681021837 -1044888.9432172556 -2991260.970985409 894315.572833358 -5113703.401237861 3067744.445143174 -1551191.4705775445 -586386.5082341932 -1298044.7425740515 -814001.1568822109 -2768656.8081580848 1453017.3101437443 -15319.74701944019 1031594.9008228703
742530.2339107924 1897663.5197374378 234422.76513973545 3233107.291144816 -23682.589491528404 189717.88990373336 4033143.780604706 -1271099.330286228 2400034.9187366734 -3899200.1678835154 1608182.4851469889 2257926.136703059 527327.502523789 -1774941.9844334784 -4411297.632437624 -1192899.315890277 -2014286.3308313426 -312054.5681021837 27762180.497932114 3935458.6284972066 467353.3028991217 640063.6002087332 -42775.154431860465 -437135.0792004352 -1277298.5046782857 -37844.207364074144 3690424.7880283566 -1434680.2735497002 -1358880.8681959573 -2693361.2511631837 -1349514.868458733 -317091.10151007515
33344.83444584068 -4824616.292275697 699538.9095525136 3208506.8968149573 1302014.8681351966 2743569.35543311 2576435.4948298144 -3652549.110025614 648704.4693659015 467485.8575415537 1212624.6999936805 -1904150.9703260113 -2750903.184458482 2128184.9643068435 -259622.99988326753 -1826598.3219470668 -4094028.899100094 -1044888.9432172556 3935458.6284972066 33032322.45420561 848976.096811448 1974118.7397237094 804031.0017218094 -635653.9623443844 -3321616.7887836443 -2764382.416026751 2227507.943330339 -2841733.880443305 -1712585.3522939954 1213433.9737833517 564918.7259957466 -2955702.2419208484
1176038.9855314044 3194866.384650512 -3590444.193576493 1520846.679709344 -3468523.144471177 -3498513.2639766145 3764176.6625976227 -635804.1074005618 537365.1223164817 -460457.651831688 -3244418.643385022 1688327.5445953321 -1958986.4999897662 -335500.862342615 -615739.289275541 -3021609.4225793206 784910.8185173967 -2991260.970985409 467353.3028991217 848976.096811448 32753427.96723583 813864.9047047235 1500199.9290144753 1219817.489985408 1451443.0481202789 -2289098.306249518 4787331.431372423 -1522411.599103576 1301405.3586015918 4010318.6613392523 -1626703.4848037446 -568757.722555068
-1339739.821289541 3135830.772208635 5481525.008144119 -4299441.0605378635 -2691044.17195017 -45767.18868134491 1599758.3301293475 544254.8001433375 3688675.404762832 -1795840.618127494 1552188.6290422236 3531265.550941229 -3685547.981691323 -1828779.0584044415 -2238615.358025519 -2727626.002569998 1833238.2300173927 894315.572833358 640063.6002087332 1974118.7397237094 813864.9047047235 30749252.719345395 -564089.5339238682 -470128.0930571915 1117577.9621596863 646828.0799239666 -1972278.0090481627 2712169.5090081063 1178384.3410417275 2764839.765188079 -93543.52955507317 -191027.9679072973
169497.4538885688 860454.9260068401 -1331145.268584704 1474851.750455834 -4618257.951276329 -1123887.1698898897 -1870533.486000466 -2548609.8486672505 -633371.9140457948 2572534.216530693 1039448.7955223749 1082337.3190527384 -287077.0622745292 -1195855.3034188554 -23465.71648842745 1856172.469415416 3076268.2076961505 -5113703.401237861 -42775.154431860465 804031.0017218094 1500199.9290144753 -564089.5339238682 31175677.674410462 2405403.735539391 -911816.7541031918 1324256.4422726617 -2270006.129522845 359954.8139985309 -1418765.888643417 -2520866.1683863997 1507495.0607965342 -1652542.6911919538
127021.49924573631 4286456.580585729 -1337384.5334203043 1141894.4346053093 -1304343.4542242372 5096423.263372749 196547.57757008084 -3536908.46621909 -1891323.4622626833 1566139.1287560451 -1939010.8113117022 532.3467243075371 2271682.530966115 189135.7994618277 3333395.361688438 -293413.81934639305 -3416817.3133723526 3067744.445143174 -437135.0792004352 -635653.9623443844 1219817.489985408 -470128.0930571915 2405403.735539391 33880563.817669876 -4000602.7257414213 -2679123.502221497 150035.82990413823 -2784887.121834696 -4331864.5910568535 -1125854.4693728257 802619.016260348 -141126.67481883793
-91570.39980943168 2090442.5968170874 -4329554.885761498 -4478655.887708015 1068700.5412409797 -2180613.148290202 504576.5994942666 3836556.588532301 -2621581.333303786 -31700.461129648284 1778883.0001654446 2100054.3753032433 2450991.099269592 498680.83560088783 -3270180.112941171 850597.6109779269 -1390586.8671664842 -1551191.4705775445 -1277298.5046782857 -3321616.7887836443 1451443.0481202789 1117577.9621596863 -911816.7541031918 -4000602.7257414213 35059518.62023922 -1965789.1774452939 -179544.7010809519 1840862.5707729529 597098.2851177673 -2205841.7457976006 1735863.5844561139 -191185.78741488903
-3583997.738319343 -693271.8278620598 -1197689.3776351572 -559970.8685611343 1075062.1675459994 -3508945.660294555 -1418012.553024904 2740556.5262775198 -209606.62963552738 -3819394.5265388377 1969770.9490296694 -2857778.4699958316 -987673.7717970394 574766.8298201157 2763224.9477405474 1916021.542494503 2376080.5736850104 -586386.5082341932 -37844.207364074144 -2764382.416026751 -2289098.306249518 646828.0799239666 1324256.4422726617 -2679123.502221497 -1965789.1774452939 32484086.480772905 -331999.2120594791 2672062.0790311107 -2885974.685160743 -1512545.381458831 -580456.0523087976 -760037.0355851538
-3210050.166218947 -1027656.0659879373 708669.1146339196 -1393248.8301815111 -4279518.869316702 6694559.531176071 -336086.51454130624 -3263954.551568209 -266567.95894056687 540707.347692245 1788093.0484716156 -923518.3859137039 -1589192.5159278372 572216.0255955772 330846.71630722785 4536079.56469942 46775.33218453532 -1298044.7425740515 3690424.7880283566 2227507.943330339 4787331.431372423 -1972278.0090481627 -2270006.129522845 150035.82990413823 -179544.7010809519 -331999.2120594791 31328135.007823467 60984.48090905436 -1310864.3828608333 -1571617.4534582186 896700.9328935088 -3746821.6843713825
-2473792.8362428835 2586956.4374549724 4720929.404079126 2021150.1068112496 -1302576.4971750462 -1146001.1726869848 -968494.536061605 -1369035.0648704767 3874767.7106112987 1179962.0827124328 13325.80754571671 -1540639.3834461 243846.80284744728 419972.27273974987 717801.4399978572 -72816.10512843693 990320.8528354109 -814001.1568822109 -1434680.2735497002 -2841733.880443305 -1522411.599103576 2712169.5090081063 359954.8139985309 -2784887.121834696 1840862.5707729529 2672062.0790311107 60984.48090905436 32437116.78061249 -110419.03685974012 42724.55267653724 179103.51616773207 -426657.86428380606
719917.7210425879 95186.86002644208 1682568.1069946496 -4879716.025868556 -1531245.1107855337 2586442.7647505724 234984.9652112302 2111690.8423478664 258240.13651161973 -1192984.5920435782 -690833.2674548147 5444413.224903973 3307878.9104799153 -1767694.5932822705 5835732.827994908 -2031928.4507278397 -2368192.606365344 -2768656.8081580848 -1358880.8681959573 -1712585.3522939954 1301405.3586015918 1178384.3410417275 -1418765.888643417 -4331864.5910568535 597098.2851177673 -2885974.685160743 -1310864.3828608333 -110419.03685974012 32839567.072836887 -3529449.2829056988 -1818562.9660835844 -2972866.710580287
926092.7972956493 3329545.21958093 2563517.190091225 -2504733.194610531 522648.62922768836 -5749965.582175363 1817858.868740063 4186265.0143367816 2851111.3224933 -3302188.036384657 -1989029.977180887 1454201.153838622 -581653.2311074217 818197.9202376396 2064365.2611774718 -4560425.11002608 2714636.724267655 1453017.3101437443 -2693361.2511631837 1213433.9737833517 4010318.6613392523 2764839.765188079 -2520866.1683863997 -1125854.4693728257 -2205841.7457976006 -1512545.381458831 -1571617.4534582186 42724.55267653724 -3529449.2829056988 33829447.800403215 -100179.34826150969 917581.9495836905
-340185.2286813473 313738.5059326609 1669413.2925571308 -2193354.311899169 485764.97591148753 2988281.9220473077 885620.7922289149 -1048164.9584922331 746048.3257580517 5011323.441157865 4379790.353171668 -1120299.70789985 4899362.92252921 -2434772.3253977834 294152.124404221 -154271.9785362628 -4097369.840982405 -15319.74701944019 -1349514.868458733 564918.7259957466 -1626703.4848037446 -93543.52955507317 1507495.0607965342 802619.016260348 1735863.5844561139 -580456.0523087976 896700.9328935088 179103.51616773207 -1818562.9660835844 -100179.34826150969 32762774.406093705 135995.25509017176
-326853.59406492364 -1210333.439552343 5612224.732986021 -856103.3229582333 2779370.3899679007 1118098.8943046157 -859968.5546803426 1315989.4740489256 3397993.9243810507 -4692170.054679697 -13374.203762453597 -393353.40468687355 -2547916.520210318 -1569009.8551550065 2184987.1359065156 -1992411.4904366115 -1025433.1957770968 1031594.9008228703 -317091.10151007515 -2955702.2419208484 -568757.722555068 -191027.9679072973 -1652542.6911919538 -141126.67481883793 -191185.78741488903 -760037.0355851538 -3746821.6843713825 -426657.86428380606 -2972866.710580287 917581.9495836905 135995.25509017176 31295297.222165395
