36460232.58357551 -2236422.066015323 -3066268.5424626693 259962.60141971285 1051580.3177987456 121744.24980131467 1005432.6936038163 -335745.21348462923 2194172.278956613 4869096.175491156 371534.6319630649 3418590.9610217633 -1850264.961680016 1245494.2335577938 1129571.7675297766 1102996.0453551589 773311.1759942181 -319510.16501219815 -1224620.515385742 1688876.2644384948 -1210392.3178191008 3308456.1067013633 -4156549.0055057593 -321499.0997191982 -2470769.028624073 390262.4486675542 -2218232.5026030065 -738689.3906801679 -1924082.6998681054 1851069.6825944663 -659003.2700206098 -2593752.9981284873 413578.9247953625 -2305701.6769800996 1856353.5199085819 -2285220.0421857038
-2236422.066015323 34872984.00768225 -78964.19625292407 -2734796.718497557 923385.7223915964 -4887222.8366824575 -3383286.0646068403 1698457.3147668135 -1354534.924360357 -497018.46511075273 -5846475.9174171975 1434803.734959905 -2123780.3496018294 4727962.20815785 1407596.64523236 -962533.885833482 985543.2102538566 2909288.684804794 202058.7817936077 2894391.645067789 -3316994.9620579625 -2728413.5643554428 1533349.5862712755 2910365.375825191 -178800.69570771666 -3746005.9834128525 -2527755.5064853593 -2360043.2343286597 1532685.6692712272 1084404.0471050576 1807466.4648941464 -408781.3655800757 1938161.9301742173 1349871.5993967843 -5584066.238297814 -374822.3755556954
-3066268.5424626693 -78964.19625292407 32784334.910628375 -1650463.8905670217 -1647332.1193158254 977166.4600790752 1777392.71239703 -3537944.54897823 -1964783.748509398 -3742712.666690623 1869219.8342132033 -1867015.829078364 -949739.9258770148 -1642173.3852850792 397386.57122077787 317416.8531257029 2318832.366562216 -2573244.46069297 877730.4140348844 -1743274.641840047 -1529203.561015503 -2158582.464495656 -997582.2558293751 -1269989.9704890097 2040247.664861092 767270.9927443933 1340805.0379011515 -1303555.1019531144 2506942.8347856086 -2893575.9651935874 -6538518.037430584 -731959.9961641597 2488442.8832023973 -2731006.5844984073 2639358.8712634174 -346515.10677965474
259962.60141971285 -2734796.718497557 -1650463.8905670217 32246790.04211944 427551.5362383029 217958.29094351773 130946.78557998636 84646.94967387547 2214751.488684264 2731958.022958147 204840.48540817248 -2085204.8005558185 -5083518.089081273 -1341704.0749788885 -4299493.01469086 253374.06381947134 -2046437.7596857024 -895322.2092541594 -908898.4697514636 -2719646.9272703086 -2719749.655966069 691506.6820134849 1776298.9813701317 2181709.5020218943 701962.2135020951 1387026.4259621033 -1908040.008875312 -1519210.142829078 256061.26665613384 -2566408.410209058 585025.01921886 -110807.73869034978 -2832389.4013789943 62393.313166900516 3054301.0999724315 1033032.074536665
1051580.3177987456 923385.7223915964 -1647332.1193158254 427551.5362383029 30723595.711151257 1008466.3532564085 -657875.1793699785 3916851.0944668553 -497207.6663252154 -734921.3087400541 2505533.2346575693 1795937.8412881193 -97395.46721250724 -2155822.21801929 245241.79578360618 2557328.473031883 -4565646.57914396 3146824.233141371 -3544114.847988141 3849.9322617413827 -86426.96289034795 1307802.785938242 812223.4944515793 1491199.0361046225 2157580.96046313 476317.4840081985 819886.7511725385 -1552620.3024430491 630598.3731830928 -306813.30531300243 -3871629.7703382964 2061324.1618713217 1413838.9818165149 2123506.4596647117 894373.9065019134 346224.46917035076
121744.24980131467 -4887222.8366824575 977166.4600790752 217958.29094351773 1008466.3532564085 31913594.249620523 826680.3040614654 171644.4071768178 1533426.6517756854 1077450.6018219946 3282466.1320601217 1590160.8179872257 -2944959.1778039252 811575.8787746271 -2212492.7228050744 3752931.1064170636 1382747.4111447781 1621699.9840139644 1057406.4264099624 -4053195.5512497723 4196700.050371481 -1487123.3214299192 -1553077.418802946 -531439.9128399332 -976490.9634380201 -2690473.772031809 2782370.793937747 -1158345.4153790954 1142184.79955136 -3721597.2138814945 307472.38468396594 -1837002.6460943115 1491337.6488731015 876839.0074172695 63542.38011584562 -7254655.851899222
1005432.6936038163 -3383286.0646068403 1777392.71239703 130946.78557998636 -657875.1793699785 826680.3040614654 31900441.615487784 371271.8385794139 919701.2392349776 796614.6801645728 1446844.5799290233 941831.5896827213 -1769366.1178630982 2327245.0368555854 1880375.2301650299 -3658212.615638545 -4451879.719353375 -2244814.129531038 -146666.4286516774 3396524.5536884675 -648689.5991576655 1995.1080904686257 1541453.3426105487 -653433.9409500184 1911076.627733245 2870442.8769665686 2845300.7397751855 -1617312.0365808753 2004387.1611883312 -125402.74541534657 -5066106.306315538 989874.8195862834 929944.9966034356 -3963794.0470690853 4118338.011716905 414950.86683864176
-335745.21348462923 1698457.3147668135 -3537944.54897823 84646.94967387547 3916851.0944668553 171644.4071768178 371271.8385794139 33583583.097314894 554401.6670621836 1786331.4184145767 11758.45450947335 -690642.8622254806 -294205.0588483109 1361864.8007006056 -4488967.01485509 -1349118.9985865096 -1396682.8932131361 462283.57951209095 -3263.749668018176 -980166.431364991 -2213757.247384349 -2668491.1483335616 -18954.033175879737 492217.237715738 -492890.11985839525 -198172.0612280488 613331.4382039139 -508811.38255085325 -1615643.954175128 325830.98904122296 3640011.378197466 998347.988681113 98786.50552630871 2679415.377044339 1280898.2300069416 -294504.6302363794
2194172.278956613 -1354534.924360357 -1964783.748509398 2214751.488684264 -497207.6663252154 1533426.6517756854 919701.2392349776 554401.6670621836 35906278.14903288 1970326.3509439682 220347.31285137846 2232570.912188171 1023841.3540173572 -736650.7171003184 1902801.7354646935 -4852825.754081827 1496130.9844023008 -337383.34279578394 -864130.1387358863 1627087.4993843795 242800.09658143512 -466843.2926924472 1605623.9453256654 443373.479714687 -3999092.8302584565 -1261547.6561769638 274473.8088903891 -1883690.4369201767 -2971245.5018906477 3519593.631222024 459768.17067632644 -975266.5569608047 -257541.1373327317 -3177317.289515567 2493398.2770599653 -430655.4073870476
4869096.175491156 -497018.46511075273 -3742712.666690623 2731958.022958147 -734921.3087400541 1077450.6018219946 796614.6801645728 1786331.4184145767 1970326.3509439682 31285523.486734934 4549701.000596228 3082210.594100012 1689808.4182604672 2984214.019108644 55412.15728703995 -846390.3527689476 -3207545.559731834 1432500.1664208625 196391.1165707189 372804.0299195666 -671277.7085748713 3194312.6541225123 1214533.1828252089 5503602.755272678 1311374.5757715758 843733.1873430433 -289965.0689486336 -1576662.6088490663 -2073410.1514543358 3635806.535426723 -502321.18033990933 316911.91153094784 449135.8135206738 -1222167.555081525 663122.2831301576 695190.8322379064
371534.6319630649 -5846475.9174171975 1869219.8342132033 204840.48540817248 2505533.2346575693 3282466.1320601217 1446844.5799290233 11758.45450947335 220347.31285137846 4549701.000596228 31228922.143975683 -659047.3961484472 -1437577.0878093448 1250943.3791915665 2670981.191699222 -444196.6346785952 -1774264.6277246939 1909067.681152266 -553306.6305042695 -3023663.9199813236 262291.1058670701 2994696.149915041 578892.4913704956 -2474450.9039908284 -308830.8864611879 554921.3223787008 2125411.6919408604 -1043183.5816132033 -1650492.9944242972 1092495.411120753 -2978044.306578962 56676.2518270022 -442256.043052047 2021109.38531976 565432.2158986522 -189822.849853752
3418590.9610217633 1434803.734959905 -1867015.829078364 -2085204.8005558185 1795937.8412881193 1590160.8179872257 941831.5896827213 -690642.8622254806 2232570.912188171 3082210.594100012 -659047.3961484472 36206084.29948441 -2146852.0658602375 3188421.649483366 -200218.17276242177 1303507.635321661 907002.9347130907 1010231.1590364405 -2814165.3110538875 -3339759.863618151 3036578.276662855 734997.2385951667 -2446028.1036517136 4312767.6691548675 -2326557.10260763 -2809069.895945036 -4359533.727873414 -1156649.7333818246 2543229.370996107 1168427.103018427 1119983.4826422392 1844034.1433612695 -903519.5291742482 -119574.919607775 -130687.34491618337 -2912556.74629016
-1850264.961680016 -2123780.3496018294 -949739.9258770148 -5083518.089081273 -97395.46721250724 -2944959.1778039252 -1769366.1178630982 -294205.0588483109 1023841.3540173572 1689808.4182604672 -1437577.0878093448 -2146852.0658602375 33398343.536027573 -947006.7141830727 1430021.033532816 -992455.4658652575 838930.2754007619 -371529.5553148577 -3012843.2312081493 3444624.3619143204 297740.9288768351 1005122.7744556888 719271.1776942157 1898814.9733963825 -2492548.135231156 -1814672.3422155532 4771259.968501381 1066796.9470052086 121438.05547138817 736992.5536114698 -203028.39585630392 -1482557.6547874159 4621832.919138076 -817347.8748837843 -797471.9514797053 4960322.487609706
1245494.2335577938 4727962.20815785 -1642173.3852850792 -1341704.0749788885 -2155822.21801929 811575.8787746271 2327245.0368555854 1361864.8007006056 -736650.7171003184 2984214.019108644 1250943.3791915665 3188421.649483366 -947006.7141830727 30970735.509249017 2540056.2209603353 931654.6460397096 3111026.460799446 1086480.9950292213 -1711924.6319559715 -1451901.3463318003 1472131.897423384 -3824675.1854346623 705543.6428325707 665818.0649942199 861967.9189843286 -1954519.1405648938 103140.14493888846 -1261416.74725688 -1052125.310755594 1696756.5728670857 3120391.3303458705 -2093591.42525661 -56967.89736747852 3594322.2122801547 66665.31952754792 -428996.5248418476
1129571.7675297766 1407596.64523236 397386.57122077787 -4299493.01469086 245241.79578360618 -2212492.7228050744 1880375.2301650299 -4488967.01485509 1902801.7354646935 55412.15728703995 2670981.191699222 -200218.17276242177 1430021.033532816 2540056.2209603353 30553792.533042632 1354455.6072600419 347383.26696851983 -530761.68851816 -22083.810309419172 -2458233.5989429695 -936985.3134588065 -949683.8440048042 348107.6613571824 -1596995.4056705271 -876973.9603658373 2043904.8556636418 -997985.132179651 2569611.464754733 2765892.5750998547 -485641.8152703086 -3992576.8072860916 -3514551.8745144526 -1518601.5091996987 831911.2963450798 -516553.8317466541 -574972.3731837494
1102996.0453551589 -962533.885833482 317416.8531257029 253374.06381947134 2557328.473031883 3752931.1064170636 -3658212.615638545 -1349118.9985865096 -4852825.754081827 -846390.3527689476 -444196.6346785952 1303507.635321661 -992455.4658652575 931654.6460397096 1354455.6072600419 35615882.019991115 3139097.2781071453 483484.37342204974 152491.09464878048 -1130098.0170235515 541139.6428297001 -2510026.1394525934 87928.69232339336 2485621.2525302544 -1115317.4800163864 1664135.7351620535 -2007086.0573673914 2240190.61528681 -3123242.0778404255 -3951179.8724348242 -303848.96108298155 -931112.5818910662 3149426.187194433 2676552.429768143 1075206.269376922 -627523.7924189067
773311.1759942181 985543.2102538566 2318832.366562216 -2046437.7596857024 -4565646.57914396 1382747.4111447781 -4451879.719353375 -1396682.8932131361 1496130.9844023008 -3207545.559731834 -1774264.6277246939 907002.9347130907 838930.2754007619 3111026.460799446 347383.26696851983 3139097.2781071453 33236727.79777798 -395114.15994378726 -597174.0015049491 -1623501.9836626884 1363903.081723223 -3604689.221406671 2806228.558696261 3329130.9264428406 -1080182.3420261596 3840238.0854306184 -2031742.9119090785 -2795860.4747689655 1176072.9336361573 -2442005.2073160545 -100342.61666845395 -528373.6338378069 -636209.3275961543 -1942114.942948282 1814428.771836639 -3891133.0550563396
-319510.16501219815 2909288.684804794 -2573244.46069297 -895322.2092541594 3146824.233141371 1621699.9840139644 -2244814.129531038 462283.57951209095 -337383.34279578394 1432500.1664208625 1909067.681152266 1010231.1590364405 -371529.5553148577 1086480.9950292213 -530761.68851816 483484.37342204974 -395114.15994378726 31709348.27297875 -2876611.0233017188 -2195526.827428387 2248944.3765298487 -3465983.3889275966 1411714.0276676523 -2605559.542778292 856531.4368968135 -1444879.6228467564 1516632.7837340967 1044703.666452043 2961284.703467963 2047855.5878950406 1537046.4139687484 1152417.2747637646 3464225.333001381 -1650524.3788532831 -286539.1795826789 1650200.5888508107
-1224620.515385742 202058.7817936077 877730.4140348844 -908898.4697514636 -3544114.847988141 1057406.4264099624 -146666.4286516774 -3263.749668018176 -864130.1387358863 196391.1165707189 -553306.6305042695 -2814165.3110538875 -3012843.2312081493 -1711924.6319559715 -22083.810309419172 152491.09464878048 -597174.0015049491 -2876611.0233017188 32572950.741050966 561241.9819156138 -5083693.899693946 4106098.6800943664 2684640.824772395 1161419.9305652804 -76121.08136240422 1645673.3312210522 -2333776.818836861 3028197.6030706847 825861.5119944876 1972509.2385338326 3919580.4359942493 3929016.880114025 -1555820.636782717 351736.29532777827 -980935.3692788879 1498142.4744485456
1688876.2644384948 2894391.645067789 -1743274.641840047 -2719646.9272703086 3849.9322617413827 -4053195.5512497723 3396524.5536884675 -980166.431364991 1627087.4993843795 372804.0299195666 -3023663.9199813236 -3339759.863618151 3444624.3619143204 -1451901.3463318003 -2458233.5989429695 -1130098.0170235515 -1623501.9836626884 -2195526.827428387 561241.9819156138 37401810.53906007 -292533.1192487953 -2494928.885489238 -718737.9361701376 2519557.9075732455 -1844649.758461143 -320166.90662301163 -2399874.6862782473 -2306305.6432275358 2172480.4895540243 3118887.7891037986 3647725.2700931584 -873866.4594876257 -2454127.690646682 2927644.2118376587 2503083.368760524 6653584.202122082
-1210392.3178191008 -3316994.9620579625 -1529203.561015503 -2719749.655966069 -86426.96289034795 4196700.050371481 -648689.5991576655 -2213757.247384349 242800.09658143512 -671277.7085748713 262291.1058670701 3036578.276662855 297740.9288768351 1472131.897423384 -936985.3134588065 541139.6428297001 1363903.081723223 2248944.3765298487 -5083693.899693946 -292533.1192487953 33611392.25151484 -2615121.274497564 1870539.5485239865 1280332.168029206 -452508.9998560183 -1037868.2845662715 2283233.6274250103 -6336726.557057952 -862325.7904695981 -1427230.0760671047 1719731.8766455408 526194.5159705979 -116768.23812039025 3115046.36410446 -57156.459340900656 -1075086.9147389554
3308456.1067013633 -2728413.5643554428 -2158582.464495656 691506.6820134849 1307802.785938242 -1487123.3214299192 1995.1080904686257 -2668491.1483335616 -466843.2926924472 3194312.6541225123 2994696.149915041 734997.2385951667 1005122.7744556888 -3824675.1854346623 -949683.8440048042 -2510026.1394525934 -3604689.221406671 -3465983.3889275966 4106098.6800943664 -2494928.885489238 -2615121.274497564 30868631.315297272 -681823.4182851902 297670.5985027095 -2015321.8488493613 2036867.782757633 -671168.1703250451 2151264.246981311 -18051.47112071682 2497203.10857458 -1804947.592301083 -1920251.3110182404 345451.0275441099 -3071410.8459050045 -713443.9748660979 -1327853.3571044216
-4156549.0055057593 1533349.5862712755 -997582.2558293751 1776298.9813701317 812223.4944515793 -1553077.418802946 1541453.3426105487 -18954.033175879737 1605623.9453256654 1214533.1828252089 578892.4913704956 -2446028.1036517136 719271.1776942157 705543.6428325707 348107.6613571824 87928.69232339336 2806228.558696261 1411714.0276676523 2684640.824772395 -718737.9361701376 1870539.5485239865 -681823.4182851902 34321915.03693298 3040063.89025614 -1287373.1160279398 1408383.500699128 -205991.9245904025 -4006683.522925081 -501130.62581950746 -215850.54873055874 541187.739586038 2190560.005384027 -4657430.251834566 -2726866.315820062 2084165.1295428267 -153341.30594982352
-321499.0997191982 2910365.375825191 -1269989.9704890097 2181709.5020218943 1491199.0361046225 -531439.9128399332 -653433.9409500184 492217.237715738 443373.479714687 5503602.755272678 -2474450.9039908284 4312767.6691548675 1898814.9733963825 665818.0649942199 -1596995.4056705271 2485621.2525302544 3329130.9264428406 -2605559.542778292 1161419.9305652804 2519557.9075732455 1280332.168029206 297670.5985027095 3040063.89025614 34482320.29824695 -444109.7150586958 -176838.02149092068 -1298609.0154674314 -2327111.039299148 -89226.32443348828 1488232.4791879458 2422053.9114737203 -418352.3690804821 -1398294.637773314 740072.2959154771 -379082.88500454905 2687628.820267959
-2470769.028624073 -178800.69570771666 2040247.664861092 701962.2135020951 2157580.96046313 -976490.9634380201 1911076.627733245 -492890.11985839525 -3999092.8302584565 1311374.5757715758 -308830.8864611879 -2326557.10260763 -2492548.135231156 861967.9189843286 -876973.9603658373 -1115317.4800163864 -1080182.3420261596 856531.4368968135 -76121.08136240422 -1844649.758461143 -452508.9998560183 -2015321.8488493613 -1287373.1160279398 -444109.7150586958 30888899.435677603 4284830.111166694 -1051309.659523047 -207142.63626448423 1948710.4766368403 184695.4887702149 -4059836.9353490495 314341.22425052075 1028167.768198331 2556482.578931808 963613.579992422 635945.0611021107
390262.4486675542 -3746005.9834128525 767270.9927443933 1387026.4259621033 476317.4840081985 -2690473.772031809 2870442.8769665686 -198172.0612280488 -1261547.6561769638 843733.1873430433 554921.3223787008 -2809069.895945036 -1814672.3422155532 -1954519.1405648938 2043904.8556636418 1664135.7351620535 3840238.0854306184 -1444879.6228467564 1645673.3312210522 -320166.90662301163 -1037868.2845662715 2036867.782757633 1408383.500699128 -176838.02149092068 4284830.111166694 32243979.874247137 735093.5795920118 2722003.7064453997 -1239489.166323722 -1765958.1722641266 -2797295.046748482 -2765041.440561071 -2325785.567581515 338841.3873699465 507830.1410499468 1426871.333424777
-2218232.5026030065 -2527755.5064853593 1340805.0379011515 -1908040.008875312 819886.7511725385 2782370.793937747 2845300.7397751855 613331.4382039139 274473.8088903891 -289965.0689486336 2125411.6919408604 -4359533.727873414 4771259.968501381 103140.14493888846 -997985.132179651 -2007086.0573673914 -2031742.9119090785 1516632.7837340967 -2333776.818836861 -2399874.6862782473 2283233.6274250103 -671168.1703250451 -205991.9245904025 -1298609.0154674314 -1051309.659523047 735093.5795920118 34437396.46752808 -2890510.876323098 -459722.23905796243 310424.42277174635 4392068.385401079 -757261.2013158561 229903.47775972026 -58759.32326814053 1609320.7225373853 2982958.3091510157
-738689.3906801679 -2360043.2343286597 -1303555.1019531144 -1519210.142829078 -1552620.3024430491 -1158345.4153790954 -1617312.0365808753 -508811.38255085325 -1883690.4369201767 -1576662.6088490663 -1043183.5816132033 -1156649.7333818246 1066796.9470052086 -1261416.74725688 2569611.464754733 2240190.61528681 -2795860.4747689655 1044703.666452043 3028197.6030706847 -2306305.6432275358 -6336726.557057952 2151264.246981311 -4006683.522925081 -2327111.039299148 -207142.63626448423 2722003.7064453997 -2890510.876323098 33329959.395876426 -1603271.8044046669 -3063353.466111849 -2076860.9662736533 -1619666.6119011093 2127436.907884042 748199.4752727081 -1104674.0337138965 1653304.42867117
-1924082.6998681054 1532685.6692712272 2506942.8347856086 256061.26665613384 630598.3731830928 1142184.79955136 2004387.1611883312 -1615643.954175128 -2971245.5018906477 -2073410.1514543358 -1650492.9944242972 2543229.370996107 121438.05547138817 -1052125.310755594 2765892.5750998547 -3123242.0778404255 1176072.9336361573 2961284.703467963 825861.5119944876 2172480.4895540243 -862325.7904695981 -18051.47112071682 -501130.62581950746 -89226.32443348828 1948710.4766368403 -1239489.166323722 -459722.23905796243 -1603271.8044046669 31487322.08268437 2183861.1638172027 -2407889.8856481295 -937121.9717144277 -992159.8749171423 -836353.2774069265 1724424.589882496 2766569.335894951
1851069.6825944663 1084404.0471050576 -2893575.9651935874 -2566408.410209058 -306813.30531300243 -3721597.2138814945 -125402.74541534657 325830.98904122296 3519593.631222024 3635806.535426723 1092495.411120753 1168427.103018427 736992.5536114698 1696756.5728670857 -485641.8152703086 -3951179.8724348242 -2442005.2073160545 2047855.5878950406 1972509.2385338326 3118887.7891037986 -1427230.0760671047 2497203.10857458 -215850.54873055874 1488232.4791879458 184695.4887702149 -1765958.1722641266 310424.42277174635 -3063353.466111849 2183861.1638172027 35645783.97900885 -4141533.54100567 3363325.1253389837 1235973.4816384641 -2373094.547004723 1494333.2433036414 319323.34043171926
-659003.2700206098 1807466.4648941464 -6538518.037430584 585025.01921886 -3871629.7703382964 307472.38468396594 -5066106.306315538 3640011.378197466 459768.17067632644 -502321.18033990933 -2978044.306578962 1119983.4826422392 -203028.39585630392 3120391.3303458705 -3992576.8072860916 -303848.96108298155 -100342.61666845395 1537046.4139687484 3919580.4359942493 3647725.2700931584 1719731.8766455408 -1804947.592301083 541187.739586038 2422053.9114737203 -4059836.9353490495 -2797295.046748482 4392068.385401079 -2076860.9662736533 -2407889.8856481295 -4141533.54100567 31064476.702206843 4468043.913621284 -3064395.7698775236 -1014866.7501828425 -2718896.724710215 687966.6510418172
-2593752.9981284873 -408781.3655800757 -731959.9961641597 -110807.73869034978 2061324.1618713217 -1837002.6460943115 989874.8195862834 998347.988681113 -975266.5569608047 316911.91153094784 56676.2518270022 1844034.1433612695 -1482557.6547874159 -2093591.42525661 -3514551.8745144526 -931112.5818910662 -528373.6338378069 1152417.2747637646 3929016.880114025 -873866.4594876257 526194.5159705979 -1920251.3110182404 2190560.005384027 -418352.3690804821 314341.22425052075 -2765041.440561071 -757261.2013158561 -1619666.6119011093 -937121.9717144277 3363325.1253389837 4468043.913621284 34553215.99514474 502752.29086532636 516601.2901900546 -3303514.280188073 -569241.9668838709
413578.9247953625 1938161.9301742173 2488442.8832023973 -2832389.4013789943 1413838.9818165149 1491337.6488731015 929944.9966034356 98786.50552630871 -257541.1373327317 449135.8135206738 -442256.043052047 -903519.5291742482 4621832.919138076 -56967.89736747852 -1518601.5091996987 3149426.187194433 -636209.3275961543 3464225.333001381 -1555820.636782717 -2454127.690646682 -116768.23812039025 345451.0275441099 -4657430.251834566 -1398294.637773314 1028167.768198331 -2325785.567581515 229903.47775972026 2127436.907884042 -992159.8749171423 1235973.4816384641 -3064395.7698775236 502752.29086532636 32784535.687151965 2632437.58158619 2702.121442242386 -2811302.0398549763
-2305701.6769800996 1349871.5993967843 -2731006.5844984073 62393.313166900516 2123506.4596647117 876839.0074172695 -3963794.0470690853 2679415.377044339 -3177317.289515567 -1222167.555081525 2021109.38531976 -119574.919607775 -817347.8748837843 3594322.2122801547 831911.2963450798 2676552.429768143 -1942114.942948282 -1650524.3788532831 351736.29532777827 2927644.2118376587 3115046.36410446 -3071410.8459050045 -2726866.315820062 740072.2959154771 2556482.578931808 338841.3873699465 -58759.32326814053 748199.4752727081 -836353.2774069265 -2373094.547004723 -1014866.7501828425 516601.2901900546 2632437.58158619 34316922.78400821 -1283613.106867282 74981.79924665089
1856353.5199085819 -5584066.238297814 2639358.8712634174 3054301.0999724315 894373.9065019134 63542.38011584562 4118338.011716905 1280898.2300069416 2493398.2770599653 663122.2831301576 565432.2158986522 -130687.34491618337 -797471.9514797053 66665.31952754792 -516553.8317466541 1075206.269376922 1814428.771836639 -286539.1795826789 -980935.3692788879 2503083.368760524 -57156.459340900656 -713443.9748660979 2084165.1295428267 -379082.88500454905 963613.579992422 507830.1410499468 1609320.7225373853 -1104674.0337138965 1724424.589882496 1494333.2433036414 -2718896.724710215 -3303514.280188073 2702.121442242386 -1283613.106867282 34531490.60048805 -34435.71709728598
-2285220.0421857038 -374822.3755556954 -346515.10677965474 1033032.074536665 346224.46917035076 -7254655.851899222 414950.86683864176 -294504.6302363794 -430655.4073870476 695190.8322379064 -189822.849853752 -2912556.74629016 4960322.487609706 -428996.5248418476 -574972.3731837494 -627523.7924189067 -3891133.0550563396 1650200.5888508107 1498142.4744485456 6653584.202122082 -1075086.9147389554 -1327853.3571044216 -153341.30594982352 2687628.820267959 635945.0611021107 1426871.333424777 2982958.3091510157 1653304.42867117 2766569.335894951 319323.34043171926 687966.6510418172 -569241.9668838709 -2811302.0398549763 74981.79924665089 -34435.71709728598 30739423.99464448
