30831601.918433666 15012940.361348327 358424.7063061289 315306.405955964 -3271285.3171899095 -2391595.365602508 -6171185.964785992 -7072050.8541798 -6050754.014964204 -24612826.305180416 -11207340.344042262 -7724204.795502156 -14408334.762580656 4359047.640109873 7775877.45221181 6962994.812081034 16360650.267077275 -14036976.354925547 -3045268.426803326 2514504.907161403 -4717177.723918137 5560622.732289443 -1442730.7792184555 -757077.2552082642 6580784.503304688 -693203.834762495 -7888168.130933464 3819888.148118938 1020576.4461133501 -12546527.637766829 -5806336.139962327 4072182.8270276687 1471076.833202319 -19842336.097884014 1409954.9405700788 17873625.920598738 968220.9100904411 341965.74620392337 7388832.75897425 -6816402.493611301 -13093718.732033301 -15709880.431516193 2108367.7800475652 17180250.061816573 4949819.861359899 -270154.0897984852 -1535229.1875503059 -2458050.6185004907 -981400.6617908062 -8210621.837113099 -11354533.32226216 3815363.7629717314 -5813.660897730126 4865532.994637837 1852175.3726379573 3177893.8095204583 1062995.4585009238 1807275.798651826 145605.40858466984 12007593.928321274 7135119.52607974 -1948916.270829346 -5779532.809635037 -14457699.890080284 -107152.03795275764 -1272058.7290674166 -1377583.4269484526 -4143453.7900227318 -16468508.897170126 -15744933.022949308 -1776993.4255454275 -22053103.361579556 8321328.871446641 -9467289.400201827 3367478.5806944114
15012940.361348327 26439641.144213542 10959125.556149883 8508835.001922004 1385249.8548979415 -4984681.578330189 -4048434.1226491556 -423618.75468021154 -5158368.1282249065 -15738438.346986162 -18967005.769566283 -6724295.861210039 -5473518.101219015 -1275585.4046468968 -609099.0594835234 6277209.4704956105 6189293.619394071 357068.25024664006 -10754724.921845 -10235109.89368249 -13974545.494627206 -2610346.558226764 -9024203.858440213 1590585.3302894384 1003148.2635717599 17494962.982761398 3943590.825639631 7754669.626150376 8208759.949598975 -10441968.08504656 8567915.516295483 -3174865.956793439 6656742.313329274 -13773985.666271912 2038652.1485017475 13839700.941691123 4934072.555417567 1466297.5063047893 5177501.435938587 -15496435.838807281 -8828788.342873022 -13970189.842553893 -9867241.375028854 5947183.335643624 -9801642.861939711 -976243.7308389441 -7635877.229503807 -5797941.659277607 6956650.851493414 -14291440.080295116 -11553762.322214805 704205.6428901077 -8057624.203047757 6345660.693674148 3978588.713628555 797944.1576839156 7364211.019790196 -14396222.985177245 9980769.739700321 22151384.53692622 -1064022.877630064 -8167697.262936847 -12500116.46081703 -8290602.701890798 7893294.065361589 2022134.1774750021 -7601127.4183167415 -12709169.592146715 -4214329.388683998 -10084846.218830353 4453267.918085759 -14867355.235676963 124363.37898656499 4655692.41819101 -13467149.545342974
358424.7063061289 10959125.556149883 25932634.03731201 17373310.682211384 12304474.082732122 -4927185.448464892 7111768.996693943 4596015.555440568 15963692.860485725 443012.0687429003 5335445.623558981 -4987872.699899801 9373438.095590182 -11316361.416780075 -12364434.903281827 5492844.473019358 -4527946.042748127 1992729.152960928 3549076.859004354 -4248828.113216198 565741.8731415118 4454782.508371804 -14629551.435279788 8253935.720792334 -9115879.840336313 3177815.1095487927 -367749.0123014989 4877534.83930013 -4113916.9668149236 -4414577.969567673 -551106.73221214 -13063677.254713258 4683875.175819858 -1506183.1284167822 -8956466.306541122 3255517.4870147975 -2642290.295971496 4834025.41130716 14063818.665349377 -12362392.962105699 -20090845.902002875 -4443466.288275449 10698934.661125114 -13463374.455996223 -6228495.629041074 -13709579.32638426 -8234449.137143137 -19714918.781467162 -263424.6446712075 -12867300.309216801 -23667342.019876752 -20530690.98649384 -6011888.208873104 -4691100.940866103 4735779.102842302 -9301050.840316486 -8442633.720520874 -1568394.1119617799 -535042.8464152917 19515254.504407715 -4732980.481219987 2041933.5086790153 199685.4663271073 332178.79663691006 -965234.4262778958 5682740.313146516 6086632.129487776 -2542406.7294989172 5991798.931213249 8292684.037962413 916892.8357134375 -12746360.405868443 -14187137.45299379 -6009590.6350267045 -1603634.691647102
315306.405955964 8508835.001922004 17373310.682211384 43504371.629093975 1532013.494098599 -15257884.785661025 3601948.8672630903 15336038.050984684 8525182.486997299 -813086.8167153442 3468996.6636114437 -9628603.61287216 14598426.956716917 -11847982.138039373 -17640088.539130792 13953574.598291926 -5366634.789802397 -10411071.055635337 1444527.7746812361 -32056.082021833914 -11336409.2361828 7574829.774569265 8125313.784667303 -25429329.53039714 -22136523.550591245 -7713397.252357597 15771465.479254194 -8368113.997544044 -8624939.673691332 2408023.0831698272 1944841.2893384567 -3734759.5950125125 -5273852.937937829 -19535890.813389696 -4865145.765185834 15799766.37933781 -5208141.003280565 6072142.295098216 28045535.738922026 -13862975.628852211 -23277990.854955114 16363813.704419132 3653863.9665597863 -13766172.62469656 -11196235.966421355 -17022553.187644325 -17438002.49915732 4925757.711108933 -11474242.98502326 -11872284.40861497 -13926378.616032362 -7521494.194393862 9633850.653632794 -11915300.211590875 -11870601.047156958 -8583145.24213604 5204818.101308338 -7094396.603836965 -11927465.567925714 24358688.10935679 -15253209.613545068 -13910246.584278159 1041564.2675345237 20136542.018532995 420770.6276191879 -16861650.810149286 2826264.7619592985 16542046.966071572 19993315.55108513 28845520.331760917 -11760777.238121552 -23278436.19255646 -14150744.378543613 2714025.1603866774 8495046.595211828
-3271285.3171899095 1385249.8548979415 12304474.082732122 1532013.494098599 44748984.83864751 30199406.69304978 9195147.5788579 4885025.139420342 12572887.494745143 11092993.474114785 16358130.545104703 -556913.5724066927 -300449.29630265344 4470112.836640533 -10014171.7026739 -14831468.739993986 -23120135.512412675 5765298.403689278 14724305.955050083 -10791865.678124692 -6115733.15313905 3478463.197850553 -6533056.795186634 -1289405.9538856489 6346123.106731058 7024673.467636013 -2336639.2331121806 -2864661.207985543 15449902.024758475 14728283.187566973 -1693784.3162837098 7055237.47209319 24558905.210025545 22523109.40956111 -10862442.557815121 -23171168.037140362 11473866.945963427 4860053.159210254 8862902.70141495 -1770961.834227073 1883348.1906121378 4631461.293576689 12405341.567349084 -14116832.923283912 9693331.349512769 -26246914.35459018 3646247.6313686776 -27516.115627305375 -7670553.3535977155 6740711.12997574 -17983928.092100993 -2821938.9623851674 3186142.9159433926 -1352193.7514704978 -2743322.310438916 -28163161.447983492 -15806797.715336522 -9463049.779575676 -14467694.61131902 -7977351.556416784 -3966729.891668627 11253872.989264168 10296101.125168093 -15228395.261465225 -2290446.71229209 12508726.521503821 -6130247.668550687 -2279395.0703020575 -24235938.62689456 3209121.9036828782 -14141073.9181607 9904635.894960359 1703928.2520489779 -5259310.493306015 9805990.828693181
-2391595.365602508 -4984681.578330189 -4927185.448464892 -15257884.785661025 30199406.69304978 31304272.41534423 4171499.0189203373 -3464040.5414782665 1519099.425309352 10160654.373286966 4338228.219555041 5417090.9428354185 -6231559.721070128 17243916.949456844 3022058.662251326 -14544196.10424655 -19705667.531184256 4190378.4364189156 7034253.307801749 -8174430.126242654 1373579.0243177193 2200729.899488462 -3470578.0637009153 5012645.030620555 8746451.27709203 6700238.65791453 -5111759.399736639 -1008034.226512228 19623537.17378838 14361691.451120682 -3138996.026552278 12418309.627943536 22263194.43986638 22777325.09626597 82071.15247026997 -26152096.927010465 9715567.709896823 3020790.090716645 -8272892.513825778 5774450.774130864 14564271.770687904 -1701182.6381986914 2051630.2964851335 -4970809.584292972 8909304.941004382 -7457798.811152292 9010630.538244197 10121439.179131113 -4688231.982343684 16613934.464644704 -1117924.6572935367 7777277.526789925 172176.36236210994 6360547.195228032 2018105.6572622256 -18180154.726728234 -8208480.543469836 -6641221.275869388 -6146235.523207553 -20115609.85210805 -506057.084768287 12683810.857042186 10447707.773191566 -17130400.537680604 154560.61683126385 17080455.243982077 -1751983.814299873 -922878.185879055 -24784336.232130386 -8534313.183776116 -13105053.141784592 17381615.216406986 10284029.3983067 1524967.4720546277 5704706.099576847
-6171185.964785992 -4048434.1226491556 7111768.996693943 3601948.8672630903 9195147.5788579 4171499.0189203373 26755925.402430505 13684846.429646134 9785957.811249705 14604230.338098573 13638256.165842282 -5224738.552637117 2235033.7551572444 -14675545.50051901 -16610922.58699029 9336505.436809458 -4185818.497345867 9030330.090650998 1785384.4566065087 -11926782.49708575 -172544.60424556106 -13450229.358128909 -8213718.954317272 4885381.448511068 -18922698.069243144 -16276769.571161184 -5632264.179317231 13489488.434359394 11924192.569874585 4903959.318105797 -3473897.736269045 -3174549.5421011737 5979399.303913293 9371275.517717928 5149686.269023765 -6791467.63252254 -7641900.863981742 -8060042.5011922335 11714992.160015244 9202599.03983255 -11257906.201037997 -4685711.020257104 -1881545.3124000588 -7531520.917578791 7531125.851865606 -13740216.075281957 -3126281.3977551013 116339.18892768108 -3728473.134834042 24999037.459879883 -17869530.15497552 -22677616.6369821 -8461769.287287686 23333695.927350614 2315906.4346367526 -9572462.01951944 6185650.506179256 9762920.459888043 -10414271.837231345 3323013.3260305407 -5451764.0603494365 -3085678.6275119204 -2037165.6628342373 -1977575.023009221 12313942.83260731 7953239.835336296 13802779.853929034 6191189.6508737 9122249.545587309 13042993.856960986 -18809957.221051596 211356.2081308666 -7392605.546379351 -1010833.0091921878 13985053.282090234
-7072050.8541798 -423618.75468021154 4596015.555440568 15336038.050984684 4885025.139420342 -3464040.5414782665 13684846.429646134 19357024.563086804 7719336.828976793 10910385.573688073 14591769.66130573 -6083285.036020796 1320838.035259175 -19737929.077932943 -10095609.788102094 8355190.721492587 -3622166.1612217096 3692795.575306737 -1229370.7447260004 -4832918.623638117 -16349484.4939389 -16045674.635595921 -369609.97200048715 -15573223.139716705 -5783639.865208074 -12754226.342951695 5100052.355805721 -4884513.778734716 -1629448.6459193085 2846252.8994260444 6596342.260282922 -466538.3705183052 3364598.3964986377 -179028.74464887765 -6039520.588474147 8488025.001666756 -4770448.63388424 -4971860.9034907855 20548248.56049736 6555643.025960012 -4196926.768420563 14330301.544954862 -3305492.2825984377 -9250493.093615703 251309.4398753105 -17975378.544187948 -3176338.156129835 6272345.377549131 -3607782.3478279216 8984660.754955892 -5573023.295454877 -2508296.0408846163 435402.72904887074 6383200.338905006 -11914386.586699232 -862130.5737399464 10473407.126047436 4205630.134194106 -11830756.032890476 6342612.697881742 -12667981.736828955 -16271933.24240378 -1568580.0445002606 4762105.698601965 4942281.811674216 -14672344.14097302 -4059360.537370445 2651650.6051096735 9773934.301432261 21289444.520407908 -12471646.113930821 -3179868.4798657377 -4194063.97325502 -1397655.2458236434 8451153.881316043
-6050754.014964204 -5158368.1282249065 15963692.860485725 8525182.486997299 12572887.494745143 1519099.425309352 9785957.811249705 7719336.828976793 32703888.427109472 23385318.6457709 24523490.89310266 14315446.876266576 10519200.550873509 -7270812.367154318 1833992.36444264 2107469.4055107236 -13817741.772931471 -4804225.920931687 8890216.549077982 9101680.32458419 -510754.7030991502 1242837.67123174 -17163751.80042724 15678042.222560989 -2351577.472606334 -7816683.519350876 -8655152.742260624 -8624821.939918326 -18125605.764013644 9563767.240391394 -13932893.12085102 -13597263.826077836 13361405.40170727 3512539.778744183 -12869286.558307389 1412562.9997368935 -7157982.34249096 -6477517.544888382 7967350.337119752 -318579.84203694225 -10637308.008648729 4535631.722990622 14371834.240300305 -11523874.12690639 -10966052.284728013 -9842173.536184475 12360917.056203475 -151792.61776162437 -14759097.81440378 1489709.0648343663 -15907093.217923122 -8437062.626949571 -12120988.615143385 -7436714.700910175 8893709.277403018 -8711605.572961852 -1776436.1093799903 5125812.569758236 -9181902.64527839 11995362.150364673 -22103138.329355583 -2238962.2064150316 19933975.814115673 -3632752.3814627347 -18884317.924018636 -1199098.731954274 11353808.13275673 9706458.180162458 575029.9517874893 20284881.406336118 346707.30784438684 -10484824.529391311 3740762.0287299477 -18273642.70699596 12653606.425673064
-24612826.305180416 -15738438.346986162 443012.0687429003 -813086.8167153442 11092993.474114785 10160654.373286966 14604230.338098573 10910385.573688073 23385318.6457709 39359623.55396952 21680991.827126965 20760282.493344642 13474146.93368127 17555.809980363483 -357398.0718461308 -3733112.147035947 -24297395.822216824 5793634.371526452 5533613.0422214605 1388841.5780112504 -496736.64801014255 -6970509.624087136 -8141439.871934488 11885863.229170412 -8779348.813851947 -5403743.131584217 -1611498.1496577172 -6707611.7888376815 -3980057.535983937 23069989.76143078 -8801263.517976154 -6009754.398935863 14259309.603669524 17563889.294529907 -654226.883270849 -16102417.931875024 -4387327.706232008 -11040348.366148256 -6308940.362410712 9161801.34218358 8399616.672735808 10870857.581903376 -1028622.2172430861 -13090535.878119975 -11478659.929048074 -1358553.9149934994 15114078.112351915 18847925.052053552 -14238909.622686505 21743184.018811487 1172797.6702749084 -1304347.2597714348 -11919006.648660503 2827395.372134463 7835977.382796536 -10736044.348123305 8149699.453513048 -1613078.4350405831 -8155925.16756449 -4113688.628949811 -25177396.987079706 -3312789.865388689 19799667.63103315 3258577.036587505 -10191122.93079561 2946773.2737965905 11075830.499532558 15116334.234829135 7515548.198928056 23661540.369609963 -5506522.532963795 11060666.533358373 7483676.0463595325 -1654250.9481276795 11290200.890794246
-11207340.344042262 -18967005.769566283 5335445.623558981 3468996.6636114437 16358130.545104703 4338228.219555041 13638256.165842282 14591769.66130573 24523490.89310266 21680991.827126965 50434902.189991474 6702735.262533605 7735711.830116441 -23643471.95694635 -15117599.38367789 -13784279.893756159 538226.6098523769 2817343.9633601913 28765977.63021381 11497528.71094241 -7697665.082336311 -4548359.182399478 8746663.532959178 -7293568.00845658 6080518.093630748 -18860127.393881515 -8612803.621689342 -9163691.699631996 -20002103.294816636 15862284.896145377 -14872224.468665512 -5294151.674611562 -5539032.319336616 11196728.80503184 -17189326.87573962 -4173214.9223275133 1779966.4384475437 -18279556.571857464 16302613.024162881 9851909.765845792 -6540726.920609163 20554863.827209402 24803051.621272758 1554477.4657476817 17561937.777847953 -25454191.373596687 15533993.206222266 419085.7875395103 -16845496.585226778 6391058.084207941 -14888402.982055752 -11742772.21478181 8571574.671380693 -12295581.986744389 -7147082.181287441 -13827073.246852644 -12652243.1689864 10829627.29245635 -28978345.63942824 -1157826.0569166641 -4119913.2958364403 699905.6738058215 11215494.565759478 3052513.5868025036 -19979576.72980338 -17419652.372095905 -7108099.904468907 9402503.215635126 -6268206.036422383 26602372.163562797 4084392.068486223 2737235.670082649 5005150.745912146 -27620020.777386248 29891070.146357086
-7724204.795502156 -6724295.861210039 -4987872.699899801 -9628603.61287216 -556913.5724066927 5417090.9428354185 -5224738.552637117 -6083285.036020796 14315446.876266576 20760282.493344642 6702735.262533605 26598871.321556136 8699361.504425745 14798685.643471502 12384887.286530199 -10546977.732696468 -10651079.570811845 -3753861.4319482883 5829422.809754966 10513232.372736754 2697132.5651458525 7251566.064105053 -2838366.3843123335 18981683.414265316 2917041.8216258413 9785893.605576176 -4703882.688849614 -6128372.197156604 -10257703.596097557 17022576.06455405 -15084274.49744855 -6052754.5829335265 6920056.428572072 3160986.016372256 3100029.307756593 -8459750.532343457 2793919.709073998 -11978539.87524929 -20763794.130790584 -2625077.5100995027 8714633.243672626 -1592860.5741456966 464836.1141512535 7548321.719871889 -14739733.094423227 15776143.051024185 20123870.698369123 17390351.5102274 -12986951.095407512 3040147.8951647547 5608019.066016782 9208559.198386438 -10744503.504335042 -7754761.951333059 16585939.988879777 -5142090.064081815 4021049.007258566 -10549962.200140178 1875193.6017058971 1972757.2846402584 -15076932.026826331 2772238.0071359994 17335978.027880594 -1631081.0101208156 -19917353.241250068 3774413.5766568547 5353038.881826017 10825553.351202656 -5263637.65162437 3936352.1456089616 14024787.875807919 2229331.5000685956 18964263.62475717 -5528299.6567069935 3768649.944775837
-14408334.762580656 -5473518.101219015 9373438.095590182 14598426.956716917 -300449.29630265344 -6231559.721070128 2235033.7551572444 1320838.035259175 10519200.550873509 13474146.93368127 7735711.830116441 8699361.504425745 20838269.03035871 615677.9155468432 -13584366.29245453 -3772370.5807395694 -8111956.770653311 759959.5695424159 10244955.32450399 3198341.781296525 7974678.434139552 12840629.16945298 6378374.585570872 2952306.598021423 -18615203.366483744 2918862.3426157488 6250641.071901475 1241211.5692929365 -7179282.514767939 12615383.629297351 -8698706.061773729 -9355927.786268886 -8770632.18011414 144726.05228228908 3149103.242377213 -9118231.158361608 -320295.0676497875 -2841714.0907298843 -3439391.6694924682 -9860155.519666085 -9280857.211886112 5352657.28519846 6379420.610776661 -5840010.30150259 -8813820.436878596 2414648.0296780416 -2259333.547219472 2025754.895579421 -9784211.353864273 -4224051.835366381 -6061484.278336285 -13853208.93472784 1606883.8975327834 -11997566.584881255 6894395.859892076 -11964881.574209575 -4459763.827141495 -8954918.613648107 -3520261.466889171 9594937.383976335 -6384829.113423213 5330469.416827237 6759521.127009117 17882088.03777768 -7432332.023190124 2318590.616025862 9588487.221946223 15950276.611160351 15824806.165184425 16753164.245848566 6620676.09422923 -1608640.8378858715 -7108197.608319327 2243869.094100468 5312738.242809156
4359047.640109873 -1275585.4046468968 -11316361.416780075 -11847982.138039373 4470112.836640533 17243916.949456844 -14675545.50051901 -19737929.077932943 -7270812.367154318 17555.809980363483 -23643471.95694635 14798685.643471502 615677.9155468432 40391672.985915154 17551163.947819605 -8164338.822098674 -16845566.42364095 -10290477.68986343 -3401667.4793419624 1902833.8164401175 15570211.353996316 21990397.553090997 1150617.3529467944 12916219.145938413 -752317.982939081 16690953.77801058 299739.359504125 -2354558.3400118044 12495223.45934235 11067728.37376982 -9022457.043959089 9731304.560581328 12624963.881501382 3202108.8759544184 13268109.833981013 -19244794.084704835 5997298.089400792 9799945.693648715 -27389541.4294322 -6933750.079925893 13135291.201175764 -11094528.683467496 -5609961.787684385 2364697.765670682 -11035979.123532342 22792162.495271333 5534028.0444151675 17919630.280342463 -6199373.449350318 3395819.9190223115 13085992.22004409 17113081.385598805 -1950901.1055152167 -3605719.9538540337 13750089.097021392 -8393876.455568852 -1771458.5986816436 -15389649.337693969 10858442.776144283 -12798298.726333758 -2395961.890511052 15156677.210226791 14230710.877375053 -6158858.424994231 -5073318.847328815 21444515.82174482 10745791.210939901 10148230.061159834 -13719212.832667265 -17657860.558914375 -2514134.1459038877 5841081.854718913 13050680.132869465 12528600.212633137 -6008264.109783184
7775877.45221181 -609099.0594835234 -12364434.903281827 -17640088.539130792 -10014171.7026739 3022058.662251326 -16610922.58699029 -10095609.788102094 1833992.36444264 -357398.0718461308 -15117599.38367789 12384887.286530199 -13584366.29245453 17551163.947819605 39238301.72097015 5746696.170557655 -6714802.605061323 -12133916.394397091 -18332757.529621527 12352755.94240645 1223650.877570928 -3041777.7382570333 -17888381.011427253 13544578.978719937 24263976.0154189 3043904.156878656 -6438467.550092872 -18096061.097087186 -11236850.141342344 -8661554.976581374 3088969.592335244 2770701.125496444 17674901.778215073 -2966925.376217144 -6722741.227527282 11491871.523273565 -6328946.731762346 8528569.985693434 -13505731.260887599 8064805.656584587 19985719.389898896 -1790612.418378939 -7287822.0624064095 -2560082.3002021327 -16818441.375045948 18518179.863948356 13895018.019066386 7261033.247173272 4398771.11255865 -3385104.067027257 23715667.054718733 31987042.142102454 -11993416.359821599 -3795081.3254399044 3623502.8501020316 21757519.778260026 9558876.458165636 7159881.893285215 16108524.771899803 -11380419.802398495 -12849333.984902235 -6209764.08402587 14061103.340963727 -15874721.487950303 -11021754.400078174 -1607177.3012780042 492291.32816920575 -8523099.787988894 -11552792.140278155 -14653026.01362782 2889661.4879052998 -407380.95897287776 16234280.953946356 -2098166.947298845 -15047809.530999456
6962994.812081034 6277209.4704956105 5492844.473019358 13953574.598291926 -14831468.739993986 -14544196.10424655 9336505.436809458 8355190.721492587 2107469.4055107236 -3733112.147035947 -13784279.893756159 -10546977.732696468 -3772370.5807395694 -8164338.822098674 5746696.170557655 29468474.381204374 604714.7108184135 -7009857.991249156 -21373981.876657035 -3360805.9874367886 179574.65128296288 -10503043.802257605 -16091082.953706251 26759.9224331589 -14668696.624762943 -16901549.97287403 801896.594256086 1060328.862105207 -586520.4996942201 -15183388.240655197 7011176.598038478 -3834072.555959978 5360966.462475024 -13870317.9420548 2283442.934743282 20488008.053720046 -18664395.38765575 8513543.15589219 15107764.087211153 4712398.247175347 -11976896.378498487 -4464149.072043954 -11087655.900065443 -13580162.767882895 -12051595.331652267 710794.7364803135 -12614981.624467375 -2340850.615562947 4521544.524633611 6685328.650920555 -1830081.2988698138 -4123922.8122619637 -10801020.285713086 15768627.635069476 -2527532.3156568613 15223181.881539825 17821540.891999822 15065996.358706841 6675548.091594312 10443943.155083617 -12601814.296655094 -15978336.514511354 -2397128.7392903697 1244662.5372505563 13226882.75748416 -2228498.659714077 16730789.077840976 2204207.4460026817 19872956.925341383 6471535.735087388 -19089071.225186065 -17209806.791373648 -11207991.229366845 6015045.406351369 -4674002.489913977
16360650.267077275 6189293.619394071 -4527946.042748127 -5366634.789802397 -23120135.512412675 -19705667.531184256 -4185818.497345867 -3622166.1612217096 -13817741.772931471 -24297395.822216824 538226.6098523769 -10651079.570811845 -8111956.770653311 -16845566.42364095 -6714802.605061323 604714.7108184135 36453936.550970964 399071.011608969 3824467.2118680575 4804006.286543382 -3595925.746437929 -3923529.5168785434 13184217.76979065 -5171042.961216673 5267619.914013211 -3986467.9469295335 -5259333.311980896 12259631.723856585 -8258772.123818431 -15898471.35680407 -1622210.7391204808 -3653437.138253113 -26894453.581229277 -17935444.42066951 3446809.2646413967 19740550.500724293 1934617.6237994218 -12481891.295713775 3821336.6508170348 -2131665.588329195 -11656204.08854324 -9732083.575516744 2501943.2346590334 27970873.898409706 15654156.718579551 3515173.484572913 -2577819.7923765946 -13988503.670791455 7789602.685806068 -12079540.729931148 -5058474.905682279 -9350552.98417584 6204458.481442536 2197690.3601853456 -1807199.3751135757 13063576.58965087 -1474418.0887975628 7423870.66170737 93699.62770891479 11493437.882651053 22790186.463274047 -2672535.749207752 -21258518.11582962 2336249.4661088088 2499857.4595462363 -12786146.845915245 -10445753.405080711 -9330123.86474509 609407.8952685472 -11066081.497583888 18128307.439798996 -10858366.093149044 35839.0230681532 -10307174.695774145 1922756.5867895687
-14036976.354925547 357068.25024664006 1992729.152960928 -10411071.055635337 5765298.403689278 4190378.4364189156 9030330.090650998 3692795.575306737 -4804225.920931687 5793634.371526452 2817343.9633601913 -3753861.4319482883 759959.5695424159 -10290477.68986343 -12133916.394397091 -7009857.991249156 399071.011608969 20349369.841068998 453299.799664156 -13146909.735030346 -1326267.9759543291 -12964714.840181956 -2837727.2776154075 5445415.928900207 14505.506149674455 7549481.636392143 1151519.1206151182 12504054.960314218 12536007.056946062 259195.59603167739 9902899.261954857 -2667499.751770228 -1454736.3165735668 16839667.82078664 2426932.622380483 -12810351.656985745 4898688.416693049 -4412626.0784145845 -4980752.381514313 3793541.1625748193 7285298.616745129 -3096930.1752791265 -5757362.966284424 -2448848.436477224 7131574.099139083 -3579600.403415352 -1859191.795483472 -10489512.871740328 11493604.16168676 6258021.578028055 -1290552.1756011534 -11355457.418501385 -3779768.858318131 10633336.175235145 980234.910940121 -2188168.928664228 -2433917.038617229 -2463306.795970213 3904728.259543529 -5354322.752574857 8791999.542089721 3467054.0816666763 -11652520.676419059 -491898.2393996434 11793787.44961196 8083618.429002219 -6425681.346141805 -12766776.769350948 3616307.1986907437 -3614648.2684244122 4661243.2720081825 18193154.44657974 -7393998.067526659 7001558.29873058 -7951329.292423659
-3045268.426803326 -10754724.921845 3549076.859004354 1444527.7746812361 14724305.955050083 7034253.307801749 1785384.4566065087 -1229370.7447260004 8890216.549077982 5533613.0422214605 28765977.63021381 5829422.809754966 10244955.32450399 -3401667.4793419624 -18332757.529621527 -21373981.876657035 3824467.2118680575 453299.799664156 30457853.709833987 7580025.165128004 2986216.954442167 14764299.77094043 19004718.21062996 -4409491.907442482 -235801.9374925163 -1012659.6508876155 -4380355.89489437 1208215.445580273 -7337883.002517566 16379617.123919543 -17899991.256040797 -989145.3106274302 -12509550.114455767 6162673.86424983 -4078377.477551954 -14391272.835629247 11188101.416093472 -12204132.653584393 1110348.8134530676 -5018488.323747834 -8563942.623541374 6736051.23282643 22654849.28699966 11871778.49852854 17702762.572650045 -12016085.596323777 8204077.941239248 -514935.4331748891 -14761497.183731625 -3384662.1748552835 -14921789.017596705 -13312630.245905776 14273404.329558155 -16030858.079667859 1114800.2532553114 -21771842.565469794 -20482034.969390955 -5086032.570173932 -20152267.762262803 42139.425294997374 10342511.982380982 14976933.860083397 5150707.339668689 5531537.20881673 -15872433.68510438 -2682545.710028561 -5538330.453960491 11178465.457513697 -11492247.018526325 8933901.107175577 10880573.96290162 2597102.2525045667 4260184.005278919 -16458965.824120522 22419690.346456613
2514504.907161403 -10235109.89368249 -4248828.113216198 -32056.082021833914 -10791865.678124692 -8174430.126242654 -11926782.49708575 -4832918.623638117 9101680.32458419 1388841.5780112504 11497528.71094241 10513232.372736754 3198341.781296525 1902833.8164401175 12352755.94240645 -3360805.9874367886 4804006.286543382 -13146909.735030346 7580025.165128004 20839701.069310628 4164514.5597916204 9887903.67597922 5429955.91277199 16114.02448053327 10157005.17388934 -6849679.853710055 -4164575.3069699323 -15202536.409343114 -25585548.554296006 1091805.8225665009 -11041732.23152627 -3750772.8490442038 -8314792.096933331 -8835093.032802386 -9018631.72842915 9830552.675097179 -3075547.268901602 -2623537.8213652205 -2054522.0702513184 798057.2903272012 -64898.39313321778 9537146.682761995 12936373.719362888 5680168.791577574 -3173617.37962809 6218331.841335814 10743696.105795084 2482310.703884268 -8684954.985233909 -11454865.736032771 7673291.711980517 9568522.883482475 4948807.358885001 -20610402.24488818 -242063.20452526046 7288240.3175500035 -4938746.974312446 6969371.996214744 -3803489.7161713284 -429003.4915998562 -3641563.42960077 306266.5580110816 12399117.898285797 4702011.91800804 -21314267.406279504 -13800367.769860879 -358093.3476946789 7786621.257330962 -1995657.2266384268 5539154.91472669 12612458.988477655 -7408052.708097008 8252109.096256554 -14760081.729944423 6838451.965500689
-4717177.723918137 -13974545.494627206 565741.8731415118 -11336409.2361828 -6115733.15313905 1373579.0243177193 -172544.60424556106 -16349484.4939389 -510754.7030991502 -496736.64801014255 -7697665.082336311 2697132.5651458525 7974678.434139552 15570211.353996316 1223650.877570928 179574.65128296288 -3595925.746437929 -1326267.9759543291 2986216.954442167 4164514.5597916204 34925164.4531919 18172380.27964176 -4099751.707545956 21692785.264921293 -12876143.98034909 -4640249.6031966405 -7576393.097937725 9920411.320662389 2005175.3556573784 -1773622.8463134307 -10862570.974275503 -3883947.9970061993 -6993874.258894723 9295924.08679105 8205219.710887523 -18528513.2193098 -7164854.363607291 10794143.36931751 -17300838.741763547 1320575.4653913327 -3557620.995028897 -12848536.428196697 9332069.007293947 -7598729.263951836 2891347.694894649 15905148.050133863 -3986641.488217721 -14186580.942024436 2411309.2667718898 3855686.1659941035 1821767.788199312 -16981339.585587114 -1135620.3261462797 -1601656.2604211168 13293789.24053895 -1607220.7622521324 -15232887.951028194 11212937.469176494 8819072.851176333 -13850351.156786485 12380380.583975077 23482615.59460526 6893788.635670095 4584660.7789689 614840.3352553921 24215655.80081517 24681761.240175724 8186537.240850975 7685546.657785694 -10920440.430175884 -488143.1665754308 7304555.775906154 -11850215.904056847 3779756.189447368 -1801701.3557037404
5560622.732289443 -2610346.558226764 4454782.508371804 7574829.774569265 3478463.197850553 2200729.899488462 -13450229.358128909 -16045674.635595921 1242837.67123174 -6970509.624087136 -4548359.182399478 7251566.064105053 12840629.16945298 21990397.553090997 -3041777.7382570333 -10503043.802257605 -3923529.5168785434 -12964714.840181956 14764299.77094043 9887903.67597922 18172380.27964176 33349518.97445219 12440604.275310293 3497245.317981205 -8734773.203540575 9023077.302454174 1305783.7995027713 -962994.1136088831 -4758700.14279273 8779847.227160893 -16783891.684593048 -136298.60252356355 -8347026.412189449 -6272678.8234644625 4154048.3784754183 -11666891.711872684 6023882.933587283 7020225.559737431 -10576450.155018225 -16866463.055095505 -10089860.560336806 -3815953.162287977 15548349.204469182 4109243.6068516606 -1901518.0116000643 8719866.759628171 -1930285.2155819228 235396.5382297337 -11816460.34510032 -14877940.999241715 -5276875.345517348 -4595284.824017949 10736604.100655667 -21715512.861352015 9175092.475968469 -15563128.226293322 -17822024.26176884 -11448486.282005003 -1607004.9608591362 2539414.302495665 6804864.119505887 19752788.58689679 10469525.167508787 8539741.894373594 -13633424.260629978 10151103.033288738 9261847.563847538 16311708.453039967 -5029043.524809297 -3624718.4181921575 7870794.187372591 -7252500.604721244 -275088.9849426755 -1605089.0042863842 5915131.680011919
-1442730.7792184555 -9024203.858440213 -14629551.435279788 8125313.784667303 -6533056.795186634 -3470578.0637009153 -8213718.954317272 -369609.97200048715 -17163751.80042724 -8141439.871934488 8746663.532959178 -2838366.3843123335 6378374.585570872 1150617.3529467944 -17888381.011427253 -16091082.953706251 13184217.76979065 -2837727.2776154075 19004718.21062996 5429955.91277199 -4099751.707545956 12440604.275310293 41279776.5870471 -30844751.974124353 -5107675.88411488 -963746.0135880725 10969297.191142472 -1613174.6106668976 -708992.572000747 12987567.405270249 -5833646.538783582 11311683.891697561 -27524725.863367923 -7816849.474529814 8086699.547094239 -5212071.305968325 12600869.434170885 -9057398.904432578 -317760.3382129156 -4305127.695476143 232644.78919525567 15334376.605612721 4614060.02032795 20337742.029718366 17026776.312791914 -1381485.429021888 -2985471.9951512655 15820573.43388984 -9769149.527198883 -3538421.9549681274 6613563.568793459 3150596.0843149265 27335922.792189363 -14229352.192730619 -12343886.676758632 -9886993.83126028 -6391813.3880348755 -11440049.120412283 -16296175.891771125 -4463170.453225601 15849104.787976077 3847606.8579567913 -7480921.723206043 20292199.412885804 -3248029.1541199195 -16430717.34094452 -14527733.639102649 14715849.360233711 -66710.5127180379 7170571.48330212 6931480.341615374 4263441.838031585 3827073.2570674676 2290268.5090562454 15914627.804242356
-757077.2552082642 1590585.3302894384 8253935.720792334 -25429329.53039714 -1289405.9538856489 5012645.030620555 4885381.448511068 -15573223.139716705 15678042.222560989 11885863.229170412 -7293568.00845658 18981683.414265316 2952306.598021423 12916219.145938413 13544578.978719937 26759.9224331589 -5171042.961216673 5445415.928900207 -4409491.907442482 16114.02448053327 21692785.264921293 3497245.317981205 -30844751.974124353 52385477.52641353 -2093108.3677661568 11496036.309073351 -18975034.20364872 16736096.11338368 1274896.6904006866 -1405412.9245661017 -13924179.558534332 -16862547.051580884 13426746.5164807 10808093.768042713 7365706.2465030905 -12396761.206571441 -5316013.654448028 -5205388.15566675 -27062874.16429066 -2344850.273381963 -1451068.091372664 -31803960.20923386 371943.613095209 1666146.9793963127 -12916275.258917805 21869431.81844584 13722210.61975943 -13488276.561958792 3397533.242254712 5660817.743371515 -9179470.511958096 -15421583.513757518 -29780558.9906433 12287863.20101569 33501937.4408613 257036.5171928058 -2286761.072399473 2772270.143566587 19176948.043936864 4568284.928806728 -3182650.3062075395 14961100.514670439 8810692.679126685 -16894870.113349628 -6092127.706623733 31974909.823937714 23352357.597595047 -5189407.318832204 -3424631.711393135 -17628823.161093194 13419672.986865431 1426823.0326914352 5389433.296404754 -5220829.139695973 -9894545.368374616
6580784.503304688 1003148.2635717599 -9115879.840336313 -22136523.550591245 6346123.106731058 8746451.27709203 -18922698.069243144 -5783639.865208074 -2351577.472606334 -8779348.813851947 6080518.093630748 2917041.8216258413 -18615203.366483744 -752317.982939081 24263976.0154189 -14668696.624762943 5267619.914013211 14505.506149674455 -235801.9374925163 10157005.17388934 -12876143.98034909 -8734773.203540575 -5107675.88411488 -2093108.3677661568 45327938.06918607 9611405.74581633 -6112001.6491702 -18772392.861173376 -12914513.001453467 -9346986.280448042 9841413.082421504 5720153.275412974 8571886.25783376 6771218.445600071 -21179863.50643973 8498040.239583366 9259635.592277352 2243898.8085301835 -3112181.348754525 7587560.24347705 23341935.799885847 8952168.91307397 6223229.1898027025 6181312.96599849 6101305.990168933 -3185906.4421146866 16320247.870740827 -7739881.559988465 10033975.560501346 -16425685.461476753 16446431.480234226 29463087.458874974 3380381.6166555006 -15087402.124399742 -9810649.958411897 14788650.729748683 -8636284.986791829 3895466.1765071508 4110336.016739721 -15567501.428047938 5799527.867801337 -1542716.2046306776 2157054.724416165 -19238341.81173913 -14147692.475622395 -13730712.842612991 -28483990.39168695 -25604894.39510694 -28547578.349611487 -17029461.300057277 16781335.906535853 10819388.481937088 15463514.248522695 -14126990.195132216 -11583469.268822197
-693203.834762495 17494962.982761398 3177815.1095487927 -7713397.252357597 7024673.467636013 6700238.65791453 -16276769.571161184 -12754226.342951695 -7816683.519350876 -5403743.131584217 -18860127.393881515 9785893.605576176 2918862.3426157488 16690953.77801058 3043904.156878656 -16901549.97287403 -3986467.9469295335 7549481.636392143 -1012659.6508876155 -6849679.853710055 -4640249.6031966405 9023077.302454174 -963746.0135880725 11496036.309073351 9611405.74581633 37604900.20649876 6487989.485556149 5283287.527024765 9366601.078499408 3977539.2397690895 5135311.658224633 -2132919.551114276 5035020.330558517 2362290.682881118 4884955.53353141 -10064945.224682415 17283624.713436615 46590.348046825166 -21486694.31794697 -19211369.7356973 10311043.367991738 -11481720.693214845 -7659278.569900556 9366293.35997134 -12107507.535504527 12967649.158745937 3299653.838831626 -1004362.0845293825 6326930.667901383 -18584715.571780454 2527981.068184844 8855311.60840523 -5067444.155750439 -8121986.039056899 12393535.3899604 -7069752.149800887 -3969195.732350591 -29594783.69444865 15919249.071280058 7517160.075207515 4100486.748016495 7731393.39042273 -5163509.342451463 -4969423.35921571 -2806570.80803187 11965867.302586155 -13714470.811973406 -12552399.461054537 -12175706.829627823 -17863242.907628067 22545061.949732047 6994354.279314534 7865316.588551074 10087098.653531795 -20464941.000359263
-7888168.130933464 3943590.825639631 -367749.0123014989 15771465.479254194 -2336639.2331121806 -5111759.399736639 -5632264.179317231 5100052.355805721 -8655152.742260624 -1611498.1496577172 -8612803.621689342 -4703882.688849614 6250641.071901475 299739.359504125 -6438467.550092872 801896.594256086 -5259333.311980896 1151519.1206151182 -4380355.89489437 -4164575.3069699323 -7576393.097937725 1305783.7995027713 10969297.191142472 -18975034.20364872 -6112001.6491702 6487989.485556149 16052715.414154062 -5869788.819382958 2783933.9657759 2489874.2880814886 11296033.41314594 3871090.1891358974 -4789789.912279437 -4354320.483498786 1394422.6940419306 1494906.2687571559 3060175.6652384032 6420286.193864376 4091372.520534148 -6101789.642333087 3546572.581679257 12790886.824403398 -7932405.494008397 -7020978.113820447 -7157661.937268575 -1292297.0663586787 -10436250.483307121 7087347.667869634 1566909.002387044 -7109463.586820655 8734121.768708522 7307469.898682857 8885577.552686907 -7442498.722727407 -10099609.429572333 -336931.32339665614 4740037.1392475255 -11677677.17326719 1093854.7799044107 2158146.087125942 -3482932.288681326 -6862598.264193785 -4392902.489487322 14147063.168814026 5718557.468945852 -8571153.040908732 -7810372.585740606 2664574.362073594 11129572.793733766 8378903.743483146 -1994074.9380552508 2187614.9363671006 -6739372.545088955 14033216.801569115 -7031566.1387985125
3819888.148118938 7754669.626150376 4877534.83930013 -8368113.997544044 -2864661.207985543 -1008034.226512228 13489488.434359394 -4884513.778734716 -8624821.939918326 -6707611.7888376815 -9163691.699631996 -6128372.197156604 1241211.5692929365 -2354558.3400118044 -18096061.097087186 1060328.862105207 12259631.723856585 12504054.960314218 1208215.445580273 -15202536.409343114 9920411.320662389 -962994.1136088831 -1613174.6106668976 16736096.11338368 -18772392.861173376 5283287.527024765 -5869788.819382958 30754320.591603883 20541028.097797852 -2899640.346889251 -4448622.491756045 -5134673.457894731 -8105674.130374276 2418667.5762698622 18585724.97590621 -10579358.212031536 2017465.3789081043 -8475478.36395184 -8438984.461198075 -5247513.07317127 -12942278.022104152 -26415597.337326244 -5954332.461839016 12324895.483309092 9353757.858996175 5667768.265729637 -7574455.993972653 -11301200.102973789 6537513.531410151 9972678.599330064 -17665026.16921915 -28285747.944851864 -8350493.354592021 22933330.700464386 15129800.08592176 -8085621.5019845925 -933795.6746400433 -3009573.545422682 5465289.104258711 8830480.575424667 16495281.889638463 10214267.452629134 -16854206.704507228 -2279559.12996904 17086678.311152644 21734323.817855265 11074660.075650014 -2725270.4646592387 4896936.193682123 -12772334.80505508 1599734.1310766023 623808.2755206425 -7472107.739692956 6422855.4621868655 -299079.55535911757
