32980512.22627016 -2788088.252796678 1139673.7618960533 -3999844.6085553444 722829.5614936815 4338258.871408843 49074.637438041966 333306.1277159679 3368026.8444306804 146144.0662440349 -3293525.3953123367 -510077.51094201696 555406.8311633104 2150288.23068564 64049.710701205586 -1055053.15358234 -185988.7183625069 1762338.3581535476 -140764.52469559055 -596840.3396563728 2670818.944225747 -367161.5446021228 -2230248.345558986 5143972.869801315 1448514.230452733 -3036909.806316837 -4817715.79617816 -3347849.4139186293 410750.3103465941 4875268.191145441 603034.4951345496 3777462.9560584705 -1709283.048240476 -39671.88484202544 672879.1382866089 2467464.6603378956 -1785471.747443188 -328778.0288918311 -3027792.532711816 -1311681.4084919784 2546072.677734072 -765589.7096064603 520121.8029705107 3404010.0139513244 -1550112.1199938115 1433324.496472169
-2788088.252796678 34302033.7977462 -738891.2766007669 1597059.4255445534 -2209578.76601399 -671367.1522871804 2989959.3934616777 2768486.1210169103 600765.8743207231 -3069297.236210153 1618043.4306174277 -410693.9319587238 -990621.275355109 1451572.3405946419 -3002505.7770746085 -426945.3439352198 2332094.6340900795 3050058.8089094204 1778519.3606944352 -1102121.240029504 342113.58433435316 2642006.116853449 -559960.9575750416 -1838106.778019006 -483256.5866119385 121113.4396473169 -2948839.9871054455 -508826.86302248714 3868360.344475198 27002.589084810035 1138645.416679197 1202769.3525948492 -2401003.626270918 2491446.415350443 -3438608.7783077713 623047.5449525301 2487783.643672538 838315.5714804581 -281898.5928162463 -1331402.9312407968 -3913048.2999940077 3199848.362213674 4942369.58447992 -211243.4075563783 1597117.7949654846 898031.6750471538
1139673.7618960533 -738891.2766007669 33252525.220847182 3399155.8893693574 1697943.362920788 -791237.2503753194 2711063.2293830533 -3586727.417930865 3670219.2306642984 -765096.2701845975 -1062425.226180258 81413.24672354048 -2189404.94888737 1210054.197891955 1577828.6025682525 -618209.8957741699 -1204052.8658700816 -1640203.2251009457 410235.3806281892 642582.2898168357 446611.07346526376 763124.8932544189 848694.1756906571 467876.0226356173 -1694539.3321387805 227057.95309527998 2306996.78548413 -1279247.2330257697 432745.91046092584 3935496.545650272 1040832.6697190609 550354.5443374994 -597457.3566697878 2749954.347446879 -606650.7840480956 3122158.070745611 -1341692.0579760077 -2255006.5375370057 -871937.9949853955 941966.6237293829 -379486.24336794287 3820019.940901926 640211.3699699796 -2120016.200404492 1173432.0085741081 423618.3111486845
-3999844.6085553444 1597059.4255445534 3399155.8893693574 32569378.090782095 -1726671.1284169268 945990.382128786 -3166918.378627986 616678.2626387681 -893846.7032873755 222892.81020413412 390127.8991019151 -825170.7958372438 1005400.9650156081 -1042113.9916273592 -6261320.920492574 3132097.811066787 1097010.6614308252 -1826042.6096515232 2918168.823326993 1382155.1541546783 967990.3894697925 -923229.6453676897 3537273.1005944395 339269.7970712924 -1046076.3586827447 -161783.21787307796 -1272002.485433822 2962954.4147251393 1372725.8927632945 908050.1243939516 -1611217.0717760287 744696.1347652633 -1001178.3959628583 768856.0679093465 -326437.9199201554 2626100.342022 -354793.5472661422 -1363096.4927804822 -1734766.3775008235 -563123.4164933376 -303839.63081814855 2246668.635737635 -647950.3066405744 -1600141.2573372528 2544442.6177226687 -737989.0094244356
722829.5614936815 -2209578.76601399 1697943.362920788 -1726671.1284169268 31718842.01680329 56976.69619730432 384672.72424467595 -1602688.6960638196 1417534.2665960267 -1793168.339757517 2113995.2818025327 1239227.0748263404 1884168.7898526907 2466698.645962553 -804267.6931410983 821586.967242861 3653929.414774901 -4462103.118141592 747789.0280202345 -4760576.381285986 657274.7809666917 413182.64758848393 -713212.3189344297 748682.4047572998 -2438948.5694176015 -1615792.6878915848 487652.6330687832 -1215103.0176010276 418119.66071792744 1746566.3467527034 417419.8212533931 1447495.7409330064 1419520.7918636077 616542.6938556313 -1108727.961550839 1705170.2190207823 242084.4168606588 -392710.6546493529 -1217230.5302642025 361106.5434811562 594803.6469445189 528719.8856301365 -20881.342923130473 -1285936.9853747026 -2089341.34775518 -692532.59925461
4338258.871408843 -671367.1522871804 -791237.2503753194 945990.382128786 56976.69619730432 35753330.18888894 -3526821.8091848106 -4414358.262095008 -1040884.5989907713 -1992366.662766509 -4910099.974588212 -543752.8386434306 -1183885.6750116544 -345190.4025069327 1396042.0805531205 804770.1594285185 1928865.093514276 349927.3776483259 3523001.5385870803 -371178.41039655503 983345.2385996286 1780940.7888785312 59245.32600712608 2120694.7474220823 962688.1559239776 -3114034.8186316346 -246221.12504059824 -1647566.539591361 1090186.1641510604 3964115.2116522253 -3173085.913399385 -1197134.3798035588 311176.5253884459 -1731203.4619956717 781054.0157522702 -1159961.2571051214 -518395.5270289467 -180616.44642577058 3373359.0095579997 -3012732.290837157 34422.34158180708 -448909.4728484973 -1855391.4366867582 2396820.5106415744 489961.978338951 6391244.882086206
49074.637438041966 2989959.3934616777 2711063.2293830533 -3166918.378627986 384672.72424467595 -3526821.8091848106 33828332.75951738 1596879.554230992 756765.8196661711 -507284.9756874653 173786.90627033182 814899.3175844667 -4096829.7081844863 1931956.2476988623 3525489.619678456 685029.5010719215 972405.8970060216 -67230.75573054605 1033447.7386113338 -362891.28153491137 1946389.5016888485 -4484467.653941304 -2025084.2535963294 1414721.1195799531 -1678117.4024069905 787823.6358890559 -826353.8537555692 -2228015.269705898 2823546.86204087 371920.97025881946 1948601.8305733702 2554919.12755733 -3730768.049264669 675229.7488493291 -239594.46124762972 -2161867.553562228 1984662.3757150394 -4595651.189352616 -1665172.3258778264 -2126184.1275604437 650113.6905008287 2777941.6713753752 -3001068.416581492 1173724.3823496331 -2150340.3157249796 -830260.4482042174
333306.1277159679 2768486.1210169103 -3586727.417930865 616678.2626387681 -1602688.6960638196 -4414358.262095008 1596879.554230992 33019395.77204511 -3502686.0075268243 498439.55510680325 -258395.38872386902 -586060.9512380537 2527941.7796247727 41195.181864462014 -2557062.305107166 -607460.8229130891 1943177.706351375 179875.32977516518 1012469.6783528035 1556287.127973714 -980256.7982872692 1001647.8875512313 -2786017.185006723 -3308322.4982603965 559688.3415131528 2178460.3313563927 92749.15950012999 1426421.969064389 4269141.89859821 -4324000.166484867 -430537.85268243833 1744514.957449195 -4262659.297528717 -236751.9900124869 -1106761.0536268607 -914464.8243958683 1740769.3293412589 -9175.142464345883 3247867.437262771 2097209.0110294316 -1466413.6031389134 -623285.1594513784 416740.6524075546 -1482539.571436744 -752948.3005034393 3112788.477180829
3368026.8444306804 600765.8743207231 3670219.2306642984 -893846.7032873755 1417534.2665960267 -1040884.5989907713 756765.8196661711 -3502686.0075268243 30134261.607525628 -2001712.5337224011 2210686.3181604757 2359538.717487449 -1981214.495258508 928966.7985077609 803615.3431292508 1358334.0969435233 1232450.5369435684 -730067.0142057973 459655.28351041855 845471.8521648479 1327170.0424707904 -787098.1174467149 1157059.6322470708 1636498.4432095685 -1983889.4848303737 3088906.6597281503 3002368.286700227 -4632095.870027246 2881892.7153014364 -2135519.284430116 1028369.9044837253 215502.1999190152 -3543585.5987359853 692359.321639742 897487.176785544 2773101.143511242 -667647.6570364482 -1802641.5591299203 745665.0159416529 2120752.787045236 46859.455664996174 -2733349.5268938085 -561920.623745994 2749527.359612016 -343053.0261411464 -322382.28710504697
146144.0662440349 -3069297.236210153 -765096.2701845975 222892.81020413412 -1793168.339757517 -1992366.662766509 -507284.9756874653 498439.55510680325 -2001712.5337224011 30187307.589403793 2772844.101903231 -3286083.3095288877 1803598.1383509638 -1374411.5996167348 977648.7363662758 725093.6961033456 -4576034.381566728 -831228.2048770483 -792461.0585785704 -461207.9910264791 4255467.974532079 1619679.7558432461 1406877.9556470022 233531.26670522854 -975804.020939135 2656102.235124649 -1406181.501763401 762060.6670288586 1348008.951633229 1977045.0933494973 1567546.5850888365 1772941.5990489079 1865162.8184377048 -972378.5664065239 215430.61248218807 2421681.385981755 299912.5645578533 -247794.51212215045 -969879.6083164004 170842.2999241653 227745.1946543753 654177.6943152953 -4216467.356089857 123518.1946000391 -211810.62358003957 -1523065.7040808678
-3293525.3953123367 1618043.4306174277 -1062425.226180258 390127.8991019151 2113995.2818025327 -4910099.974588212 173786.90627033182 -258395.38872386902 2210686.3181604757 2772844.101903231 31480606.497438315 3066032.883367537 3201266.596786193 1417171.8008801395 1297770.4140631005 -1244453.2083979659 1507001.1995142794 -128509.23205840925 -312519.46564522444 -25930.609314456076 1158445.3871210767 1763356.6723513892 5125730.464276593 -1355130.2522412757 747319.454484942 4160833.790313749 702958.7888973203 -753504.0684843889 1609928.507231503 -812001.1434857235 -1721795.524744845 -3484744.505352105 218251.67950974443 -1213280.9807860674 -2103226.53152906 -2214931.618403029 1976747.3982665641 -1609671.4452679728 319752.7324695018 -1326321.907013442 -4099373.237277581 2362285.086562557 -2955098.0730485595 -2901677.269011041 -3419.55457379967 1528140.8013898155
-510077.51094201696 -410693.9319587238 81413.24672354048 -825170.7958372438 1239227.0748263404 -543752.8386434306 814899.3175844667 -586060.9512380537 2359538.717487449 -3286083.3095288877 3066032.883367537 34734209.14936189 -5488.522566594665 3061703.495551444 1556730.074164185 -357987.25833589386 -1663212.3322419606 1872889.923742546 -2295748.299720556 1295319.3063348492 1738209.119775303 37964.68707674272 3434727.566978306 333368.538651599 -148090.2280565239 -343906.2568964324 3553632.658121285 -4205143.934787946 -1073499.0591376869 -353371.41325349204 -1222891.3441896872 -5394384.918235168 -2191587.9514595587 -2638397.8515737923 728950.8924393252 -3578034.5256018774 1223509.5076620646 2368596.8282508054 -2096149.0629674376 -2459871.4348416734 -1231673.692761459 1143086.3422997536 1101366.426486639 1294058.3573157052 1710097.1440360642 2763985.58913243
555406.8311633104 -990621.275355109 -2189404.94888737 1005400.9650156081 1884168.7898526907 -1183885.6750116544 -4096829.7081844863 2527941.7796247727 -1981214.495258508 1803598.1383509638 3201266.596786193 -5488.522566594665 31306962.940077152 -1562505.9074447872 -232895.16562598344 409467.09011409705 3531266.2781718955 766933.7424966178 1990754.3212715301 1092395.4176579223 -1615192.2626866025 -620271.4642985997 -620559.8206477812 -296022.6089098422 -1153135.260583958 -341306.6313116551 -681606.450047721 -655273.7864340954 -1493000.7100401162 2507625.8614303963 3220881.6134880832 -468490.9090382597 -876071.4818392307 -3892314.89728471 -2851562.557623217 5689333.34381576 3293237.669340024 -937387.4615654281 -335105.6269262788 -1959319.59660742 -1344345.759140449 -578942.9590046982 464072.35482291883 -901265.3320756013 886594.5443679658 3827923.02857732
2150288.23068564 1451572.3405946419 1210054.197891955 -1042113.9916273592 2466698.645962553 -345190.4025069327 1931956.2476988623 41195.181864462014 928966.7985077609 -1374411.5996167348 1417171.8008801395 3061703.495551444 -1562505.9074447872 34784809.48567019 -100056.24600706033 1879059.494021674 5954408.093372015 -1010277.7409700151 -2225853.7765057925 -121918.25580423532 1089989.1203698055 68859.22300957752 -522655.879915817 4316962.71766992 -639509.54241139 1638570.176902141 4238032.019429695 -198537.47643435386 1343544.0596777615 2085378.4074459868 -3967218.4670388508 -1036117.669885468 3180012.0953021296 -1641255.928659406 -1977824.3435760052 2450130.817897303 -3963506.8516357196 2736721.6018905207 -1975054.8015797848 2338841.3326509288 268242.3548569013 585816.5628598885 -3722314.254648299 -3472467.158327067 -2222235.4755341825 -842821.6003665269
64049.710701205586 -3002505.7770746085 1577828.6025682525 -6261320.920492574 -804267.6931410983 1396042.0805531205 3525489.619678456 -2557062.305107166 803615.3431292508 977648.7363662758 1297770.4140631005 1556730.074164185 -232895.16562598344 -100056.24600706033 35131480.390615314 145128.02138306576 23521.86882782757 3165425.351109711 -536276.0726568566 -707232.8508621848 919139.4568782293 -3061794.153345377 -180308.1980349669 -1273798.1383957064 -1348014.9958179006 3432708.993476203 3384247.774253668 -1563318.0792452872 -3584105.722701741 -5125295.7897540275 1183087.342001748 390951.17935927643 1643168.2698779167 -1279902.4427436104 -817067.6341973717 2293444.303405128 -162471.62148804063 -1780734.4249485258 4727788.851028084 -510588.1296109009 476501.85446624144 -111345.8730865678 -2550903.4100517128 2310732.0547768683 -2266510.094465904 3586117.398247572
-1055053.15358234 -426945.3439352198 -618209.8957741699 3132097.811066787 821586.967242861 804770.1594285185 685029.5010719215 -607460.8229130891 1358334.0969435233 725093.6961033456 -1244453.2083979659 -357987.25833589386 409467.09011409705 1879059.494021674 145128.02138306576 33221005.65176178 177385.7750668996 2733915.8001621375 219517.54272915624 -967654.6578058876 1301421.248427036 1242690.9619421223 87075.19919243843 4245209.504019707 2484352.3752330034 4671081.048764081 -428657.19006116426 1833326.1611934972 -1702940.4739351242 -2482087.766472426 3610653.0141009423 2160134.129076512 1520529.8931854998 -553580.1719029278 1250401.0223261197 2027898.046268106 -773261.6399025925 -690491.3828745524 -297424.46246023005 1974937.3190899082 1358022.179649737 1213647.3194799644 22532.84932771168 -1275764.5907076353 759554.0794145167 -1615152.9466239265
-185988.7183625069 2332094.6340900795 -1204052.8658700816 1097010.6614308252 3653929.414774901 1928865.093514276 972405.8970060216 1943177.706351375 1232450.5369435684 -4576034.381566728 1507001.1995142794 -1663212.3322419606 3531266.2781718955 5954408.093372015 23521.86882782757 177385.7750668996 35725705.144145384 -378725.3554867869 3248393.452236815 1146168.2239789492 1644433.5349578774 2663041.5603157524 -550439.2681426613 1847488.1099058217 -3222085.703846161 1403052.154057318 4151216.2882888694 391938.84735542454 4007051.5328514655 -669596.9401012333 -2314759.8407624634 -662713.0041766256 -1542986.3861517848 372656.7864654126 -4054173.530925527 -123001.67473098179 2517571.41520036 -652898.0171136241 -2591287.571683623 743032.0645704373 393336.46893944574 834634.4172128557 -3489990.315310701 2696940.229648864 -728111.6299105239 3736439.787742539
1762338.3581535476 3050058.8089094204 -1640203.2251009457 -1826042.6096515232 -4462103.118141592 349927.3776483259 -67230.75573054605 179875.32977516518 -730067.0142057973 -831228.2048770483 -128509.23205840925 1872889.923742546 766933.7424966178 -1010277.7409700151 3165425.351109711 2733915.8001621375 -378725.3554867869 31280034.50954674 2655336.2778314855 2491437.765018791 -116680.02538532064 1623937.439082892 -871253.1391146735 -2232200.190629225 1374404.4715813496 -1158732.0474414027 1338388.4859682124 -52899.38846254261 -842890.8237211496 1347868.300903498 688760.1827844755 2952820.2445769613 -2457300.860402439 -770.1663069179103 505226.08646715665 506917.5619295656 2894113.2122785817 -179852.1305088419 2243566.15884667 2155160.4976555216 -1489874.9466306162 -236661.90070562364 2638987.654393868 705975.0702139902 1319948.7355617883 -680440.8976083801
-140764.52469559055 1778519.3606944352 410235.3806281892 2918168.823326993 747789.0280202345 3523001.5385870803 1033447.7386113338 1012469.6783528035 459655.28351041855 -792461.0585785704 -312519.46564522444 -2295748.299720556 1990754.3212715301 -2225853.7765057925 -536276.0726568566 219517.54272915624 3248393.452236815 2655336.2778314855 31311330.470799293 -1462546.2836494555 891216.8144170898 3225585.6192924273 568782.3284566521 3120212.5748256547 904405.009411942 -3395009.5346565074 1120926.1787187494 1159938.7889700374 -2245061.362355015 3290869.6520237606 51867.73249891789 2534422.027142375 -1329679.2926683195 -2683009.141064718 1305748.3495912547 813883.9775932437 -658884.7445308024 -619785.6159152101 4043177.345966993 1965966.6733236047 226270.7327167225 -2591837.047998683 -3227098.138199235 -14904.610472301838 -171646.716720403 3013522.1956425193
-596840.3396563728 -1102121.240029504 642582.2898168357 1382155.1541546783 -4760576.381285986 -371178.41039655503 -362891.28153491137 1556287.127973714 845471.8521648479 -461207.9910264791 -25930.609314456076 1295319.3063348492 1092395.4176579223 -121918.25580423532 -707232.8508621848 -967654.6578058876 1146168.2239789492 2491437.765018791 -1462546.2836494555 32613462.687109195 158915.13653324486 3094019.9937539794 490002.6121469819 -982157.7368985986 -1174177.9981955278 909188.8168982127 105558.71910209634 -795307.3860943312 2777737.8677668558 3196064.061034713 378083.0266631282 3257520.22670836 -533023.5191403687 -1494100.134186761 2874438.6587916827 -4138606.483648948 -908372.2892868898 215622.27835310219 -2801188.935500502 -366100.4880632896 -2607738.5061145206 305794.2576264478 -4599778.9740700945 2054490.5149009333 989177.3579359326 -343682.05345008103
2670818.944225747 342113.58433435316 446611.07346526376 967990.3894697925 657274.7809666917 983345.2385996286 1946389.5016888485 -980256.7982872692 1327170.0424707904 4255467.974532079 1158445.3871210767 1738209.119775303 -1615192.2626866025 1089989.1203698055 919139.4568782293 1301421.248427036 1644433.5349578774 -116680.02538532064 891216.8144170898 158915.13653324486 32836906.58530966 -1252969.2723864492 203508.09879276418 3452768.17325007 473834.97504230496 -2448471.727379305 -1218136.2159925415 -3352967.5315748816 -1775782.3072228308 38246.79555098395 -3141272.5759976255 531045.8716993124 2777337.323180849 2237877.5999396564 -375958.2969697336 269331.61617075803 2779633.674418513 -126896.35900566872 -2665553.478220423 2294089.268551973 4166986.7999396836 -1595541.6250182034 -1202340.6639383463 -723312.104812327 1273252.0597776938 2000776.7971872147
-367161.5446021228 2642006.116853449 763124.8932544189 -923229.6453676897 413182.64758848393 1780940.7888785312 -4484467.653941304 1001647.8875512313 -787098.1174467149 1619679.7558432461 1763356.6723513892 37964.68707674272 -620271.4642985997 68859.22300957752 -3061794.153345377 1242690.9619421223 2663041.5603157524 1623937.439082892 3225585.6192924273 3094019.9937539794 -1252969.2723864492 30384576.225590937 392311.90449096955 -1660422.0427878113 1672800.1327509268 1770396.5840932112 -186046.87562263667 -296576.99246696744 2860203.336856559 6257918.487219204 778937.227650544 -296961.2146828285 3795253.7745674355 1628503.4960356557 -60127.73184433068 -1985532.3658556007 -398074.7660826794 793866.2225310708 479263.25484848657 -968703.1590458438 -3347955.0096057546 -251421.78776235296 4358324.550164872 413808.2255987085 -1169400.82153605 -2157869.2128696167
-2230248.345558986 -559960.9575750416 848694.1756906571 3537273.1005944395 -713212.3189344297 59245.32600712608 -2025084.2535963294 -2786017.185006723 1157059.6322470708 1406877.9556470022 5125730.464276593 3434727.566978306 -620559.8206477812 -522655.879915817 -180308.1980349669 87075.19919243843 -550439.2681426613 -871253.1391146735 568782.3284566521 490002.6121469819 203508.09879276418 392311.90449096955 34249958.567419335 -2374424.226024618 -3121068.972273629 4801924.352598471 -277896.49211354536 -2035498.0713663518 -1418291.625249546 2100814.0277297976 -2620865.560032031 -43303.86782168655 -1457377.5789664886 -2991335.1407970185 -462090.61758995795 194977.70333605414 -3498910.1440843744 -1468914.5208745368 2304959.9034261005 -1501463.819951929 -1408728.7163791612 -2725467.036731046 -1324084.6774759411 -423675.98036610254 2072617.6999858848 1750221.2171449123
5143972.869801315 -1838106.778019006 467876.0226356173 339269.7970712924 748682.4047572998 2120694.7474220823 1414721.1195799531 -3308322.4982603965 1636498.4432095685 233531.26670522854 -1355130.2522412757 333368.538651599 -296022.6089098422 4316962.71766992 -1273798.1383957064 4245209.504019707 1847488.1099058217 -2232200.190629225 3120212.5748256547 -982157.7368985986 3452768.17325007 -1660422.0427878113 -2374424.226024618 34451152.00595815 -1341577.4378904642 -2664072.8962048986 -569490.2169409678 1440647.7021070179 -3011110.9793660706 501402.3901569609 710845.2924574667 -1997928.4979640981 -3654615.4162398335 -941731.1422972206 4591249.791350347 -419665.1863868958 7877.775449016468 48258.500027667396 -1718775.5909255084 -401710.533150474 728055.9764766657 2315272.6402534205 -1382843.0639383513 -31093.933392295454 -1192543.5477946403 4120524.561741128
1448514.230452733 -483256.5866119385 -1694539.3321387805 -1046076.3586827447 -2438948.5694176015 962688.1559239776 -1678117.4024069905 559688.3415131528 -1983889.4848303737 -975804.020939135 747319.454484942 -148090.2280565239 -1153135.260583958 -639509.54241139 -1348014.9958179006 2484352.3752330034 -3222085.703846161 1374404.4715813496 904405.009411942 -1174177.9981955278 473834.97504230496 1672800.1327509268 -3121068.972273629 -1341577.4378904642 33989771.190271415 -888092.722715603 -929283.499307075 -1252123.895530454 -2754808.897081913 -3297240.4658287317 5754687.941017255 -2456793.5631280355 1605801.7736147367 751512.6397230242 -777218.35927372 776573.2449093328 -131066.41497888563 886341.9269147973 223100.58109293034 503776.6939358071 -1324995.978922637 -4010640.745319402 1295491.6420715235 -1550713.0424204408 1220384.9243889055 -775167.0127111488
-3036909.806316837 121113.4396473169 227057.95309527998 -161783.21787307796 -1615792.6878915848 -3114034.8186316346 787823.6358890559 2178460.3313563927 3088906.6597281503 2656102.235124649 4160833.790313749 -343906.2568964324 -341306.6313116551 1638570.176902141 3432708.993476203 4671081.048764081 1403052.154057318 -1158732.0474414027 -3395009.5346565074 909188.8168982127 -2448471.727379305 1770396.5840932112 4801924.352598471 -2664072.8962048986 -888092.722715603 30060499.194893718 -548993.2061304997 1114956.8636317907 -2985901.0456009815 -4350390.115374176 4885825.542938489 3042322.9202166772 410699.48252186953 -1981857.9046621853 -1590032.154372084 -96861.73404492647 -3752156.6037208736 3293362.4991185097 -707350.70396083 2704313.437724259 428580.2892361154 4762368.946752436 -2460827.6498937733 31874.765227994274 -3099957.908768522 1352704.2211515422
-4817715.79617816 -2948839.9871054455 2306996.78548413 -1272002.485433822 487652.6330687832 -246221.12504059824 -826353.8537555692 92749.15950012999 3002368.286700227 -1406181.501763401 702958.7888973203 3553632.658121285 -681606.450047721 4238032.019429695 3384247.774253668 -428657.19006116426 4151216.2882888694 1338388.4859682124 1120926.1787187494 105558.71910209634 -1218136.2159925415 -186046.87562263667 -277896.49211354536 -569490.2169409678 -929283.499307075 -548993.2061304997 35960603.94321839 -2465635.4487755494 2180381.2076561004 -4341749.562101781 -101071.26772529469 1189843.9297532418 -1345537.922512125 -2090167.8440590478 2969413.467560393 -1245525.8990260174 -3723815.6884642052 3861915.648728178 2647001.0940780086 2422612.991633007 2178263.2278697514 -2488952.864551453 -4953067.00638822 -2085569.6608042056 -2692178.3072681306 4074012.716790724
-3347849.4139186293 -508826.86302248714 -1279247.2330257697 2962954.4147251393 -1215103.0176010276 -1647566.539591361 -2228015.269705898 1426421.969064389 -4632095.870027246 762060.6670288586 -753504.0684843889 -4205143.934787946 -655273.7864340954 -198537.47643435386 -1563318.0792452872 1833326.1611934972 391938.84735542454 -52899.38846254261 1159938.7889700374 -795307.3860943312 -3352967.5315748816 -296576.99246696744 -2035498.0713663518 1440647.7021070179 -1252123.895530454 1114956.8636317907 -2465635.4487755494 32166023.269662157 -1848293.0958937334 1191510.2765735611 1312210.9214758445 -2714079.0585100334 2835311.7659555566 -971645.9096660094 129898.82644947726 1413719.3877906068 -3068829.6009602956 1856502.7022519824 -1409172.9692931103 401171.467768065 -926468.9309071811 6171318.410222061 1504403.1454427291 -1716380.9818397963 1278550.2098485238 -3308443.089420966
410750.3103465941 3868360.344475198 432745.91046092584 1372725.8927632945 418119.66071792744 1090186.1641510604 2823546.86204087 4269141.89859821 2881892.7153014364 1348008.951633229 1609928.507231503 -1073499.0591376869 -1493000.7100401162 1343544.0596777615 -3584105.722701741 -1702940.4739351242 4007051.5328514655 -842890.8237211496 -2245061.362355015 2777737.8677668558 -1775782.3072228308 2860203.336856559 -1418291.625249546 -3011110.9793660706 -2754808.897081913 -2985901.0456009815 2180381.2076561004 -1848293.0958937334 32694971.22053478 4252624.414618151 -414774.7634055233 1277908.2399672156 2544138.4842704134 1020386.6912883475 -3748335.218895385 -2583857.1583455517 3513417.7939074184 -4162142.376316927 1486050.3057381934 -1417771.11406598 -1357547.7798264965 2669045.7819348634 -163454.30541635433 -1599076.5874706225 -520275.3170767434 -363674.0723507331
4875268.191145441 27002.589084810035 3935496.545650272 908050.1243939516 1746566.3467527034 3964115.2116522253 371920.97025881946 -4324000.166484867 -2135519.284430116 1977045.0933494973 -812001.1434857235 -353371.41325349204 2507625.8614303963 2085378.4074459868 -5125295.7897540275 -2482087.766472426 -669596.9401012333 1347868.300903498 3290869.6520237606 3196064.061034713 38246.79555098395 6257918.487219204 2100814.0277297976 501402.3901569609 -3297240.4658287317 -4350390.115374176 -4341749.562101781 1191510.2765735611 4252624.414618151 34411378.83941486 70806.30196130063 -306552.5579965336 -277217.9535655232 396282.9358887464 -324128.25569146965 -15816.580059448012 1773315.5733251446 -833713.4562300063 -1060920.3959673708 -988947.9410490693 -4093947.1236001546 4028280.105935782 -573871.4968837043 -1970792.9612351896 2125644.604924298 -28447.419960517786
603034.4951345496 1138645.416679197 1040832.6697190609 -1611217.0717760287 417419.8212533931 -3173085.913399385 1948601.8305733702 -430537.85268243833 1028369.9044837253 1567546.5850888365 -1721795.524744845 -1222891.3441896872 3220881.6134880832 -3967218.4670388508 1183087.342001748 3610653.0141009423 -2314759.8407624634 688760.1827844755 51867.73249891789 378083.0266631282 -3141272.5759976255 778937.227650544 -2620865.560032031 710845.2924574667 5754687.941017255 4885825.542938489 -101071.26772529469 1312210.9214758445 -414774.7634055233 70806.30196130063 32972832.134509493 1434566.1852765316 1137489.375747991 -2068675.7804346224 44367.95833397733 127442.203546714 341697.83063825534 -233938.03929182386 -484315.4666212935 -2577364.6993839066 -5037461.50339727 693401.1020780274 1204722.4328064804 -500573.54817046836 2117984.573740636 -3482691.1459640246
3777462.9560584705 1202769.3525948492 550354.5443374994 744696.1347652633 1447495.7409330064 -1197134.3798035588 2554919.12755733 1744514.957449195 215502.1999190152 1772941.5990489079 -3484744.505352105 -5394384.918235168 -468490.9090382597 -1036117.669885468 390951.17935927643 2160134.129076512 -662713.0041766256 2952820.2445769613 2534422.027142375 3257520.22670836 531045.8716993124 -296961.2146828285 -43303.86782168655 -1997928.4979640981 -2456793.5631280355 3042322.9202166772 1189843.9297532418 -2714079.0585100334 1277908.2399672156 -306552.5579965336 1434566.1852765316 30583051.497680932 -1345167.0048892056 1177960.983839114 -3838142.5631755246 1004315.437753085 -3840781.6392510794 -524839.069247475 534469.56399311 -191045.6158722735 -46772.67933889329 -1112844.2474462176 -3119291.5935846744 -1771500.4329650062 2836227.166247538 1570509.2108871283
-1709283.048240476 -2401003.626270918 -597457.3566697878 -1001178.3959628583 1419520.7918636077 311176.5253884459 -3730768.049264669 -4262659.297528717 -3543585.5987359853 1865162.8184377048 218251.67950974443 -2191587.9514595587 -876071.4818392307 3180012.0953021296 1643168.2698779167 1520529.8931854998 -1542986.3861517848 -2457300.860402439 -1329679.2926683195 -533023.5191403687 2777337.323180849 3795253.7745674355 -1457377.5789664886 -3654615.4162398335 1605801.7736147367 410699.48252186953 -1345537.922512125 2835311.7659555566 2544138.4842704134 -277217.9535655232 1137489.375747991 -1345167.0048892056 31830516.987639528 1843245.7167595597 -2224141.4189763875 -1378781.697700417 -3702388.709166126 2794006.970235165 1028038.6508566773 1663140.5508112768 4478984.673843207 -2146360.418043315 -155938.13324082442 -2298729.5241871867 1664261.1924313686 -2119936.7325258977
-39671.88484202544 2491446.415350443 2749954.347446879 768856.0679093465 616542.6938556313 -1731203.4619956717 675229.7488493291 -236751.9900124869 692359.321639742 -972378.5664065239 -1213280.9807860674 -2638397.8515737923 -3892314.89728471 -1641255.928659406 -1279902.4427436104 -553580.1719029278 372656.7864654126 -770.1663069179103 -2683009.141064718 -1494100.134186761 2237877.5999396564 1628503.4960356557 -2991335.1407970185 -941731.1422972206 751512.6397230242 -1981857.9046621853 -2090167.8440590478 -971645.9096660094 1020386.6912883475 396282.9358887464 -2068675.7804346224 1177960.983839114 1843245.7167595597 29704575.929006614 2257812.0524499584 4595825.134859451 -2847119.296336521 -1260451.7641548526 -3191636.197014617 1181997.1189950171 -41521.67949839317 3864985.3737738268 1423264.7525571692 1239088.1847229395 3229112.596538225 -489697.3528791684
672879.1382866089 -3438608.7783077713 -606650.7840480956 -326437.9199201554 -1108727.961550839 781054.0157522702 -239594.46124762972 -1106761.0536268607 897487.176785544 215430.61248218807 -2103226.53152906 728950.8924393252 -2851562.557623217 -1977824.3435760052 -817067.6341973717 1250401.0223261197 -4054173.530925527 505226.08646715665 1305748.3495912547 2874438.6587916827 -375958.2969697336 -60127.73184433068 -462090.61758995795 4591249.791350347 -777218.35927372 -1590032.154372084 2969413.467560393 129898.82644947726 -3748335.218895385 -324128.25569146965 44367.95833397733 -3838142.5631755246 -2224141.4189763875 2257812.0524499584 29563510.220489554 -3970586.7232406437 -716284.6974754364 708113.3247935803 -126586.82223158544 -974692.7185298961 -2763276.237653797 -709734.7343790303 -1476233.3609872495 857086.8327061972 -253850.3877959341 127130.83555298064
2467464.6603378956 623047.5449525301 3122158.070745611 2626100.342022 1705170.2190207823 -1159961.2571051214 -2161867.553562228 -914464.8243958683 2773101.143511242 2421681.385981755 -2214931.618403029 -3578034.5256018774 5689333.34381576 2450130.817897303 2293444.303405128 2027898.046268106 -123001.67473098179 506917.5619295656 813883.9775932437 -4138606.483648948 269331.61617075803 -1985532.3658556007 194977.70333605414 -419665.1863868958 776573.2449093328 -96861.73404492647 -1245525.8990260174 1413719.3877906068 -2583857.1583455517 -15816.580059448012 127442.203546714 1004315.437753085 -1378781.697700417 4595825.134859451 -3970586.7232406437 34419833.64262677 193348.0638576696 -534559.091702008 -2177817.9025897007 506800.94518737675 4263216.410154723 1376625.9577434156 -852506.4264072878 3582917.543008335 2284462.0707163047 1722239.0388543985
-1785471.747443188 2487783.643672538 -1341692.0579760077 -354793.5472661422 242084.4168606588 -518395.5270289467 1984662.3757150394 1740769.3293412589 -667647.6570364482 299912.5645578533 1976747.3982665641 1223509.5076620646 3293237.669340024 -3963506.8516357196 -162471.62148804063 -773261.6399025925 2517571.41520036 2894113.2122785817 -658884.7445308024 -908372.2892868898 2779633.674418513 -398074.7660826794 -3498910.1440843744 7877.775449016468 -131066.41497888563 -3752156.6037208736 -3723815.6884642052 -3068829.6009602956 3513417.7939074184 1773315.5733251446 341697.83063825534 -3840781.6392510794 -3702388.709166126 -2847119.296336521 -716284.6974754364 193348.0638576696 31206386.075333647 492775.297353301 2813660.250078042 -204504.61078678365 -3630617.986743404 -219489.8986068006 3821052.9455035203 -2816169.496022765 1243066.9774327578 1668160.3514539958
-328778.0288918311 838315.5714804581 -2255006.5375370057 -1363096.4927804822 -392710.6546493529 -180616.44642577058 -4595651.189352616 -9175.142464345883 -1802641.5591299203 -247794.51212215045 -1609671.4452679728 2368596.8282508054 -937387.4615654281 2736721.6018905207 -1780734.4249485258 -690491.3828745524 -652898.0171136241 -179852.1305088419 -619785.6159152101 215622.27835310219 -126896.35900566872 793866.2225310708 -1468914.5208745368 48258.500027667396 886341.9269147973 3293362.4991185097 3861915.648728178 1856502.7022519824 -4162142.376316927 -833713.4562300063 -233938.03929182386 -524839.069247475 2794006.970235165 -1260451.7641548526 708113.3247935803 -534559.091702008 492775.297353301 31890198.60043559 -681327.4808845066 1205181.0888203997 1060004.9516250978 -3127177.7240204588 87220.16925674725 -330705.52660751104 1120374.911726043 1504785.4173385191
-3027792.532711816 -281898.5928162463 -871937.9949853955 -1734766.3775008235 -1217230.5302642025 3373359.0095579997 -1665172.3258778264 3247867.437262771 745665.0159416529 -969879.6083164004 319752.7324695018 -2096149.0629674376 -335105.6269262788 -1975054.8015797848 4727788.851028084 -297424.46246023005 -2591287.571683623 2243566.15884667 4043177.345966993 -2801188.935500502 -2665553.478220423 479263.25484848657 2304959.9034261005 -1718775.5909255084 223100.58109293034 -707350.70396083 2647001.0940780086 -1409172.9692931103 1486050.3057381934 -1060920.3959673708 -484315.4666212935 534469.56399311 1028038.6508566773 -3191636.197014617 -126586.82223158544 -2177817.9025897007 2813660.250078042 -681327.4808845066 30747524.37430695 781267.6637283122 1143393.269459069 -109356.87241639644 1631442.1001929212 -4166039.071041777 -95498.33011262515 87329.60792902045
-1311681.4084919784 -1331402.9312407968 941966.6237293829 -563123.4164933376 361106.5434811562 -3012732.290837157 -2126184.1275604437 2097209.0110294316 2120752.787045236 170842.2999241653 -1326321.907013442 -2459871.4348416734 -1959319.59660742 2338841.3326509288 -510588.1296109009 1974937.3190899082 743032.0645704373 2155160.4976555216 1965966.6733236047 -366100.4880632896 2294089.268551973 -968703.1590458438 -1501463.819951929 -401710.533150474 503776.6939358071 2704313.437724259 2422612.991633007 401171.467768065 -1417771.11406598 -988947.9410490693 -2577364.6993839066 -191045.6158722735 1663140.5508112768 1181997.1189950171 -974692.7185298961 506800.94518737675 -204504.61078678365 1205181.0888203997 781267.6637283122 32372676.829594847 2579839.5774710635 2702251.576331631 3931170.4845083132 1965914.0112495946 2656460.728122933 293927.11254908366
2546072.677734072 -3913048.2999940077 -379486.24336794287 -303839.63081814855 594803.6469445189 34422.34158180708 650113.6905008287 -1466413.6031389134 46859.455664996174 227745.1946543753 -4099373.237277581 -1231673.692761459 -1344345.759140449 268242.3548569013 476501.85446624144 1358022.179649737 393336.46893944574 -1489874.9466306162 226270.7327167225 -2607738.5061145206 4166986.7999396836 -3347955.0096057546 -1408728.7163791612 728055.9764766657 -1324995.978922637 428580.2892361154 2178263.2278697514 -926468.9309071811 -1357547.7798264965 -4093947.1236001546 -5037461.50339727 -46772.67933889329 4478984.673843207 -41521.67949839317 -2763276.237653797 4263216.410154723 -3630617.986743404 1060004.9516250978 1143393.269459069 2579839.5774710635 33184621.929908767 1387266.5945863945 966713.768342448 2821055.9190476085 -2548636.0075942012 -1472487.4595067108
-765589.7096064603 3199848.362213674 3820019.940901926 2246668.635737635 528719.8856301365 -448909.4728484973 2777941.6713753752 -623285.1594513784 -2733349.5268938085 654177.6943152953 2362285.086562557 1143086.3422997536 -578942.9590046982 585816.5628598885 -111345.8730865678 1213647.3194799644 834634.4172128557 -236661.90070562364 -2591837.047998683 305794.2576264478 -1595541.6250182034 -251421.78776235296 -2725467.036731046 2315272.6402534205 -4010640.745319402 4762368.946752436 -2488952.864551453 6171318.410222061 2669045.7819348634 4028280.105935782 693401.1020780274 -1112844.2474462176 -2146360.418043315 3864985.3737738268 -709734.7343790303 1376625.9577434156 -219489.8986068006 -3127177.7240204588 -109356.87241639644 2702251.576331631 1387266.5945863945 31150694.58583028 1496214.5562373518 2493992.126427198 1580670.2361060348 -930937.4561611658
520121.8029705107 4942369.58447992 640211.3699699796 -647950.3066405744 -20881.342923130473 -1855391.4366867582 -3001068.416581492 416740.6524075546 -561920.623745994 -4216467.356089857 -2955098.0730485595 1101366.426486639 464072.35482291883 -3722314.254648299 -2550903.4100517128 22532.84932771168 -3489990.315310701 2638987.654393868 -3227098.138199235 -4599778.9740700945 -1202340.6639383463 4358324.550164872 -1324084.6774759411 -1382843.0639383513 1295491.6420715235 -2460827.6498937733 -4953067.00638822 1504403.1454427291 -163454.30541635433 -573871.4968837043 1204722.4328064804 -3119291.5935846744 -155938.13324082442 1423264.7525571692 -1476233.3609872495 -852506.4264072878 3821052.9455035203 87220.16925674725 1631442.1001929212 3931170.4845083132 966713.768342448 1496214.5562373518 30812040.048409726 341584.67129007046 -14371.979122432655 -2632942.1002107486
3404010.0139513244 -211243.4075563783 -2120016.200404492 -1600141.2573372528 -1285936.9853747026 2396820.5106415744 1173724.3823496331 -1482539.571436744 2749527.359612016 123518.1946000391 -2901677.269011041 1294058.3573157052 -901265.3320756013 -3472467.158327067 2310732.0547768683 -1275764.5907076353 2696940.229648864 705975.0702139902 -14904.610472301838 2054490.5149009333 -723312.104812327 413808.2255987085 -423675.98036610254 -31093.933392295454 -1550713.0424204408 31874.765227994274 -2085569.6608042056 -1716380.9818397963 -1599076.5874706225 -1970792.9612351896 -500573.54817046836 -1771500.4329650062 -2298729.5241871867 1239088.1847229395 857086.8327061972 3582917.543008335 -2816169.496022765 -330705.52660751104 -4166039.071041777 1965914.0112495946 2821055.9190476085 2493992.126427198 341584.67129007046 30910927.75366202 3048088.951519096 2706255.278217196
-1550112.1199938115 1597117.7949654846 1173432.0085741081 2544442.6177226687 -2089341.34775518 489961.978338951 -2150340.3157249796 -752948.3005034393 -343053.0261411464 -211810.62358003957 -3419.55457379967 1710097.1440360642 886594.5443679658 -2222235.4755341825 -2266510.094465904 759554.0794145167 -728111.6299105239 1319948.7355617883 -171646.716720403 989177.3579359326 1273252.0597776938 -1169400.82153605 2072617.6999858848 -1192543.5477946403 1220384.9243889055 -3099957.908768522 -2692178.3072681306 1278550.2098485238 -520275.3170767434 2125644.604924298 2117984.573740636 2836227.166247538 1664261.1924313686 3229112.596538225 -253850.3877959341 2284462.0707163047 1243066.9774327578 1120374.911726043 -95498.33011262515 2656460.728122933 -2548636.0075942012 1580670.2361060348 -14371.979122432655 3048088.951519096 33778259.01444813 -1208620.1744814354
1433324.496472169 898031.6750471538 423618.3111486845 -737989.0094244356 -692532.59925461 6391244.882086206 -830260.4482042174 3112788.477180829 -322382.28710504697 -1523065.7040808678 1528140.8013898155 2763985.58913243 3827923.02857732 -842821.6003665269 3586117.398247572 -1615152.9466239265 3736439.787742539 -680440.8976083801 3013522.1956425193 -343682.05345008103 2000776.7971872147 -2157869.2128696167 1750221.2171449123 4120524.561741128 -775167.0127111488 1352704.2211515422 4074012.716790724 -3308443.089420966 -363674.0723507331 -28447.419960517786 -3482691.1459640246 1570509.2108871283 -2119936.7325258977 -489697.3528791684 127130.83555298064 1722239.0388543985 1668160.3514539958 1504785.4173385191 87329.60792902045 293927.11254908366 -1472487.4595067108 -930937.4561611658 -2632942.1002107486 2706255.278217196 -1208620.1744814354 33984079.90736013
