35154692.48705823 -1229206.2330577835 -1454753.476811254 325500.88715240493 -2114729.7761623277 -1217965.758772144 2054439.6598011507 -246545.13589730684 -1286663.9812104818 1294164.1269772418 -3074112.629989862 3160504.805963273 1729403.8720864553 2589681.578330131 -721509.816689816 -1363361.9855940545 2792611.125743586 110676.02878329712 -567973.8687184169 -609235.904192124 -1167166.118248814 4482519.192138021 737402.8003539791 803369.5837590278 4238999.0470863795 390057.5120783983 3200753.447984176 -2646087.131628784 -399347.1070643083 -221692.15194201982 2268985.9740433674 1550490.989404097 758914.8981783926 -1095851.5181406448 786983.5808922214 1197219.045888401 147550.01263597782 -4422719.843563486 1608207.5198280632 -269851.4877034299 644026.7772007335 3017232.3679833575 827380.6849990715 44738.85689740251 -2025079.2033996212 4789808.81270107 79168.66733939851 4135991.1163412156 3072979.48240847 831446.9428414183 613673.5054609795 2075784.9961786035 1099469.483167803 1807407.5700386213 4471293.879144369 -1952264.6725525684 192648.02038015405 -4485684.87346278 3183120.5251052743 -535925.1062988327 3953679.600164934 1566772.4454963848 -1260831.8176753637 2664470.3292607996 3062615.278094603 -983610.9371030157 -2936078.614823569 -2203765.501277622 4968371.408208193 -4415036.742562261 -803865.6156393372 3030373.4520335933 802445.8877901243 -2013735.5747758765 -38540.82155872094 -126684.15108481371 -572698.4812987632 3439356.2015750464 2101600.0973267104 -588486.5643048047 -2148550.2828899072 600757.0913623951 -3784933.3646616563 -2579133.622089117 -790037.6675299293 -1150988.6787415228 3446484.938359918 2782243.169904479 415083.62296663766 -173541.84435687447 -2083462.1626345455 -2710261.313723796 -1023885.674559192 -909807.3508672159
-1229206.2330577835 34121716.74891209 375923.5227819158 1315310.6342962668 154806.50829648398 179011.31869362446 3257220.787343236 -158210.9939836516 -418294.26683947863 -1045553.9978698081 -2650368.3709501536 -242241.10525860995 -1849496.2991035336 -3439975.4987654635 -229665.99799785358 1876106.7429767728 609222.9088174726 -358891.50453844224 -1271853.2733341034 135736.45052605306 -866598.7988856259 -881956.7353659006 -952194.3113177513 245250.83540869315 -147349.54170530144 3123828.7581645413 -2033952.739959828 -1917867.2307752937 -89407.3924204761 2177488.5209171115 -945030.7621134089 -1506611.0780865848 356219.6200184717 3387457.239325782 -801367.8439181157 -744891.6422023504 -32628.68793048489 2827072.451857267 1540001.956375538 -3895237.8375252215 3297558.218053428 -2484285.0398849174 4188999.259682973 923602.9793296473 -3325609.9184379955 4228543.818357681 -261070.4842494013 -188773.2996814434 1129294.5382812163 736241.8524259845 249819.1400934232 -1311626.1905901972 -488981.78621103946 -832012.8987999444 -3374280.5768250646 785365.1176565763 -1547368.9141611645 363284.59443720925 536885.9146330827 -3041619.15481054 -1167675.0921224784 -772932.7921196833 -1590377.2975508887 1200044.3698455165 -448181.64277385606 -1061788.9010262194 252542.65364893523 -1123733.6637777106 141006.38371470317 -304352.19978535816 3366629.0201594336 984726.3080972763 -2109165.861074493 -397413.6740958544 -39770.28467954214 1754789.9268974382 870034.046871247 -2604357.49715559 2348861.7788578193 633297.330571076 -812043.9719373883 1496442.3644368919 -1606189.720548143 1775961.8746208155 -649570.7713435162 -578848.2649815027 2468121.081056517 1115271.2970399403 -2734043.202171795 2315171.175768698 938205.682778298 909923.9308955176 598194.6680463703 4415664.136756136
-1454753.476811254 375923.5227819158 32894141.08861002 1839326.0692053759 -741034.0179099401 10847.196802831284 -1256428.7929244651 165662.55544435204 102947.56290909211 -2403251.4334384683 -404922.54179356736 3123078.911360504 2395415.5366593236 461465.5336256114 357852.4097212277 -1354983.3993610148 1265856.668553672 2435794.7826002226 2297911.6654526102 974501.9554769576 -47712.73992130029 2370128.486461327 -648934.3030779618 2453551.9233440273 456036.52105102397 -2984010.7016359223 1197446.5614290226 3570975.051033098 3902505.627844851 -4571624.610136897 2976782.0173807302 -3351220.8746925076 -1778685.2657384358 1588080.3876321982 629624.0365677674 -1242392.8708786648 4134013.685244616 -160729.73729900442 917701.8422439052 464529.93620583374 -1594157.8074815038 -1089660.278335493 -461446.9586194651 -3208727.8700802997 -18499.67407487266 957112.7574438539 2811258.0902998177 2358434.8894886556 -2024965.5093128441 -3747699.1315379185 3008369.0794730484 -4036383.1941767894 1963536.1464277555 1212839.6155345747 314005.2873046558 1695714.5740422867 -5099693.376950051 -83672.89690022304 -625331.2167817291 2142998.443760568 -405859.8984678277 -1407461.1821017321 -3509144.827866895 -4338302.120658803 -389678.2217817001 -868527.4592837782 3132966.0891710464 1104458.7202450847 33238.708672943656 -1431780.063043638 -2807901.6706760563 -1489718.0957768485 2050587.0448974825 -950346.4565802284 689426.9861484917 335747.281110557 777782.9833544822 -1527386.4868923922 751998.8170800195 2966927.8312109336 831854.900631748 -589060.9613383254 657467.6282662333 -2566749.8651147103 1874073.1707704403 -1431452.842829458 -184717.05864591387 -996222.7825952958 1347018.4394372243 -1234299.6258401675 40873.67967078367 2281980.4544714745 491327.5676708338 -554298.8919352462
325500.88715240493 1315310.6342962668 1839326.0692053759 33507041.052423168 -1282722.4546013358 2829384.1718113576 3460861.799103951 -740446.844966019 292661.8989409145 83262.50327500871 1909036.5608208897 1302448.6056506569 -1061254.1362543611 1720269.5201798095 -436103.34878354566 -417974.0433983795 -1006364.7964938836 -241065.32610946393 662061.826284295 -169044.29248185968 -1245487.15020002 1275638.6758936732 22434.82814044964 -1356257.3161845324 -494015.59592273086 -2873808.46324511 2295611.9157398357 -713782.5394772161 -1028926.179046166 -517220.76796363085 -780367.5826505662 53736.208367628504 274273.64041678526 836126.7436128274 2503115.434773673 788535.7900184589 -1441879.2703116527 -95883.59649789825 2551920.77244209 -601609.2195368047 1536509.2053540926 483014.74243839626 3050912.954310529 -1220563.725719628 -174945.6547711717 -388432.3847598266 -1907929.008253793 -1666067.1106761221 2806193.1523315413 -906911.5947186912 -3475245.986319034 -355544.7866936551 303654.23832087463 856494.5841309469 -1109959.3589294406 -1909808.1628155194 193208.94671287917 -2074204.2087364106 -1161925.8419981075 -371391.18439862353 -501169.5187930362 -68115.12472427696 -2171027.665314487 946194.249728252 -4071419.415060158 -536796.7077578253 -611712.4060391354 -1586185.1830268255 -1194581.9168417095 -707159.0412221807 1942264.3519453462 -1124982.2644576752 -561578.6222078169 1366528.1584524876 -1119813.8291050568 2262694.7625407088 705211.9976839789 1515319.0117392463 -1379996.529369434 1593455.4436395406 -170970.53625706228 -2686255.2899166555 -1708660.8279936714 3738115.3097679457 -27274.9164808771 4089143.7473177537 2801117.9623294603 626017.934328323 9665.789049664148 -1103188.020357505 2396751.618706845 5595686.7355836 -647755.8020573929 -2586848.6266154544
-2114729.7761623277 154806.50829648398 -741034.0179099401 -1282722.4546013358 29813295.073922426 1314194.8275938714 -1582259.4254229225 2952453.186570718 1624372.9074426172 1715029.0394331696 -1030323.4931923269 -360844.0476812717 5410400.058017793 -504471.63715275 2039265.2018981706 -128374.81307106782 3397124.0324963946 1124212.4923581446 1219895.0149561446 923589.5984038949 -1267840.9678470285 -43585.20423556805 772602.4682164374 -494647.1015960825 -301483.8167495207 -223349.18770476963 3041726.0929602347 327655.3909212332 -666878.2065228301 -423481.50680273824 -1059299.6597871433 1261539.606822362 -477255.79335555795 169344.3458673244 673052.3778731588 -1586148.9739191234 -795244.4789043099 -1457401.2646548967 1327561.7271934922 -2600185.1135497885 1602702.9929957578 1161985.0516065008 -554675.6542139614 1321778.819254923 -1500309.7214968149 -1384324.6225503038 -2081106.6311439746 536691.1484474768 1273930.6103494859 -59435.09955777238 -2477288.9700632724 -457984.6490084141 331616.19080429006 -1267934.6542703237 -979002.4602452148 -2187295.6802368388 -340344.5079473924 721558.9488261009 1360836.290656405 3104674.078450272 -4256404.183111475 -821550.2239079373 1513101.3407806277 117367.411759883 1308472.6415500762 1765417.9845035132 367830.32035442087 -2887725.63592975 711479.4129531243 3261011.7629142525 -1351326.940088848 -3033897.1572998357 -55614.00055464182 1293584.5672219861 1625764.53199621 1604237.711026666 235904.1133253165 -2213790.0047256327 1496138.4830537222 2601751.8030005964 -2470041.5889979964 299144.8726089103 3306889.772961888 -756783.1915997779 2346284.72788095 2438763.8494609455 1142131.6478242588 3434489.243097728 1225110.092566893 1622656.1474443793 -1320499.3184787824 2160472.460137114 -635378.4984732146 4661874.0513653895
-1217965.758772144 179011.31869362446 10847.196802831284 2829384.1718113576 1314194.8275938714 32065360.447899576 284787.45160897437 2403895.3100207103 479606.3649329003 2849714.254857601 3375039.009690471 -835010.0623330019 2860104.718704019 1115115.629321404 -1692231.8454832882 -1045643.0485621662 -113256.73824147892 -682580.2598584546 -320609.0501877841 -477811.67228057137 -1657713.8047924526 -2871106.2906949273 656188.5343887763 4289989.383750758 1212509.1692122342 -2911357.1277828566 -1189797.5647346848 -1007833.2779970778 -3020838.1174067506 244622.37080087743 820649.0996783254 -1251335.1172822348 1158245.0738519146 -2561840.1525737243 685381.8770143569 -1686269.0230481038 1644534.9154409973 -698769.6204384941 2215675.679076596 1278028.3925169217 -1008870.7726012418 943014.808039797 -1548492.9296514578 -141148.4768554744 1064233.3736474263 -280086.5940667899 -1038854.4108819017 544218.3958855736 1967806.392811359 -515505.23001287226 -806412.8109198712 -207352.2049784179 1340845.1864224041 -1328391.7642892876 1669535.792252435 929517.6896381609 -1694363.1452773397 -266252.4867202896 -1850926.3829262238 51377.51982018727 -1089540.8548203567 -1558335.0611487117 3073420.707486165 2642441.5862636827 2472556.665265019 -938656.0193281246 -293688.0445933439 -1886642.7912251665 815480.0306176554 346292.895495822 1714294.8901100736 -1957040.782642139 -1966338.5586514955 -276323.85152283864 -2694165.7670092783 1336225.520974032 3005565.3695177143 2434380.131293355 -516587.49150329176 377371.9320396563 771748.8484163776 -2491038.1835401123 -1117477.9807743232 1062309.6146783696 1657571.6965831926 -471479.356785252 -1705082.1767806166 1517237.1420911127 2371526.3713032063 -1409078.7129400508 -1229043.9871388213 -643757.0683111607 -1336255.183849706 -593436.5354308854
2054439.6598011507 3257220.787343236 -1256428.7929244651 3460861.799103951 -1582259.4254229225 284787.45160897437 30418420.873919126 -1678472.9467412625 -787276.4763389362 -2145219.2473538998 356564.39342035906 1016492.256338874 204874.10448415988 -383459.9438642889 -2969922.4356992515 2096377.7477879582 -1588660.5066555513 1108894.3646556363 12462.020756272761 1630333.029048723 -2349751.7296910244 1551585.4248140543 -734431.6748683907 -1751528.442915711 -1123243.1864180302 2754826.218149432 -5722916.488484283 -1796101.1706997906 -1015787.4422259978 -870628.0344088776 -448526.84249157424 -2117870.502958428 -1996268.2044039783 2969505.2154932427 -776530.5272925938 2337334.7952925754 -466826.1356286667 -1037058.6170675567 3363935.0023872177 -470760.4639850598 3014203.889519605 -1082927.4742046495 -2377236.7083623675 2070028.893989214 -2623837.378480595 1698347.7966618272 -1624110.8327516383 -4033405.200838179 -2396307.33088511 2003386.770302945 1581676.6494412294 590228.2064289411 -988273.5877739175 1369391.738406214 884017.7596048233 -1421694.4028608233 -3156396.4899893203 -930880.9203561186 -478362.51653458533 -3703580.440200424 1306853.4391406185 -2199325.405916547 -1038109.9334345169 1494655.5601945645 1602788.0323415801 520548.40210120584 -5361990.555122675 -2159654.97237017 672739.185804651 81508.30075181556 -3390073.6858064886 -186081.63272164186 108594.02857869459 -1408786.6951273014 -2751442.9070061217 2205462.7442948096 1364757.1109358056 1552291.598363036 2037378.2305679359 -896593.5647640731 -696167.0429224003 749521.1864446711 -1985746.0828728557 2346369.346160129 3439151.7696473873 -1887038.8132214488 720985.1153582906 439121.8239016445 -687810.0304519512 4867902.061253846 2183457.9344773716 -1546324.5950228798 -2525227.0267247274 3444701.8508830955
-246545.13589730684 -158210.9939836516 165662.55544435204 -740446.844966019 2952453.186570718 2403895.3100207103 -1678472.9467412625 31441168.928562097 -413404.45392210374 842295.113088509 -1435837.4076906082 1346715.8344523674 766880.2793665603 -1534268.7296343378 1290877.925844826 1097645.0187171646 1715272.7758853603 585482.9242955322 -1067369.904780696 600999.0405774849 701127.6352035055 1223427.8083686777 93303.78224706666 -211581.62927816587 -1744766.7064816782 155564.91578523893 2330417.058363132 -1810188.4430928258 1056644.5745902613 1440783.8209138927 -1100704.6759550252 -1149350.3107303933 -390283.1395912412 1098543.0614111456 1261808.6970312356 1096748.6470447867 710705.065697388 -2134362.893642861 -2093875.792872018 -2811739.4813865176 -609060.0055556877 4597781.627149782 1860020.10464282 -1888566.9702952465 2419258.4162001424 2097110.8456439774 -2595501.56962211 -1208277.4315919897 2897.6718791571147 1170181.240042213 2189592.359072339 1968180.1812185755 2576089.924160793 -816139.9682074913 -1031140.038310593 1161488.0179027694 -951272.4126258864 -1881835.4768308776 4444449.698336111 -818374.9185348902 -620842.9925957323 5151466.337592611 -127848.37282364452 -600812.1959196682 -289305.19555387885 -722527.8903486634 -208656.3683440314 1712432.3485023126 -972682.2434681584 253466.23488505438 -1657231.8046249643 -3054065.7562062205 563296.1638975287 608502.2999472552 -1625252.7118063155 40528.22451078629 -1110997.64211103 -210076.82297287305 -174029.6246705757 432825.30200926145 1225807.8862202459 -915321.6218594443 75872.32039241702 -3228706.675466879 2382041.680508394 -597458.6525299964 1359579.0288833822 157514.4484208323 -634086.9787117708 120495.88199989067 -1052626.3167560424 1744198.1636022034 757783.4807475763 -686985.1802102365
-1286663.9812104818 -418294.26683947863 102947.56290909211 292661.8989409145 1624372.9074426172 479606.3649329003 -787276.4763389362 -413404.45392210374 33533948.51545115 -910065.1888685331 2812141.619980681 -933292.3785459525 1333703.578000527 -304266.6962911126 -1708947.132212442 -206524.82444882052 1228154.412014367 -1017384.5622601691 -681419.1797362631 1707968.2880575857 2218041.1705254246 -1275591.9394020746 -1852053.0077397695 1840813.1137770242 -3340428.877861573 499987.8555683866 -1393335.1934361048 -1243566.9099176116 25455.328365718928 -247329.01888498515 -993328.5908210371 -588334.3431100263 -2007367.5536313392 3433131.711337785 562847.0194718008 -763712.8487201307 1052892.276973167 5816353.25010675 1490483.781280591 -147777.58126767966 533732.1735617912 3390256.0782288695 2640843.936659286 1854616.2520348597 -678508.9705000665 583566.3889398746 3874424.859565061 -2319674.4050854077 331730.86301502294 2115772.702234035 2133998.9441114683 -526094.208149965 -2049559.816034569 -618506.9681298909 -2076500.5405520913 -629665.6039607249 994694.0910919039 -3502709.8526399485 -2052263.1178149353 794173.5186212425 1926249.2574817182 -2808445.4766987734 -1814242.8033571965 -1983578.119498464 4414114.508547464 3718784.474060819 -1724746.112016757 1547365.5177499335 -245932.2328306571 416557.06980404956 -2156273.288910024 -21097.270955802396 -1661051.7636422967 2742351.620798752 -1055528.5423060283 2821538.871844102 1889240.2978508847 762829.5120254871 2042684.067895957 -2638777.83050717 -1693545.5960215495 218966.9601104525 -3420059.8859110004 2560198.4946284704 -3029153.7835241645 -1410942.3530317734 -302378.11987932463 -1717106.5683769519 -706768.4903827673 -718023.2798534383 -33584.11866268462 -1112875.8929903056 1219306.071239469 1751175.0954629132
1294164.1269772418 -1045553.9978698081 -2403251.4334384683 83262.50327500871 1715029.0394331696 2849714.254857601 -2145219.2473538998 842295.113088509 -910065.1888685331 29958232.53355514 1030910.0821141173 4086805.089763157 1555776.807766039 -847857.1247590497 1373424.9629061804 2300757.1973197223 2097493.0218639993 -1049404.0343394082 -1867997.4265731438 -286968.5921036028 -350243.5974126845 268933.93790809246 464302.0859430364 1659921.216403402 -1354671.1538490192 -1469760.9084914036 168097.67667133143 228168.71728579738 -3175776.9772900753 -206780.34214123135 1881953.6466957545 -3533966.99738393 2934306.478283089 2173520.748432954 -1786640.0274574056 -1614995.6172817196 -120300.02469439534 2583139.2253370634 643591.8852691047 3596052.4086901834 -1994409.272729591 478342.8729262287 1622173.095709981 611493.4128884 2104901.2162192585 -1133689.9102247474 -261888.22909214927 1159102.7928600193 1068171.1586017166 -76387.37454980741 699019.1430034225 -634037.1068350502 -2100855.6027932027 -4926653.268334124 1103426.9645347812 188346.0201665484 -2396143.709674455 -3774035.501398849 -2412422.095273229 1054469.0188355553 151109.88912799634 -1217927.1371106773 1740425.8220866201 -1753003.4303956456 -739920.695179668 352062.2416525947 1168169.2312386688 304599.0866673636 -282575.6354842015 -1721323.4828462359 -1199320.5211486577 -2615558.66062394 -3163257.4070071005 692314.7848668101 41782.773045530535 -1194132.649125613 -3303424.1589477947 1301466.7652673915 2536572.1491100155 -1423681.7009633398 603211.6168815936 1715678.4234150916 -1556791.2639189912 -3335551.290702945 543367.7262323268 -1164836.4829463323 116330.22334274105 78737.26431681335 542040.8062324728 -992608.93136713 1757280.3453914023 -721145.7350349021 -1695134.8710455815 -2759126.3529765327
-3074112.629989862 -2650368.3709501536 -404922.54179356736 1909036.5608208897 -1030323.4931923269 3375039.009690471 356564.39342035906 -1435837.4076906082 2812141.619980681 1030910.0821141173 32665938.819760274 2356117.9722613366 1015095.0402512088 395881.91253284365 -721878.1832394658 -1381390.4231376364 -2463148.7126804735 1141048.8648806422 1253110.3071600434 277557.89865517593 -1495454.543499805 -1298622.904218808 -1660438.3172678056 -979306.8004654347 -1595900.002509987 -1800249.7649336432 -488374.74670309026 757486.2570247032 -2746722.162084855 2500487.516767849 -2199703.8815187127 2284805.3497902616 1390514.9258323582 2247245.1851103674 -1611078.4495484699 -2627767.2614276614 769565.0914956122 1649663.896679052 2116143.0129390866 -1106498.5204663672 -2810083.64553078 177956.13340505518 -2848601.3356548236 -811272.8801613944 2114528.14874103 2392027.509475443 291358.3989723634 -1554915.881655212 -4278028.86550223 -2022771.0145510896 349338.7650163595 1780651.7970267877 -1965622.9742968702 960422.8764740266 1221923.688895517 -996968.7345477132 1411115.2727633668 -219560.64366338367 1944001.1707113592 1129048.3827183684 -2282190.044043628 -526018.7474114023 1821052.2902996216 115478.24625460779 -881833.6155816619 1934043.683006138 -3708906.357713117 -2992317.2872241377 -1344234.197508828 1299747.348513004 -1014936.970741736 -2200703.580274733 -418219.55524591735 -1950985.6714141304 -2296581.0027061915 -3648402.503154978 1606769.1996271252 245267.807807594 206200.9184641849 1899926.7988955553 4450243.087081644 561171.4812356816 -3482250.3536427044 -1049170.0832526262 2865377.827978787 -3427201.6961259153 -1408430.607452347 2045339.3978367285 -132413.92727887395 -738716.9218325685 -205726.1755843547 -1430054.558534064 -1056486.5845190687 4720501.211734258
3160504.805963273 -242241.10525860995 3123078.911360504 1302448.6056506569 -360844.0476812717 -835010.0623330019 1016492.256338874 1346715.8344523674 -933292.3785459525 4086805.089763157 2356117.9722613366 37031966.6681612 -3096531.730678222 -1790683.7536141288 3685122.423389975 211050.01687427773 2449801.2020943332 766361.9720839049 2447902.700610554 247918.4072525699 -2822123.561583089 -901283.5823371805 731840.0986292687 -2993428.896246559 919103.6182059662 -2207131.6561456006 -2199589.26050799 -303529.12657791283 -3625756.933305594 -1651406.9245786853 -2025321.487529768 1046362.3316218494 166522.52838276545 -1831074.8422588378 -1766573.716045555 -3615299.4586971723 -632411.6893834844 43323.44211579231 662786.9935583143 676213.9340465226 -148340.23810572934 -3927474.290452457 -117347.8302748929 -225398.73705909928 1488890.0824232649 -309708.1752447881 1717880.0045411303 1737450.5816954402 -2094443.0060875122 -955246.6266937248 2241539.33138304 899024.4029215152 145802.82946469038 569961.2006802497 -5422600.355700316 -702145.2815099163 828265.3210841422 -892592.2310267063 -1640956.2795598141 1123175.665773761 2461173.3327384805 -3463917.732912509 -486196.362847211 -1919396.9653558484 2113701.0605417825 804598.7444068661 255329.45175156466 -1671118.739476232 3212797.357026119 -253158.15266424097 -2315869.9497525203 -456416.52135840885 3062481.580777912 910567.5714625077 2519800.4866320277 -3582067.8828448146 -1245817.9029975361 -356839.2263819401 2517047.777503976 1687900.6507059652 -1503532.5904669233 -1861913.9863224153 -1078331.3684611751 -2774350.7690776894 -84300.19600603533 -168058.64630738937 -2302122.3382476536 -3549520.2155926265 1360207.2359482294 1075577.271989512 -2672398.2292105774 3437907.9955780907 -4469914.452177178 -2103398.8951646294
1729403.8720864553 -1849496.2991035336 2395415.5366593236 -1061254.1362543611 5410400.058017793 2860104.718704019 204874.10448415988 766880.2793665603 1333703.578000527 1555776.807766039 1015095.0402512088 -3096531.730678222 35118789.86167416 2809629.487673335 205219.9700339808 -1665576.8718936038 7546516.85939764 811916.1473461502 1232429.0806343611 606650.3639554683 -437754.41070608987 -410137.4947865837 3526349.309585083 1727139.2412512847 -3071099.3349945983 149573.3002361989 2050657.5509069266 353315.4253435538 -3534338.9889955386 -185430.32772832524 2624086.5176186347 2857225.6970997234 -1772034.5913086813 -119901.61703508742 -2212354.8265820374 -5033286.024956027 459384.3201597978 800213.2263427882 2352013.206427698 1497962.6239647348 4746899.255751104 -589261.8219020067 170513.23958769726 -533346.6779830427 -555043.8010859664 -121510.04989618568 -1104994.6505689612 4067606.32108593 -6168067.768069683 -1214593.783402457 1865336.5801206175 -1842975.4103121946 -103073.24585429426 -1834268.922638912 266372.18952728616 -1452275.2860609659 -1153104.766558807 -765568.3843593833 311852.88898995914 -1030653.2103086999 485315.2741821003 849181.4167759053 -2590300.454245465 -1996164.9184752188 -614957.5388617734 -402860.38163584593 302732.43208069395 1337816.071909063 4174548.573663533 -1049135.9505386925 -246532.7884081963 -4911577.433350365 1398131.491891259 19052.032472708852 163019.30478883613 -4929768.850690785 -755412.673452088 3591023.4540867144 -1341065.4627360338 3266952.2996741603 -472686.8456850199 46606.47392073222 3169171.8656055355 -1859695.5896348548 1988828.854593819 -1861199.3613981104 -759919.6999361501 -2851399.5522593115 1652450.3999265172 -1993676.941654099 -382239.9264586234 859391.5876483878 -1931924.7495517805 -1530668.229634975
2589681.578330131 -3439975.4987654635 461465.5336256114 1720269.5201798095 -504471.63715275 1115115.629321404 -383459.9438642889 -1534268.7296343378 -304266.6962911126 -847857.1247590497 395881.91253284365 -1790683.7536141288 2809629.487673335 33821278.47903116 2486721.224194214 832008.962152249 1944898.806411918 2053325.549152039 -111937.4404825388 -701630.6958703852 394139.16084716795 119911.89626187782 -1695810.4909273377 -78735.72418650868 1581189.9336915412 -1625537.384263198 342406.1523240177 997027.991031642 -1188597.3971635986 1885881.6326822059 1610029.9125240701 -1701842.4312059325 1657534.0311579616 -124879.55814826963 1957269.2088237328 -1444589.8643127652 19131.770999007054 2261659.7664143597 192762.31877598888 -65264.47979413621 5576850.355919615 -753962.3532376166 3227026.7867369317 -365633.89269824943 -1387080.845939287 2676576.9202716197 -322366.74433167913 -3574698.6564747375 1026542.3708986982 -1791502.2541070848 2970885.8060026392 481713.21124255215 -710223.755406429 -2207293.6433925102 1349107.7174688934 -335541.35469654837 1128668.2092755975 -133311.23354858893 -967181.2067599556 -2152447.902011927 1326503.4143920192 1958594.802382412 3165778.2279932518 1406631.1362442474 412826.62426630163 981609.7696994792 1746908.142804496 -480551.08853149484 1603015.2705380132 -1098847.333496976 2382382.89149593 -1881760.5532336058 645864.2418047587 1002898.6169968272 2025146.3674083375 2905763.7684555175 -804323.4548212197 1401930.0224988095 2853200.9378548227 2252875.443120403 100685.48014797096 -197713.92127760782 4616100.71029277 -1020138.18649884 -816793.2980168514 1321760.8765389198 895953.9031991586 -440182.37875237473 -2360853.597881667 -1974197.4973100894 2170978.2570917644 414033.7979324596 -1675353.4929840593 -4902530.899821382
-721509.816689816 -229665.99799785358 357852.4097212277 -436103.34878354566 2039265.2018981706 -1692231.8454832882 -2969922.4356992515 1290877.925844826 -1708947.132212442 1373424.9629061804 -721878.1832394658 3685122.423389975 205219.9700339808 2486721.224194214 35316858.39786409 -996736.8660590812 799401.9069573171 -681104.4844026293 -280023.3215175252 1009738.5388249515 2658296.2980971746 -2757852.3942087563 -2469894.1408048677 -1143807.72481098 2016558.7438548564 1482816.3776548717 1330570.8080845808 -1422267.8302246023 -3707579.0025916575 596745.8950282363 3173694.7867257893 -407213.34346368304 423685.77930083027 -1620968.3979072543 -775924.3238559718 -3256436.9882235182 -1272336.8958510067 800324.5596079662 -2586475.0066789025 25102.208050462814 -526078.4631211464 1171294.0860838122 -1847201.8550452625 -1400046.060400754 -2443518.925124547 3352866.8877928806 -350491.4273498648 1277087.0953844795 -730496.3492072927 -499474.05943479703 1102939.1558295332 615321.9629360053 -1176722.7820941345 1119809.8537414088 -1192796.3775890816 -40063.67554760543 4102255.9527603905 2906091.6674556504 6009442.215102438 -1582710.7351230104 -918427.2718518844 235389.09170472075 1595786.7677298477 -411089.2455656766 2394763.2789636017 -542122.4135476098 3315286.2423623605 457074.72749217117 -1219953.701421433 -170681.2999020934 -114118.40956701458 -3063852.945418977 2739120.276689273 797585.5294122733 2944079.049701053 1229148.0545634355 197100.08613299308 1667723.2829470912 1494662.9559909604 -1977982.3921612613 -757502.262833667 2713859.7457846394 1676694.464009142 777352.1910325327 1674100.5282328513 -3055542.108826214 1475809.9800883585 641249.6039506657 2372146.1305906773 -1137017.0073586241 573393.5800796153 2871713.5817810143 358582.47530691477 -2386208.1730801337
-1363361.9855940545 1876106.7429767728 -1354983.3993610148 -417974.0433983795 -128374.81307106782 -1045643.0485621662 2096377.7477879582 1097645.0187171646 -206524.82444882052 2300757.1973197223 -1381390.4231376364 211050.01687427773 -1665576.8718936038 832008.962152249 -996736.8660590812 35798325.44019961 1394061.916732303 429229.68694576604 3446684.226654552 4436928.388022512 -1787207.1734521415 2103178.2047110074 -551649.2992928404 -535742.3247228739 1468891.8491442772 735826.2593425022 -2574710.3921627253 28019.516300113813 1366633.1762726372 2747646.96048206 1112717.94739668 285246.7886713151 3477787.445470975 -1805041.0145793292 -149581.7324619727 1299029.4056894672 -669137.4246627934 -1161799.6247397454 2567035.8871603766 446484.8689841008 2780982.823681812 -367663.1383411394 -2053500.8053852604 412822.30710612173 1109946.956764201 -897002.5813054744 -918049.4774786561 -2238028.175902976 -854775.8503790816 213618.70192854467 -1160023.4622767845 -2173835.9246589714 -735563.2646164682 -59078.78767874715 -167990.64902290556 -864636.4246402136 3977644.553762608 689841.4015147667 -247826.9026632943 5754478.504556671 2505696.7366123684 1752319.6586898412 -572513.9454345114 -644596.0605722984 98056.92377337143 2554129.2023278265 -1779371.5359174323 -352169.45573083515 2150034.6922135525 -847436.2394226658 622329.8406850696 -3125657.85476786 720150.4059889626 -4328562.236987074 -262425.9616508288 -14121.385609022913 1302913.552059341 276469.14090303524 -1372491.4765630334 -2240204.5316083697 149520.5469948524 808049.5139922249 3930766.2453434304 -2172690.4915285823 1883482.0783031564 3032671.5048326 -2263460.116560128 -944375.069094296 -2753772.838832088 4773525.246011894 4135884.6521112886 -3644389.2060781033 2291887.4756254884 -2818155.708076649
2792611.125743586 609222.9088174726 1265856.668553672 -1006364.7964938836 3397124.0324963946 -113256.73824147892 -1588660.5066555513 1715272.7758853603 1228154.412014367 2097493.0218639993 -2463148.7126804735 2449801.2020943332 7546516.85939764 1944898.806411918 799401.9069573171 1394061.916732303 33934560.19624389 2327562.1018618643 1147766.3483298814 1746309.5834670453 2129618.917663488 2478525.972488445 2371992.716189787 5423893.305872288 396942.8691976179 84353.71709606699 770804.0756691364 -2246413.327081442 -1249768.6088871066 69132.99691665794 -500800.81109764974 -651711.483472385 -166062.20355465153 -91945.8552488367 248087.84732170898 -8836.939738347392 -870316.8034067083 -2231706.251571681 1914062.4111274765 -144061.74165894956 223521.6667598734 -647932.5238976119 3351416.2070073993 540663.4840894587 -157948.6632761409 -2582736.115023878 1369607.0936897832 425753.9875408719 -606381.8203617061 1635222.030754099 -1104607.4175711265 -2520813.0452556503 -489501.52468857076 -2762412.2194016827 -2250028.7936272575 2392079.513067641 -798986.3095367632 2660804.288849265 2860521.6583843916 -1328325.651328894 2332431.296665547 442831.05263589637 3660867.698705639 -806636.0844823259 1612468.409350603 3301151.3745339857 3055532.564184357 -1849162.5523102824 -722742.804844593 1144714.2065266245 -101015.10861493065 -428112.5973367386 -5931451.49896586 -2554500.503692227 749853.2817993417 -2189853.1965560545 -1253415.1468535762 -294327.87191000424 -1694210.6067282304 -598395.5950229958 1543847.8555281758 -98134.87227272228 3829397.840030747 -3049593.130040034 1828221.9315260348 942806.3048916801 -3376400.9669086514 -624271.4036138222 2390838.1900357422 3219777.259660858 -1100553.6826925427 786375.8147451837 -2359190.744379694 -1774718.0841941666
110676.02878329712 -358891.50453844224 2435794.7826002226 -241065.32610946393 1124212.4923581446 -682580.2598584546 1108894.3646556363 585482.9242955322 -1017384.5622601691 -1049404.0343394082 1141048.8648806422 766361.9720839049 811916.1473461502 2053325.549152039 -681104.4844026293 429229.68694576604 2327562.1018618643 30583160.888558075 2622646.0211418667 -2712630.387425776 384090.26661122043 -1732402.9844165242 -488188.5338682985 -2925814.5136976405 1680117.6787641079 -3846039.133228962 -3188892.347608829 -686514.3537302782 -280246.96912673675 1125067.3562183117 -1687999.6177964297 -681989.5889659739 2385506.823441218 341995.95335309446 -4712594.601711862 -51274.50755907371 -2075209.2567245713 405300.27624122845 -2533992.2197299926 -1060348.6460599594 -1351720.9793308675 -1466202.051441745 2463659.230628178 706120.0249626266 -2392317.5396771277 4301189.90058709 -1269602.603089921 -2430954.227518808 -194384.44339387742 -354879.2459560936 699986.6486506099 -697243.0040300869 1407462.1011808158 -412234.92058770533 -1655109.233097495 -1344494.2011526802 172698.62952702618 -1964028.735174288 771927.1013653663 -691873.7881108142 -91621.45185078833 -63502.72285011324 380086.5494384132 -2552795.426140118 3463341.0298207477 -1221046.5512859677 1182348.1395575297 701438.7654926588 -629782.9835449642 -823459.3459033985 490522.6210696033 1182298.7531833474 1342958.0146364404 -2665978.627287198 3811528.347020488 -809814.8888442595 -4511172.08848683 -613527.221458581 2207512.5356531423 -1093309.3931051572 4357291.608660133 -687322.4706966075 1905717.3821249248 1837874.675767454 2558415.720697168 311225.21605999785 -1602791.80772608 -1816318.9788116964 -1657169.112178462 -96663.09123563225 4257231.812246586 3284656.2608275744 -61231.749224728366 3292403.5508885668
-567973.8687184169 -1271853.2733341034 2297911.6654526102 662061.826284295 1219895.0149561446 -320609.0501877841 12462.020756272761 -1067369.904780696 -681419.1797362631 -1867997.4265731438 1253110.3071600434 2447902.700610554 1232429.0806343611 -111937.4404825388 -280023.3215175252 3446684.226654552 1147766.3483298814 2622646.0211418667 33879743.61225589 2723482.562459211 -814301.2617948663 -2259249.567860079 2394775.6026662756 -3121272.5763133536 1841299.768305807 -703646.6312402147 343299.7929163006 989889.2571627158 -124528.9870169438 1783897.2639781865 1867293.3862081156 3231878.7666128636 1518019.4658146333 -3810279.497680382 857285.8971541628 -3515288.882983996 200280.3942450608 299466.7869605858 3768888.134068704 2114956.051225982 2752111.6062371978 627249.2621218619 -4058106.8345852434 263450.51561845257 -1247604.1250710187 -806400.3230317917 -1790744.1455709112 3571345.862250745 -783520.3445799951 -625587.0690861309 852983.7208605552 2741424.5455707647 3908114.4747020877 898733.9137588438 979824.9709187878 -229772.4570226479 -1859065.6646396033 1204131.6477789339 -1961041.4979206002 -198375.86330574812 6661210.337901892 -2789174.6743370527 -299332.63876689156 226243.26001742188 -1236202.8726064947 4120821.491091537 2654175.3189490642 686054.0226610645 -622915.9519233826 -1604648.9330345285 -1513481.9702303116 1669017.4541568472 -99808.97123257205 1030238.7808434814 3193810.4132260024 -128302.93674953275 -2121504.45496072 736268.1526945666 2434610.4355383404 -1045850.3883403313 583905.5455716699 -2290998.2687635687 719456.2119839501 -1129551.1354355104 -771798.4123675154 1946930.1100922073 2589954.9373693666 -839474.5683562609 479896.97655368387 -497410.0546935811 3357531.69169716 13402.579325184535 -1978577.4549604708 -3513999.173665742
-609235.904192124 135736.45052605306 974501.9554769576 -169044.29248185968 923589.5984038949 -477811.67228057137 1630333.029048723 600999.0405774849 1707968.2880575857 -286968.5921036028 277557.89865517593 247918.4072525699 606650.3639554683 -701630.6958703852 1009738.5388249515 4436928.388022512 1746309.5834670453 -2712630.387425776 2723482.562459211 33295965.37949659 -1798906.0372442347 1570334.744285671 1521068.0862230705 -2990865.6366488216 -995369.1472147466 1127430.8908717923 -2307466.9151032534 134145.77620043082 309189.89600519405 -3666884.121222776 480779.8679828849 -688268.9165350499 31272.057858821612 -1289771.7487693331 466556.7442097172 -953386.1936141846 1845725.2977422816 400702.44517934223 75436.03721176555 -651332.1936296285 -1255738.637220601 -2008230.5223879814 -3242699.138415917 1772952.4611572996 455154.4687484675 -1577205.0730489648 -318427.78937983175 1815655.8318198351 -2749353.422645123 3902845.892120216 -4336710.265706604 590748.1840862663 92171.49357985979 2754812.6152004665 2821922.267455216 2807292.2302393666 826949.3442319001 3501911.774367274 -1070926.0339607392 1058844.450031117 -256500.49676230116 -839034.697154703 1181309.5881731696 -2256517.366158746 880766.7796862442 1401287.127235365 1331948.9569759758 2516432.4353424814 -735778.5591735475 -255572.27530496416 674164.0733322736 1004672.0034342703 -60746.56405372771 -731668.5809145434 -156807.80367950848 -411483.17324225337 -698161.4520555254 519931.9710413326 718174.5900903011 2858393.796155633 8256.357999161144 -1728300.5311142239 -2224049.634992119 -3861042.085839109 2087293.3373354224 -903556.8529852637 2045594.7877191387 -2242322.417510799 -499136.02925055724 279232.37311845814 492962.169734451 -405464.47117701865 -1481664.653324317 -2718426.7005375195
-1167166.118248814 -866598.7988856259 -47712.73992130029 -1245487.15020002 -1267840.9678470285 -1657713.8047924526 -2349751.7296910244 701127.6352035055 2218041.1705254246 -350243.5974126845 -1495454.543499805 -2822123.561583089 -437754.41070608987 394139.16084716795 2658296.2980971746 -1787207.1734521415 2129618.917663488 384090.26661122043 -814301.2617948663 -1798906.0372442347 30895481.248077463 1892351.2691162878 -899701.4659488735 3760323.365018942 -1067359.8889008171 191792.34240789857 -907988.0358991624 1221736.422898976 4387407.705110509 2529666.894731014 -3425838.2693149145 471159.0441787082 640017.3409133803 -710075.2623730919 -2194703.2803776213 1929959.0582567463 -2930291.496895844 1806895.256084758 936675.1976325219 -1911886.1644543174 -1422559.7871950115 32768.459629494966 -72322.74617033292 -1149901.8565561867 2087549.6390850223 2505978.7592951083 598277.6666536141 -1423341.1188003574 -4257934.375410534 497701.6834171425 -3547125.4625915224 -101571.14171342918 2549100.90857994 -2515718.8241210976 1130619.1629709774 1792206.7916047964 1614399.9003707736 1078672.8134986747 1047451.2310325803 553515.035350467 -807231.3492831826 1959386.9586414483 604906.4090161986 506905.894761118 -100882.42462198537 2873782.4735475047 2994508.741568412 2785001.2105845977 -483260.3877943086 -1134374.1001027394 217180.28954098307 -632809.2627200059 1615027.9361670264 -758058.2801533393 -37113.621982043034 2488443.2659472744 -566917.3716868212 -677116.1288123298 1554018.1843186968 -5270431.726884173 1285732.4455717474 2322501.671613059 -294154.7584159235 239969.97056763677 -92991.34205767777 -564528.6820295479 -1365495.9327718858 -1038966.3763805756 -1916162.8626621475 -714880.0224040089 2690275.166970394 820972.7748240245 3744046.0078715603 -1392462.7621389925
4482519.192138021 -881956.7353659006 2370128.486461327 1275638.6758936732 -43585.20423556805 -2871106.2906949273 1551585.4248140543 1223427.8083686777 -1275591.9394020746 268933.93790809246 -1298622.904218808 -901283.5823371805 -410137.4947865837 119911.89626187782 -2757852.3942087563 2103178.2047110074 2478525.972488445 -1732402.9844165242 -2259249.567860079 1570334.744285671 1892351.2691162878 33973566.77138758 2124537.1192388083 160200.4728226099 -3688509.6396455322 -1360730.2793296278 -3318390.587758804 2667157.0081582963 -408109.5423987831 -1670229.5103761056 -1652426.0907488493 -62423.69951355968 -1274840.1611239521 -1137644.768390762 3280005.967421748 -1907070.0186267043 -2040483.5190389557 -396461.7493815557 -1981870.6310684285 -1741615.3811605035 -137607.72935213262 240217.68075345663 672659.8718556577 -981888.5346637852 2765515.273294676 4484406.984715836 1316838.7029420089 -2061501.6315227004 1314030.417474117 710209.5970434588 -543918.7616247294 -4006177.373667222 -1894909.5433994927 573404.6137645394 4453496.38600396 -1419258.5394992044 -981890.2682376197 2340200.2973314137 -1044542.7493584129 -1213618.6063495863 1823335.2711386834 2522916.449375096 1468982.5823188934 -1941147.2158923645 -291643.1843084924 3520902.565016055 -1679637.122153775 890745.6205975924 1195533.472121751 -1640076.9436705334 579598.2623223333 -4401694.110881235 1924551.2335964162 -2159979.4991875067 2225364.4698956213 1754466.3099203033 -1916050.3494224842 2490709.0885212114 1195751.215252191 469510.75009589584 323.6755202498712 2129798.0840601986 2308765.651825733 260611.52739707957 -457409.3761411396 -494928.50760395353 -3425677.9656896032 5789849.900048802 1228971.4127418103 2491787.5376951233 3890562.330904069 13959.454030368259 -2640332.622992885 2022335.4624353668
