36073772.26510969 -2741387.8952091252 -1048058.4834142205 -1235109.768314608 5091549.2078908915 -514124.24352944404 2318078.406761631 -2937977.983382576 266229.968782125 -2786945.1330456985 -1163904.1534657688 2346537.115716248 3061606.1585283084 -4230606.912006232 646173.7064101078 2710274.7496517655 4905980.708467257 1006566.832102604 768875.5832493496 997197.5074080066 3618664.0735271685 -719701.7253880646 1731631.2849937247 -2671074.8045474435 3353934.8967336286 -209234.22636465888 1769463.8796481169 -680005.812097525 -838686.4365777151 3271658.952271677 -5345458.65139251 -3113334.8085738593 2515353.0297071636 -3129547.2008286132 2173922.4626118266 -2309904.8456044123
-2741387.8952091252 32167255.34421002 452856.9798228186 387867.79932619695 -18162.43639273039 195998.12846168302 1759081.5898177808 1856893.2657974565 -1729119.2097211678 3085953.306541227 -811908.652815502 154112.63430135467 2100621.655517624 -2492188.5974017307 1352571.8502535038 1112354.2862311255 -5289871.3006788315 224862.80583230738 1826125.9560102792 2331388.8679747325 410832.56719294225 1695451.349167414 1069532.2502880963 -1350261.8709437002 -2497523.668929886 208455.90344557996 -696998.8345538637 -331175.8083438925 -2236376.065788946 256879.93592266808 2560692.4775676862 -4052984.878371134 -1132743.619696099 -1432162.4103325685 -165370.07945155035 1881416.7959022797
-1048058.4834142205 452856.9798228186 37219533.08859055 -479242.87945213326 -4606.527774591388 4551655.884039884 -1788356.6426023133 -1201117.2972239144 1402494.2894920285 -1506010.89849364 -935879.4587680035 -563198.0249679817 877989.1320367189 1077753.046098109 1698553.3989141295 -3192521.86955222 -3035897.61424582 -1451170.657540127 -4097870.3577865064 1712438.7961446983 -1928429.4026438743 318814.68033489946 1291059.2838736805 -439325.73417028924 -2846591.0403433694 -377349.5387484993 -3083213.1949286065 2467683.1327721924 -1563875.0753146156 118493.77803855464 -357946.627642517 -2470966.796323368 -645039.6791206687 2633104.2530531767 188492.18957431664 3940766.7860121042
-1235109.768314608 387867.79932619695 -479242.87945213326 34106972.03676865 183503.1315768396 240035.36700099733 3250627.5037455834 -1327240.922000896 -4515368.811161853 -1834071.7277528325 -2350421.004703032 -93561.72384618536 1021091.696670687 913676.6889798053 2016044.3604585128 -3302001.685116587 -134179.1630955664 1490116.944414579 536583.064695774 -153373.81194014385 1716692.853341411 2929871.704248893 1421991.7817412445 1218046.1491079708 -191902.07779223096 -2858967.2150895465 1068492.7247390212 209084.0572778806 1707683.4727358208 -1047030.5328390733 -1989835.3234236524 3003700.4359777872 -3632665.125926105 1931049.962584305 1115524.4919230887 5464547.25420129
5091549.2078908915 -18162.43639273039 -4606.527774591388 183503.1315768396 37263612.92957852 -2049279.6349392724 -3728154.7883270066 -827120.1877247859 1561485.5175573775 -809364.2065609923 -155742.834823495 1703566.4025235835 3896276.98497177 -1236153.8353848706 2876018.843010508 -373479.75187731086 -2757843.088048226 256400.05462513075 2721373.049318362 1724743.2543101646 -1116374.3638268441 -2072735.389578947 2510295.6877775537 3866214.0023736493 -2132743.870163063 -1957090.7797857951 102617.83026299704 -1376472.2173199195 -373488.32741918106 1040264.3902136461 -1368956.2923728765 1551254.2270041194 -200400.1948921849 725445.2130452549 222715.51519129728 5100453.435110341
-514124.24352944404 195998.12846168302 4551655.884039884 240035.36700099733 -2049279.6349392724 32216136.568222854 1624369.4571743996 -946170.1176442 2517181.825661862 -2596843.4383508917 -2737231.320886046 -4737643.017443043 -1634133.0252207983 705607.2304512927 -1833146.8422617659 -1349795.6337686216 -3207526.246130262 3786503.8661616747 -4098817.026001144 1328197.026893724 -150053.44800320317 909840.9989415794 2554424.4661876815 -1700854.9915148835 -1308088.9094391617 1350981.3425254892 2624630.0941459714 3336951.911446192 2317625.408578986 -1265321.8691599998 1239303.5623210778 -4476192.061371431 10360.784272358367 1422581.3315253702 2657460.7605801183 1314610.7138479818
2318078.406761631 1759081.5898177808 -1788356.6426023133 3250627.5037455834 -3728154.7883270066 1624369.4571743996 32659441.554803487 -2275137.9575808486 -2814785.3613885003 1454115.6624259548 -647260.7415718817 2286392.6323301294 -1606260.298391452 -787667.5046690076 2518763.1910121185 4278905.201030714 -4192409.2662133467 -2221638.3544915817 -755242.2089910912 -3677102.90418006 217670.21243886554 468199.201286211 498320.2879871677 -1575316.7849403413 429308.71277360735 -2170495.052734271 -2850623.602817682 889638.1766244544 -1852359.027701845 1634223.7065626413 2037620.569907985 600425.2823827437 -2292550.762204581 685856.9266131378 -101586.89331796725 -1711392.1550124276
-2937977.983382576 1856893.2657974565 -1201117.2972239144 -1327240.922000896 -827120.1877247859 -946170.1176442 -2275137.9575808486 35507800.132491164 -637569.6648880419 1750502.1438684955 5145018.80124545 -3544103.7017682167 -3556826.1180586126 1669229.389506788 -783031.7297097775 -2603378.1060268497 3478762.8406565636 118729.41081720899 4866344.70004943 3776995.671737824 -2314924.87958922 139312.7735626233 378420.87238653185 2562794.555438075 373825.7594252889 1833247.9035435133 102459.80894754804 -67471.63146526298 -3713730.7887938684 372481.8304027724 -2337460.07736878 -727145.4105819825 -261878.99002851214 1936887.3893712054 -1229423.4459635566 -1082590.0234223504
266229.968782125 -1729119.2097211678 1402494.2894920285 -4515368.811161853 1561485.5175573775 2517181.825661862 -2814785.3613885003 -637569.6648880419 34556636.03086576 -1862759.8504380218 -4198120.173933168 1398818.6511372866 -694615.7320903466 -3417261.9958254886 -3291881.693477351 -204897.3113065827 3123007.5705361995 801847.9431918925 556914.997108273 4104886.9571617027 -1151756.8249116782 -1149316.9940862488 438356.2467585743 -2796190.0741126877 -234411.76213608193 3940754.8557721116 1171634.7663373013 830314.0904834123 -2083983.671770845 -1087476.3703496393 3298092.6211528494 -726167.813227426 2420560.6241329913 -3176696.536447794 -1126221.418310098 -1897370.9138960775
-2786945.1330456985 3085953.306541227 -1506010.89849364 -1834071.7277528325 -809364.2065609923 -2596843.4383508917 1454115.6624259548 1750502.1438684955 -1862759.8504380218 34815528.604461625 149891.0808084766 347534.2056980946 925991.1875902595 3391229.375675262 -326598.7407597604 662143.8307752359 -2910834.5304070567 -3244893.2133445083 465142.0878374461 -63721.18163362586 -722638.5388580564 -998887.3378289024 516259.87083630305 3333521.510399961 1202852.4044112267 300493.01556639286 1993212.1420532656 -945201.6400771734 -138364.67195143155 -3548446.2957295836 4260407.781032828 3347231.054963077 -374304.0720621888 1123624.772871976 1630471.900348726 -603634.5049364569
-1163904.1534657688 -811908.652815502 -935879.4587680035 -2350421.004703032 -155742.834823495 -2737231.320886046 -647260.7415718817 5145018.80124545 -4198120.173933168 149891.0808084766 30571862.24656155 -1216366.1011928003 1349591.7597260014 2128451.082455431 3541836.6642774376 1317321.3861287627 -1134010.0338445606 -2077175.9284532454 864894.0380609994 -3235554.586409706 -174885.44555995762 -363053.2855500841 -1374357.0475924325 -1077714.87250105 -3537454.8333275686 66477.70508860688 -2792050.152169984 -552887.6712219196 -504577.46114755236 3430156.1472054133 354031.4992333309 -3625677.1268917043 -2450693.179647845 -3367277.1894547325 4822717.131128787 -2949464.6350647532
2346537.115716248 154112.63430135467 -563198.0249679817 -93561.72384618536 1703566.4025235835 -4737643.017443043 2286392.6323301294 -3544103.7017682167 1398818.6511372866 347534.2056980946 -1216366.1011928003 29710352.892088734 3459446.0004034294 -3097924.082102824 -1813925.1168820085 -318356.67274548183 2771519.774040146 -1413058.304086568 -1171242.1674765795 2499010.2400096226 143588.2092511163 147096.85079950682 -2633100.5267666914 -1659631.4456797286 1141477.1157132983 -2254138.4374175603 767358.6190027817 -3190213.343958219 -1783591.369747428 -301331.16167283343 -3208464.934401533 -3034441.731951 -39932.356146281454 -2046057.829516759 2355753.066467775 -2808334.735230317
3061606.1585283084 2100621.655517624 877989.1320367189 1021091.696670687 3896276.98497177 -1634133.0252207983 -1606260.298391452 -3556826.1180586126 -694615.7320903466 925991.1875902595 1349591.7597260014 3459446.0004034294 34719926.858430535 -381789.98635189276 4358805.216401102 2684328.629405959 1106745.469013986 1685726.7575956257 655074.6311427237 -3849729.558897002 682843.3812409216 3108106.1814913983 -2279620.7367852344 -498793.52697251755 4077493.965502382 -575745.2812714374 1578794.3507572163 -2713977.742245339 -1951143.6610685105 923380.7300268769 -3395361.8884924278 -2756695.059688906 321473.7233497582 -2905865.721635061 560065.6595424507 -3453095.551538899
-4230606.912006232 -2492188.5974017307 1077753.046098109 913676.6889798053 -1236153.8353848706 705607.2304512927 -787667.5046690076 1669229.389506788 -3417261.9958254886 3391229.375675262 2128451.082455431 -3097924.082102824 -381789.98635189276 34018772.22948396 -1748780.96150139 -2645763.804777311 -5891018.376222648 -1511873.483872307 89029.6020172865 -323753.0809871001 1668835.0212514293 -901682.9964901558 -474484.1754344311 4280630.72378693 -2871826.744684746 553431.0562878869 -3184428.632762293 -1092420.5467804063 -231437.16352077003 1436146.9276456758 150652.51297182264 1500840.8785465704 2151025.499202047 2111753.7050210503 -2327554.7723349077 -1842037.8557392608
646173.7064101078 1352571.8502535038 1698553.3989141295 2016044.3604585128 2876018.843010508 -1833146.8422617659 2518763.1910121185 -783031.7297097775 -3291881.693477351 -326598.7407597604 3541836.6642774376 -1813925.1168820085 4358805.216401102 -1748780.96150139 34551335.39621028 -2326532.103214567 -202375.07955843848 -1636974.2891887703 -368591.7823379708 -4106951.875529668 1910610.8728218982 -2891062.4038352906 -1096396.5725043453 561611.5388809843 -1935241.9671882237 1183005.732203017 -56105.07464319471 -2889166.8272968945 -2814616.2306278623 -548721.5607727361 1130058.2353112397 1340809.3210264372 1138783.189606075 3725793.4653588096 8026.200011228262 1700171.8708044183
2710274.7496517655 1112354.2862311255 -3192521.86955222 -3302001.685116587 -373479.75187731086 -1349795.6337686216 4278905.201030714 -2603378.1060268497 -204897.3113065827 662143.8307752359 1317321.3861287627 -318356.67274548183 2684328.629405959 -2645763.804777311 -2326532.103214567 32925719.302687544 1071201.184602056 -67252.29358260229 -2328707.531819316 -995986.8399178154 -701043.2807761176 -2111965.7069452545 -2417987.5478445697 3547550.366917601 1583984.4529599585 -3180530.7098096227 -2556795.38419204 -703465.5414817948 -1384981.9112243569 -770044.787658686 5233078.159318979 -4089824.973002813 -1321060.9456144231 -2402028.1104802494 -1949708.9457029959 -2349274.206373515
4905980.708467257 -5289871.3006788315 -3035897.61424582 -134179.1630955664 -2757843.088048226 -3207526.246130262 -4192409.2662133467 3478762.8406565636 3123007.5705361995 -2910834.5304070567 -1134010.0338445606 2771519.774040146 1106745.469013986 -5891018.376222648 -202375.07955843848 1071201.184602056 29955518.89691122 1441913.6982081195 -3752230.294327984 1603884.0561316877 -554848.1933792634 -371361.26671908214 851080.0000655056 198852.3130167022 -106507.04034773377 519723.95577660674 347761.95172012656 -3627857.4560239217 1762423.2164588242 3359805.278680777 -39308.382320282166 -803325.6378533706 2759781.4367687046 -1376871.6233713632 -657660.9810638884 -730671.4782925746
1006566.832102604 224862.80583230738 -1451170.657540127 1490116.944414579 256400.05462513075 3786503.8661616747 -2221638.3544915817 118729.41081720899 801847.9431918925 -3244893.2133445083 -2077175.9284532454 -1413058.304086568 1685726.7575956257 -1511873.483872307 -1636974.2891887703 -67252.29358260229 1441913.6982081195 34510426.55786543 2643334.264189763 4920872.755497025 2646422.8211256037 1311642.0632395 2727352.8319186037 -694097.1027915016 -1548282.7125259296 -1807132.6387962457 -2124979.15907515 -2200766.791673382 1001241.6480114697 -1773154.0393458954 -4181394.6714941985 771050.9374318972 -1350376.0461438089 3105990.431808387 1481164.3709345916 4119387.022657319
768875.5832493496 1826125.9560102792 -4097870.3577865064 536583.064695774 2721373.049318362 -4098817.026001144 -755242.2089910912 4866344.70004943 556914.997108273 465142.0878374461 864894.0380609994 -1171242.1674765795 655074.6311427237 89029.6020172865 -368591.7823379708 -2328707.531819316 -3752230.294327984 2643334.264189763 34599519.56945283 1596205.564468781 -960432.4838539915 -619927.2532996944 472219.29160514794 -3497723.4264823883 3993721.3290601815 1492427.1033532468 2474284.4580580737 -483784.6017305615 -1981238.130366658 -2379736.694168885 -1949482.7021571188 -247539.48929108473 -2105269.429193591 -1886197.7692098685 -66660.02190683367 137071.25562339427
997197.5074080066 2331388.8679747325 1712438.7961446983 -153373.81194014385 1724743.2543101646 1328197.026893724 -3677102.90418006 3776995.671737824 4104886.9571617027 -63721.18163362586 -3235554.586409706 2499010.2400096226 -3849729.558897002 -323753.0809871001 -4106951.875529668 -995986.8399178154 1603884.0561316877 4920872.755497025 1596205.564468781 36002942.82267407 -778463.288310441 1483293.8993461805 1517315.863165601 972462.9048104109 -4336363.960511033 1063001.1548657746 688377.7974281502 -5818012.59860159 2585672.8326854534 -2452981.782196115 -3107427.1915347376 -4644867.770116941 -894001.9163838116 2830368.0070831086 -3987258.1209845655 4304029.91409181
3618664.0735271685 410832.56719294225 -1928429.4026438743 1716692.853341411 -1116374.3638268441 -150053.44800320317 217670.21243886554 -2314924.87958922 -1151756.8249116782 -722638.5388580564 -174885.44555995762 143588.2092511163 682843.3812409216 1668835.0212514293 1910610.8728218982 -701043.2807761176 -554848.1933792634 2646422.8211256037 -960432.4838539915 -778463.288310441 33482677.615063194 188239.12519129307 2231816.0571908853 -693039.7623863997 787728.318569638 -3717784.673825952 3951702.520365116 218395.69164111244 -1249226.9690980422 4163563.4841380767 -346220.93784280523 -2520435.6702754893 -5768864.31069318 4454650.030011595 1357728.2622609457 -3055095.36837215
-719701.7253880646 1695451.349167414 318814.68033489946 2929871.704248893 -2072735.389578947 909840.9989415794 468199.201286211 139312.7735626233 -1149316.9940862488 -998887.3378289024 -363053.2855500841 147096.85079950682 3108106.1814913983 -901682.9964901558 -2891062.4038352906 -2111965.7069452545 -371361.26671908214 1311642.0632395 -619927.2532996944 1483293.8993461805 188239.12519129307 30398371.061574243 4408930.664173533 2586436.9474823633 428815.68458507094 -2962789.5149426768 -4408173.461110456 1547614.1797020396 1870118.6290554134 -862786.6582384439 -1776625.3496836287 -1233986.6513252459 -3508358.538474474 -2599288.2672723187 -1051029.4611959527 446412.0402407477
1731631.2849937247 1069532.2502880963 1291059.2838736805 1421991.7817412445 2510295.6877775537 2554424.4661876815 498320.2879871677 378420.87238653185 438356.2467585743 516259.87083630305 -1374357.0475924325 -2633100.5267666914 -2279620.7367852344 -474484.1754344311 -1096396.5725043453 -2417987.5478445697 851080.0000655056 2727352.8319186037 472219.29160514794 1517315.863165601 2231816.0571908853 4408930.664173533 31967025.236570038 291001.68105817947 -1257458.8191463794 -2756424.158809515 -106721.42365320558 2589487.3049447113 -1433294.8755827723 3096256.0267765047 1055004.3790513158 -474401.80245705374 -2955127.1753698774 1884006.44887877 -54542.31712739578 2488871.307076596
-2671074.8045474435 -1350261.8709437002 -439325.73417028924 1218046.1491079708 3866214.0023736493 -1700854.9915148835 -1575316.7849403413 2562794.555438075 -2796190.0741126877 3333521.510399961 -1077714.87250105 -1659631.4456797286 -498793.52697251755 4280630.72378693 561611.5388809843 3547550.366917601 198852.3130167022 -694097.1027915016 -3497723.4264823883 972462.9048104109 -693039.7623863997 2586436.9474823633 291001.68105817947 34525639.58321518 -425539.5491737257 -2093515.781091753 -2035341.2175624063 -2362733.100988756 2235994.068123506 1612451.6108435253 -1867047.2941441722 142512.22956392242 -1816023.9398678427 2769805.7337128227 -1345955.874001741 -2208735.1191522353
3353934.8967336286 -2497523.668929886 -2846591.0403433694 -191902.07779223096 -2132743.870163063 -1308088.9094391617 429308.71277360735 373825.7594252889 -234411.76213608193 1202852.4044112267 -3537454.8333275686 1141477.1157132983 4077493.965502382 -2871826.744684746 -1935241.9671882237 1583984.4529599585 -106507.04034773377 -1548282.7125259296 3993721.3290601815 -4336363.960511033 787728.318569638 428815.68458507094 -1257458.8191463794 -425539.5491737257 33840261.834799126 2059329.1503663016 3572311.963168856 1026119.895081999 1844665.3756299026 1146871.6102278463 -651247.844370862 -1944193.9192180873 -378297.17671789246 -661887.9971170418 1583735.3960494492 -1136499.9334032882
-209234.22636465888 208455.90344557996 -377349.5387484993 -2858967.2150895465 -1957090.7797857951 1350981.3425254892 -2170495.052734271 1833247.9035435133 3940754.8557721116 300493.01556639286 66477.70508860688 -2254138.4374175603 -575745.2812714374 553431.0562878869 1183005.732203017 -3180530.7098096227 519723.95577660674 -1807132.6387962457 1492427.1033532468 1063001.1548657746 -3717784.673825952 -2962789.5149426768 -2756424.158809515 -2093515.781091753 2059329.1503663016 31069530.21429992 574499.1404119623 1143771.0337025917 1004647.2661821541 276626.5088812422 3199845.9568061195 57980.93333645135 2044776.0215784302 -4555327.092741102 3080857.067115299 -1039462.4814138382
1769463.8796481169 -696998.8345538637 -3083213.1949286065 1068492.7247390212 102617.83026299704 2624630.0941459714 -2850623.602817682 102459.80894754804 1171634.7663373013 1993212.1420532656 -2792050.152169984 767358.6190027817 1578794.3507572163 -3184428.632762293 -56105.07464319471 -2556795.38419204 347761.95172012656 -2124979.15907515 2474284.4580580737 688377.7974281502 3951702.520365116 -4408173.461110456 -106721.42365320558 -2035341.2175624063 3572311.963168856 574499.1404119623 33812946.3767176 3425229.915602984 1319717.2822364275 -3192996.6532501513 845351.6344275177 -341783.6551547596 -2155144.8364106636 2496128.5044928156 -3537547.771209427 1513858.4557038255
-680005.812097525 -331175.8083438925 2467683.1327721924 209084.0572778806 -1376472.2173199195 3336951.911446192 889638.1766244544 -67471.63146526298 830314.0904834123 -945201.6400771734 -552887.6712219196 -3190213.343958219 -2713977.742245339 -1092420.5467804063 -2889166.8272968945 -703465.5414817948 -3627857.4560239217 -2200766.791673382 -483784.6017305615 -5818012.59860159 218395.69164111244 1547614.1797020396 2589487.3049447113 -2362733.100988756 1026119.895081999 1143771.0337025917 3425229.915602984 32332419.636016715 1795334.3945176117 -120149.10221004227 1195617.369163093 3255943.655549036 -2720954.513414874 -3740019.725553699 5173289.1930804495 5877915.151622645
-838686.4365777151 -2236376.065788946 -1563875.0753146156 1707683.4727358208 -373488.32741918106 2317625.408578986 -1852359.027701845 -3713730.7887938684 -2083983.671770845 -138364.67195143155 -504577.46114755236 -1783591.369747428 -1951143.6610685105 -231437.16352077003 -2814616.2306278623 -1384981.9112243569 1762423.2164588242 1001241.6480114697 -1981238.130366658 2585672.8326854534 -1249226.9690980422 1870118.6290554134 -1433294.8755827723 2235994.068123506 1844665.3756299026 1004647.2661821541 1319717.2822364275 1795334.3945176117 32731054.58305598 4164170.219530169 1657954.90582199 -2947040.1445762133 -1854358.113727562 2247332.856410805 859129.4278736169 4768888.424429199
3271658.952271677 256879.93592266808 118493.77803855464 -1047030.5328390733 1040264.3902136461 -1265321.8691599998 1634223.7065626413 372481.8304027724 -1087476.3703496393 -3548446.2957295836 3430156.1472054133 -301331.16167283343 923380.7300268769 1436146.9276456758 -548721.5607727361 -770044.787658686 3359805.278680777 -1773154.0393458954 -2379736.694168885 -2452981.782196115 4163563.4841380767 -862786.6582384439 3096256.0267765047 1612451.6108435253 1146871.6102278463 276626.5088812422 -3192996.6532501513 -120149.10221004227 4164170.219530169 34033890.11402092 1083066.626724842 -416819.0753239889 44840.773047633316 1458627.7615499252 4063971.156568807 620069.8697730162
-5345458.65139251 2560692.4775676862 -357946.627642517 -1989835.3234236524 -1368956.2923728765 1239303.5623210778 2037620.569907985 -2337460.07736878 3298092.6211528494 4260407.781032828 354031.4992333309 -3208464.934401533 -3395361.8884924278 150652.51297182264 1130058.2353112397 5233078.159318979 -39308.382320282166 -4181394.6714941985 -1949482.7021571188 -3107427.1915347376 -346220.93784280523 -1776625.3496836287 1055004.3790513158 -1867047.2941441722 -651247.844370862 3199845.9568061195 845351.6344275177 1195617.369163093 1657954.90582199 1083066.626724842 32355100.982679836 1544042.3513071754 314466.8462023683 19062.71751555024 -236849.30923098777 -362467.3390769967
-3113334.8085738593 -4052984.878371134 -2470966.796323368 3003700.4359777872 1551254.2270041194 -4476192.061371431 600425.2823827437 -727145.4105819825 -726167.813227426 3347231.054963077 -3625677.1268917043 -3034441.731951 -2756695.059688906 1500840.8785465704 1340809.3210264372 -4089824.973002813 -803325.6378533706 771050.9374318972 -247539.48929108473 -4644867.770116941 -2520435.6702754893 -1233986.6513252459 -474401.80245705374 142512.22956392242 -1944193.9192180873 57980.93333645135 -341783.6551547596 3255943.655549036 -2947040.1445762133 -416819.0753239889 1544042.3513071754 35565843.23716476 266867.81016125577 -278585.98391412984 -2090193.4869332316 3733520.674057116
2515353.0297071636 -1132743.619696099 -645039.6791206687 -3632665.125926105 -200400.1948921849 10360.784272358367 -2292550.762204581 -261878.99002851214 2420560.6241329913 -374304.0720621888 -2450693.179647845 -39932.356146281454 321473.7233497582 2151025.499202047 1138783.189606075 -1321060.9456144231 2759781.4367687046 -1350376.0461438089 -2105269.429193591 -894001.9163838116 -5768864.31069318 -3508358.538474474 -2955127.1753698774 -1816023.9398678427 -378297.17671789246 2044776.0215784302 -2155144.8364106636 -2720954.513414874 -1854358.113727562 44840.773047633316 314466.8462023683 266867.81016125577 35794329.74895035 -1565396.219978991 647505.1288483508 3942046.7446883614
-3129547.2008286132 -1432162.4103325685 2633104.2530531767 1931049.962584305 725445.2130452549 1422581.3315253702 685856.9266131378 1936887.3893712054 -3176696.536447794 1123624.772871976 -3367277.1894547325 -2046057.829516759 -2905865.721635061 2111753.7050210503 3725793.4653588096 -2402028.1104802494 -1376871.6233713632 3105990.431808387 -1886197.7692098685 2830368.0070831086 4454650.030011595 -2599288.2672723187 1884006.44887877 2769805.7337128227 -661887.9971170418 -4555327.092741102 2496128.5044928156 -3740019.725553699 2247332.856410805 1458627.7615499252 19062.71751555024 -278585.98391412984 -1565396.219978991 31519686.514514554 1096489.2278115943 1389246.0951384497
2173922.4626118266 -165370.07945155035 188492.18957431664 1115524.4919230887 222715.51519129728 2657460.7605801183 -101586.89331796725 -1229423.4459635566 -1126221.418310098 1630471.900348726 4822717.131128787 2355753.066467775 560065.6595424507 -2327554.7723349077 8026.200011228262 -1949708.9457029959 -657660.9810638884 1481164.3709345916 -66660.02190683367 -3987258.1209845655 1357728.2622609457 -1051029.4611959527 -54542.31712739578 -1345955.874001741 1583735.3960494492 3080857.067115299 -3537547.771209427 5173289.1930804495 859129.4278736169 4063971.156568807 -236849.30923098777 -2090193.4869332316 647505.1288483508 1096489.2278115943 31174421.42120009 -1239145.2796491294
-2309904.8456044123 1881416.7959022797 3940766.7860121042 5464547.25420129 5100453.435110341 1314610.7138479818 -1711392.1550124276 -1082590.0234223504 -1897370.9138960775 -603634.5049364569 -2949464.6350647532 -2808334.735230317 -3453095.551538899 -1842037.8557392608 1700171.8708044183 -2349274.206373515 -730671.4782925746 4119387.022657319 137071.25562339427 4304029.91409181 -3055095.36837215 446412.0402407477 2488871.307076596 -2208735.1191522353 -1136499.9334032882 -1039462.4814138382 1513858.4557038255 5877915.151622645 4768888.424429199 620069.8697730162 -362467.3390769967 3733520.674057116 3942046.7446883614 1389246.0951384497 -1239145.2796491294 35384953.00698051
