33785647.09399094 -53231.01520446625 1258603.119248791 -1793235.3432952033 2708314.7322314014 1363750.4676901337 -1138143.8433759657 1163599.4722866954 -5007715.96679967 -3039317.177471071 1440351.5211851692 2222205.6035465086 4852033.32515978 -1831897.1185789665 -1210455.2438853956 -66397.51760124555 -5894574.660794986 4390112.315410451 -2038679.9230643536 -39627.24021005968 -1488036.9646280666 -1267283.7939862744
-53231.01520446625 32857959.44289414 -60712.86841645654 2226659.5615931847 3162662.019105106 -2848930.6632090346 -6512886.06103943 1565999.970808942 -791834.7824620566 1348455.9205490574 94969.47237975584 -776515.4410576165 1025601.5260462315 6479383.933753134 337915.9048101311 -1638918.0009705704 -115225.55086182052 -1432977.356133814 4121758.581179652 -220101.12208069826 -2049718.1059886185 624179.5381036184
1258603.119248791 -60712.86841645654 33072030.380924523 -3643530.370324063 803243.407346453 2629102.318489691 515172.5342887286 3142846.9114390896 2400223.243895704 2626262.774003944 -889274.3040952575 -2467289.6422311426 -316160.523377269 -638624.4483754236 3622676.8781756284 1517364.5879371164 -321228.76517403196 1978467.000235774 -494564.2534277599 -317819.3405080649 -3615360.288314899 227659.17702989568
-1793235.3432952033 2226659.5615931847 -3643530.370324063 35826650.06701532 -1783555.2216282415 843207.0771416079 -944358.4872552202 3040553.7040665573 -1017975.3161456932 -1474506.983270074 1784225.3938426771 -723032.9619002356 3468224.5395818246 9151.403771195632 -2867420.803474469 -4033470.153203387 2228546.2129415143 2017334.8616113001 885537.3274162372 -1229383.2314519596 -703885.1382400269 -1640982.0892624084
2708314.7322314014 3162662.019105106 803243.407346453 -1783555.2216282415 35740958.84042447 -2122621.6146327243 -6074344.596253626 -894796.8197482612 2008087.2701997675 -2529282.6139928717 1224410.4033749676 3039113.718644382 2119664.1230119606 -1389602.4492872977 -595397.7625984153 -1782397.2148153028 -1838182.1263562804 1505433.3503007018 2130822.5048486507 4803523.601561132 2889411.092284149 1990610.9577060363
1363750.4676901337 -2848930.6632090346 2629102.318489691 843207.0771416079 -2122621.6146327243 30654497.282980066 864833.7316120132 159885.54986728125 -2127540.6299979337 -411944.54539820633 -3138115.682218841 3038154.529939906 1378138.1174052893 501655.07839659834 2602628.3315365347 1259306.3491691973 -559364.8273303922 -50451.447845215225 317208.5508721198 327266.25521167635 -2592376.3660093066 -577138.4837313729
-1138143.8433759657 -6512886.06103943 515172.5342887286 -944358.4872552202 -6074344.596253626 864833.7316120132 32021947.730369724 -1716074.6365577935 -984176.6198619186 -2884156.970069111 -373792.07342845 -201660.86575878796 -1333302.8496660728 -2471722.328932404 -2494705.036927999 297194.12156908796 2595134.964623008 274349.566695366 -805099.4418291561 -2187140.58054645 1634064.8105960004 1796350.7497257441
1163599.4722866954 1565999.970808942 3142846.9114390896 3040553.7040665573 -894796.8197482612 159885.54986728125 -1716074.6365577935 33510801.915074065 641072.2460930791 -1066482.302250353 2686988.1525855125 954259.7806240564 2614373.0787048354 1358170.298251299 313199.72794924944 -937012.1887850541 -1475383.167337376 2076979.824232576 -978420.5506452915 274297.42758152477 -1869238.0894843582 -817850.9579634584
-5007715.96679967 -791834.7824620566 2400223.243895704 -1017975.3161456932 2008087.2701997675 -2127540.6299979337 -984176.6198619186 641072.2460930791 30211026.208400805 639638.5736119665 -198321.40641985481 305785.6665551368 -3767252.6642632997 -1205756.987882344 -2747470.0641644606 1217210.349213703 -489955.0098229492 -940009.4422868945 1039923.1408824982 3025531.2993872315 1858654.5142465476 -188980.20893959547
-3039317.177471071 1348455.9205490574 2626262.774003944 -1474506.983270074 -2529282.6139928717 -411944.54539820633 -2884156.970069111 -1066482.302250353 639638.5736119665 35428685.70425526 1745316.6837234714 1789001.7572209004 -2157087.4943295415 4703520.9788364135 3845102.1409160937 948713.8711697708 532652.2275768925 659006.5081061819 298551.81390766794 722888.4878432311 -2004217.1807573908 1171664.9363636954
1440351.5211851692 94969.47237975584 -889274.3040952575 1784225.3938426771 1224410.4033749676 -3138115.682218841 -373792.07342845 2686988.1525855125 -198321.40641985481 1745316.6837234714 34104967.74316638 2826088.173195198 2800221.6623834115 -4768527.180341736 -5450867.019210673 -2836253.995722816 2795245.452900864 1646934.3245003016 366541.2405931502 3148247.2534331493 -194645.8152550915 2883699.726298613
2222205.6035465086 -776515.4410576165 -2467289.6422311426 -723032.9619002356 3039113.718644382 3038154.529939906 -201660.86575878796 954259.7806240564 305785.6665551368 1789001.7572209004 2826088.173195198 32961400.7395607 -608412.8773464838 3389857.8956907247 -1541667.7089885734 544146.5480025086 4198606.95598826 -1153895.2594229025 1572919.2219672904 666240.9060114532 281781.25654850353 -1275770.8769936909
4852033.32515978 1025601.5260462315 -316160.523377269 3468224.5395818246 2119664.1230119606 1378138.1174052893 -1333302.8496660728 2614373.0787048354 -3767252.6642632997 -2157087.4943295415 2800221.6623834115 -608412.8773464838 35820575.99591297 42201.82388446561 53529.16083414806 -343125.4492701096 1751781.3039955029 -42570.224548655635 29886.00965037378 418873.92522604053 -1697373.874622335 1408598.5830654164
-1831897.1185789665 6479383.933753134 -638624.4483754236 9151.403771195632 -1389602.4492872977 501655.07839659834 -2471722.328932404 1358170.298251299 -1205756.987882344 4703520.9788364135 -4768527.180341736 3389857.8956907247 42201.82388446561 34061145.27249254 195574.78962853004 3531409.9689929723 1402634.0258515612 4019126.8919770955 -700576.6621881898 -3055046.3730738056 -709745.784267772 -93666.70262430611
-1210455.2438853956 337915.9048101311 3622676.8781756284 -2867420.803474469 -595397.7625984153 2602628.3315365347 -2494705.036927999 313199.72794924944 -2747470.0641644606 3845102.1409160937 -5450867.019210673 -1541667.7089885734 53529.16083414806 195574.78962853004 32059439.224569954 2613327.5619079396 -5034556.019190192 -1716700.6199035016 326962.1169779288 781046.9543756079 -2563249.6826216253 375788.4650547984
-66397.51760124555 -1638918.0009705704 1517364.5879371164 -4033470.153203387 -1782397.2148153028 1259306.3491691973 297194.12156908796 -937012.1887850541 1217210.349213703 948713.8711697708 -2836253.995722816 544146.5480025086 -343125.4492701096 3531409.9689929723 2613327.5619079396 33735557.974185735 -467534.38628042897 -1665454.7518818246 2720664.373922654 -1524798.119324539 1335836.338190032 -2496483.27881848
-5894574.660794986 -115225.55086182052 -321228.76517403196 2228546.2129415143 -1838182.1263562804 -559364.8273303922 2595134.964623008 -1475383.167337376 -489955.0098229492 532652.2275768925 2795245.452900864 4198606.95598826 1751781.3039955029 1402634.0258515612 -5034556.019190192 -467534.38628042897 34119245.741134234 -326308.6046444607 1678296.4482390136 154741.24203842776 -3716550.5802576775 4809277.60258422
4390112.315410451 -1432977.356133814 1978467.000235774 2017334.8616113001 1505433.3503007018 -50451.447845215225 274349.566695366 2076979.824232576 -940009.4422868945 659006.5081061819 1646934.3245003016 -1153895.2594229025 -42570.224548655635 4019126.8919770955 -1716700.6199035016 -1665454.7518818246 -326308.6046444607 31386265.12371914 -4002601.185242258 -2247706.792914312 872945.6002281986 10313.091193655499
-2038679.9230643536 4121758.581179652 -494564.2534277599 885537.3274162372 2130822.5048486507 317208.5508721198 -805099.4418291561 -978420.5506452915 1039923.1408824982 298551.81390766794 366541.2405931502 1572919.2219672904 29886.00965037378 -700576.6621881898 326962.1169779288 2720664.373922654 1678296.4482390136 -4002601.185242258 35016161.18078113 852199.8137279138 -2508884.739439985 -304469.3282662923
-39627.24021005968 -220101.12208069826 -317819.3405080649 -1229383.2314519596 4803523.601561132 327266.25521167635 -2187140.58054645 274297.42758152477 3025531.2993872315 722888.4878432311 3148247.2534331493 666240.9060114532 418873.92522604053 -3055046.3730738056 781046.9543756079 -1524798.119324539 154741.24203842776 -2247706.792914312 852199.8137279138 33458089.872710504 2572979.006964683 2395905.2377122776
-1488036.9646280666 -2049718.1059886185 -3615360.288314899 -703885.1382400269 2889411.092284149 -2592376.3660093066 1634064.8105960004 -1869238.0894843582 1858654.5142465476 -2004217.1807573908 -194645.8152550915 281781.25654850353 -1697373.874622335 -709745.784267772 -2563249.6826216253 1335836.338190032 -3716550.5802576775 872945.6002281986 -2508884.739439985 2572979.006964683 35065114.04120961 -3227699.278791917
-1267283.7939862744 624179.5381036184 227659.17702989568 -1640982.0892624084 1990610.9577060363 -577138.4837313729 1796350.7497257441 -817850.9579634584 -188980.20893959547 1171664.9363636954 2883699.726298613 -1275770.8769936909 1408598.5830654164 -93666.70262430611 375788.4650547984 -2496483.27881848 4809277.60258422 10313.091193655499 -304469.3282662923 2395905.2377122776 -3227699.278791917 33801115.36262677
