31972535.03762973 1045521.5799114214 -1001236.5552470684 69768.20520026522 713941.2060535772 -1133117.5104457776 -2245239.0141498595 -1290312.7054095792 2349501.46786683 3571795.0977545995 540937.9321643136 1027035.4186984424 1789516.4104155446 -2109382.9523135703 -1005017.5107491281 -3059597.78001302 -2922789.2059879554 748160.8824059638 -104384.33570195783 -282452.7299137143 2152997.8633191967 3519265.09771722 -3536313.9373973063 -1984125.5440183172 -1003665.8533997638 -1309279.7347321922 1392920.4325133148 1968145.755172484 3075990.82507265 644581.3191040243 1217828.390130865 -370436.81890892755 -2988730.268400078 -1539219.6980793544 1102926.083482986 -2337365.275338032 -1849673.0807224547 -23116.998481031285 1885722.9493162693 -274575.83572072966 1200386.890244856 2912424.6081332206 1436583.2440434843 902973.2178629148 -1393814.7880731884 1028146.4522326081 1038407.3749571255 1280752.6452767528 -1107816.8222708316 223180.9679909626 -4844825.756510859 3090879.7795348493 -302666.4688547181 -6495351.645791465 3665863.1808793047 -1531875.9014304162 -946801.6571586991 957413.969902124 -2068961.6748325601 -507141.827352023 4185374.8534840075 -5411711.916207158 928590.1545956 -1244541.122638251 -398414.9162285976 -3319695.28665372 1235017.9802698973 429445.31862997834 2100878.2905110815 -33606.39722024355 3124586.251036041 1109006.9629879938 -1706452.3705209477 3792259.026372754 -1253961.4854896942 -2786022.7238560477 -4889412.97748412 -864510.7934649449 2274334.5446224203 -2170086.741848736 896330.8218735126 -513381.1077551987 2381455.703300041 2087965.7166282567 1363136.8776694192 2544499.8120540003 -656900.1422565742 -3115893.306325901 -5740858.287478748 2592158.0806695046 1861911.0010688715 2696555.9718814013 -329980.33793222124 288743.6056990799
1045521.5799114214 31869457.18528761 942564.3538095462 -2331775.429439831 -5294150.170110182 -2666190.173400998 385194.8959653124 1547510.5896009768 844120.6027228521 4629665.376453782 -334174.7568942585 -2537214.6977878814 2550342.944673993 -186889.94496343276 959794.6936473455 1073363.3279244842 -1232126.018963172 4574206.916773599 -3438444.924896874 -1837619.9214116104 1330069.8313030205 -48339.26132543635 544824.8937988727 995545.6953039162 2965706.5055002295 1703988.7940805773 -2705439.426502886 495741.3476703525 -1834838.750224742 -1249745.1975902442 -2279514.4670073036 1392269.0203265087 -2370336.2034627534 1100543.1043217964 285828.8304294301 39827.50481978069 3650465.6117754183 -2405988.2058490748 683886.8148050429 1305792.5058383765 4931010.056218423 1527525.8285085747 -2009793.697601677 2285925.0563379955 714073.4646128594 -7259445.815629615 945571.7532586097 -2572447.7014516974 400330.9755273617 1497056.2526748378 1960590.3509321657 377773.61142315145 -1537575.8234948379 2444801.337876569 1561011.0992480891 -1478171.3326576592 2014408.4362061592 -75532.09408604795 2730584.089875882 -367427.5975369143 -322939.4274560799 1093985.8117892244 3205420.7941753077 -22343.57885771427 -2900468.2420085254 -4508958.80642729 2301816.8645594623 -2371626.102435132 3211288.9967122576 -1030828.8869259652 2638829.7589790137 -4840462.713263708 1155243.0521150893 -1157634.5420909978 -1326624.7604936904 355492.8524131445 -4438154.958292736 -2107123.2238395857 -89825.6969735756 2223074.4835172505 -966155.7190991441 654049.6996603534 -3800316.0703052743 -4912796.973257184 316228.3282542357 1071768.3590641606 1125542.2366000302 524992.7694025871 14276.852509843866 1847505.101832476 4658793.300602856 2267393.6206017286 3734953.716415017 -5114645.34129711
-1001236.5552470684 942564.3538095462 35910186.958768435 962715.7669510822 -2642231.646205322 -1017041.2569479151 -1881001.1463990929 103566.59550230418 -2865984.6238993346 -464316.5673459379 2285219.8009874416 2034164.3063818223 -1136320.7742279405 -1105908.2380470762 -261454.06332962617 -500432.58518000523 2079172.7011483011 577263.3179906335 1881965.8329902624 112136.66764079763 528475.0741892173 -1583460.510031827 -1182005.9123434827 -3095484.1203444954 2508821.8884033645 701667.6950878281 -222467.95666161872 1831323.5016167439 -2473384.4780114247 -4838018.433779179 -1306090.6613989358 1436592.2751750248 2337755.9281020607 2745808.4239388187 -1667252.1214492791 2890879.6104379063 2762370.00389452 -5851603.593290272 -2525166.827033744 -472804.33634290297 1678373.6270292392 -981920.1564813696 1768390.9170007023 -1576059.4882684476 -726539.0103823164 -1025724.117290285 -3704969.9149795603 231153.65184464506 581118.9192962226 540405.6006058817 -2379901.8615208957 -797537.8718295582 -1350899.123931843 -4549377.139192484 -684376.3488169132 3731801.938231128 3531808.113645278 1592223.0543605112 1066551.1772622664 5428878.537847283 -1256793.9692688815 -1917824.9504209107 4393502.00536978 935332.0577682503 4273897.48476365 789799.6313942386 3513368.3290175777 -877619.7341819776 -130864.13727151431 187869.26802209724 647064.4168821569 -80938.93747771886 -1137465.8322514473 392898.42524537107 -1424261.8327181127 1681016.6883111666 -2663364.4258309198 -3315877.3800477884 -2922623.3507584287 4812226.556797828 -1837840.8320475887 -5533465.080043213 5679427.223919788 -2250874.9659538507 2179352.1078806757 -595571.165358502 2548825.484786684 -2252425.4322329825 3049941.704287376 893158.7918024616 2186771.9457848878 -1143973.5650857259 3961696.572414723 -928357.1976238408
69768.20520026522 -2331775.429439831 962715.7669510822 32882125.512613896 -1062604.0498681355 -238082.6894150137 4113291.1754697952 137973.81009740545 -798083.7932779137 -3101745.732013687 -200729.27023620007 3081115.8305909717 1553366.4221163783 1648623.1990539466 -2844047.757617009 4543072.2584258355 -499943.31578611716 2150800.450287545 1882056.939084483 -4514385.063942223 3049332.508599951 1291756.4063063024 475965.53205833695 2249081.526168277 -472889.6778244876 -2171319.1446130285 -5485180.90882603 67907.95398078454 -1480040.7295076274 -2080479.619348365 1549864.8123038667 -4919103.40519359 -981528.0526680112 4600646.3972194595 -1857678.0476718824 -2888551.113370991 -1030286.9047545101 -1553142.4398783036 875691.3558136343 37240.500120402554 -1349485.7880040375 -2761376.167745279 -1858127.928564185 2264553.490581638 -1233399.0084615306 -1550275.909871173 1444381.3343619574 4212804.21198808 184842.3568260081 -2133012.928560313 -4459505.035726944 -1417194.9266684286 2028764.8737533172 1593451.817837132 595445.8315273589 672167.0639773004 -548422.8141807535 -160898.03662222443 -644678.824612943 3573882.710081909 5408191.799853585 -2470402.20049493 2043507.8825065717 -2735113.077437679 2074279.9554090425 4538760.215642758 -543401.7339671857 713107.7756434445 328590.971828535 1610072.7152296677 650499.5336250091 -2620502.8296301095 -446543.0398994748 1114293.6579396059 -562049.1822599585 -931947.5363746039 648083.4363914478 -2475557.1199538843 1100693.6498834058 -4137526.429017276 1160248.738260854 4956137.378875437 83703.09049124058 3063035.834164959 1784558.558676517 -3865156.1447019563 1637618.1740537041 2296596.6149076833 -346054.17166500224 -2625431.8469424825 -4870240.0869545685 -2550357.787170364 -43764.39144345039 2861459.0671395226
713941.2060535772 -5294150.170110182 -2642231.646205322 -1062604.0498681355 34263055.638418175 -3112673.5726529704 -652870.8315895776 -1431066.8904898113 4287858.696706703 -1638925.525804081 1213752.0327303587 5354522.182385927 814400.3881267655 2160241.096488485 4140874.9213857 3062141.7080798773 2896662.3359872904 -4305619.538454801 152369.3507160636 434933.0305606419 -1701553.3808588434 1036429.2961957855 -3490533.3529418176 1164708.6853205184 2457740.2027683775 74446.41617318457 -1040655.8391873597 -714512.7466251067 1409635.2097299406 -2935085.898110716 2736227.3887950517 -183000.9647689952 -1121622.491869328 -3229635.15187863 -1128845.6981998151 255778.5426606519 -1692357.7491285023 -717176.643934758 769925.3363909496 1354657.9918777468 -1386944.994493155 1600437.990193311 83677.617914612 -1884207.6165946084 954596.2425627831 2604865.7207721123 -4245238.87954925 -4156609.677566312 678646.1258955613 28721.7468130361 -2783777.4179319567 7722664.760456057 -469803.73324948084 -3553419.59705213 -2842484.817661632 -2560026.9871130013 -2398313.951449582 -2564427.3628855147 -1586345.219775082 3878007.268423415 -805464.3059354447 -1891712.554143648 -1879621.3478498277 41470.04726140504 5892207.009838387 1610302.5431491716 -3029372.38164173 -1264930.1422569114 517736.3720000399 -2106621.685833035 1520916.558602637 -2781443.8765321285 -4117270.0931130284 3905371.14517304 -173759.23528781504 1100026.4927410898 340618.0309650477 -174691.1793828417 1773200.2578003076 2747879.519308915 -1096927.9578928044 -2317700.1078200666 6108575.35821433 945237.1093645646 -1503446.7127951365 3331071.347098403 -3815695.44737532 1157171.8395414988 -602124.887607358 2926559.985045297 31540.941237626266 -19431.448025413087 -2764046.0911951815 -2030658.569269445
-1133117.5104457776 -2666190.173400998 -1017041.2569479151 -238082.6894150137 -3112673.5726529704 34623952.67568356 -3432444.670173483 -41454.70250792521 -1939550.693152673 -2001434.9881239107 -972199.1267237554 5764300.397976241 -1902890.2297754835 150346.0845536445 -231128.97403516644 -251923.7365144375 -2178981.6343017817 3653672.25247861 -3607905.223327747 4722304.221939982 4412958.563454366 -909969.5433038281 -283263.80124345043 -3234464.781837241 -2021719.609476619 2170353.298233353 -3996496.908048246 2943171.1008033343 484840.6885394792 1365474.9445320624 353162.70589143067 3376464.838207346 1019084.8958639216 4409350.348965722 -2499087.322796907 466433.3378894214 1774058.309018667 3627830.3968926086 514799.02546216256 2818933.505247656 1276839.0407949802 -7347.446044634988 3484321.9105799943 2387667.7158346768 -5015492.627420135 1037955.6316220432 68011.2526402084 3051774.7973532495 1845792.023557716 952755.7309877853 -971417.5642577606 -4962332.850985715 -3260280.2562634004 1314128.3737238164 574770.4582165901 4311998.396507208 3036692.539888813 -2243618.8122970257 1132976.0876267196 -2204867.860095353 -4623698.206188984 -4755291.502744662 345963.07875671 282059.0704616325 1339802.6950854622 3785794.8051836155 -1518577.4044471665 2388501.757832696 -1470870.6959654596 4036256.911306068 365710.831948952 959462.5035637773 -1286716.4237673795 -187885.04050974292 772098.7845360292 2318011.046791142 1912514.844087111 2440041.225657601 957709.3042953388 97222.1224496355 4218775.410849652 -592927.2412451858 -4265919.195094017 -1730231.4038618335 -2135036.894610839 -1210586.7952008226 1556576.04086364 -2786078.6996473614 979788.2316071914 -1634452.8325902184 -2332001.856643795 -1458159.3263755396 1473833.4848623148 -535531.6748110742
-2245239.0141498595 385194.8959653124 -1881001.1463990929 4113291.1754697952 -652870.8315895776 -3432444.670173483 32217872.234652657 751767.5232833216 3193985.4243465117 -1642765.1830381285 -294434.2606431779 -6086577.87637778 4572676.148889762 3607064.288546877 -2769016.485933145 -442426.01654597954 2024130.6443639682 1933728.7861014723 654840.874042443 -2489774.2780102114 -3109245.8885601116 -683467.289768841 -2175322.4208090086 -2130590.4647258404 -1267503.2712971098 169921.29484232372 2093538.2417949634 342029.52997944545 429857.86809102836 -2297550.338577897 159481.85591359632 -1837886.8294983765 1640682.1080241848 -2168972.9761919365 -3174744.738610121 -645284.2908173603 421682.93611817894 -725174.7491823656 -4255702.282228072 -514710.6092408757 -1894325.2684652526 2661837.425871148 -2372794.7580553596 -1050129.4396933033 -478591.8022412854 447741.4250421255 -2946485.5100295166 3183556.28741628 2537390.2681834307 -4414358.967936369 -2634542.5264004795 -1207239.5259887888 -2904093.094669218 -470689.6932906776 4224787.0772883035 -4539118.446669957 3063753.470512993 396826.1764233559 -417717.11188923434 1510346.2503880442 2716481.9974846537 -789205.794564342 -4732417.9425247405 2018112.619619086 1795790.040309131 -2249063.3177015726 -1233251.9291913516 -2317811.56261358 3961423.3297428 -4034108.2334845965 302839.01726224256 -3943831.906299111 2182422.7835815153 -1858056.99020518 5341889.92250253 -1233711.0813821766 -971112.6827733637 1191905.2335238042 5574113.778512174 -1304974.40572502 1745425.5635879973 2425672.4649205822 1218574.7552333055 -1783493.9935372188 -1884421.9969401853 -1723151.7704074646 -2202941.9390488034 -302456.2612729552 254398.30367156808 -4547211.047415634 1978739.3773161129 4546596.796957884 -536410.2685444182 -1870919.1302276358
-1290312.7054095792 1547510.5896009768 103566.59550230418 137973.81009740545 -1431066.8904898113 -41454.70250792521 751767.5232833216 33174370.592557576 1451874.832248371 823660.7917660284 1710620.4920918727 -3985018.628934247 -795483.191637878 -2494740.8301142124 -4100591.8704843917 1490184.5215636997 446310.4745666728 5221811.903236178 -2439893.1383858747 57150.04339434597 -1521566.9236663315 -1602661.8419079948 -1549199.84080156 -898167.2158088433 -343018.66048442555 230781.2336917884 -2075057.6190765647 1520528.9137698072 -1346086.2192568094 -955015.5436116622 1353135.4124354527 -662708.5456033105 -2103946.813189855 761415.5299279809 1816689.1094340845 177833.09256104945 814662.2833939407 2009578.8729031377 2512611.6167260837 -1284007.9946982535 1302586.9633006467 3324664.2578950333 2802885.9708208954 104097.28148022671 585489.9225486823 -1578767.9285513374 1948594.842707108 -1505565.1942310529 864237.1470277463 -616749.4212047376 126636.66540913432 6106883.039763344 1835179.845740108 1806774.053066646 -3530106.0951836333 -174288.61674840425 267088.5774124741 2388505.969813401 3155000.3558588997 -1824025.9900983835 -1184092.6432480456 2292019.5287818015 4827400.460653561 2392236.6156589678 1047024.8586681464 -5086183.262293356 -247838.19884142833 -4874869.114036246 -786941.9351200844 -1543149.0662835941 2959176.592024186 -16789.189981392396 277951.37209739175 407092.50935493986 -58667.50986226564 -1694578.0612168482 -4218064.0747770285 4160829.4548456296 2299182.611957674 2189630.020867729 2431691.2668559807 1205088.8985789807 -5111809.608191604 -1314442.7265409858 -1813337.8467302674 3350271.7554736855 -1948082.2134268887 3354101.2202003445 -312667.6476631269 2484628.65207705 -27440.65208050076 -332484.4404182894 -336549.3845589476 -1550489.1084132383
2349501.46786683 844120.6027228521 -2865984.6238993346 -798083.7932779137 4287858.696706703 -1939550.693152673 3193985.4243465117 1451874.832248371 36724455.76984887 8616812.692401007 1558349.315303886 -2134124.5478416835 1150102.1593546618 4382656.450379133 4549075.248340348 203781.28411684366 2694425.042683942 -3472290.8368267124 744463.990535773 3353713.918288463 1958058.6396265305 5484425.174314081 -874069.1903048013 1290591.4276274513 2655362.426359453 1547174.1194983686 -1283332.164364537 -3299873.6754389545 3252816.777336414 -886208.8691856737 1503052.6586402538 -2048682.9872217814 -2303663.05690067 -2105550.2502332423 1180954.7016920936 -3871473.869653702 -3918021.07129716 2740837.4451419064 -3916239.636324857 2408524.38953859 -5609017.851221913 -1594267.2229988931 1305362.3783487356 -101819.96318949087 -1894035.6013112434 -3329215.0803647977 2367972.443174663 -1883846.716520895 -437083.71532127156 4412090.940078904 -728633.847327391 2039732.247620851 -1600698.914371499 483960.8712302425 -5801148.6694777515 -148931.3318279307 1915954.176051085 525539.7121335855 -4084889.1988713015 -1471877.0237222423 769610.919258024 -1724726.3057186618 -1003099.0813233121 5128866.620687716 182077.60066554006 1547892.283292559 -2769063.6848722915 4023884.880924355 1601143.441046055 -3762549.4247198245 2378714.84504165 1757041.958520787 -3075078.809960605 1689120.1431325 3419039.850635741 2963855.4389796723 -2675000.010345957 -1747958.915390747 -616732.9571982233 1589781.7722266058 -265254.81561567925 4352514.688145192 1378605.497308778 -2205211.6557735 1509204.3627058566 1057939.5797766233 -3023474.1833904204 30244.554619732422 355353.1316918847 -1943970.5098619221 6248451.553271964 4958445.804365923 -2149164.640264378 -1206745.3166867807
3571795.0977545995 4629665.376453782 -464316.5673459379 -3101745.732013687 -1638925.525804081 -2001434.9881239107 -1642765.1830381285 823660.7917660284 8616812.692401007 35418457.19596619 -1613157.9628789271 -6280841.194980445 -48630.580349532014 1497359.8482883575 854608.0860488049 1117056.0655020669 93610.09832404465 -39626.786542169066 880839.8011967915 -687931.5632605309 -390330.52575642127 3993259.052588289 -333648.3567821592 4963028.390980967 3191427.0284868577 -229986.40669717558 2286848.777537556 46782.742983894765 2702990.8023521467 -231645.34392439926 3410250.670951797 -1407793.9773128314 230116.73065212823 639091.7945280418 839070.2266817443 827774.6674274347 -3717412.3701559426 -480349.21513476246 -5309645.81078492 2574045.265589319 -2844319.8294049385 -4358611.046688033 213321.33187099823 -1754035.4954133853 -3760294.6937887208 -2327967.6492134784 1705640.4465424845 2224057.177763557 -979132.0423859442 325922.3827090849 -114360.8641592089 3673070.6047071796 -2226801.4173436672 -1727282.8345387673 -2932886.100654394 -2723899.1034859708 1923710.0110661513 -462820.00820738287 -2074492.2530767242 -3034516.5505185933 688300.4941881469 -3460070.831169755 517205.64649656333 2135132.5288694217 3122334.4161067456 -1529919.0840774504 331703.38639610313 2694391.0185110117 3905114.8710412704 -215970.58042681773 192810.1998166622 -1645443.297049353 6153237.018383613 803061.7285862272 -996187.1805740923 503656.576557203 -2419580.8320048437 -2037363.2772629326 -1672176.7037431728 2757155.556374616 -518772.6748838154 872559.1359431591 -2140141.031221611 1269943.7411502977 2457971.859469976 -944328.3474017526 6047026.095064576 595943.941320418 -1966198.5791512022 6196913.753060537 4283683.721424147 1940350.0178061237 3321963.6106524495 2129325.8941906365
540937.9321643136 -334174.7568942585 2285219.8009874416 -200729.27023620007 1213752.0327303587 -972199.1267237554 -294434.2606431779 1710620.4920918727 1558349.315303886 -1613157.9628789271 33882057.051992945 3448010.5236593126 1573118.3397657413 1580542.543283765 2571104.7665344276 -2582142.846572449 -2516735.148393164 -2480267.290849397 3912876.1280360823 -719549.4894911522 4905565.745968274 927460.1053288311 4077556.0796097876 -2192553.4487682167 -358244.9276673104 274620.4253395095 1363675.8764996736 -1530580.322525961 -2306311.1444635587 -613080.541742788 -66970.66965517365 194735.47879323567 -76817.17914346758 -388804.6900434036 -130391.20685621983 651447.4452292763 4568838.822399497 452394.166309854 2836549.1043988876 619308.4127096395 -542632.1764455711 -881698.0093670951 6439054.456958937 315908.69742943865 -1741415.065135116 -477923.79355752567 977290.4744307647 1821171.5568414943 280383.551519556 -3112470.381830256 -914275.0358329414 1534334.3801447088 -1640501.8948211337 -599520.4974859492 873811.3202725853 2357269.8699277504 5011929.294530257 149302.21971958954 -753562.060251525 -547017.1690393413 -2525359.6981557407 -1783324.8425820493 2490779.8531239866 -2738582.8388723833 -2721368.923882549 1606227.8214506574 2469156.3066765745 -3213755.6358650136 863383.2842450592 1014467.4938381361 -966200.4404075468 -4393159.962619668 -2193116.826697376 1202705.9318455004 3064658.0671634674 -2122619.722142216 2410403.6423302186 504961.76725531946 3300074.034198073 -823700.7203330718 799179.7119483623 -2236952.774879666 357249.9455204082 1148439.1135321115 1726063.4900594407 -3596561.875493909 -1467313.3480436113 -1988506.5092093865 -255123.06463009623 2858736.522186104 2501412.4041965664 2446103.3721923484 -5205731.124095925 1461088.6787470817
1027035.4186984424 -2537214.6977878814 2034164.3063818223 3081115.8305909717 5354522.182385927 5764300.397976241 -6086577.87637778 -3985018.628934247 -2134124.5478416835 -6280841.194980445 3448010.5236593126 36120499.28473043 1307453.0319561185 -3297671.167082442 1447654.2294038534 -1703001.8135850797 -2859552.272099665 -1476324.7616373652 -1188220.1020679397 3520076.511760357 4621394.2362824185 -5544866.359141909 2181499.475720195 2129211.5523382127 -3587779.1497137547 -2309501.7672577216 -3634051.1679165037 -790644.5516057219 371989.0089555561 -2962366.6966286674 1555054.0707214763 1611274.8931421859 -2434808.7912312984 377546.20904432837 -3180086.709040967 496242.5258608921 -2262840.8188673663 -3284837.193872338 993017.7536467863 -879624.0306301748 -1338878.9416472698 -143750.54234021882 2606633.475108256 661479.6323512886 -2134111.880872759 -1933785.155278662 -1702340.9159120014 -176132.32393201982 1869046.3314438865 -1288776.1711993061 -5022989.753179865 -1719667.4548583534 -2755856.4271612195 -753081.627742786 -1379308.8596051214 3949760.026851152 -2387095.3119966285 2405770.6325843255 -2154411.9337239973 824755.0132739131 -2213037.226646517 -4518301.164714882 3223901.9997147545 -227089.76137352682 -2924466.3243887173 1865099.7105028538 -1497126.4286096394 -3343349.2315016906 -3352085.32656453 -691042.0832673945 -456349.9440094377 963298.5957623716 -2281210.1815432636 1658562.032340626 2543181.225247195 5563532.060979475 83413.17205252188 -1404860.8567030998 -610926.1014075539 -476242.9245539382 8104421.009562518 -3842541.362555563 2932995.4314881614 -678224.7952300009 4204600.462346401 -3076814.969910211 -154487.35822024549 -1299651.9375679772 3760732.462423733 -608093.0221166024 1881491.1711775109 3901609.434731477 -814139.2611009333 -2073771.496635008
1789516.4104155446 2550342.944673993 -1136320.7742279405 1553366.4221163783 814400.3881267655 -1902890.2297754835 4572676.148889762 -795483.191637878 1150102.1593546618 -48630.580349532014 1573118.3397657413 1307453.0319561185 31488331.27493354 378986.07426421 -2308652.5547533543 2015331.4895389725 1115488.797863318 -3731692.5066318135 2245776.6683478956 -1766868.8599080103 4069967.9505836642 2020746.9379545355 1570157.8183447975 2397149.8249142244 -5909770.672144198 2241012.11190291 -80022.77262860468 1896170.2800311665 882368.2011938117 1857104.9544764603 1531631.0101570042 -1636088.862517112 -5451001.077447773 -5898620.54733097 -78978.5986441285 459483.72657849675 -1487228.0688013765 -339050.36116667883 2309458.381836712 -897283.0234234418 -1089265.3498321192 1340808.4428204584 -495960.4429136272 -177590.9894859384 -1699178.4662907636 -454031.831192105 -1960618.59333921 -1483244.1830174108 -826327.528401599 -6220535.3310562195 -462891.4392840113 -406821.78823182645 -3175793.2992472304 1584603.4597548596 3286369.5092929564 -4091350.0545718297 -1335869.1282429919 4819143.78051095 -264259.8058201846 -1896143.2423376362 -1487387.9251403892 -81310.3688286116 -3228938.8509433386 3269564.966488412 -3135132.1830533985 -118477.71490915977 -219664.65850148062 -1268649.0587269275 2384784.37322247 -448795.05453813757 656469.111275484 1493600.4599241486 598943.8032894287 -1348366.4161047023 -4185218.341994681 -2871549.4117838712 837308.7651639282 1332992.6551513802 987938.0891538323 1184658.6116181884 1324666.64263962 -1989937.8613415712 -1350196.122409217 2503340.952659298 -569734.1124190643 -5482404.391945784 -3657863.005469864 -3048681.759268999 -1577032.6916882182 -2377254.4737041458 1956104.4810747902 -3858625.1510136616 2082689.7944139892 1499190.2370394443
-2109382.9523135703 -186889.94496343276 -1105908.2380470762 1648623.1990539466 2160241.096488485 150346.0845536445 3607064.288546877 -2494740.8301142124 4382656.450379133 1497359.8482883575 1580542.543283765 -3297671.167082442 378986.07426421 35505534.77720115 1240594.8895415512 4583278.482653274 2531857.303158304 1622243.8677925027 490246.3364016201 -1901537.3406565103 -2900564.8802266475 -149923.60532543986 1204665.7981534763 2788766.536451727 5267853.119751977 1372143.6585331135 -447595.5403130061 -4077863.467312505 -932037.0055838376 -3047179.3589949543 -1619684.4398131552 30375.62017422457 -4328896.474881294 -5301075.717411745 384268.0646414805 -5546518.9888839815 2029883.326203199 145757.99420841516 -3149853.4414969357 -384750.3377466127 -1234354.2540689171 -1369201.9209136136 -3599305.7142798854 -200669.3529118543 602071.8689090179 -382357.57347392256 -1681876.7098382437 -1015134.5793163524 523764.0522605147 -690976.629327659 3661531.0682809115 3516104.3363713217 1538600.1390054033 2289460.466598561 -2633527.528734957 -86290.42674017689 58017.78805081865 -2785476.7067338484 -2169409.345168703 70644.37945552895 2338356.126959263 1302401.7133531286 949171.505573652 4557616.419787856 1098319.084723446 2140321.678461199 -292413.4019275622 4924744.516389202 -3679126.0697661038 -4828502.088433789 -3484430.923657472 -1654804.6044377044 476778.59867797594 -2366885.891308563 3573851.146499328 864870.7253634173 -3385889.4164494053 2014775.3803599824 3077111.9102966287 -4197118.877964465 -3595017.186914535 2032510.3961265453 -1503592.906216786 -7957.070218158486 1717077.525468994 -1581910.8815630928 -1387578.2194196053 1661681.4852915744 -1066781.1198922116 -4582614.3236337565 -616101.3932701579 3524013.746225325 1733306.3671306677 -3429030.6477480037
-1005017.5107491281 959794.6936473455 -261454.06332962617 -2844047.757617009 4140874.9213857 -231128.97403516644 -2769016.485933145 -4100591.8704843917 4549075.248340348 854608.0860488049 2571104.7665344276 1447654.2294038534 -2308652.5547533543 1240594.8895415512 31834196.695672482 -4293.355564420382 -122179.18089454345 -3663551.213293555 284317.71595161874 836176.9080298288 3476643.3097400544 2323451.6600689134 590666.9997934938 -3011767.9008243717 -880484.3601670364 781389.0847537699 -69499.00114482424 -2951837.3296201755 670012.1368604808 -2533177.7141406354 -1359246.3206023017 3398526.3340423736 -956965.8378627591 1891943.7926587667 -1328892.7717103995 -3651857.5057495735 1244360.994855074 -941167.107984737 1014940.406585801 -1907163.6511147663 -1354427.2045257033 1289645.326109042 -1166399.0336835254 -1946011.0824380221 -928881.0193241942 760313.7972511704 -2181141.0711509963 -2425881.3091251827 4648547.066561478 -104554.09253256155 2333149.239602337 -1199108.0993742552 1238491.713742291 1150913.2387121327 908635.341575297 -43692.35225238307 5424793.700857362 2140760.533029417 608490.2184685891 2409321.420768079 2219253.2607280337 1805855.4807680172 5269672.993628227 -1881607.0337597495 -1263553.6662896632 2484716.5105788824 -286537.3325578338 -3367943.5722391685 902381.7837622174 -1865837.2760692842 1946880.1245261088 -2323044.2605609414 -1725260.014906012 4158273.944166877 4309556.170939317 -1078405.0450138792 1021701.4736423034 -1689484.6522539803 -563627.6826762293 -2472287.0193200824 -1661305.1324366112 -783434.7784499332 -1112586.2063974557 -1311095.0553823789 -121256.46279334382 -1654804.8416121877 622831.7357008241 -506025.8918842247 -92299.35108430227 1591868.4279072739 2017041.553080352 2190712.1365004885 -8406247.167172385 1653662.1531494386
-3059597.78001302 1073363.3279244842 -500432.58518000523 4543072.2584258355 3062141.7080798773 -251923.7365144375 -442426.01654597954 1490184.5215636997 203781.28411684366 1117056.0655020669 -2582142.846572449 -1703001.8135850797 2015331.4895389725 4583278.482653274 -4293.355564420382 31207056.14432613 -639501.6680507464 2869386.4074325035 1102960.9771073132 -302895.5057496938 1751212.8987684106 635298.6195649966 -4993808.269208905 1334481.6398940757 2260988.783494713 -481289.4059516224 -5168596.821478612 -3550033.415088822 896479.5368669992 -1876213.889067476 5385027.870650805 215551.7346563534 -1120540.9514321724 2525225.670305063 95129.19975448582 -1962399.8946845452 -353113.9168915464 205094.11629272718 1025014.2764773074 -5466869.485889292 2524959.8475153125 -2518891.403200849 -883019.5620529813 -194967.72973961657 514424.2912832573 -438948.8285618227 1765452.886526991 -3443465.287559819 -2742774.1996534127 619942.7828074539 -1635686.7116212442 2134782.2380089504 437800.2265638489 730369.3651111708 -1633815.0290049934 141880.94277794182 3366649.225227887 -500552.2840556302 -2782328.2357425573 -947579.8841976158 -963186.7260081854 2657506.9341807207 2001309.9759972787 -3454957.222034123 176120.28471256705 -1263145.6426729506 -3998238.4283938524 -1187767.2198756349 186222.5905172448 -1310543.8201243696 -800019.6253487824 389530.292562624 330155.8224562528 -5149171.959915417 -4172445.99689468 673118.2551504395 137814.94253253253 926836.5543758225 -1438215.7582636809 2319359.091742706 478420.01784497587 4978819.866842602 -1417141.4603956074 2615482.323267101 922447.5304345307 -684147.4406041664 1380445.5030214363 -3301288.292868406 -1102958.703721147 1921893.413897324 1750162.5866791222 1702113.3353641238 -47628.31021089652 -3138176.211780459
-2922789.2059879554 -1232126.018963172 2079172.7011483011 -499943.31578611716 2896662.3359872904 -2178981.6343017817 2024130.6443639682 446310.4745666728 2694425.042683942 93610.09832404465 -2516735.148393164 -2859552.272099665 1115488.797863318 2531857.303158304 -122179.18089454345 -639501.6680507464 31236646.108408708 85223.01265167493 -5006197.619688813 2655152.14950606 1433235.929502545 -664406.5424174587 361342.7724204953 3704855.2650811155 -235477.4734278477 -2882545.7553631 1233238.5898218232 -2842641.1791047826 -642278.7436459702 -1934737.0453237356 756107.4327464828 950779.1086829709 735198.9267359214 -2689768.4507733663 -681941.2402805305 -2772152.5161051843 1738246.4637219592 -3567085.609437196 -2016848.5405645464 -616144.6090888467 -2661616.4213573392 247632.67397923075 -1217402.6811302435 -2384820.6815700945 511920.770552483 -705638.1625383091 1792183.3443743135 5027138.070612459 796394.0840214121 -2481708.626077409 -3940677.934656515 -2035704.9708718776 1771297.0932899518 -1194495.189614137 1523115.6292410998 2310191.329203916 1012891.9830155678 -1231386.2817055108 -646804.0701850536 4053501.527834659 -2787694.4128353745 1079499.2074615585 1891766.5004857625 -1575666.1497611166 1546087.4190339923 2198310.6135127745 5988812.966435113 -4862611.292735604 4086337.943702599 -1885106.2644095223 -400223.38278206415 729587.5336325474 558676.4894124697 5242626.967483704 517901.0159088906 -2485410.0736674215 -542650.8435798718 -1517879.1566382193 451797.29040517664 3582440.839078393 -1130425.1381802596 -754232.0743731228 2080841.811001553 -1590627.781491408 -740652.120261748 -2651589.436225315 212525.7781077982 106201.22853991055 -103935.91278862816 -4402092.711209758 313516.95917128184 1078631.5898819787 -402526.1680524409 866607.91236509
748160.8824059638 4574206.916773599 577263.3179906335 2150800.450287545 -4305619.538454801 3653672.25247861 1933728.7861014723 5221811.903236178 -3472290.8368267124 -39626.786542169066 -2480267.290849397 -1476324.7616373652 -3731692.5066318135 1622243.8677925027 -3663551.213293555 2869386.4074325035 85223.01265167493 35535800.001667716 2450948.2783611445 -465186.93201067793 2266354.3208513632 -1892704.6494719242 -87370.22029092321 -404810.3299540563 2504974.3301029927 1256794.779718624 -6309880.505030744 -1175132.3259774644 2427955.8668531915 3876725.597128606 2226720.2213340113 -521551.28314696916 2461582.387268777 1566910.9618886488 -1391267.6438051579 613012.8086785686 -2947077.701612439 501061.3594798976 -1794761.1047423098 2309551.9898175765 522742.4382169914 -2482395.50478126 -289336.91851379425 2535587.06500276 3144736.251045218 -2254809.8252013987 3575741.646620137 836570.4730678772 781118.8515517759 5938875.381718049 -353018.5296284968 878797.9694853872 1199639.5171259881 91429.18569087893 -203719.08642216396 -1903465.1574276646 -2526680.2347465996 -2823993.1347881258 1306893.8258630536 -330424.9899076029 758376.5990213815 3451179.0233487026 -277795.98785916565 -4990071.3644288955 -647773.7700760417 -215709.65484339953 646443.2262715169 -3016602.5077532786 -1116900.6271397632 1975929.8735564426 -1384317.090096066 -2999669.5865704194 -4039880.0383408614 70357.2596006446 -3477300.008723611 1974683.9352652472 514370.302930586 1238951.751446189 77829.76897845195 1144365.9780046814 672524.4014903757 5775281.25238374 1042802.9655868547 530856.9839350585 764492.4209503104 2295672.972369996 -277483.08526584064 3074407.1109479065 5136789.122221807 1407143.4203006215 -43543.81129344489 1642511.6100036786 -821129.049494553 -511524.9691726687
-104384.33570195783 -3438444.924896874 1881965.8329902624 1882056.939084483 152369.3507160636 -3607905.223327747 654840.874042443 -2439893.1383858747 744463.990535773 880839.8011967915 3912876.1280360823 -1188220.1020679397 2245776.6683478956 490246.3364016201 284317.71595161874 1102960.9771073132 -5006197.619688813 2450948.2783611445 35374424.19990459 858655.6936561869 3070570.64685671 2799399.2015091865 896117.1459273441 -330599.2912609522 1114846.5101295384 -3784518.43695779 -1538437.6904003348 -2500772.5178581546 -942105.7728976038 805711.5668765493 2632742.5619532345 1256228.5317650603 1001381.3131195935 1679793.1172707109 -2286173.1232877923 2161870.965910927 -4290368.61953818 53315.52230143459 -2005407.7933603774 902986.6491198689 -4506097.0327269975 127965.43782131241 -1692680.8255620042 -489551.3381604361 3850446.8989133406 -239309.34117116866 -846588.882305895 -3804052.2222735486 738591.991039339 -1891662.9715421165 -2648361.8096796623 1407449.0602313392 67312.81838923959 -916469.8331976392 -1097762.936752858 -3395944.8671597433 -875481.3319491216 470868.2998410423 939054.5614713604 3602582.210408994 1741053.7791831223 -3785395.413566169 -218507.57074726355 -4862591.486643593 4062502.015908991 2450916.349969436 -1910012.103942632 1622247.035888312 458148.10703153315 -731734.777089982 -6331626.143866447 -2405609.009056561 -2053349.602567136 -4660900.737855914 1659671.1874752822 -249268.2525579855 2437308.7895181114 -2312585.939994894 -289395.0484040684 -566203.6433990702 -1115575.2301863055 -321551.01058253157 -525584.712458192 2485559.509540281 -2285025.993350311 2617991.473938473 1647572.6520612163 562461.106198901 490717.73689923773 1304977.3241237549 -2389318.9270161437 4618069.923135423 -1536419.2616546631 2817269.2708821152
-282452.7299137143 -1837619.9214116104 112136.66764079763 -4514385.063942223 434933.0305606419 4722304.221939982 -2489774.2780102114 57150.04339434597 3353713.918288463 -687931.5632605309 -719549.4894911522 3520076.511760357 -1766868.8599080103 -1901537.3406565103 836176.9080298288 -302895.5057496938 2655152.14950606 -465186.93201067793 858655.6936561869 34634407.30794869 6138.583255025888 -5867775.324918167 -1076.4309900052124 139565.4828743889 845908.3728161267 3108428.548490119 1656104.3962643333 -2378269.347433246 241035.85450174514 815027.3427763198 1058728.2144254346 569524.524595047 -1342845.1849118979 -1724765.5319771043 -775554.7651569366 2984161.626310524 -550388.7354632023 -3628396.1645018803 2765185.244343431 -376130.2084463138 -3841612.1869885013 1752260.0890487542 2625430.678786307 -4601684.186927171 -1006161.8358982226 -1744171.7429811724 -817672.9754896489 -5205541.470611367 1074337.1474724829 -556.9014662547157 -790247.1965948917 -1284494.6183513345 -914136.7329050389 -1261250.7118850502 -3410590.0693047573 3402973.3452646984 71438.37290764447 -271452.82138051436 -1384443.1249532944 2202595.434379425 -553555.1590740429 -2390320.0701203197 -10381.736906570573 -509278.1359964435 -1624254.8798215296 -448315.80240455444 -2434740.505577772 -205098.26125449478 1337450.171820756 -2652175.6464404664 4885765.91621965 -313702.8131430683 -1100373.4110580545 -3801475.620495959 4912913.152063883 570169.1947247538 -2308161.97527079 -1085068.8539755403 -2202671.3898094813 -1754578.5261019224 359472.3496532151 -1604130.0489272657 -1192695.3727697926 -3178695.353882623 -2375455.3803194026 4196344.196293493 330052.65286637074 2128204.6403669287 1327218.3867382188 -3036022.6251674034 481321.92914232484 -3940553.9071762306 955865.888290986 1712595.3872080664
2152997.8633191967 1330069.8313030205 528475.0741892173 3049332.508599951 -1701553.3808588434 4412958.563454366 -3109245.8885601116 -1521566.9236663315 1958058.6396265305 -390330.52575642127 4905565.745968274 4621394.2362824185 4069967.9505836642 -2900564.8802266475 3476643.3097400544 1751212.8987684106 1433235.929502545 2266354.3208513632 3070570.64685671 6138.583255025888 36074766.332871415 -1250816.0460906774 -2897932.4022878488 1087380.1399503632 -880496.4453446857 -911663.0482726399 -2903981.0982329985 -1233134.467954088 -121206.6521151365 -1906661.7901736074 1066084.7236993737 -139041.85215796818 -2316610.461878186 -392503.9741832494 -2843520.582383354 1118081.9124814998 -854042.9998893588 895186.6386286509 1907488.3963972884 -2146530.0647650687 1530580.0267908317 320060.2152587077 -660587.4323560264 1099965.8533859958 -203033.96698595412 -2404226.5242019435 1220870.6019119848 2084395.416419037 714609.8386009543 -1220985.6069482174 4134263.1891604196 133429.4129644895 1041108.219901726 -2371739.895941419 2567605.590893122 -6159036.287879068 1741960.801576048 -966094.5174669332 -121324.14735801461 150271.13691609856 -9408.593131549767 -1497929.1784261607 -4362962.312577395 14756.614112174559 -3434357.6330939294 5690508.138626303 388742.2346268922 -3726672.799066731 5997833.973936663 -2442443.2627917305 71305.01153879265 -3226282.434435769 -714430.1555576875 -705024.0359933819 -721878.5652301204 -162155.16753648274 1887391.0591118904 337315.4986491258 -1858094.8280129756 146954.8952647821 1846967.1730660168 -365482.90322188014 -2767007.1681824992 1643612.4569026872 2214543.085265593 -6387926.158163986 -1217813.7963827532 -2764697.7948875413 -2717344.277727327 -473130.40113230003 158085.46754184618 1885180.6607722135 -2669515.123854813 -1025205.3636101536
3519265.09771722 -48339.26132543635 -1583460.510031827 1291756.4063063024 1036429.2961957855 -909969.5433038281 -683467.289768841 -1602661.8419079948 5484425.174314081 3993259.052588289 927460.1053288311 -5544866.359141909 2020746.9379545355 -149923.60532543986 2323451.6600689134 635298.6195649966 -664406.5424174587 -1892704.6494719242 2799399.2015091865 -5867775.324918167 -1250816.0460906774 28651886.88271223 4983213.836397314 1525384.4587214258 -1362329.0907985729 -2077239.6478590763 1741846.9190087046 2235333.763125506 3635607.6426791702 801007.3077365002 -2689917.2153410553 -1752228.4253348392 -101996.88108687535 1317478.8717877346 -4015316.0529935765 -3567766.1517909407 -4122174.256268007 3429047.325905969 1114207.7554194832 -254995.5399890552 -1328368.435170738 -5448112.583035323 -1881624.4535651333 2011428.9247955026 2968642.114989591 1568521.0680383537 -2121685.5977496766 861667.8241593953 1015915.4247202047 -1049400.0323998586 1522647.7707830789 2245434.5085568433 -5190390.554959873 3005610.2939271173 -1704903.8849129989 799682.705479265 -389586.1214287656 2079456.5934587119 629151.3138979977 -494834.10413911904 587283.0903789799 -46028.519531592414 1248484.5126889746 1317132.940143806 1748686.6220398836 -2575086.256248674 1922448.1711672454 1370987.7638686765 276751.84830563073 1377206.0935085774 -1494119.7041103423 -1812022.3044340652 509879.0888855598 817798.6273782883 2388004.520640378 -4236769.215528602 2092886.481209233 124427.48299294022 -1400345.8054869543 -1853075.9213219073 -3832988.627449811 4288322.680480178 -2836095.8766747382 875981.9946780639 -523419.8552107939 1096082.4213990099 -1215973.253027381 -545558.685643884 -3860153.967933289 -894461.8154215723 719620.7288187207 1086102.9489165333 -577036.0208099057 612026.7999238679
