32689686.157856032 -4192339.7108562184 1756807.6253482897 4681433.717428432 -1781148.5058992605 -2166655.6007314026 -3404099.935926615 -2342671.4816692914 -756518.0304872245 -5224628.043777923 -3158410.6468605325 546573.9327055857 61422.98645447942 4791961.038377943 1275772.1452241878 532895.0145508305 -363618.1892925335 7917127.693776886 2091719.348544471 -2561034.1187924254 986306.3170587305 -5903661.903312179 -519743.22899505147
-4192339.7108562184 33991537.79444439 1931932.3910687494 3713064.8112332555 -2290687.8872879143 -6180076.830925606 -5983271.233681619 -2471172.3311047307 8141893.511340011 389636.36831779213 -1068252.7378993256 366068.70241662493 -5116438.127924605 5027827.209902901 -1224733.1310613868 3646618.547015605 1782187.4010162873 494126.4758373516 603469.1069941137 5970076.099050696 -1950240.392493882 1530622.6176648645 1668010.401386668
1756807.6253482897 1931932.3910687494 29078383.174254805 -3596557.3629900427 -1744229.6230203016 -279372.15914233145 182878.52993840844 -9189345.180397702 -3341248.7556523997 183511.17959695973 -4325537.194155161 5937783.069616009 5623123.618701857 537187.8291999614 1910924.050725788 6038121.81183064 -1487071.408417412 -1764330.7745192337 2940727.942866996 -1721808.8821080104 1388881.155489382 -1366452.010745696 -301059.5024992106
4681433.717428432 3713064.8112332555 -3596557.3629900427 31255476.032946486 -1757808.8904411762 -672432.4437058073 -3396911.098413341 8343161.6163653955 5620132.009742959 -2377035.5752214273 618292.8100020518 -1373648.9413903377 -240221.03679612523 4200260.394502052 4289393.5049024625 -5309385.674658651 -2793907.021172835 -285883.9096134842 -8471782.115803437 4535403.065893854 2740555.3403084856 -2732992.4967441275 -1774031.3762705915
-1781148.5058992605 -2290687.8872879143 -1744229.6230203016 -1757808.8904411762 29350151.056946337 5881041.917637981 717434.0634709914 -2326510.742187927 581431.2037365846 1186285.3771003494 -6631229.717750308 -402877.35935541894 -3311435.5560196755 2190346.0889568776 6305175.9217274515 1227817.06207921 -1478997.6269740565 -5103525.15244966 332036.0442149484 -5567698.704960602 45604.044889348945 -5442406.022392788 -663679.2354952657
-2166655.6007314026 -6180076.830925606 -279372.15914233145 -672432.4437058073 5881041.917637981 30847926.112954218 3328083.62448333 -7785134.343662006 1445224.5871518704 73308.4738848296 1721172.7512759147 -1029136.2337507289 415691.42698391294 -2729061.3683559676 123971.85222079768 -3913646.7508440427 5935277.004864063 -1356293.316837555 -5197053.194263652 -911590.7424098171 -1367368.8869404157 -4198735.332796125 -4976607.485079122
-3404099.935926615 -5983271.233681619 182878.52993840844 -3396911.098413341 717434.0634709914 3328083.62448333 32991320.545902092 1557006.2906671597 -7796085.560681991 2960921.755246967 4987252.164469035 2679856.047733855 1218772.1192820359 -5031265.080704146 -3390788.6670864155 -1779034.7659415097 1919779.445400182 -1260322.856103751 -4332211.939869885 -3516508.2791064135 3062684.6330345185 2021853.9293723907 239564.58246488284
-2342671.4816692914 -2471172.3311047307 -9189345.180397702 8343161.6163653955 -2326510.742187927 -7785134.343662006 1557006.2906671597 37331091.94911126 1828331.0321216963 1361594.436667021 3002125.922567177 -4392559.746900874 -2490578.1363688675 -2976398.321273261 4224537.16994629 -7957601.2606914565 -806531.0626705602 1634861.2670405053 -919249.2242971049 -4301652.285891538 2436623.940024282 -1622490.812686476 -1598285.2169584427
-756518.0304872245 8141893.511340011 -3341248.7556523997 5620132.009742959 581431.2037365846 1445224.5871518704 -7796085.560681991 1828331.0321216963 35475450.47923399 -3576926.391087214 -4272730.255217628 2613847.94459652 3459585.5583300353 2160129.041437973 5488086.077124973 -2734265.5733222403 1778564.1117707854 1842575.2365345552 2667664.816958945 6020402.240367995 -5089413.969791989 -3805152.3987097777 -291944.11952615756
-5224628.043777923 389636.36831779213 183511.17959695973 -2377035.5752214273 1186285.3771003494 73308.4738848296 2960921.755246967 1361594.436667021 -3576926.391087214 30583292.50814779 2017670.7330813995 -941067.9993467318 -1597228.6639577902 -2889136.78407982 -1892881.5845127103 271367.30312556657 2499196.045048584 -2825261.149187868 40592.08786695747 2658054.2571263416 -266045.17948648153 -53721.97022632756 -807878.5547343221
-3158410.6468605325 -1068252.7378993256 -4325537.194155161 618292.8100020518 -6631229.717750308 1721172.7512759147 4987252.164469035 3002125.922567177 -4272730.255217628 2017670.7330813995 34956818.47073493 -2289221.808243242 -1703522.476043523 525030.604540498 -5544064.363918447 -5050576.347988182 3184776.2069508894 211453.19538446513 -2949185.0459726155 -3740231.0410407507 1084670.0742036307 -1243741.5409762098 -2898421.083144387
546573.9327055857 366068.70241662493 5937783.069616009 -1373648.9413903377 -402877.35935541894 -1029136.2337507289 2679856.047733855 -4392559.746900874 2613847.94459652 -941067.9993467318 -2289221.808243242 29633980.671294387 1184955.3460553228 4348986.778481129 423609.070174728 -410406.09085830604 -4468738.250304477 2685587.250094179 1497068.9257780183 914514.666728442 -201530.2206121944 -4483234.063875107 -1175881.8383726294
61422.98645447942 -5116438.127924605 5623123.618701857 -240221.03679612523 -3311435.5560196755 415691.42698391294 1218772.1192820359 -2490578.1363688675 3459585.5583300353 -1597228.6639577902 -1703522.476043523 1184955.3460553228 31122635.274606694 -4637177.596146899 2991417.079016171 4142137.8404166666 -4782163.331915502 2699012.447436509 -1576723.083203371 -1036432.7048778888 -496213.41392940725 -19338.564655034537 767456.3545475715
4791961.038377943 5027827.209902901 537187.8291999614 4200260.394502052 2190346.0889568776 -2729061.3683559676 -5031265.080704146 -2976398.321273261 2160129.041437973 -2889136.78407982 525030.604540498 4348986.778481129 -4637177.596146899 35382505.4456601 2104894.108049631 -4027201.661273228 30009.068209376885 -1523750.8804176778 -2425341.6239705705 1934609.8643766853 627787.7318411878 -5917387.178526454 -2847264.004115433
1275772.1452241878 -1224733.1310613868 1910924.050725788 4289393.5049024625 6305175.9217274515 123971.85222079768 -3390788.6670864155 4224537.16994629 5488086.077124973 -1892881.5845127103 -5544064.363918447 423609.070174728 2991417.079016171 2104894.108049631 29651056.636980563 -3699838.426998034 -48747.05307039021 -4597744.879146417 -444756.0939333485 -1015639.5263743432 45668.50085727684 -3710729.941074228 2317643.3637941666
532895.0145508305 3646618.547015605 6038121.81183064 -5309385.674658651 1227817.06207921 -3913646.7508440427 -1779034.7659415097 -7957601.2606914565 -2734265.5733222403 271367.30312556657 -5050576.347988182 -410406.09085830604 4142137.8404166666 -4027201.661273228 -3699838.426998034 35302532.471841805 -4587359.349606206 -1488857.5976494334 -133691.8253325789 929005.9521223223 -813742.4849853277 4727962.800594098 -3598785.721041396
-363618.1892925335 1782187.4010162873 -1487071.408417412 -2793907.021172835 -1478997.6269740565 5935277.004864063 1919779.445400182 -806531.0626705602 1778564.1117707854 2499196.045048584 3184776.2069508894 -4468738.250304477 -4782163.331915502 30009.068209376885 -48747.05307039021 -4587359.349606206 31229878.43079445 3198119.6952156755 867136.3077443779 -737958.7969484482 -9828603.986902187 -2093444.389989299 4565378.171139962
7917127.693776886 494126.4758373516 -1764330.7745192337 -285883.9096134842 -5103525.15244966 -1356293.316837555 -1260322.856103751 1634861.2670405053 1842575.2365345552 -2825261.149187868 211453.19538446513 2685587.250094179 2699012.447436509 -1523750.8804176778 -4597744.879146417 -1488857.5976494334 3198119.6952156755 32367552.080140725 1070382.5122628368 -4219876.193321889 -3071265.535976857 -221730.58459405322 -701548.809396652
2091719.348544471 603469.1069941137 2940727.942866996 -8471782.115803437 332036.0442149484 -5197053.194263652 -4332211.939869885 -919249.2242971049 2667664.816958945 40592.08786695747 -2949185.0459726155 1497068.9257780183 -1576723.083203371 -2425341.6239705705 -444756.0939333485 -133691.8253325789 867136.3077443779 1070382.5122628368 27307688.08302168 -2712852.4611673863 -837059.2375892204 1874557.3726881826 2254502.2132526976
-2561034.1187924254 5970076.099050696 -1721808.8821080104 4535403.065893854 -5567698.704960602 -911590.7424098171 -3516508.2791064135 -4301652.285891538 6020402.240367995 2658054.2571263416 -3740231.0410407507 914514.666728442 -1036432.7048778888 1934609.8643766853 -1015639.5263743432 929005.9521223223 -737958.7969484482 -4219876.193321889 -2712852.4611673863 34058990.18203822 5170267.091043352 519986.5241537462 -3203188.380960899
986306.3170587305 -1950240.392493882 1388881.155489382 2740555.3403084856 45604.044889348945 -1367368.8869404157 3062684.6330345185 2436623.940024282 -5089413.969791989 -266045.17948648153 1084670.0742036307 -201530.2206121944 -496213.41392940725 627787.7318411878 45668.50085727684 -813742.4849853277 -9828603.986902187 -3071265.535976857 -837059.2375892204 5170267.091043352 37944436.26178042 -710316.9610778494 1400628.5561430575
-5903661.903312179 1530622.6176648645 -1366452.010745696 -2732992.4967441275 -5442406.022392788 -4198735.332796125 2021853.9293723907 -1622490.812686476 -3805152.3987097777 -53721.97022632756 -1243741.5409762098 -4483234.063875107 -19338.564655034537 -5917387.178526454 -3710729.941074228 4727962.800594098 -2093444.389989299 -221730.58459405322 1874557.3726881826 519986.5241537462 -710316.9610778494 29053647.845752303 4945552.447754732
-519743.22899505147 1668010.401386668 -301059.5024992106 -1774031.3762705915 -663679.2354952657 -4976607.485079122 239564.58246488284 -1598285.2169584427 -291944.11952615756 -807878.5547343221 -2898421.083144387 -1175881.8383726294 767456.3545475715 -2847264.004115433 2317643.3637941666 -3598785.721041396 4565378.171139962 -701548.809396652 2254502.2132526976 -3203188.380960899 1400628.5561430575 4945552.447754732 32206276.72759679
