32460491.739717904 -421446.4999786549 3274674.8864341537 3839893.34524975 1812828.373893013 124142.88944793241
-421446.4999786549 32734561.2080016 2051503.2096383513 130564.4897733325 -732162.845736905 1223998.0586630893
3274674.8864341537 2051503.2096383513 35164346.710936025 2686277.6209347155 -2020982.858726829 1960131.9755732983
3839893.34524975 130564.4897733325 2686277.6209347155 35230996.529524684 175586.5047914158 -318068.406799652
1812828.373893013 -732162.845736905 -2020982.858726829 175586.5047914158 36062769.789527416 -1565822.3412825821
124142.88944793241 1223998.0586630893 1960131.9755732983 -318068.406799652 -1565822.3412825821 33143890.363613393
