33351837.821818218 559265.6296197568 -3113224.7417248427 2517737.376652606 -2941830.566268148 -1543050.3938738822 -1800369.429035426 -3436833.1263514184 450199.4405106549 3652774.2960117054 2223107.9521775357 -255104.9140078184 2998575.1566220187 1318002.7732972924 599455.6750960754 -2355364.265045571 3663520.8645678638 -1191139.8583240628 941121.3330651448 -2423028.0483435565 941450.819791803 1413405.075940889 -80593.95428036687 -2292391.688650238 -3171638.422627317 -2480970.757617532 -1047682.2133275763 -1579441.98180922 -1107763.5952474424 2674106.980954135 1708231.953691197 -2464123.1218347787 -1804294.0057087666 663576.1654617289 869315.3984678295 -2037591.3657144227 -1568705.168684578 -3383627.368788467 1197744.4254274152 -2258869.068543583 -1823371.5378046108 398430.36195933516 1034397.9018648247 -1137672.559379701 -4561472.156708461 -693506.7737264341 -1288780.9825109306 178868.06130250194 3410175.910953196 734952.1288601307 -1957264.7936630896 -1567483.0654512472 -743781.3790107429 1146851.050849048 44397.96714403993 222086.29656938085 -1820009.8046253822 -597409.4290455385 -1642914.6688845728 -1656076.9141602812 -245436.43455491544 -1795545.5488143766 786097.4003110726 982762.367701367 912441.2191659516 -2230063.73201108 837084.665647304 1766428.6011815062 -2725204.448886835 2823297.9134469507 -1885.525981380721 -1603414.9451978304 -1285811.9761480605 -2176396.2769622128 1023948.347163585 -2483751.9527298138 1168762.7220410695 1415401.2710405618
559265.6296197568 29674158.155933972 1465311.6423010367 395989.5284090146 -434501.4415663905 1658066.2097285246 -173015.46034509045 2699317.3665018883 4312910.871059854 388872.5312042741 1701168.6040732095 2570919.740990247 -2487283.475988565 -2552745.234102104 -1256264.2610000502 -3790839.704506909 476307.5126630575 -1836947.915957219 -2747241.9642941137 506379.96454227006 -235452.1153001805 681972.487380512 -3097408.2702906607 -2592881.0331389145 1405859.9495409555 1001212.0682664326 316276.4752645019 -440631.51948399685 410338.1793140757 843469.7519202697 -1392405.5986744633 1010211.8351817316 605713.497035453 -1743090.289588755 -3596846.0416490263 668705.1021170283 -4515595.227248521 -1183399.2832264912 -3421923.6563411206 -56219.42375323671 -1440450.8172170953 -475186.9637851592 -669985.4593226968 -3699818.054854983 412042.7175161164 3391852.055346542 -3708268.013326325 -294303.67385268566 -1184088.9119975476 2612508.0065769814 4376025.897218872 1064457.976106739 -113541.73332669765 4179495.9528510543 -23261.05184486893 1021498.174381829 1531618.3854534235 239712.0939167062 -5877612.697925494 -1954743.9820299195 -3592330.834412767 916495.6841692277 -970012.0446362653 2660708.3534460375 -572357.1852461343 -2635147.0896898815 18550.426064579577 -848806.0821500086 -792706.8827654517 3067314.276997301 2959426.2392309066 1173202.2183503157 -128946.01426705286 2347857.7125996263 -966928.5053875092 1679209.9122002127 -1376524.2530557455 3270975.1762441653
-3113224.7417248427 1465311.6423010367 33801993.56182837 1740190.113960984 2326433.202077429 -2093354.6013547003 1195498.5841266732 -1936772.3841613468 328257.90875986894 -1720201.7300976971 317739.8058135827 4237363.552919578 -405406.8420458555 -1314285.469956307 645045.2053627769 -693419.7430043773 965722.629878689 151486.36562174655 1227598.346448035 -3255628.5279791574 777385.8684769899 -1792239.6370402647 -1475610.6667455044 1655133.522603768 977573.7464321178 4941237.807962959 1179459.8147528246 -1413975.9961496363 -396448.85005005356 246222.08097421893 -623857.1606029483 1011778.9553726141 1023253.4581069899 3224804.317808284 536285.0236159703 -387512.688541074 -475743.839527537 -1266429.7168553954 2936177.649903601 1764969.3008738926 1624214.8607026893 -300972.41383518017 4988344.077062684 -1429970.3314672166 -2121453.7735049305 -1105598.571351949 -1576964.533262184 -1331363.5828190038 1783122.3083770487 -826566.3905059625 -2103513.3211452686 -586900.4235633266 455313.8264669794 -1770543.7697376441 -3460395.5690906257 884998.3392971547 -7291994.186346309 675766.7880132187 3302556.8812524793 303950.46269229194 1505127.1694120124 373589.8849030663 -1606432.724174794 -244308.01394149192 -927064.712507592 520999.4029167289 -1865126.2086589048 4406269.385475297 995573.910774409 1447156.747974497 1646154.4225572234 1757076.1609667703 -185779.28160097767 2267367.0285196486 -1156141.0923806631 -1785584.5326025416 -1306903.1993627774 67873.91633039601
2517737.376652606 395989.5284090146 1740190.113960984 31629269.68723003 -2576688.063097774 -1552116.9514871286 -3668843.8977434505 2229718.131013059 1648349.5783233778 2255922.405335446 -1049485.0717338976 -1389284.7267558721 -2111149.2215579213 -1550583.9642639423 795239.1019463815 -1378933.8075585193 3499425.81570502 1664223.727782697 3211363.9357906193 324578.13269309053 -541379.0167830212 460422.27461995976 4017138.9773593238 -532559.5639563209 -2074905.4944101868 -299907.52627070143 -2144761.7482719608 243486.99369434547 176466.67519894917 455948.84438200836 1603964.603304694 163348.15757293723 -733295.4858995617 139599.63928246984 -1830593.985162114 2055710.4541657073 -3198053.522405782 3072383.896850229 -390772.3607836165 -2931167.2521205554 1801403.4703221032 1661371.4327705305 -385080.30362020584 -524949.5972947067 849337.8027264836 -1274168.3563189707 -1475052.4815126136 1629472.5480830914 -1233862.5199473444 -1184659.6936843938 1059199.2023078918 -187596.3955251505 -1096775.286638709 2372840.233015198 -2843343.7695503356 1681794.3893241645 -2309616.930013141 -1281811.5832164437 -1779502.5041232554 -2056080.8078857614 3450279.5460376823 1782079.8149357105 -2757786.6620394234 -1538466.964027288 1441831.7384034905 2414158.9705117866 3150793.279701587 -454573.0354817666 376631.4812915748 1524019.3360952598 -2913480.761736502 1025720.6107060531 -1734089.729589514 1076698.4215715814 -707456.1800487163 1121119.3759004718 3341040.7166936677 595590.9755481463
-2941830.566268148 -434501.4415663905 2326433.202077429 -2576688.063097774 29821143.981904052 1478103.6393918588 324853.41520574567 576029.2750465386 966109.6272799321 -3801674.47364802 -3374384.2720358167 2765896.1908402834 -3662340.0362790474 -419422.9152808041 1450006.761827936 -177163.07982702853 -1956347.5113524045 3901637.6114547136 910321.1563632754 79288.50651634243 1237624.719059716 1995697.6348996398 -1826643.1272124273 2658749.918038564 -788716.1032850842 1852635.621741444 1669979.4749024895 -240407.45926549804 -423704.8568998727 77062.16855434318 1875890.092761831 2266484.8708571047 -3378714.207016874 290100.97275951906 -961694.114595783 443672.3495671723 1937665.507186004 1026631.7063702284 2263537.903392993 -2429194.4992285045 -579525.4672358462 930058.7901025118 2572950.744195922 -2931177.1453363793 -1574272.9805040879 1753975.1507803295 2331860.0539430585 -269573.12221918703 4336571.643790222 -1797590.574341482 -259.086304282023 -509159.35276364424 1380802.0552593134 1005821.1694302743 1656516.6500524587 -1919227.8462792223 -732587.3481997065 923775.2105125615 -153432.68583669333 2920573.968517349 -1124464.481342639 -1564347.8334934285 -3354493.900885155 1028210.295226791 -2222368.778463735 1525589.2582561497 3475287.322598315 306454.3431478196 -1105589.6614549046 517392.86878559337 1030997.1188761059 -406431.4935285779 -2174785.809435445 -509398.32328565355 -2782598.7448556083 2822730.1576031004 -2304370.2164323856 449877.64661681576
-1543050.3938738822 1658066.2097285246 -2093354.6013547003 -1552116.9514871286 1478103.6393918588 31795379.468344957 -1953745.351482981 322738.1685528231 113291.71403154953 -918638.6104181384 2160514.7170973625 1720045.466946499 -609554.8841955848 -1957218.426122147 -431719.7456405652 880926.5901749698 1812400.8877920175 -1814590.3742164876 -181684.18668743302 108938.89846297297 572002.9382908061 -2041532.1889886362 1027406.2488466474 -1344648.2015136722 -968410.2798535454 -841707.5690222505 -1034594.4090864816 1238519.1098353735 -4288193.14947947 -1063637.8360655312 -2295987.6715596 791563.9324642019 -19749.02970091485 -3909978.358254921 1981759.7791037175 -2557867.922223902 -1685673.999815615 2355763.727490618 2002252.8005490669 2161937.580182942 -311734.9536505175 -301552.55657092854 5963137.624229311 -3571663.6875243527 1355662.6028080378 -2379672.7342033833 -2246231.6405517347 -1437027.2753611177 -1465204.1367841186 -1683758.1478840567 3067654.3122999156 3207311.3735105325 -2938457.3473223327 -2535560.2877483903 -821846.9983984577 -1223184.6438927667 4550009.320909957 -1342962.2198078965 899914.1531945386 2208941.387144807 -268292.9155582538 -571975.4448421237 -1490675.7890099406 557373.6460677547 4406778.253389443 908199.8107496653 2234286.310883697 -651551.9089905942 249847.97533134886 -938054.9764056603 -1018485.8560810317 -1066600.694867386 -1771542.1616770406 1526655.182422049 -1933416.577532963 2890775.4311938435 1312541.604947119 -3202639.8891659183
-1800369.429035426 -173015.46034509045 1195498.5841266732 -3668843.8977434505 324853.41520574567 -1953745.351482981 31118637.001937844 1014763.669319719 676390.83195254 3002954.528810882 -1545152.8679537033 759573.7850984354 357617.3249763643 -3685039.626723046 -147017.07415415792 308918.7922873401 473467.1777743141 2168657.9531861558 -9474.112075467205 -2288086.302891396 2077544.1342884589 1511550.0995982196 -2641924.026659938 -5276645.42977233 5520469.177135676 -3717932.594828303 -3849703.7267917786 1643296.1059269875 3789683.797687144 3380537.3797136443 -1214839.442722811 3177725.5816733935 -4425600.218739791 2599543.7879755874 -2688280.3328806823 -1380919.35864069 430033.38046111015 558964.4252432118 -327359.24738644244 468747.7787798629 -271366.08115092764 -2725076.0999813927 -3924245.039830265 1973021.2904292094 -308366.9890209048 -673365.4643522515 -2110150.5065505574 -2196745.18213654 1084932.1092579267 -1507254.7016626243 2010600.4103734943 419739.5405288461 -942247.1567783819 -1213273.3862901349 -6237.763075590074 -349443.97663336043 -936803.2678326229 269941.80816690775 -3775390.996445562 795942.3282023321 -2329840.1793570924 -1050875.215274878 1074736.0627917969 4785076.293458401 -639799.2893183279 -1820078.871177855 -998990.3972438516 -176074.74997648643 1796690.2904580894 2663396.310209155 1396989.579438346 -31562.807012509857 3059324.085339918 -371885.1710773845 -2469444.6013653562 -2638491.1043559876 711006.9552984341 1148110.5544836374
-3436833.1263514184 2699317.3665018883 -1936772.3841613468 2229718.131013059 576029.2750465386 322738.1685528231 1014763.669319719 28561938.890336335 3877911.1657441934 -1195368.9226327543 303492.8489174982 -2161350.05030034 -1655425.0673722709 -57371.121084482365 2734266.3169301613 -21547.824318290033 -1847993.9671950883 1470185.2622503012 -180728.696540505 771865.3768987933 -2884158.003110311 3337201.8495376334 732046.620283298 -411731.1983874839 -263724.221491158 -2758249.4948983984 -4121699.7582327076 -147713.73151142997 296773.14453845075 1012230.6332603495 -1281427.6491102513 2062902.460975853 1971509.465880142 -2148967.017299564 -733321.2986001878 2646611.583193333 2393485.087856178 2220129.5348885544 533646.152898596 541902.9217278457 252124.75379634844 473662.04833259556 631206.5194175547 -2584286.8499757797 307452.7423338691 1102278.5285692508 -2210449.3907264494 3883165.527731295 2355393.4617115133 -125711.23043936887 -989122.9696824183 3466059.9756079125 3246124.729204887 3143378.2767869756 -4671145.00653912 -1528622.5574994711 2379211.0248348597 -288278.94335259625 -2464526.676158558 1640862.0168228997 3274207.4780641254 -297478.47990271857 -525800.7347305223 -757844.0501988573 -1174192.005737822 2149789.339884869 -1623530.1330968882 -3629493.986788093 651734.2827559502 -1157852.0149079894 -1660.262063392815 -679652.2696680846 1119542.4352962007 5191574.9839737415 1165444.7703577 -492494.17505263275 777527.0146133596 -1233440.2907683204
450199.4405106549 4312910.871059854 328257.90875986894 1648349.5783233778 966109.6272799321 113291.71403154953 676390.83195254 3877911.1657441934 34196169.66150148 4000166.7623924664 -822568.8772773598 3296569.768330049 -3593359.9109912165 -3396242.6829508604 4663436.425571231 -1992522.234018432 4279831.512303799 876552.2501370588 266495.2310082145 -1855336.2838376428 -666355.833489017 -1362292.5329294377 -3151772.9388075233 477479.7041713441 755321.6714346019 -45124.81670464454 -942341.2106066865 914653.7464837586 -225426.41732788322 2832791.6520509683 1685108.8031311566 -566092.0502680669 1289432.1810855728 -6831834.459672396 714722.6843685445 -2482625.1597093414 -3651293.1898819045 202038.55607048018 2906101.7683858452 3315983.3526013265 -3462850.7034454453 -2533860.0138405 -2526984.4156836444 -4480531.145888008 -888945.1517633279 1918539.246171357 1668711.907808112 1304952.2879605063 920746.9944446188 -844420.1442595576 -3182507.741722077 1397032.86833879 958816.332850898 4848048.002645727 435595.06992607214 1999060.1738490195 3195629.348356377 -1365452.1273094832 -2006495.4227238693 -2541602.0670838403 -2546973.4538723887 1092212.9032959808 -2553344.844759333 3156363.5779148065 -3140689.379119968 -4516391.4922465505 1149375.832505369 -7001347.293668328 -730347.3919727807 -1937279.6078270085 -270242.1971278672 63218.22739158378 1314555.7987432973 2229701.9694471527 -2339772.426046223 2528728.305006472 210535.98181884087 44269.81669379679
3652774.2960117054 388872.5312042741 -1720201.7300976971 2255922.405335446 -3801674.47364802 -918638.6104181384 3002954.528810882 -1195368.9226327543 4000166.7623924664 31966821.49315578 -215096.91745932764 -1068695.1479383558 -1420611.8221680664 -5449089.089148084 1513994.523956217 2874067.542561156 1712248.863915385 -62617.28696144076 5570453.947248918 -3131494.5296847927 1266013.0005429836 315022.86622230837 -1490243.4533851184 -2482956.2881082916 142042.4838446768 -3944248.5907904766 -368735.53782619257 1244831.7501499043 -898249.6754647471 2530445.3732840014 -360423.2454125386 -1267254.0530500861 -1090157.1276232242 1707888.5594708286 1637.5546280999897 182407.13970376542 538097.4725461749 -1889116.467146455 -1993122.4943008316 -2614785.6853100564 1555635.5802253075 -4404420.249460241 -4007542.189536965 1478121.6157746655 3137184.464974542 -3611313.8735054354 -2405430.5953879757 -864976.8096902475 -1164254.211446364 -3898013.377797762 -2456876.997982126 -3953873.313696487 -102211.8557741811 468545.51562890364 3135671.1278600846 -3190932.701570814 -795093.4319405218 -4395170.871070435 -741712.4853560146 -217091.07180994854 -6718235.069729808 -714079.6676814933 1092624.7633809906 -2480640.148749216 2487808.8790290984 -398284.694439789 134393.4354674113 74292.25571300817 -887921.2827495332 1644591.2385839194 -1266937.5062300486 1719776.2527996458 -1699804.7050261402 -2134812.0921858447 63580.27063402444 -2757256.772627262 1020687.1487964393 2965313.4888976724
2223107.9521775357 1701168.6040732095 317739.8058135827 -1049485.0717338976 -3374384.2720358167 2160514.7170973625 -1545152.8679537033 303492.8489174982 -822568.8772773598 -215096.91745932764 33535384.45458169 132648.8138907856 1285845.3065002502 -966250.5665204786 -430624.19659868535 -191537.5275786613 -2072667.2812194647 -3397227.2640572195 -509640.2968344424 998388.7465291194 -2118727.7611919846 -889577.8155881234 3520592.278364866 5007130.318047922 465159.0431022336 -2168447.966866094 66353.95840327023 -2497545.5597554436 3613653.359532593 869663.4952149047 -243466.19044087295 -1891128.9205190246 1588936.286671239 1046887.3714846333 135209.7566803618 -652528.5186847963 547466.1313701204 -594221.2937351619 -294119.7271250981 -256306.9224992973 -1246665.8972153277 -1092192.8090345222 831972.4179764037 3582177.724138549 -1201383.3552339533 398312.35260113666 -2741372.0884023113 4190835.4342336035 -1121205.3491110066 2612855.7171820295 -3159919.9035781147 3082649.653022766 116598.38335548049 932613.1685780622 2084296.3714060967 -536785.0506714713 1907364.2415359293 747501.5462044718 -1970352.4692046894 -469964.088857525 3420163.2331241565 1037336.5018274458 1639300.146217525 -319574.40850437724 -975567.6132386037 2313165.903689236 1665061.6984865093 -4933478.389764711 151769.0815956326 1452612.056283036 -2392598.2665066677 3600414.4349276973 366710.84679339785 -159318.86664669486 1627291.9839506932 -147653.02864521643 1217021.8248264869 607550.2153412332
-255104.9140078184 2570919.740990247 4237363.552919578 -1389284.7267558721 2765896.1908402834 1720045.466946499 759573.7850984354 -2161350.05030034 3296569.768330049 -1068695.1479383558 132648.8138907856 34219523.220089324 21037.453263616906 -864969.1152361853 -3512589.630408795 -2494177.9275680464 867943.1284481067 2652229.7579677845 -233991.188681839 -2742024.282271264 991809.987035691 -5017350.190401481 -3229352.1523240404 -1468483.8985013715 -172621.29107099184 -1113799.5185992029 573004.4297368263 -78591.21602001443 -1149804.5833635523 -3344688.7144852476 -4654523.337766968 -922798.4757408581 -2160416.1561317435 424306.4533729002 -1885566.0717589364 2324239.3281815327 -642098.8853469527 -3171881.5821596417 707731.1308251756 1514863.7782385743 1236238.9037731036 -4029347.531228711 -222259.55826608668 -375469.37884987076 -2671705.954911214 205671.85207880943 -4326307.841696259 -2261301.82701363 2208613.6265605846 -751276.390125232 -1963048.4589725211 498710.35135505133 -917021.0047444118 3193589.889209722 556372.7186360648 639727.2927852055 546383.3942329367 -89483.35623914463 -5563129.539276401 -535243.9146726256 1050849.7438664741 1023069.1976114379 2943099.1952493335 1859905.6644202296 446221.2864035143 -3864406.320741439 546905.3739249792 1656361.608712612 -3777117.9346863194 80688.57455055203 -2104268.254538439 125000.02931143339 689005.9056295158 -924514.3745918091 -2528623.7923203814 909775.7251984846 -664346.4085779994 -1417712.8996942327
2998575.1566220187 -2487283.475988565 -405406.8420458555 -2111149.2215579213 -3662340.0362790474 -609554.8841955848 357617.3249763643 -1655425.0673722709 -3593359.9109912165 -1420611.8221680664 1285845.3065002502 21037.453263616906 34749615.81691405 3054624.669813743 -2845968.5892412006 -3679227.474178537 19774.4045185494 3045028.2458526874 2147706.7902704254 1509033.6125128628 -3213960.873997345 822005.7600417011 1419513.1102809133 -207216.551732002 -106694.2427804643 -2184761.0253326097 60145.380647436265 -805816.4805383537 -1885207.852771267 -2345259.4354871362 64165.626522867395 1036856.8293914496 -1956483.8272856986 990839.1250444282 5028990.346688957 2708453.181103419 4297147.229462751 2218479.456666833 -499164.0631499655 4058592.929194158 -1015403.848372699 -1315846.9547980123 1908435.6171591461 -624199.4933710946 2041190.3789559118 1286512.1746168802 -615796.1443236275 646850.6074589845 -542904.1905467382 2418093.1801261683 2499305.750632929 5910037.250059636 2667738.3422330646 5174098.695344601 -1757011.2840403598 -526566.1532134342 -882779.9443194538 2548206.743695059 1452364.6882153149 -2787899.07381791 -1735496.2333344289 747036.9508523392 -1167950.563699391 -1014463.1070601905 3014316.6722510867 -1698609.1766299019 2355462.2738335747 61066.8322013371 382480.03585863154 491095.09993412404 -1380207.3317377132 1994342.15947047 -1694826.338898413 1778624.4474684703 338255.81432066864 -4790872.976740946 274508.2058798408 376330.8986450762
1318002.7732972924 -2552745.234102104 -1314285.469956307 -1550583.9642639423 -419422.9152808041 -1957218.426122147 -3685039.626723046 -57371.121084482365 -3396242.6829508604 -5449089.089148084 -966250.5665204786 -864969.1152361853 3054624.669813743 37767031.85761071 3152553.3016291857 -1199231.9190064783 134935.2389852857 2711800.1223799796 -1008517.3096425309 -2795662.320731751 -1895520.34544084 941184.3498374871 -4424209.007257534 -988547.1971206408 344363.797128095 775659.8111946135 3115948.523908174 4206648.553024807 -2943904.4038860626 -3631656.009607175 4502.325554217223 -2027761.1862037638 276742.25621607405 -2048792.7256640582 2568640.5924872053 -1265204.3929213742 -982122.2104737273 3498291.2473815465 -2846767.335346692 -2928026.5956806717 918659.1997641654 1189811.15091713 343513.6130160734 -1418781.946680404 -887169.7518008052 -3415973.535804975 5726043.812086356 -2364280.6681192294 1070658.7614724152 -1182891.7924958132 136096.4419381788 -607070.5634053124 684495.3997749035 225849.37183134514 -2727839.2654652307 -1796454.3912062692 1758469.8527616519 -586139.9779571678 2725103.331304487 -2018401.6842076504 -1351470.8771608917 2697523.309947109 1730342.9083724367 -821731.3128005848 -185401.20665731307 2161262.134676317 -1184721.0353066113 -1768747.6767027911 4274681.22684509 1066346.411620902 1167874.3142720556 -301097.8842811317 -2551773.705700377 474587.237123822 3300456.5729056527 1775005.2610447858 -455162.6879211385 -94938.76121693366
599455.6750960754 -1256264.2610000502 645045.2053627769 795239.1019463815 1450006.761827936 -431719.7456405652 -147017.07415415792 2734266.3169301613 4663436.425571231 1513994.523956217 -430624.19659868535 -3512589.630408795 -2845968.5892412006 3152553.3016291857 32358366.857601777 -588478.2169557391 1471450.840544895 127892.15916873311 2471327.366437332 -885931.2983312054 456120.5096733716 -443233.78735942417 2255625.2670365707 2616497.732655666 -1247112.318180144 2263833.3274136744 -5415949.16540818 1445290.3041424672 -4252182.444701104 3624430.2223485033 1843115.2584571869 213757.44791623758 -1606737.0988421442 -1986437.5314727037 330912.00025654846 -1167219.9611560523 -3346361.5430278727 755370.124295771 1237956.7595907133 -2132471.6992602246 436083.65387705015 159953.2762943023 1559287.4165695594 -578520.6114558871 -2965626.9405870703 -2585243.181245899 5428831.319146374 3198665.322166018 1146369.4114050781 -67468.52525550581 -1276595.6203455417 1539391.2975106728 -689277.3941132813 1468363.0129633448 -273092.1635493653 -988872.7524252845 3693724.927207232 -3683889.186988975 913969.8116146126 4027686.9084793464 3186901.209602156 -3502850.129030681 1003976.7114577069 266124.6460871501 -2822115.3798440928 228224.30599727284 1923364.7145646175 -2873815.404551702 2420964.7867046655 -2200315.261738431 -1083239.0441366537 2373264.797867597 628141.1905580189 3649639.4202485825 1248066.703696554 3750395.787349741 244215.62399754958 520864.829454771
-2355364.265045571 -3790839.704506909 -693419.7430043773 -1378933.8075585193 -177163.07982702853 880926.5901749698 308918.7922873401 -21547.824318290033 -1992522.234018432 2874067.542561156 -191537.5275786613 -2494177.9275680464 -3679227.474178537 -1199231.9190064783 -588478.2169557391 31582296.84644007 545719.3215536978 962052.6300407884 295379.0435486253 1703357.3594971588 343153.7525956002 1533597.2877235517 -3776535.6139979344 625155.2649802642 1419785.532861574 -1986457.2689363272 2089185.1402119275 1156213.862919373 1054251.7183242848 -2765557.0774747296 -228608.6310512731 235403.80035869541 4137423.2710587145 2806585.777442529 -2608505.8138762503 1216166.8470036716 1149619.7290906229 1194252.3247798402 784784.8392810125 1777866.0298968721 666211.3385946192 -1384328.1141169239 -18680.812938719842 2102767.9605540913 2299209.687182971 -1075245.350070671 -709533.015898555 1205058.5643621746 -548673.0217509193 2168482.744659419 -1601281.9425359939 -2242894.5217281305 -3243174.727108218 -3077278.0004892345 3681784.0420901948 349995.5029395208 1620039.952116759 2553855.1317145415 1893867.7715562938 273192.60380435357 2154023.436033804 -1482512.735125196 447444.5792375659 122483.13127245451 744955.1622566223 1356220.1858231684 -3965120.252524912 -1867661.9639044844 656976.2166941527 3376580.2426433815 -4801134.130448982 4059691.899827549 -2400200.822318699 -2146971.982099065 2822752.2669572295 1581358.3474090763 -527913.785135907 -378030.16883231053
3663520.8645678638 476307.5126630575 965722.629878689 3499425.81570502 -1956347.5113524045 1812400.8877920175 473467.1777743141 -1847993.9671950883 4279831.512303799 1712248.863915385 -2072667.2812194647 867943.1284481067 19774.4045185494 134935.2389852857 1471450.840544895 545719.3215536978 34948009.15902276 125667.23742160197 -2258180.204373383 725985.8208443784 1340189.148406801 530492.7514293304 1184125.5527987073 -900097.2716840982 1744509.4908986795 1674840.001905837 -2459334.8366880654 954788.4615258182 -911016.9420122608 4552729.217227491 5430585.270297054 -1378882.620459848 -335234.0325262852 -387657.0799533826 2704509.0049993726 3169467.75977018 -3426777.970032638 1481600.8699106714 2509037.4721626146 -1733850.338652784 -167947.41446606597 2418640.04732766 395199.55229151866 -1143697.628735369 126524.09850781485 -202455.68353179822 -527154.9244407599 -2513052.007254361 1879271.9516036233 2932282.556990724 -751379.6964568748 3942564.407590253 -3966711.375711793 -876607.2565218732 2179027.8759328024 -2515608.584262549 -39793.98574028682 1784459.4097340505 1378290.6159217975 3849362.0335522764 388994.20253765804 -2659679.0468972274 -231322.4493549312 3601583.5408749096 2787529.078182455 -3594272.9337216266 1997585.7521250276 -1059336.2552061959 1529447.8360608157 3137866.434582616 3152793.774655074 -813054.6754172997 -2324499.008185478 333377.98710924963 1831984.6868199129 -2099444.4028734714 1400722.0973124462 2033146.3541782228
-1191139.8583240628 -1836947.915957219 151486.36562174655 1664223.727782697 3901637.6114547136 -1814590.3742164876 2168657.9531861558 1470185.2622503012 876552.2501370588 -62617.28696144076 -3397227.2640572195 2652229.7579677845 3045028.2458526874 2711800.1223799796 127892.15916873311 962052.6300407884 125667.23742160197 31532040.509326003 4506818.620914193 3384535.856361074 -43870.003588913874 -65671.66011829994 -399664.46653383976 488075.946656927 -2380334.8474363633 -953336.4836715277 2199477.041114352 392071.6756264678 -2302299.6257791743 305285.824163714 1042498.2712703164 1572387.498682633 -1915724.6981899913 -1492885.9641085707 -1360340.158658104 -1900221.1938574333 1295652.041314112 2481662.573870773 -2319331.5053995056 -3723321.669508632 1573163.1506231637 279425.9185865127 -2985533.62485709 -495142.9905864069 -2432634.012620481 -265990.70281176356 -2508679.9802007303 515069.3389600462 2561514.0255155507 -1797885.5300416832 3251550.8764102343 309400.08824370615 -234064.86258589858 1027052.5989909559 445567.9071230999 -2043016.9248573696 181556.11201451355 458454.0286451606 -3243813.2768122936 -4193586.8196107834 845689.5322378976 -3894156.94632914 47290.55873111828 1929474.8605763954 3066566.0068132575 -1739249.5386621496 2859490.577102295 67006.72907001592 -704680.4037689388 1250046.3039034868 -1166936.3585348516 -328488.98981974984 2044351.6443092322 664316.7049171766 -3770293.986504341 -1811439.906295751 -2109013.264205217 -3858118.775574892
941121.3330651448 -2747241.9642941137 1227598.346448035 3211363.9357906193 910321.1563632754 -181684.18668743302 -9474.112075467205 -180728.696540505 266495.2310082145 5570453.947248918 -509640.2968344424 -233991.188681839 2147706.7902704254 -1008517.3096425309 2471327.366437332 295379.0435486253 -2258180.204373383 4506818.620914193 31107729.19887009 357522.1495806641 -240729.8270142515 -2394652.3409524634 4215026.047721396 543251.0186185348 -1538871.703903813 3442772.079852678 2101309.481065657 -1418948.1199331717 -2197531.2993960646 232648.72518622273 -973709.8119176319 -917887.6320822431 -466992.0380923871 160080.80290181597 71228.62590392705 650309.272061993 3561758.28146486 -2278715.6043792153 2097828.457823031 -2333009.615694068 1760897.4963833236 -1654445.6632251535 257576.0106343728 -3748072.4773260094 -799056.0758771944 -69245.91570961701 -1456194.4074321692 705190.9105681323 -278017.84678996645 -1551206.8127058337 1296556.4277183013 -1136787.5748383836 -1798802.2422280817 -458503.4096666108 2976149.242978245 2719315.8538435893 1184651.2831979855 -5177736.434984536 2089703.898367503 -429622.7895334757 -3553935.549021828 -507510.08671048784 2660818.690731948 -1673331.5096134664 -1372772.7230517548 -290200.06071001117 605444.9328465557 -5337707.489525604 -1232905.1471596744 980843.341989863 3023572.244301572 5410470.967911446 581913.5034605198 -86094.86387907586 2937567.887436297 -1003691.81208218 -281737.38964392093 294835.674733971
-2423028.0483435565 506379.96454227006 -3255628.5279791574 324578.13269309053 79288.50651634243 108938.89846297297 -2288086.302891396 771865.3768987933 -1855336.2838376428 -3131494.5296847927 998388.7465291194 -2742024.282271264 1509033.6125128628 -2795662.320731751 -885931.2983312054 1703357.3594971588 725985.8208443784 3384535.856361074 357522.1495806641 32059472.176001005 370017.84803681757 -1887450.624124706 4329951.611084056 887529.0294807638 2856030.5650582407 -211187.76314129058 4007286.0791152674 1791317.422977255 2956218.7068971177 904706.291387087 158009.91746663456 1771733.9301818837 2081553.5637139524 -1598360.9255757262 -1684830.532778174 -844834.8262054479 773599.1841914275 -1684931.606237595 198687.24130995662 124066.70107587798 -4765659.691084394 -1520595.0646142235 -2437668.1218507392 3070171.598803595 1130438.9788796043 2792970.3926309505 218952.98679998054 -855786.3709312864 712810.0257847105 -171775.6344091006 1350636.7598420028 3213536.9068641933 3203402.1378093455 1362158.1796676693 720004.9071346148 -524134.77964188764 1052735.5174066327 3039255.5468389373 -1501120.0691407912 -151474.83313171144 -2895573.105267616 390531.00684930844 -4235107.685003029 -1682739.9496234208 870649.3103869434 -860121.0376740333 1049199.5109380656 -804288.5092678244 -3005807.44996855 -1090344.7039380167 -3148743.8997179065 846330.706299884 2462878.1814576536 1814789.4093089728 637105.1777344111 4025988.0446727336 1295641.8498890344 2480690.718969531
941450.819791803 -235452.1153001805 777385.8684769899 -541379.0167830212 1237624.719059716 572002.9382908061 2077544.1342884589 -2884158.003110311 -666355.833489017 1266013.0005429836 -2118727.7611919846 991809.987035691 -3213960.873997345 -1895520.34544084 456120.5096733716 343153.7525956002 1340189.148406801 -43870.003588913874 -240729.8270142515 370017.84803681757 31575239.986333907 -565857.0630284959 1443026.4858189696 2216189.156885645 5899401.405442544 2330519.575743982 1803313.1627367595 -444525.1394347838 1622161.67247032 92249.55115897067 3440116.707533044 -564399.5975983753 293904.33541974955 -2098848.248716734 -943404.6214282189 399271.3955608086 -2465847.9346105903 -941711.6627677903 2126019.0808716537 -3031347.320678988 447298.08278113155 1302768.5991504146 484731.35726615 -582605.5355028267 -209888.6055966072 1041957.3767451 -2549772.38734337 800206.6743618966 2582415.217600418 -789522.6301432487 818898.6996645114 -1190899.8845872437 -2810478.423763253 -4294471.763955417 2583695.206967081 2066709.0638870685 -3423966.0134904417 -821482.2947723665 485316.8252196357 2549757.317844258 -396710.46437968337 -3227010.910938147 -1166542.2324902231 -825535.6495431955 -1419202.6928631237 -3455746.1168197454 844148.5698680752 815075.3237169973 -2387399.92463745 1173122.2717618726 -1879911.720096178 1389598.0403827485 44401.930367794 13746.917299534176 759162.3511263409 1416523.466209193 642268.9643936369 -901804.1654057116
1413405.075940889 681972.487380512 -1792239.6370402647 460422.27461995976 1995697.6348996398 -2041532.1889886362 1511550.0995982196 3337201.8495376334 -1362292.5329294377 315022.86622230837 -889577.8155881234 -5017350.190401481 822005.7600417011 941184.3498374871 -443233.78735942417 1533597.2877235517 530492.7514293304 -65671.66011829994 -2394652.3409524634 -1887450.624124706 -565857.0630284959 33453387.03997694 -3382505.767496402 1483268.5618820752 2662609.5085478364 -2960061.480614562 275375.92545639165 -1636103.710055632 -3911815.2639745856 3765776.835971943 3442338.105323567 1539789.3655383175 -3327654.74158454 819480.7858737978 -653772.4427374692 319178.8716938512 -3342226.0907597514 -404102.09116302343 2248264.7815252733 -1495261.6615798252 -2812170.6996075376 1117214.2252853564 3448155.1241459823 -1874179.7070899366 834227.8769057031 -92521.13336606904 -58.65755406583316 3485690.971678699 809282.8954186332 2112215.2376421285 2017461.1420167633 -3280895.9730065805 1089366.7528457223 -2351064.0820345655 -913833.5790062721 -3163558.5697175143 3113310.6199046485 268140.6945059955 -841296.3885110418 1713175.3120185083 676496.1655473162 192807.64727502866 -512379.23619616835 1090152.8384653938 1492178.8519643613 60693.19296477224 -698356.5200261271 -746602.0174558638 222832.44493297767 287102.3520617461 4360380.488386387 -898477.99841196 -322150.42304964794 5008260.300227985 -2969422.136593356 -673155.5764227896 261275.57939287997 1283683.3349267447
-80593.95428036687 -3097408.2702906607 -1475610.6667455044 4017138.9773593238 -1826643.1272124273 1027406.2488466474 -2641924.026659938 732046.620283298 -3151772.9388075233 -1490243.4533851184 3520592.278364866 -3229352.1523240404 1419513.1102809133 -4424209.007257534 2255625.2670365707 -3776535.6139979344 1184125.5527987073 -399664.46653383976 4215026.047721396 4329951.611084056 1443026.4858189696 -3382505.767496402 30640333.14792905 -125658.61013740442 86112.7279049695 -744673.9146175296 1332039.2755283942 -1051476.1420894996 -346662.97788208065 -398660.67214830546 2358356.0239007813 80322.10218810667 3329879.3391995947 3594715.739758245 118219.483741457 3476686.0895518255 1863426.926634064 1979014.8791987447 -4034822.2843352924 -1617525.9681395607 -2133762.7585045956 -1811333.0475754119 813788.7403530747 -2123105.3472796096 -219692.47229546827 1277453.6627466213 864579.054933225 3637427.5510971025 1024269.3821311505 144284.58447744176 1869755.207608397 -482478.1641031862 3151911.61695321 3485928.128708282 -417639.44121333206 -1143797.4557845744 1923176.10271396 -3988220.5871574865 -326749.20487658225 2107476.9443829567 1247747.4641261727 500932.532528557 -2923040.7907541604 -4853326.953198109 1347467.9792107893 714498.4361912267 -2960864.853947688 -2027290.9934532535 -715502.8160034441 -1036603.8727938927 -1755526.0271529497 -1451539.8218525115 2256120.172837495 241462.1364670465 368765.1645801465 -3428070.506851183 1393527.7819774398 2934808.713470733
-2292391.688650238 -2592881.0331389145 1655133.522603768 -532559.5639563209 2658749.918038564 -1344648.2015136722 -5276645.42977233 -411731.1983874839 477479.7041713441 -2482956.2881082916 5007130.318047922 -1468483.8985013715 -207216.551732002 -988547.1971206408 2616497.732655666 625155.2649802642 -900097.2716840982 488075.946656927 543251.0186185348 887529.0294807638 2216189.156885645 1483268.5618820752 -125658.61013740442 31851906.25553207 -1159156.7913297391 4655559.734639114 3424020.657509734 -1202838.7235009333 -670028.3284343599 -1563038.4778891706 993080.383766599 1045359.5515221416 1437510.808744571 -2318984.5382939423 1340844.057588859 -2557262.001118498 2691019.6930614 1227598.5430133198 1612692.4526701518 -69582.67540955634 890062.1828525729 608855.6715552249 3423476.991463579 -1497196.158186878 2080677.7138048545 -1156734.3163138859 -93955.02281182651 2876333.8135935804 -1816631.222677041 1949820.324577497 -1690366.6155446395 -128712.60882087232 2484297.067696219 -2064850.6199613612 3395393.2424516766 -1012783.1820302724 1950630.8392912264 1471335.9801100325 1567605.4744207938 2713657.5058934405 4017991.686921805 -1529473.6369580796 1431272.402949506 -1865508.737183507 -2180935.0598770794 -610070.4604942577 6781413.373126344 -4070869.2343717134 -3428130.1716806553 2889666.2633809997 565707.280369309 546801.3195598555 -1590589.6593159228 1879351.6571757474 1699360.5969396848 212412.31817418616 -1822806.783025005 1177858.232402733
-3171638.422627317 1405859.9495409555 977573.7464321178 -2074905.4944101868 -788716.1032850842 -968410.2798535454 5520469.177135676 -263724.221491158 755321.6714346019 142042.4838446768 465159.0431022336 -172621.29107099184 -106694.2427804643 344363.797128095 -1247112.318180144 1419785.532861574 1744509.4908986795 -2380334.8474363633 -1538871.703903813 2856030.5650582407 5899401.405442544 2662609.5085478364 86112.7279049695 -1159156.7913297391 31488989.20620767 -2109113.4974286254 -740110.4370647182 3626748.8838952295 1995030.483682943 937919.2238776116 1331698.4184873623 4991909.597869808 1034644.3202768973 -370577.03790646576 732022.2358943995 344172.0808758387 -1100094.3981096155 2004925.4894819818 -818765.4889875466 -890601.8419663603 -3166610.1156565202 -2204569.194928918 -1722897.8636857502 -104246.94545739467 -5584668.600088308 2090685.3763817109 951247.4786565934 1187430.6373843635 -388950.5608758433 964301.79349139 -2994024.0452952026 -561997.2053654804 3595327.4996010475 424326.92115141725 1837725.444304344 1000457.3543308027 1893251.630230675 165412.86129394307 -3423998.4965002327 619448.1119569029 -1465408.9485771644 1296984.1136916385 -2961258.0074166167 -2761625.0074375384 1751897.7476233826 2953978.131589725 1100306.6683297881 310378.35933852475 1226711.8731267962 -805107.6013059726 -1550092.3759323577 -499158.9051795332 -2436394.3646370065 2755301.6551381843 1672308.266941767 3161855.7099875044 2792672.241444742 2045781.0597860957
-2480970.757617532 1001212.0682664326 4941237.807962959 -299907.52627070143 1852635.621741444 -841707.5690222505 -3717932.594828303 -2758249.4948983984 -45124.81670464454 -3944248.5907904766 -2168447.966866094 -1113799.5185992029 -2184761.0253326097 775659.8111946135 2263833.3274136744 -1986457.2689363272 1674840.001905837 -953336.4836715277 3442772.079852678 -211187.76314129058 2330519.575743982 -2960061.480614562 -744673.9146175296 4655559.734639114 -2109113.4974286254 32960475.330060188 582375.5236744152 -1207089.7489365374 -1127097.1349399814 -1604502.1077569195 1021887.898084158 1459331.9236721017 -1096315.723603408 552048.3306244599 1277712.545295816 -2140410.513725046 -560795.1929746019 -2004050.1202310992 585200.3416339254 -2606837.2391632656 775028.6007768393 2883281.2947702976 -706316.6858431683 2061317.9122680174 3713907.2165875756 -5235246.231504399 -834305.2762153699 -919300.887626665 1490494.5809819973 -670414.0759820981 852834.7433808157 2967325.5531673967 -2266541.797136217 2615874.4265122884 994810.9730832027 -811796.6437228417 280938.38112486195 1207952.2572821188 4843668.098905627 -965922.293596739 4415753.400505464 -1814953.7095173597 2230411.4794719964 1124341.9086763079 2416777.395039614 -1456283.0315093265 -576679.5906104181 -974910.3741876682 212905.23168808152 2535829.305581339 3083019.034511116 2438029.182873077 3344174.0637674155 -513011.2903673591 -1968670.2007040537 2007315.137042652 -4226885.206651943 2584681.4572819327
-1047682.2133275763 316276.4752645019 1179459.8147528246 -2144761.7482719608 1669979.4749024895 -1034594.4090864816 -3849703.7267917786 -4121699.7582327076 -942341.2106066865 -368735.53782619257 66353.95840327023 573004.4297368263 60145.380647436265 3115948.523908174 -5415949.16540818 2089185.1402119275 -2459334.8366880654 2199477.041114352 2101309.481065657 4007286.0791152674 1803313.1627367595 275375.92545639165 1332039.2755283942 3424020.657509734 -740110.4370647182 582375.5236744152 34543810.29202994 2831543.181069628 -758926.7745723021 -2230793.982850089 2096596.9185362565 3413636.52961046 986114.366103848 -2691283.3049311317 -2723088.600254946 2123760.5609266288 4705579.870415538 1665839.4737971323 -1299391.350530543 2053876.9406245486 -2660156.65836732 -2528304.9586191988 635713.0778629793 -1535604.6138898323 6703370.324469124 -1508390.4041283214 2407119.444471891 -4647524.404110089 -1987753.2612065296 965786.9058223612 -2724459.503505914 2689071.517837707 -1198475.3772337567 -3395397.083146766 1626531.9383436923 2538175.6987753264 274341.8695099485 1550041.4948916526 -241030.10801127407 -3837465.8228489216 -579557.6111775839 244928.9495001337 -2509980.124418935 -1543694.8869356767 -3836367.4838991687 -5197036.757128348 2503057.5527433893 343444.10744606046 -3552903.8352819798 1332288.9464772544 2967869.439494289 1809244.7972033545 -817511.0887324249 -1668393.9540949657 -2325532.263771515 -1175067.2893813918 -227747.28145794666 2845012.033590016
