27485993.729326695 2456093.18225061 -3535428.804202497 -405292.73976720247 3408678.045489714 -2130744.057556953 2625357.8031708812 6995497.521108645 1031387.1823394854 -11592834.435292428 1995708.532650604 -3564612.107441498 639393.8118859372 -2407343.9532528934 6988945.833289392 1310958.241072602 5795950.612315594 7556123.7631554 505462.4570490468 -2217194.0992759364 -864651.8754581949 -2400862.1948153963 6525901.409523646 2294248.54259693 2460072.447431378 4849357.50666584 2049969.7137104764 4513975.278212845 860728.1208437219 125317.21819269228 6577226.133640904 -4256996.923302969 -6164283.594058853 459601.95610735 6112495.968095783 69501.19199044855 -173908.864258101 -3540463.028476976 -1931566.583903054 2944751.005141021 -9140497.680078266 -7013426.6983090425 878348.7948625721 5424990.062898319 -1450354.4500350452 -2803878.4467303376 726202.7037893645 -710090.0242587771 -9466041.457380516 5531461.632183754 -1231506.660809756 2842826.535108639 3205995.3462896715 495957.28949927306 -245937.41856956048 3264725.2437848137 -7232745.032956141 75223.49361719673 6471184.366003993 5887590.458176195 -2347322.7960426803 -2361332.399752592 2391861.8186743516 -1545141.65300742 -2764884.2586073405 666325.7971449367 1720672.4968691987 9051211.002702113 -374598.8464457291 753797.9081325891 -8732038.629155839 -10863929.710969385 -1276967.0301700938 5788976.641415545 -6418366.76728207 1183283.1289396398 -2326255.9380875286 -3919981.6101643103 366753.89521195955 2035188.226881319 1804202.4630598396 4323337.67022678 6520343.236421396 4678210.209356798 -6153101.852361248 5590062.360414541 -3373942.285379986
2456093.18225061 36811188.277084924 3872983.0443479787 3042139.429084159 -9603693.748166904 -1857403.9396666652 704095.5502129988 2103173.1094232807 3663770.488079202 4954602.922998988 5042187.547913489 -3908239.8188566254 -6173099.551179379 7250507.595626752 649095.7175970218 -1198025.1705278635 -2099547.7080714377 -732141.012877598 5435665.349643353 -5007150.539428933 376033.8733862334 -3216619.7184674046 -435850.64444491715 -1515194.9953419978 -1001600.2760476745 4265317.637661554 -2243762.3049530787 4064914.0486959717 -1093377.6081491855 -1843298.3331388598 -3641506.284424467 -5344382.196907968 7770968.341265169 -3909176.3499930147 -405659.4888778959 -4566735.569311615 -3029544.960471556 -1833092.629435512 3948595.5444786972 -2704957.4921302884 -5293783.644332918 1367297.7238591819 -4493084.036059688 -4584086.608521289 4523102.281190702 -3770976.7976106703 -4835340.202389185 -1529975.807970023 931896.157053573 7136826.123833432 11845485.018786436 2267865.4835901023 -5867476.5774406195 8757783.981029935 -576057.1065319133 -258491.85769653413 -33838.77490001385 -1120963.737123018 3665598.4385895026 2313.1910445454996 -8272361.120040118 6634887.37739979 -2006519.0009681527 -154591.5671453631 1763788.6941668624 3802325.8042899184 -816652.6000550482 -1233598.1652028558 -7818786.3905722285 5117052.063244772 1430007.4929047714 -320988.13609331794 109069.35997662849 -1487144.8616719556 6237844.944238146 4607064.603473421 1462205.706373139 -6245556.867081564 7253868.620840992 63513.99533158339 -1075141.0138267851 8236763.606346204 2918089.1075028363 -8973798.796712538 5594042.525368471 -787656.8892706847 -3992604.644387495
-3535428.804202497 3872983.0443479787 37898789.255090676 -1989851.3581275211 325094.93072189187 5720456.11519369 -6581515.893712756 598223.4580226705 4524284.897755562 -20534.09499082241 6909538.18328476 4783943.920263623 -5072479.690589077 3572005.6505475626 8410091.035594037 -6494559.556540757 3052970.951216432 -2322945.668964827 -8144989.127374389 -5010215.752396206 5344967.833851784 -4454816.993609787 -8204891.7174996 916087.9726962737 -72123.27344614793 -3028617.543525571 -1701272.204797348 -4301848.714893602 -1086229.056271207 -5628316.753787297 -5800436.205859556 -1325132.5570686562 5958797.751955226 9543917.403255297 6815227.16048129 -8915630.328246517 -916149.939359121 12624622.138277138 -257469.28000628008 -1127416.5524160725 -5915872.061646979 -3973799.721532433 -478732.3890931374 -2789305.9638850023 2206965.1463642726 359850.9255974397 3032994.3411195814 1263779.8177609053 4203927.251615484 -12153754.6678857 -4286662.3795026615 3136742.910974313 -1330994.4396974703 -5965878.45920053 -2924512.676610531 732972.2549810391 1156466.900077521 -1992568.4533864502 718009.1561878994 1918789.611529092 -6916905.547590158 2279793.5937697752 4464607.450193819 -3672685.0531151607 3886743.6026803013 2435132.9764689226 6190287.583932211 781971.2689169497 2623285.5412643906 -7766358.047953032 2598127.2187273377 2194928.5970259076 796138.2927213627 5949187.48929865 6202042.141032283 9506161.230816884 -1679248.9842853143 912660.2240680614 3384318.0413087416 4365342.216773786 -49879.58025676804 -2566141.2539337627 1010569.7569564286 -7015121.681806341 6066442.078107205 -8624082.435071824 3549154.236684641
-405292.73976720247 3042139.429084159 -1989851.3581275211 47991805.04986277 -11713313.44475661 -3952868.32897643 263172.6992298556 10905695.160134677 -3381839.8759564147 4173639.841382691 14630343.504902547 -6037017.94016452 -5665720.170836653 -30155.28395385431 -4354960.339874628 2132868.1300852946 11704321.440718867 2472398.5127886436 -3012152.031110902 -2003351.293384841 -903364.4745853195 -9428533.776961591 5253725.802456296 365934.4936595244 -5333582.805627457 -4913104.587106816 -1380494.0031317058 2024708.3737369536 -3952309.7315517426 2729602.6519161244 -120125.06667142168 4966679.027769278 5255660.215459411 1767775.077543826 1252024.493608826 1512159.7010626595 1534158.4814749367 -6793099.818485856 -13123719.398481956 6686946.812071375 1134157.0650663136 -591424.5641786051 69454.19568659621 643468.2715110403 5659383.489125863 629741.3716397531 13756752.176569665 -2528200.6825524773 -6053535.664836482 7988543.895994205 13936426.79893747 -6160316.501997487 1556410.7669586614 6092888.570074092 1535802.779600547 4824919.079840526 -635530.4420937882 -3382770.3167600385 7527203.876027152 199.9295925591723 -3362772.097537708 6590300.53015129 -2645192.602240027 2081219.5681511362 5241071.609239223 8953268.118188487 1898820.1097564388 -616202.9515661233 -186964.29556828705 -3039144.1122216242 -5897976.700340171 3111435.603132773 -1426880.872058902 8179565.99910329 8226391.550235455 -2029963.28441967 11968497.618484365 6452137.1267418 3802729.2836785596 -9119613.523529915 3586562.0086251013 -5431704.863037263 -2055298.0697284502 -1258758.0607941218 -1868613.899525359 -7234001.137111198 -1134116.1053221428
3408678.045489714 -9603693.748166904 325094.93072189187 -11713313.44475661 36276646.23142531 -5038700.55395988 5315893.240180341 -11793747.372317104 721188.4172291568 -1021681.3839378139 -356478.6467433215 1534290.3780092478 7940835.524556468 -9920751.68846661 -1418347.049447977 3870462.911367541 2057386.8898597816 -1285837.0386140712 4362227.608040606 2088508.4011146305 -1269700.3837326134 11185941.375054456 -9128671.286941204 -2511802.79617245 -3142019.168924931 8396808.876047986 1692081.3135647494 5562803.474204035 -6259602.273242857 913800.5353524041 -306008.0018306417 -1360698.292739616 -5583865.884873337 -3532799.9048198895 -2170082.6412711083 8752070.29628084 -1215164.3144863409 4500692.307584522 5683564.031935255 22858.20823572483 -4311877.778096078 1738116.6860720478 4633678.332090181 -633674.0140300331 -17433268.447713666 6878193.402305459 -7223749.89878362 -2011350.900399409 -944111.3652563108 -3837236.721015327 -7949998.793597914 -8950751.471527776 5709184.6514069745 1843959.359736155 -322164.5330189191 6187753.372231118 -2570641.2659669765 1162736.3975568116 -9328818.23116943 1573854.312967684 1163448.145602282 -2167496.834918791 4533035.769567577 7240936.77860269 -3442019.668344848 -1720239.5331138503 7348393.400277113 1319071.5791812632 -2495427.4914975916 -806412.7537328211 -669216.4279269059 -3529208.081779893 -758368.5792978852 397891.20789249917 -7570209.816471039 -4128080.626540363 -4565894.8138340255 -12668027.073596155 -7404242.723726186 7842428.230726288 -3176870.3282631054 -7836279.476601866 940025.5371356778 2927395.183020499 4209516.9395128675 1105235.6170032762 -5540660.417231965
-2130744.057556953 -1857403.9396666652 5720456.11519369 -3952868.32897643 -5038700.55395988 40507850.42374265 -106468.3510099904 8010115.521666322 4678289.905525625 -4158850.976141514 348501.8195073111 5268431.06708411 -3625452.1694005467 -356101.3572110602 -178589.81622604546 -39636.80353539748 -1138312.8015796198 -6386839.421275313 7234473.120891702 -2606934.1435686476 2106142.4115796112 -2825903.0461079627 -4046970.365690014 8215818.447539743 -1595569.4506388437 2475771.7266129814 2371556.0825450406 -1925538.0403486893 1804510.1732262673 6345679.0615490815 3398750.1911323573 3317094.8990025558 2825525.176445982 3284210.926714486 2470833.2317415955 1432114.8841874844 5172426.8428246835 3777922.3433251786 -122861.35826277116 737981.3263371199 -756116.4591794369 890054.3040906871 1012512.4546246777 -2381113.8964486066 1845732.9667229478 3811694.711337889 -2426635.8627734547 -2547254.249299314 -1811449.8788360872 -5137583.760324041 848030.0586544118 5352482.714428333 3307567.5185806085 -6785134.9068178935 -1387261.412500734 7983614.014810738 4036671.248762218 4585397.971312448 -4869561.200964949 -1606076.5595931557 -812321.241085909 -5028286.183543877 6398709.419760627 -8259079.306876599 -915040.4877463345 -12828860.092173323 -2350351.967150347 11382745.677417548 -6119604.034870453 -3063076.1717889383 2857134.45553611 310683.49296237313 1423645.2859997011 -835270.4987061691 1238335.1015234005 -1612656.4023885846 2155213.6605465976 6914626.833523579 -10338856.330308523 7625816.468619016 6150670.601795542 -4936139.22441484 3754269.950195378 -3402891.003065483 3101428.969456807 -7171248.903673921 -2479995.7804601192
2625357.8031708812 704095.5502129988 -6581515.893712756 263172.6992298556 5315893.240180341 -106468.3510099904 30125785.924938574 -2189500.9406186696 1061628.1123628702 3601572.390487137 -2638115.498361772 5788128.281255762 5886529.309740844 3971734.553386366 -8044931.496964014 -2623352.2677524746 -2234961.0882223137 -5934298.152191631 8563099.64593066 2795210.861420765 -2342326.5861590407 5794075.360401218 3271129.4498420344 -591943.298074907 -1885591.6716947623 14433941.800889067 -518461.9472429296 3539548.6926249214 -5011513.028689669 2145230.4704977046 -1957979.7898111688 -4837537.599477496 -6095169.482961307 -3084408.0595355537 7410114.072321634 1811852.3341999967 -5910694.615053412 -7845696.982392643 4086518.3214272163 -2364302.4675341113 -1227478.6572047875 914456.3580956962 -4221465.480336508 975348.0757137338 -2418738.2672767895 3951144.2710656025 -5140094.649543882 672800.1375025831 7437297.859829496 4904846.429570525 -502101.9405525426 -1046813.2800194751 1330056.584969102 2595092.226630742 5576209.4589826455 -1702301.6801327101 5744574.653589251 826039.5145555167 -3594008.19891731 2507610.7441848763 1553211.194968472 -1187395.9946471197 -1149522.2623969147 2186955.5658610715 -1892922.4972322152 -356255.74904151756 -5302913.010389798 6205483.322702802 -3575598.4370627305 3840940.6030054023 -2531245.2280754982 -1718045.797618509 -1151769.4241740734 -2341232.864166741 101361.71728865895 -260283.21759892194 -637203.8300384482 -2208518.66585335 -2387692.789265475 -3069297.8890040903 1366913.340700503 806936.3270062911 3464230.5530075184 -1278811.1215107532 -5990343.671195522 -3182941.191648133 -7927100.2972825235
6995497.521108645 2103173.1094232807 598223.4580226705 10905695.160134677 -11793747.372317104 8010115.521666322 -2189500.9406186696 28446112.99604751 -2613956.3077487536 365115.3659814648 3179773.6886764076 -7113329.163973731 -483862.98252711113 5809909.932186183 4528411.973414456 1768788.7878895912 2441153.452857422 -5707720.388608027 -11033270.847389739 -3921363.8316792273 -3336792.225186857 -4515979.258868407 3748787.850151719 7730912.761785776 1539476.7946927517 -3581616.117145155 8181470.456607149 -3731950.2873847582 2197993.8128816136 -577764.372777513 4157551.0616475255 -7775298.331458963 3472282.4938553222 -3735649.225541162 -2602373.501919584 6910075.294877759 5601436.409249727 -3798574.161676396 -8458078.390086843 5401623.577657786 1399902.44576675 2680243.683264653 2528552.7470654584 2270119.146255272 6931033.449410983 -3263279.0554005816 569725.044248963 -1421017.8519157395 -4097531.651282081 7388260.919170759 6699407.740300093 4466842.740741799 1249045.3334802955 -962169.7441238202 4332256.460947661 4408235.737810587 1006573.6992693421 1751620.803280575 -3208862.4584113057 3871861.3563922904 -2038378.1908971097 3664194.4127183757 931259.1379234873 -11065691.47362532 -784678.8702430554 -4735349.870113431 1002523.5875818138 2212021.2509767697 171869.35834217767 -3198100.332282266 -7039796.764075264 10283750.008241849 -1191282.0738951068 8503345.539120859 1380792.7449575285 8947541.423610093 -2174078.411551429 6556760.770291747 -1933729.102191517 -1455479.928617297 3144593.613784704 -3542281.973430807 -2237821.17827394 227696.03807230142 2798167.226824665 170432.9041118963 -4201572.6130687585
1031387.1823394854 3663770.488079202 4524284.897755562 -3381839.8759564147 721188.4172291568 4678289.905525625 1061628.1123628702 -2613956.3077487536 28335508.42807297 -991013.5226349802 -599165.9170366455 -1165381.9281704898 63469.025041458 -2931378.3291745693 355089.11267024715 4342952.8354953 226095.7040505048 6243489.778039326 2503124.2409545663 321238.5289282748 1919569.6017874784 -1977345.5601906308 3899343.425442632 -5308218.596431122 -3007760.4729517098 4458270.845415175 -3078276.090361643 -5934944.8675253065 -13709488.211577194 -4718210.678076772 3090496.9456994147 8099771.641272181 -151580.85960218456 -3372854.80923445 -87729.8278041603 -5645892.5247644195 -5834945.893931032 1682135.4042221766 3308456.0432503666 -4929532.55274351 -4544773.649831025 4710950.090446546 -740060.5383354682 -3788036.8417472374 -5639464.446881246 -4124164.5820746743 -1670378.568319679 1370545.4547944677 -2127114.691944856 -8715214.603236254 -7853126.832707006 6117872.255574995 -132688.4023833817 5246008.115309529 5629876.296436082 -2277618.0678964755 -382814.3316485721 -4449608.685344545 3122982.315087917 -3821461.342987562 -5206165.857083872 -1595507.2485107277 -7971759.254704985 -4889509.260016341 4514540.92548067 -155971.87513484448 -10117696.416589694 2168150.8207540438 -4498150.4723807955 5013834.812821731 -2179313.9070875524 -5414687.718454357 -302246.0180762461 -8325702.93451039 7921179.49084039 -1849550.0695693197 -4563968.92615602 -2449562.9546875022 1470024.9084056725 -1859411.9330556113 4975818.929561379 -3772529.0587022197 -587686.7458809087 15397.567149628323 -2083655.6592234059 -5164215.052460849 -5056857.804257128
-11592834.435292428 4954602.922998988 -20534.09499082241 4173639.841382691 -1021681.3839378139 -4158850.976141514 3601572.390487137 365115.3659814648 -991013.5226349802 39917089.6268556 -1689237.8375972745 10310986.83343618 -2562842.2244627937 5199502.604765491 -17459034.347112183 -10328072.779455267 -6198322.842421696 -4633463.079669691 -4455649.368021268 301155.6235591793 -2170540.4161913083 -4792952.00821069 -9547903.794130156 -8668969.561380802 2801605.3607771774 -1942712.608210739 -7154539.978902359 8110013.376245581 -9704435.157430386 -2498929.068885421 -1838459.4853384092 -293392.98245729104 11685500.379702082 4585097.100134985 -10985115.911626607 6851414.547731097 7822075.569492008 2929624.174302642 9904513.203783413 5282526.458094648 6348089.654482172 15925722.511981381 70085.81261696697 -3604117.318866331 -58223.45933573414 -4306869.737895675 -378882.8423348679 -7121156.987162414 8219261.103599578 -1542173.5484929597 -1646294.5542686575 -5288900.3904195195 -8793164.22435816 3418283.6265459917 4308389.077631928 -659292.0643255386 5971412.654628252 -5818369.72218635 -4125726.0447568283 -6761176.422685928 -3145611.1444535437 1372553.3064193912 -8502532.013828477 -1159479.4176450334 4269471.787217955 2240187.876633451 -4120561.024953325 -10854942.528994923 -1279007.5813848986 -260884.8718489695 12149976.22333576 9119512.90520417 1223251.946682501 -3028799.915527972 5157025.743769624 -5288160.4432052905 -3377831.5329339113 -187093.6743680282 -6733339.426028103 -4804725.08751921 9662046.109731002 -313618.9954064339 -5081107.996543714 -6605084.360657814 1805643.6808686424 -7507671.017595634 9542144.128710637
1995708.532650604 5042187.547913489 6909538.18328476 14630343.504902547 -356478.6467433215 348501.8195073111 -2638115.498361772 3179773.6886764076 -599165.9170366455 -1689237.8375972745 41204294.15448519 -12465792.2264452 -11303887.836304078 -2174322.1583005013 580215.8215407394 -1045752.7912055091 103008.54553931311 5060922.92269852 5095294.636745392 -3772532.327217246 -208861.18791780263 -8018202.0986124575 -4633089.363747909 -569452.0022590109 -5685434.647377431 2519514.5507144313 4744166.640562313 2212572.609332848 -1809450.1598918482 7590770.00370443 -7556905.580238051 5428817.102601672 3787431.4304473274 6817669.301705486 4395091.29482317 2837887.5175081394 4813314.184776938 -1343770.378054358 -2950160.1502974764 -2051608.7201116171 -9259703.907435091 -9379256.39291393 -2096968.6372969504 -2365433.907729333 3300879.830180707 5096184.28590044 6937956.190578801 -2965801.1343073715 -8352848.818834276 -1221120.015505349 8988428.536953637 -806513.054906625 -238823.73067086446 -8398965.77358092 3940853.850129552 2630646.811754843 5683297.987060469 7914107.974909457 2794632.8106193175 -3039603.02866943 -3896398.699878574 -6029573.20759962 2762542.8067640066 4790541.525682845 3917939.7975411466 9308296.622409692 6650994.477993227 6058127.434096222 -5440493.821931483 -7734012.551086909 7920525.4230648605 -209447.83260175292 5946549.024648615 7016017.318242929 15370626.946753284 -847078.0082238471 5149295.621694029 4069534.2051072344 3500052.9343506717 -608591.0964361677 3737400.855550561 -8760833.339648297 -443077.0040592956 1640784.5128623815 5394453.966211986 -3280407.6092756535 2237858.9688026537
-3564612.107441498 -3908239.8188566254 4783943.920263623 -6037017.94016452 1534290.3780092478 5268431.06708411 5788128.281255762 -7113329.163973731 -1165381.9281704898 10310986.83343618 -12465792.2264452 28848708.823007137 -2587927.2429304966 2184839.4749664054 -7393494.535232314 -5292466.453918534 -1471460.6448034216 -363879.4123087546 -168592.8415574686 2118452.4341701767 1419227.8079816233 -773657.8883641051 -3943052.5305711855 -5410540.339708334 6559347.832664656 932265.8544062896 5318387.404397023 6569365.077234642 2200930.1218447043 3012319.6249333993 3364851.848006604 -1383205.1080176071 5164383.375770845 -840977.9774969654 -1591078.7080186177 -2327063.1801404296 -3919639.905698328 3392158.6111477744 11539703.284898683 4988071.732020631 3385041.1809428236 3726557.523734951 -477924.3503137501 6848105.097096145 6781507.788441018 -1262117.8741594928 -2500053.916769073 -2120078.8611531747 3477941.9819688704 1491609.7830957945 -6097378.73844665 1754548.1905563015 -7615560.511610985 1626226.6549165864 -3655750.593333895 -97338.29215167866 -113969.83598723123 -2204022.1711621936 -1419900.6535591837 -1625766.594628914 -703532.058620242 -2439719.867295629 -2543102.4448189028 -3995625.875275543 3893301.9073988535 -2892613.5451741293 -8560014.075707695 974763.4350422947 -2734404.8440479394 578335.7337860259 1907554.0675269302 2434874.8838077034 -2920055.045402432 -4650865.860643658 353829.3494686815 -4047833.311075026 -4631011.17852321 -1018880.9261989236 -3544665.7317939294 4107014.643065799 5726448.907474622 2768699.705261743 2943305.1520672715 -4451449.849850948 738392.0276870909 2002805.7232273016 5911584.118094549
639393.8118859372 -6173099.551179379 -5072479.690589077 -5665720.170836653 7940835.524556468 -3625452.1694005467 5886529.309740844 -483862.98252711113 63469.025041458 -2562842.2244627937 -11303887.836304078 -2587927.2429304966 40658329.40008671 -13010958.186413981 -1506085.5485879641 5861929.37950962 491326.8140320191 -6848805.365918848 -9611833.497126978 -4906352.036002382 -5175199.770945163 -3300694.7060756534 9232913.670158645 6124420.255620648 1212182.4666893035 -3522524.4171824288 4506877.9384511495 340076.4897775436 3217907.9527494074 -5054267.797903792 151792.18435439188 -4436832.284948968 -9319500.071758607 -5822849.887617458 -2925778.9831112623 9610140.855775151 -328351.43148956384 -7562398.251296532 -4361933.342278081 -2741442.942251297 -1625802.4111362882 2833743.334323859 1602712.394897343 -1453537.4941530272 -9516312.050007308 3965482.9165557832 -9925686.958715852 -1572986.7963644292 10446909.406987919 -1066457.0820951655 -5258525.461102305 -412478.25290782354 1780274.0859066732 1553173.175076422 2270070.4751333646 1249043.9563209752 6063532.518306099 -918164.9336895085 -2319089.0849059043 947243.8827021802 -4252425.084221844 3631106.3528245646 283870.22208105103 -2699420.0417055567 -2857528.0387994237 -3259531.6263593226 -21207.754857652675 -4607494.092659281 -3394287.6840513456 -1487835.134584332 -3695704.969040071 420823.57355951966 -7794687.998342364 -8151595.19250494 -1259080.9070696803 2803668.8910548314 -12880742.806583889 -4606079.768359704 -3057746.4253747202 -7858419.65226249 -6899481.272332486 3038407.3101466713 -1041912.1107722569 5563125.128790449 4110830.106437893 -2056579.5547681702 -1662785.3991920769
-2407343.9532528934 7250507.595626752 3572005.6505475626 -30155.28395385431 -9920751.68846661 -356101.3572110602 3971734.553386366 5809909.932186183 -2931378.3291745693 5199502.604765491 -2174322.1583005013 2184839.4749664054 -13010958.186413981 32637471.64304291 -5523359.915405483 -5474803.306318074 5018248.3837834345 3853725.7373437216 -1476967.017996623 1764479.7425295403 4849285.394455214 8296218.79372635 -5164541.677417113 -3566177.1152689806 3311463.720634462 667976.69563609 7559228.912235702 -1178196.0685260922 5601982.54493928 5491962.232561304 -2863744.4934396893 -3064492.129534945 6475096.873971678 -2643209.9114138014 -1256389.7306232704 -1286012.3705389067 -4511378.680176669 3883862.2387795425 -2884906.671670538 -2423568.572946386 224167.2547524354 3572574.9194201245 -4424347.9773735935 408548.11046315747 7586681.443996248 -526070.4934987961 -5130294.879461591 -6643786.008366785 4189816.2920975187 6929167.054140705 -1153634.6681491993 -4894469.224689218 -5869613.475666876 -681359.3766728207 1184674.2582707654 1247987.638743963 -7514526.400191221 7263767.728793823 1040721.274799595 -4298604.770250889 3520300.2533281664 5189361.29828162 7823643.936657355 -1190480.166766435 -1383193.4801755405 5745399.555511225 4555314.4334785 -1817575.7891151265 -6546170.308999027 -1893269.8281454898 2253507.679424886 -203379.19402433978 -3337908.424723357 6274351.607936506 541592.8505232247 29130.8747556787 3552168.3888967824 2782539.613802333 7597523.411682844 -1998294.1753526153 235720.1566104968 10495983.712734723 -1413653.3814827434 -3389745.7859357 -4695486.389826913 -3393973.897729397 -6626511.935189276
6988945.833289392 649095.7175970218 8410091.035594037 -4354960.339874628 -1418347.049447977 -178589.81622604546 -8044931.496964014 4528411.973414456 355089.11267024715 -17459034.347112183 580215.8215407394 -7393494.535232314 -1506085.5485879641 -5523359.915405483 32018612.554286536 7671862.895525202 822044.1616381165 -442298.8492073925 -908159.213191979 -1174613.1063689734 2051744.938203092 3624290.5935094785 2888224.1304765344 5958758.383578658 -4880423.127450046 -1015777.3064853552 -2548856.7889156067 -8549469.57678998 -639305.6343141954 -1311201.3420546295 -38217.12191119379 -6525906.548887469 -2083374.5396632564 -4633223.0471096635 602039.6605984126 -5403273.363270778 4304087.279616366 4784748.630618434 -1854869.3385217658 -2259168.119857922 -7119717.346413423 -8183779.4209771035 -1516288.0152686418 2721636.210641946 -3504632.7485947497 1271101.0968059471 5290041.909906483 4914791.26441485 -4590959.268463606 -6822597.4393511675 3480445.6808002437 2487464.437331872 2143253.378322364 3559762.347647292 1676199.1360848339 -5139681.78054898 -4368565.350147226 -1926161.01880927 -3760515.721438261 11531682.691487566 -1644218.8565868095 3659742.268058734 774995.9530756638 -2593045.113505881 180893.85432126964 -9457154.43098904 1114368.4680704984 1556297.5780257462 5897225.7508352995 -31990.305508860463 -9076041.827121016 -8402616.578041175 3292654.1957681514 6606370.616166476 -8120028.59065602 2920677.5681462255 -2003228.4607556097 -1399502.3178051617 3713505.4945878163 6992700.653185812 237360.03470984474 343681.6052141014 -902538.0656062026 5028562.89294606 -5782860.752115519 7153728.418565385 -2288354.343674055
1310958.241072602 -1198025.1705278635 -6494559.556540757 2132868.1300852946 3870462.911367541 -39636.80353539748 -2623352.2677524746 1768788.7878895912 4342952.8354953 -10328072.779455267 -1045752.7912055091 -5292466.453918534 5861929.37950962 -5474803.306318074 7671862.895525202 31309197.14077242 776823.577255251 -1022625.9721623786 -1957385.2420206706 2932440.3075729404 1226179.6862220184 3030938.7008782104 -2959756.968295982 -813618.4507280496 -8582182.373470066 4197390.418667429 5771547.298826252 -4531775.461087869 -2496471.265831607 4790806.515594228 -474605.7034349128 3148870.0575834867 1916518.356062322 2357074.9806332043 -3914019.5158654093 2577484.0141742607 1895909.6620678862 -8943937.079339277 538540.2368945307 1976737.9029359818 -3136990.413943367 -3838507.695166269 -3079275.5731029143 863810.6413251025 -2640426.302825871 -1647236.2533066727 -1549684.9488807756 -3009124.986243339 -9033589.59133403 225496.70504056197 -4716881.7720817765 5430989.996169593 12931.17574576397 2996145.600232491 2917874.1348467194 825339.2990870647 347295.9173147785 7171445.616345167 -240184.36839828533 1591961.9250047493 4940149.51760471 6215404.613577239 1702885.9646603803 -3741523.310965538 9592074.75256298 427892.6690049746 -3337685.2053056913 -3386222.8812280917 -2716104.7610210315 3843902.6566172414 -10811541.44806985 -5802921.454464544 -2607095.4996851627 -3109903.715074347 -1240770.7063389139 -2180832.5032112855 1010607.9021030209 2395314.3055483866 7358025.448793769 6185810.656635682 5128479.881391454 -1944971.5909970335 2522372.6449840697 3417225.4012875627 2126154.6456963713 -1009637.6171267042 -1809276.666822627
5795950.612315594 -2099547.7080714377 3052970.951216432 11704321.440718867 2057386.8898597816 -1138312.8015796198 -2234961.0882223137 2441153.452857422 226095.7040505048 -6198322.842421696 103008.54553931311 -1471460.6448034216 491326.8140320191 5018248.3837834345 822044.1616381165 776823.577255251 30255971.056743313 5266282.007210356 -1193193.505213909 -1061037.4564453058 -638038.47659258 3569213.569033949 9890382.312669061 -6225906.607824183 -1522126.5639542567 -690702.7818752412 -2706893.6403257474 -2282692.0912109856 -835106.7057051761 -363445.87808068097 2498873.3252559085 5923841.205036901 1766602.022785021 -9727737.986048166 -1376183.4921822685 -5483606.910585925 -8191960.061421197 4031851.2569957026 -4267200.137984374 2108957.908220924 2722393.1079711784 -2280256.997327616 3966186.2749126838 -2609869.536852307 -510022.72060581227 -3682115.2902975995 5269524.89545551 2375645.0943616247 -1461643.6317770109 285497.23590501334 3935505.3770079375 -1951028.3301244164 -1823276.867960687 -1963314.4145752422 -6257060.228116986 -1735691.649004178 -8928443.628397075 4974736.402819447 6420536.895640454 -195409.86129353257 2561224.248884087 993096.2702715887 -506072.3340457878 -4970761.016453268 5968456.150387089 -380644.21597014024 1526385.354449678 -4599687.799218097 -6144935.295676458 -3616041.4403565302 -3785163.007936906 -4359480.186711915 -1849700.0098742677 7790320.558332819 739540.3372978027 -1504413.106814408 1158071.005034589 -6112413.028149596 643083.8523306425 -10871914.581352169 -4440294.03167904 4715395.18581413 -512084.1081470745 2871356.1235413975 1281985.3816409942 -6169621.018289928 -6413088.902444127
7556123.7631554 -732141.012877598 -2322945.668964827 2472398.5127886436 -1285837.0386140712 -6386839.421275313 -5934298.152191631 -5707720.388608027 6243489.778039326 -4633463.079669691 5060922.92269852 -363879.4123087546 -6848805.365918848 3853725.7373437216 -442298.8492073925 -1022625.9721623786 5266282.007210356 31611741.08347309 596477.3112250066 -3296111.454410858 5164938.145554789 -4526089.047045206 5855074.0476014875 -9652569.029030705 -605806.4490720957 4429763.966722439 291260.4143828664 704970.102095398 1798114.6489331957 -765291.6957189526 2992407.1473848633 6766330.892551838 3088033.3356127837 4295946.722942765 -4792359.174353118 -2865662.894993424 -1621826.4628265898 2786396.430348563 -5711248.555055448 -6421364.2633189075 2264811.1611867985 -1603216.140267302 -3919661.9939250667 3505068.6333196703 -2870322.9874136797 -19503.362410879305 4389772.179087982 -1250637.0172599358 -3066290.2835038602 -1675176.9472866945 -6635133.758375459 -1487878.3477111764 -3024128.005651144 5838166.017551889 -5555296.984655834 2001681.6267898863 -6247912.204069421 3402268.7813272574 4543253.967204123 2053639.5076925436 -3859403.7265204093 -211765.51736605205 4150699.0584049337 -2228371.41743299 -1462332.2417668418 11326398.072675966 -5405665.545789837 7022997.1194374 -980974.4254785225 -646832.3205561746 -5291499.198420336 -14253643.830989987 806573.0702452321 6777806.729250367 2961933.3400028623 -4620180.19755968 3613378.987240158 -9393084.485179286 6088933.160424452 177863.26746131378 -1198402.0162115677 698976.553597256 -3412035.3561734036 -584890.6782899154 -1411671.889828641 3365540.872468002 1944.2363825390446
505462.4570490468 5435665.349643353 -8144989.127374389 -3012152.031110902 4362227.608040606 7234473.120891702 8563099.64593066 -11033270.847389739 2503124.2409545663 -4455649.368021268 5095294.636745392 -168592.8415574686 -9611833.497126978 -1476967.017996623 -908159.213191979 -1957385.2420206706 -1193193.505213909 596477.3112250066 33180416.133948546 -2111900.3846284584 2287321.984450363 3959797.7803211496 -2982890.236211113 -4655846.613511671 -3125094.1986632794 13101908.809573665 -6523839.794267935 3396910.389463017 -3437742.4640832446 4144411.0045395233 -869738.4917527549 -1036468.285200016 2648328.0521586556 108021.56976370637 6763523.601974522 -1154185.6980054008 -1631680.5682156645 -586573.2185657426 2978193.293196952 -9365086.382972274 -5405253.185768803 -786934.4237381467 3853855.7380952653 5253150.445069824 -8058679.768799723 4475432.989474373 1867491.476595313 2318896.4174124817 -4585309.000583441 4175473.2941875285 4715620.884890382 4178670.791263936 -4429696.478386431 -6948410.3926935755 -2189362.4538003393 -3313536.1962821917 -565445.3596889796 -967514.4358526448 -3232986.239530968 -8745.034491356928 5280481.300456031 -6294442.9476174945 -2675766.7400791883 6641705.482408914 -2736897.2030703495 424933.6173256994 2655796.735253866 11152465.47953062 -4856566.792637144 11211365.190403597 5174284.723075233 -4984249.810167183 5406281.554799083 -3356579.403091582 2838411.0349140097 -7914218.482293923 10564202.25147382 -3362765.5939412806 3427776.8896720572 -414237.9868918971 -1359216.370205638 -1137391.0107495717 3265685.421148844 -665824.0036596349 -7507913.73724939 -4762914.257647446 -551617.6518135624
-2217194.0992759364 -5007150.539428933 -5010215.752396206 -2003351.293384841 2088508.4011146305 -2606934.1435686476 2795210.861420765 -3921363.8316792273 321238.5289282748 301155.6235591793 -3772532.327217246 2118452.4341701767 -4906352.036002382 1764479.7425295403 -1174613.1063689734 2932440.3075729404 -1061037.4564453058 -3296111.454410858 -2111900.3846284584 41612025.34178989 -4986818.97010382 4999589.896962124 863845.0801118562 7414862.987459411 1843463.3962493632 198127.98791447995 6238772.3208222585 -13364647.91802086 5250619.982921529 -1522058.9399195018 -351355.1811318931 -2513710.271664033 -5956205.325124632 -5698913.827260308 6638896.286364553 -7453276.3489521025 6156952.230576958 -162689.7012301593 4100868.2952738195 14228307.1333099 -1212694.951262863 -980147.1304560523 -2154979.665021961 -7337666.066420534 6719873.961200765 -8553305.220760299 -4207989.679042737 3159117.328798076 -5671797.318026837 -7066346.275862504 -15970134.243143627 -1566086.4446830228 6549089.565540466 6995476.242369673 7945410.761894871 7423011.462052729 -1914074.1131052508 -5453604.086722531 -5232415.779615355 -9080456.714360194 5056127.214962895 2108337.1647901936 3567477.5590430214 -1456850.9265774386 2712989.6506704893 -6441546.684864388 3038775.855510039 -9376546.125641935 8013800.170607236 359294.96149876615 -510033.53401647665 -6823851.193181199 -3012152.311688607 760122.1701222766 -8445357.489520622 -1623494.813010175 1169161.2678515473 3925390.3539050017 -234807.32752783984 -4456831.247267146 -1771843.3003319297 3550580.805498443 1964035.1811304467 -1318976.7734044509 1887163.654935521 -950909.0837969257 -6053712.563070645
-864651.8754581949 376033.8733862334 5344967.833851784 -903364.4745853195 -1269700.3837326134 2106142.4115796112 -2342326.5861590407 -3336792.225186857 1919569.6017874784 -2170540.4161913083 -208861.18791780263 1419227.8079816233 -5175199.770945163 4849285.394455214 2051744.938203092 1226179.6862220184 -638038.47659258 5164938.145554789 2287321.984450363 -4986818.97010382 31776341.2773987 -480827.49464446056 -7407441.050182968 -7193689.9617495015 -3655959.7693204656 -314374.29091271874 -5662844.015306857 -10157856.261356467 -5717543.9280933915 3308269.087548464 1546553.9963210768 -10808509.541334158 -4234452.320492654 3375434.7840695404 573244.8600311655 -6544963.853314482 6231030.441894021 -2491146.80055953 1091432.1666097597 2229079.4542573416 -7607719.583836861 1532488.2829916028 1031146.4616372319 -3290251.6006652606 -4788767.857541448 3669433.981474042 3745584.070413461 -505810.8190852608 1944922.3357261803 4069396.264206764 -6383611.6422067275 -8690102.657950541 -9667780.407658394 7337422.913316964 -5975821.723841826 1516150.4761247716 5365475.971463082 1816756.5464714828 2006522.7153696485 -419488.03954505455 288509.81170075823 -7608624.488611513 2162539.286789737 -3567742.8538779686 8552953.806755854 -2159977.1684724516 -5978965.617779687 4868500.441765015 -2269600.5236554625 -3302059.5557776107 -4248385.477172604 -9596172.042088771 1600628.8744352143 3655029.3881414123 -1137175.0475097015 -4438450.712789317 4267888.232572518 -8240179.798767061 12891135.797842676 10225568.100027902 -7497683.716132265 539194.5386585982 1676711.0587553354 -9040045.028405445 -7530708.018536027 -1023800.9823768215 -1863171.5967416235
-2400862.1948153963 -3216619.7184674046 -4454816.993609787 -9428533.776961591 11185941.375054456 -2825903.0461079627 5794075.360401218 -4515979.258868407 -1977345.5601906308 -4792952.00821069 -8018202.0986124575 -773657.8883641051 -3300694.7060756534 8296218.79372635 3624290.5935094785 3030938.7008782104 3569213.569033949 -4526089.047045206 3959797.7803211496 4999589.896962124 -480827.49464446056 35893395.34102578 -9930633.315089196 3519918.288389038 3507901.7638354935 5305460.645585471 -758584.671118989 -2240573.9710271 -6272054.37810219 1639707.1626676808 -225922.01086201472 2219571.649565453 -3710557.9063780657 -8256495.612018522 2039491.8256474256 5005467.124608782 -11428915.124631485 -339277.7193755127 2312440.4495382146 -7250669.668325278 -2021151.0870389303 16270.60683327991 -6938054.911925935 -2725201.3335086587 -5385028.848346488 2051805.9374883317 -5532584.504707496 -1617866.369195517 -1726853.8295489457 -4919133.423175671 -1167203.5987307678 -1205819.4681468746 -5378620.301695318 7642846.969939948 570809.4449584311 -4525533.659828636 -8778425.414687948 2318848.4165550373 -1411244.7760631759 3642085.9508452234 3571582.7201062385 5358833.747845968 4750851.617595195 3646332.0536802155 -4518424.028817925 -1499314.3221116674 6079140.293895544 -3577224.4912238754 -3022015.356218696 6315376.43098548 -3062607.010965372 -4320328.016651313 -1536008.6673808445 -277003.3216928045 -10844230.101374453 -2359532.6044333107 3155841.316560672 -5004407.183238165 -1981612.5077907604 5808808.206698756 600481.1235430358 -708154.1040790112 -1713061.1429129336 1327840.9068745046 2243606.594459541 10344341.224886743 -2086197.0133095728
6525901.409523646 -435850.64444491715 -8204891.7174996 5253725.802456296 -9128671.286941204 -4046970.365690014 3271129.4498420344 3748787.850151719 3899343.425442632 -9547903.794130156 -4633089.363747909 -3943052.5305711855 9232913.670158645 -5164541.677417113 2888224.1304765344 -2959756.968295982 9890382.312669061 5855074.0476014875 -2982890.236211113 863845.0801118562 -7407441.050182968 -9930633.315089196 38291863.17179964 1052983.0973861597 5009439.531165612 -299937.2824490082 -1565630.4673916383 -8544641.094414122 3536140.465772766 -1389757.3847256803 -2342564.947319528 5649359.964393322 -36944.53462960734 -8790253.162315799 2335676.0981894047 -4948844.0855711065 -4051950.2533657146 -1764573.0541094125 -3312448.0927278246 1421054.8527959043 3780041.120337112 -2534699.958684721 1868452.34981177 2691634.6081531574 2618835.113932215 -754729.2672898584 2913137.378590727 9393113.082013242 6425548.594831391 -477910.573706775 3350242.4194064946 916595.6434888708 3791109.9724881058 2062687.2319407018 -1820225.8256040972 967717.9358279879 -2981202.4137831368 -4908080.638898638 -3843851.6955581135 5912265.467075075 473447.5403593175 2418727.179958463 1178813.5166135796 -5642284.57658479 -3106521.3588166423 -3078334.670566521 -6218364.244136077 1596513.0909970764 -2792799.0065025417 4091846.4325558934 -8429823.39772864 -1748794.7586389661 4387488.082711663 -886534.2457804993 350008.8992928327 6454375.103887691 -11156733.613614416 -4081154.4449645705 -2749534.505188027 -16634396.804384597 -7896605.256428036 5572846.63552705 422938.19510963483 11023164.857746333 -3329383.942085261 1440438.124493751 -1795673.3295213142
2294248.54259693 -1515194.9953419978 916087.9726962737 365934.4936595244 -2511802.79617245 8215818.447539743 -591943.298074907 7730912.761785776 -5308218.596431122 -8668969.561380802 -569452.0022590109 -5410540.339708334 6124420.255620648 -3566177.1152689806 5958758.383578658 -813618.4507280496 -6225906.607824183 -9652569.029030705 -4655846.613511671 7414862.987459411 -7193689.9617495015 3519918.288389038 1052983.0973861597 36122593.41975882 3697048.630569543 -13049401.8627278 3033844.2235876215 -5047306.077915685 1209301.2564228857 270393.20683454955 -571875.8495433711 -7174834.602474306 -3099915.8487431635 -1224025.1920335696 5879766.301972207 -260495.9426136137 1949329.5657847002 -1857001.9744772415 -8796761.491246244 2581988.5493336488 -3464308.963992395 3848959.3810725366 -1827317.8245719187 -8855972.701793583 689026.1307743004 -95456.81166715863 -1299148.6572419666 -2416953.3091520513 -2324440.654281296 -2031012.2795468597 -51690.509326369305 3969979.060463319 3782669.265851661 -3444203.7016731533 9097279.36668379 10248502.867321948 1749690.2675850678 556125.8004437141 -4209322.910678436 2507773.964792697 -3762172.5125295133 9964326.888691911 8454062.557900757 3277810.86091963 -2909167.4176104856 -8706547.565275569 6461351.332322486 4549347.165419281 6622973.832020442 -6381432.4118716605 1107898.8390116116 606439.1112222082 -9068189.631295098 3738006.020510178 -1776207.2327214808 -2497971.9819758674 -1036308.1642334111 9934394.012492206 -5932097.936630986 -7792476.637823752 466932.8889662631 -427048.3812665906 -1409451.4713870902 -1256842.3851958623 -1523299.213143642 6705108.351912315 -3770918.8943776377
