30327316.832557112 515311.9481379885 37354.02227799262 2175461.8764334437 2721947.112534451 -1106603.220275435 1137566.8840429175 1800859.402292413 662805.6729112532 305709.2428616824 -1565162.6629159232 -3665773.3126353435 1109083.415835059 -1157161.62439765 -392005.45713127917 1994449.9825750273 2861058.38917155 -1535788.326687313 923370.7780931041 -1968265.633135443 3522758.375848335 2510933.572410457 2581557.940081716 2517980.406962041 2447148.697424261 -355962.8930530576 6667102.236681501 57831.29603390316 2879777.7722237054 -3663068.791165289 -823736.6829263195 -2574644.6208803235 -4470606.170934356 185496.32777575942 -2186326.9572608536 -1681665.78917166 -1297811.2667710197 4205043.840301704 -544250.9913412734 1695084.3711697967 1767973.3867025378 281080.48272856383 378942.6960904334
515311.9481379885 33238979.00698224 -1072154.8039699947 289128.4483316979 -667449.3137979211 -1236464.8320259976 1369166.8121314917 -303279.02893951425 3218557.2539767567 793249.2386123666 -1279741.3516777642 233377.48565653968 1885202.6586517002 539850.8451301295 -1566262.8107225962 -2055538.2273668929 -2448631.5089086983 2190873.92610317 -3515657.050737701 235372.59906739325 1056682.64750942 865782.5190083238 495070.6390975784 1697952.6908558013 -1667038.929863594 3126933.799715004 311769.6452796926 1294282.9446867984 -5177372.278034884 -5108286.772830792 1137527.3050291801 -2036745.632943104 55366.22114042319 -1242994.5059948554 144337.58004617682 -1261416.234986264 -2451311.620723361 -3829656.26909784 -3111475.3481458146 -1637053.3251999745 -1369889.6351897183 -1396649.4661990239 2396597.612648508
37354.02227799262 -1072154.8039699947 34484735.210389175 997051.0854378573 3752440.7492221855 989231.3039759045 2509608.436161954 -70385.31096738752 -494250.66506195266 -1286036.0513321247 1361817.322525288 -379601.2521611886 519759.47541397024 4137657.4023516555 -5007784.256972751 2162785.7294480633 2266872.3544884236 944704.5403618262 -60499.12772016847 -2510713.609472919 -589724.0194544614 2231540.644326247 -927297.7036629794 1317780.9343686593 -1263964.0168508566 -2531064.9032432856 19611.803417386214 -352510.85023692116 3837184.675207149 776964.84686833 365308.39167182194 -4403314.934990904 2996452.909808664 -1277402.0804068479 344936.1922728596 -2237342.6172011024 1092610.5372081648 -726756.7681670018 -2442097.699271502 702305.1265659549 445722.09372484946 -4563318.552597134 -3027307.4979738994
2175461.8764334437 289128.4483316979 997051.0854378573 35161520.2885376 902532.0201775588 486316.356037873 -1790969.0182656646 -1824932.9438322298 -2020555.8617013854 1764835.7974433582 -1769324.7209475352 -1174763.0229291974 2822474.9770144895 7497683.2601281665 1197119.88835785 1481261.0525436925 1181417.5674289241 -5788538.490407207 624034.4756818736 -4348101.492372803 -809765.7824651775 14832.107338866077 -308318.47205612215 2790299.5005774964 -1997467.6984430442 -467518.2713598656 -117293.10896541367 -436861.959462629 1634420.5879834124 -2543516.0458535384 -2579094.6440595402 -1498225.2265100887 2582336.1266543963 1654698.3473073686 -4175086.0504174037 183786.02025146765 1657580.3155095025 -1810067.1775596347 2002433.1673945803 1083212.4248835417 -2022598.669869925 2840961.6996016246 2506589.6888947464
2721947.112534451 -667449.3137979211 3752440.7492221855 902532.0201775588 30640223.985818222 -3528981.2857224955 450620.1822552764 -2516600.994218881 -200466.46345335158 2510782.5452471026 839148.3435063069 -2347485.5561972447 -290940.84139770234 1838086.0079922515 -3055679.1784675247 709418.5157514544 2222419.1846181373 -2149693.3457456217 -20505.41178492226 14721.486180002938 5534008.100741511 -147709.61928266467 1832162.9642286717 -1784234.4250378893 -3618721.395126619 -486319.62971363484 278652.9613022257 -1043328.3404789803 -3204741.4203840224 -3070041.216881179 -2939511.842528286 -2671794.2725597573 -363640.4024572599 -2119349.009912296 754356.7678630295 -866338.0541581566 366191.20672525035 -119819.98023034145 -992654.4974671996 1010351.1496015303 -1870489.2665116356 -542738.3450193009 -2725811.2628699862
-1106603.220275435 -1236464.8320259976 989231.3039759045 486316.356037873 -3528981.2857224955 35128634.62224225 -1643788.2882999193 972893.1486061331 -1452863.9204845834 -37331.2205558251 -2055669.4743153637 -382858.2317898158 1434011.6761306657 -4525688.795579744 -1857364.2540126562 473439.2624302399 -1832057.6158018836 583885.3014428498 -5219803.185370541 1767084.4531683123 -1027931.930639906 -2262005.6360546066 -4832344.980419177 248893.71108909833 2864423.901953207 -1629412.754198548 -5079917.577263957 -1480378.4180556205 1929182.0698199437 1137688.9502939796 -1186368.201007125 -2631050.9314431804 -55114.04506606011 189262.23090891435 2783869.570235363 -145214.12375692732 -4217081.604539927 -1263794.3498556577 -2858433.609415446 -705474.1225668733 -3087443.120737518 1782693.9939147392 -1281270.5624077038
1137566.8840429175 1369166.8121314917 2509608.436161954 -1790969.0182656646 450620.1822552764 -1643788.2882999193 30913688.60873932 2261306.58458237 -140630.52102902054 1721940.923520369 -2137287.661347501 1467126.4108026908 -2709225.0372693003 -2022503.1286388824 -3403192.668382418 2690090.9345085616 -1524790.796627951 -1134631.2735516597 1749399.661691474 1174410.6195184127 -330815.1924689822 1166470.792969029 986288.9257162911 3417602.9513493893 -2095834.6303835956 521794.33199436666 490804.35058106855 453631.2745436046 -626241.9276138532 1215902.8922796529 637198.3421932234 -528910.1708626983 -1364911.1245003445 -4459508.708596849 -347425.7779777833 -1317519.320390753 -92156.86149698746 -172900.27222269788 -1730986.5571988213 317705.27238299785 735809.1802627394 2965711.210051383 1157153.8482619398
1800859.402292413 -303279.02893951425 -70385.31096738752 -1824932.9438322298 -2516600.994218881 972893.1486061331 2261306.58458237 32821815.89450251 -196195.42514227747 2184766.201127434 -1446629.7336077641 -2029259.2373934814 1491437.5696792677 52519.9311779101 -307421.4112043235 1550149.6105170837 -4703328.01971432 -1252175.6068308633 -497431.5681523245 376951.9677464697 2454941.5074168337 -4185472.226937409 1402673.6984981038 2584647.208397407 4063572.522404939 3805880.1149853566 -382226.5752477926 2657639.534156197 1211742.3753140527 -2831449.283336999 338932.3034101365 -555999.5894680175 377211.68427718745 1945246.3996226417 -848487.309685591 1245489.8525787352 48883.42061687824 4982310.339146547 -3244652.619093675 -273279.292091082 1869594.6996286216 -629486.4478185137 1611522.3506208686
662805.6729112532 3218557.2539767567 -494250.66506195266 -2020555.8617013854 -200466.46345335158 -1452863.9204845834 -140630.52102902054 -196195.42514227747 26946979.92640902 1647329.9135963125 2129660.6640436533 719510.7506866218 1114067.6252715925 -481845.3775318096 324690.0171520708 2402373.424203082 -1122538.2244469607 -908924.9951529956 410648.1154348183 1047313.8256822326 1468071.591524707 -218065.17812594536 606980.8041781761 -5017895.646965379 780089.935444741 -2582366.1072282675 -1557989.545863313 3035007.7397723263 -3269693.242140984 3947080.871730984 -1382448.3800928432 3022850.9759381954 274772.91847425216 -542402.1477671735 -3013248.715841368 209511.63633951018 649412.438579675 2153692.048273354 5256470.516628559 -652244.1379235206 4266291.902346378 -2489136.3922379166 -620367.8803916452
305709.2428616824 793249.2386123666 -1286036.0513321247 1764835.7974433582 2510782.5452471026 -37331.2205558251 1721940.923520369 2184766.201127434 1647329.9135963125 34847387.88415123 -834594.540722363 -4538963.028668994 -1945641.805012999 -4538052.746597585 280478.4051044389 2092679.600107486 4654788.419712456 -2855533.444547591 -418768.346719783 -2003815.2365526883 594972.1782359361 -6288173.749746871 1986627.694160102 5007026.607234007 2311953.569713997 1986078.9925710275 -2354635.278157796 1613949.5651083353 115308.18985123509 -4111385.6614534524 -3466148.205423602 4299251.910445729 -3713152.0328675183 3067870.227714468 -1083942.736160802 -1607382.0673085887 -2513514.354903148 1566837.286205829 3118962.5530618113 -1481852.987001688 904034.6468222026 6591834.75524558 3418808.71137418
-1565162.6629159232 -1279741.3516777642 1361817.322525288 -1769324.7209475352 839148.3435063069 -2055669.4743153637 -2137287.661347501 -1446629.7336077641 2129660.6640436533 -834594.540722363 31423079.059862133 140526.53800105315 308247.6983584933 -1323848.0939779591 1198291.341986178 -975531.4569535909 4851419.544432254 -1893759.9825542688 4726813.639241902 -145372.65288815298 2327894.476475723 -1832593.13034184 -1957383.962281664 -1106971.9723318222 -740901.169757829 2797405.637367734 -1338480.3255297944 -5697359.8467362 -429830.7791037005 -1388444.823599678 2244414.541294187 -1885581.492449597 1802849.9234523887 1235657.6981660116 -893162.6599551373 801092.5305179078 470991.0740366864 -345528.76608368393 3307806.063558233 -309356.066342297 -641555.4213087677 -3087202.652091431 -4796968.756832893
-3665773.3126353435 233377.48565653968 -379601.2521611886 -1174763.0229291974 -2347485.5561972447 -382858.2317898158 1467126.4108026908 -2029259.2373934814 719510.7506866218 -4538963.028668994 140526.53800105315 32679868.863464102 3231366.2639259975 -667847.0914627102 -2056398.5457954723 -2734153.0845599514 -864695.2351250259 3348483.1860440224 -18332.061550290073 -4859667.135673795 -36103.227854107994 -848807.801665841 -3646685.0008317875 -2185357.4433628824 -1260126.6967050915 1231956.374764075 -2122544.6481226333 1756856.5961890132 -3584654.580882463 1897829.9660590414 3329942.2947676247 205839.57775298224 -3906138.274976809 536030.8848431912 -185125.9796362677 1609973.8508329382 504379.1662964134 -3770919.470669623 1688372.1336741499 -3385895.9595984262 997225.4206927494 1146423.9989401414 -2038346.9108532306
1109083.415835059 1885202.6586517002 519759.47541397024 2822474.9770144895 -290940.84139770234 1434011.6761306657 -2709225.0372693003 1491437.5696792677 1114067.6252715925 -1945641.805012999 308247.6983584933 3231366.2639259975 31546028.74941879 4982292.028573453 -3706716.2353289635 2163461.208974078 -191273.4966895304 -3025560.234166553 96309.1872484999 555527.5950938367 4887350.825645882 109959.97066199585 -852660.0439492296 3277661.1555214007 4235566.781404658 2530650.103143428 159469.04319897701 -1221647.6124288565 1795679.5268727383 -645903.249142204 1624022.8779242379 4256185.87994332 333539.0887791098 2915940.8475483577 2262975.0682720705 67753.61326101827 3061386.89147626 423415.9867980052 -1014804.1433141043 1477571.976321074 3032170.4892188297 707853.3185777203 -3008211.1355634155
-1157161.62439765 539850.8451301295 4137657.4023516555 7497683.2601281665 1838086.0079922515 -4525688.795579744 -2022503.1286388824 52519.9311779101 -481845.3775318096 -4538052.746597585 -1323848.0939779591 -667847.0914627102 4982292.028573453 34917123.44549551 -587293.5813006909 2274064.060998036 -965364.2457131717 -428721.1341960181 1929319.2387762265 -937304.6164162827 4536816.719917858 -323782.6883929318 1679691.2902736017 529916.9610243196 1458745.0114113144 -282125.4113259932 4702974.992303541 889090.3130107233 -3599797.3972774926 2287466.653086045 -27462.721123937597 1065655.3276053104 391868.96750889585 243234.06667505697 1268638.1115973757 2596086.3849936505 1324826.9591221993 -1357138.8258795377 272532.8110044939 1211580.9037735392 -967638.324317929 723220.4419429423 49634.726613431136
-392005.45713127917 -1566262.8107225962 -5007784.256972751 1197119.88835785 -3055679.1784675247 -1857364.2540126562 -3403192.668382418 -307421.4112043235 324690.0171520708 280478.4051044389 1198291.341986178 -2056398.5457954723 -3706716.2353289635 -587293.5813006909 33627934.4868121 -2186158.7482124977 5002079.186087889 359707.99367865134 -3751474.601632241 -4783406.591161214 -3517727.8589487057 -4214671.552613386 -579274.1501257893 -1692847.568799739 2437606.574128894 1902726.7906169954 1116134.6956149307 349662.3884763567 -1344412.9908370816 -294681.74834919133 -388148.9435066093 929430.4575597049 2905397.2061893735 328686.6345383891 -1851993.7285944195 -910396.7848401474 4103276.9224206796 -2103685.35988581 5085880.762529166 1165544.522866844 84194.06516707047 -2461536.7313686353 1735032.4997972057
1994449.9825750273 -2055538.2273668929 2162785.7294480633 1481261.0525436925 709418.5157514544 473439.2624302399 2690090.9345085616 1550149.6105170837 2402373.424203082 2092679.600107486 -975531.4569535909 -2734153.0845599514 2163461.208974078 2274064.060998036 -2186158.7482124977 32590184.672204744 -2030394.3029606056 -724961.7354520176 1039579.5874689018 2128385.9927980965 52215.626253188486 2079612.8780505944 2339840.003815258 2279858.7455747495 2255967.880020985 -3057503.9270424847 -3388517.757690028 -40736.3825554167 2112030.308219307 2994656.135518431 5554542.8536463035 849047.6590657915 2363939.437459836 -4184890.37565097 2967132.484274379 1910025.70485131 -3806431.136944987 948491.8777536311 -263861.9703122884 -74153.34232035348 -1144972.2876403043 2039633.8108692751 -218978.37074957494
2861058.38917155 -2448631.5089086983 2266872.3544884236 1181417.5674289241 2222419.1846181373 -1832057.6158018836 -1524790.796627951 -4703328.01971432 -1122538.2244469607 4654788.419712456 4851419.544432254 -864695.2351250259 -191273.4966895304 -965364.2457131717 5002079.186087889 -2030394.3029606056 37253951.23508265 385356.98338666285 -1590468.2255563878 -647837.4072701283 2563898.6094401856 -3849445.6708046696 1498616.3527249158 -190291.86361718856 -219291.69379260016 838096.8299635962 2338858.2714061085 -6126110.336215181 -941064.040452735 -1128497.1434299978 -1515008.3347428732 -1590971.9217357715 -2949934.0662342715 -1091704.7441106336 1279639.4772951335 1157993.1342301876 -2078420.5441676406 -2851922.436142297 1521825.3411853109 -1401233.5619419012 3685755.249892354 2896728.5599141032 -1146026.6351876599
-1535788.326687313 2190873.92610317 944704.5403618262 -5788538.490407207 -2149693.3457456217 583885.3014428498 -1134631.2735516597 -1252175.6068308633 -908924.9951529956 -2855533.444547591 -1893759.9825542688 3348483.1860440224 -3025560.234166553 -428721.1341960181 359707.99367865134 -724961.7354520176 385356.98338666285 33932094.998132095 -740918.5576742953 127970.00242759545 -114582.5579430748 2687628.9433821887 -556928.5750511138 -1027034.794936898 -1280566.6895713243 -2782513.445213309 1987644.9317295249 2687159.781775045 -2055927.5145130618 -2382031.3284794213 -869193.0854944036 -1974202.0850806439 -2309494.1079952572 474442.08005130186 5896962.890044218 4393467.012394251 2008446.4240401743 -5974338.888072832 1557577.0533579658 239259.55023258133 1228378.854458697 604795.9832986472 130394.19930381667
923370.7780931041 -3515657.050737701 -60499.12772016847 624034.4756818736 -20505.41178492226 -5219803.185370541 1749399.661691474 -497431.5681523245 410648.1154348183 -418768.346719783 4726813.639241902 -18332.061550290073 96309.1872484999 1929319.2387762265 -3751474.601632241 1039579.5874689018 -1590468.2255563878 -740918.5576742953 31100485.79972678 2614235.121700164 3029327.4710382284 1847808.0200813906 3035528.5993770994 -2151189.8759199874 3090832.7516643056 -1825175.4464435428 -487720.21606070304 -1190327.1050802965 -2791908.6373954513 -806893.5719658489 1334254.4595128875 -304875.8557689216 447305.1006349386 -1292055.0616210152 -315988.0153325075 -230566.723641144 -3009965.4910685606 4528582.162872885 3592664.865353007 -1488512.5262200874 -390268.0357352212 1295528.749423726 2217938.9692043024
-1968265.633135443 235372.59906739325 -2510713.609472919 -4348101.492372803 14721.486180002938 1767084.4531683123 1174410.6195184127 376951.9677464697 1047313.8256822326 -2003815.2365526883 -145372.65288815298 -4859667.135673795 555527.5950938367 -937304.6164162827 -4783406.591161214 2128385.9927980965 -647837.4072701283 127970.00242759545 2614235.121700164 33302067.37563702 4050855.891675626 -1452643.875947833 3790230.527756168 -3010235.723996541 961881.7970596616 -2498236.248979189 -839243.9217096132 -3647660.217158724 -465391.6300591594 5813296.998579133 648879.8968151831 1867188.1147973493 -1227928.104539366 -2251518.6816639816 4944130.0184606025 1633764.6271782387 -7548387.573003715 1712296.7167565138 -3314066.7872576453 -371085.8945444823 2540677.120470385 -167990.12236984508 62183.71544000351
3522758.375848335 1056682.64750942 -589724.0194544614 -809765.7824651775 5534008.100741511 -1027931.930639906 -330815.1924689822 2454941.5074168337 1468071.591524707 594972.1782359361 2327894.476475723 -36103.227854107994 4887350.825645882 4536816.719917858 -3517727.8589487057 52215.626253188486 2563898.6094401856 -114582.5579430748 3029327.4710382284 4050855.891675626 34691211.288923904 -684025.0150882073 2838052.371325984 2990956.7667847043 1569546.2237108704 -766344.5932428153 -1965877.4619975183 66296.93974028721 -5548815.71867991 1829263.8338121832 5686377.208617409 387295.6827665818 -1594256.604292543 1030506.9787054826 2030967.552466442 9402.045395314877 -313528.1390834974 1757082.6810967268 -3911891.6264785617 1435601.7780238923 1779525.109875159 -1013442.882237949 -459887.7061180194
2510933.572410457 865782.5190083238 2231540.644326247 14832.107338866077 -147709.61928266467 -2262005.6360546066 1166470.792969029 -4185472.226937409 -218065.17812594536 -6288173.749746871 -1832593.13034184 -848807.801665841 109959.97066199585 -323782.6883929318 -4214671.552613386 2079612.8780505944 -3849445.6708046696 2687628.9433821887 1847808.0200813906 -1452643.875947833 -684025.0150882073 31947880.84612108 -5597500.818130715 -1686794.870526455 -1257749.3861192053 -224208.91438702523 1988724.6450081377 2525500.67540245 -140607.46167254823 3467648.495352006 1946988.1344220594 396516.7433382542 -2923036.8762196484 -1501836.210761951 -1700388.344034456 4597312.97933146 -1102650.7902826646 -225101.09319752958 898155.0321753494 -187611.9499150842 4592605.009320402 -5177002.489981975 -788069.192611222
2581557.940081716 495070.6390975784 -927297.7036629794 -308318.47205612215 1832162.9642286717 -4832344.980419177 986288.9257162911 1402673.6984981038 606980.8041781761 1986627.694160102 -1957383.962281664 -3646685.0008317875 -852660.0439492296 1679691.2902736017 -579274.1501257893 2339840.003815258 1498616.3527249158 -556928.5750511138 3035528.5993770994 3790230.527756168 2838052.371325984 -5597500.818130715 33850368.64525393 -4617048.173030967 1653983.884592725 -974323.755500784 -838332.6015307392 -1859035.895221234 -338421.6253824087 789161.9503568583 1438002.607620134 264791.1342552757 1140521.3558426013 -3863343.2844739524 -1231897.6805243155 -232976.937825913 -1861942.767009155 623552.3101845284 31389.730963611277 3614959.8408431746 15108.006856768776 360599.75084128865 1132140.6894370734
2517980.406962041 1697952.6908558013 1317780.9343686593 2790299.5005774964 -1784234.4250378893 248893.71108909833 3417602.9513493893 2584647.208397407 -5017895.646965379 5007026.607234007 -1106971.9723318222 -2185357.4433628824 3277661.1555214007 529916.9610243196 -1692847.568799739 2279858.7455747495 -190291.86361718856 -1027034.794936898 -2151189.8759199874 -3010235.723996541 2990956.7667847043 -1686794.870526455 -4617048.173030967 33239244.20253477 -237803.84932901157 1731741.6165200842 -1339620.71405572 1515114.9305475443 385604.9160995751 -6132072.094351626 -1226755.3761546838 2832452.96968882 2684957.596073783 2522763.947308108 -76434.92589225435 438618.6242414649 3387548.1416917783 1268566.4906975448 2454360.557298292 -727468.7692994429 -3341226.6409013877 3327748.182464994 566335.1124161931
2447148.697424261 -1667038.929863594 -1263964.0168508566 -1997467.6984430442 -3618721.395126619 2864423.901953207 -2095834.6303835956 4063572.522404939 780089.935444741 2311953.569713997 -740901.169757829 -1260126.6967050915 4235566.781404658 1458745.0114113144 2437606.574128894 2255967.880020985 -219291.69379260016 -1280566.6895713243 3090832.7516643056 961881.7970596616 1569546.2237108704 -1257749.3861192053 1653983.884592725 -237803.84932901157 36271639.03286311 2997079.5696600373 4536620.922363989 2501875.924101143 -720346.6249302448 5517355.208094234 -653503.7254979402 -3141617.540167701 -4230644.706134429 -1094111.0830247845 -1973822.9098759526 1753065.7741215602 -2904656.2120134523 2033438.5071001959 2069532.8535742878 5419905.743391866 -1228886.0788602296 2445864.2141112066 -2586430.301624092
-355962.8930530576 3126933.799715004 -2531064.9032432856 -467518.2713598656 -486319.62971363484 -1629412.754198548 521794.33199436666 3805880.1149853566 -2582366.1072282675 1986078.9925710275 2797405.637367734 1231956.374764075 2530650.103143428 -282125.4113259932 1902726.7906169954 -3057503.9270424847 838096.8299635962 -2782513.445213309 -1825175.4464435428 -2498236.248979189 -766344.5932428153 -224208.91438702523 -974323.755500784 1731741.6165200842 2997079.5696600373 33185947.219819523 -1991604.4880097015 -3037011.0848258054 -2880701.855251041 -807445.9335546297 3436745.772853369 1857815.6589501987 2841798.2773169717 479528.2305542961 -246015.91001010206 4591879.335852845 -1544715.614781024 -4617787.401437908 151649.97541700737 3783142.700157943 1199365.1394506567 -1926845.4167613597 1980297.2327371712
6667102.236681501 311769.6452796926 19611.803417386214 -117293.10896541367 278652.9613022257 -5079917.577263957 490804.35058106855 -382226.5752477926 -1557989.545863313 -2354635.278157796 -1338480.3255297944 -2122544.6481226333 159469.04319897701 4702974.992303541 1116134.6956149307 -3388517.757690028 2338858.2714061085 1987644.9317295249 -487720.21606070304 -839243.9217096132 -1965877.4619975183 1988724.6450081377 -838332.6015307392 -1339620.71405572 4536620.922363989 -1991604.4880097015 34850019.50380232 105212.54166663306 -2911074.8795213616 -913705.2396051676 -241534.24497233663 254042.40963979776 1976905.2586371012 3469134.0731102647 -30206.782114187416 1621397.2407414096 2557230.7589860475 -154403.7514181648 583187.2830407972 412755.2440465293 2055774.9128989342 373592.9703538504 853938.6850848754
57831.29603390316 1294282.9446867984 -352510.85023692116 -436861.959462629 -1043328.3404789803 -1480378.4180556205 453631.2745436046 2657639.534156197 3035007.7397723263 1613949.5651083353 -5697359.8467362 1756856.5961890132 -1221647.6124288565 889090.3130107233 349662.3884763567 -40736.3825554167 -6126110.336215181 2687159.781775045 -1190327.1050802965 -3647660.217158724 66296.93974028721 2525500.67540245 -1859035.895221234 1515114.9305475443 2501875.924101143 -3037011.0848258054 105212.54166663306 35280587.41445533 2239934.5537591353 -1133528.6087470842 -2063928.6021214202 1342233.4947329978 -6313113.336153575 1164953.5229197273 424910.8208806348 472374.4875980568 577530.1994886321 4848799.584585146 1183438.949923627 -1496442.957904223 4421434.747248927 -1682103.2188898297 2804914.2295353496
2879777.7722237054 -5177372.278034884 3837184.675207149 1634420.5879834124 -3204741.4203840224 1929182.0698199437 -626241.9276138532 1211742.3753140527 -3269693.242140984 115308.18985123509 -429830.7791037005 -3584654.580882463 1795679.5268727383 -3599797.3972774926 -1344412.9908370816 2112030.308219307 -941064.040452735 -2055927.5145130618 -2791908.6373954513 -465391.6300591594 -5548815.71867991 -140607.46167254823 -338421.6253824087 385604.9160995751 -720346.6249302448 -2880701.855251041 -2911074.8795213616 2239934.5537591353 35402958.64546172 -3714640.5569559066 -502154.55909072445 -105449.53868317061 599014.5733247605 -3541692.125246927 -1006942.4968919748 876201.2258945771 -3210129.2608588394 1692084.3856938232 -386332.3549296493 93021.08692999366 -2047371.6435398946 3995955.1682477845 739067.5812219052
-3663068.791165289 -5108286.772830792 776964.84686833 -2543516.0458535384 -3070041.216881179 1137688.9502939796 1215902.8922796529 -2831449.283336999 3947080.871730984 -4111385.6614534524 -1388444.823599678 1897829.9660590414 -645903.249142204 2287466.653086045 -294681.74834919133 2994656.135518431 -1128497.1434299978 -2382031.3284794213 -806893.5719658489 5813296.998579133 1829263.8338121832 3467648.495352006 789161.9503568583 -6132072.094351626 5517355.208094234 -807445.9335546297 -913705.2396051676 -1133528.6087470842 -3714640.5569559066 34290137.413756534 -499963.091882691 -1248380.3179375723 3504956.08907231 -4297.951913973931 679138.7321574731 3655461.737832273 -2727768.3321344447 -517406.1563555975 1804588.5768176652 388830.5855894451 2327560.567241263 -6817937.636485342 340442.13634272874
-823736.6829263195 1137527.3050291801 365308.39167182194 -2579094.6440595402 -2939511.842528286 -1186368.201007125 637198.3421932234 338932.3034101365 -1382448.3800928432 -3466148.205423602 2244414.541294187 3329942.2947676247 1624022.8779242379 -27462.721123937597 -388148.9435066093 5554542.8536463035 -1515008.3347428732 -869193.0854944036 1334254.4595128875 648879.8968151831 5686377.208617409 1946988.1344220594 1438002.607620134 -1226755.3761546838 -653503.7254979402 3436745.772853369 -241534.24497233663 -2063928.6021214202 -502154.55909072445 -499963.091882691 31676685.913824484 -468214.712540405 864675.9846953952 2557294.2989170686 -2338077.388580714 788059.6752170518 -1578265.2371589285 -1064502.3726517442 -536765.2664757587 -1696032.8648206322 -2604861.741642719 -1977464.918253862 -1836464.380638065
-2574644.6208803235 -2036745.632943104 -4403314.934990904 -1498225.2265100887 -2671794.2725597573 -2631050.9314431804 -528910.1708626983 -555999.5894680175 3022850.9759381954 4299251.910445729 -1885581.492449597 205839.57775298224 4256185.87994332 1065655.3276053104 929430.4575597049 849047.6590657915 -1590971.9217357715 -1974202.0850806439 -304875.8557689216 1867188.1147973493 387295.6827665818 396516.7433382542 264791.1342552757 2832452.96968882 -3141617.540167701 1857815.6589501987 254042.40963979776 1342233.4947329978 -105449.53868317061 -1248380.3179375723 -468214.712540405 32672989.407981254 1547746.939917255 -917254.5589389656 1510235.107977351 -2078070.1596057203 435488.55626970273 1551885.4168754264 4877713.356224539 548209.6751424593 1986866.2762281352 1683332.4665910352 3556493.49120302
-4470606.170934356 55366.22114042319 2996452.909808664 2582336.1266543963 -363640.4024572599 -55114.04506606011 -1364911.1245003445 377211.68427718745 274772.91847425216 -3713152.0328675183 1802849.9234523887 -3906138.274976809 333539.0887791098 391868.96750889585 2905397.2061893735 2363939.437459836 -2949934.0662342715 -2309494.1079952572 447305.1006349386 -1227928.104539366 -1594256.604292543 -2923036.8762196484 1140521.3558426013 2684957.596073783 -4230644.706134429 2841798.2773169717 1976905.2586371012 -6313113.336153575 599014.5733247605 3504956.08907231 864675.9846953952 1547746.939917255 34828842.3282892 -615336.0403728309 1177535.2358489938 3924528.40076442 1480365.1603804645 -3095254.3772633094 1403298.3846118795 4167045.5165309077 -4034453.3357241596 -2061601.454752749 1934090.4686803208
185496.32777575942 -1242994.5059948554 -1277402.0804068479 1654698.3473073686 -2119349.009912296 189262.23090891435 -4459508.708596849 1945246.3996226417 -542402.1477671735 3067870.227714468 1235657.6981660116 536030.8848431912 2915940.8475483577 243234.06667505697 328686.6345383891 -4184890.37565097 -1091704.7441106336 474442.08005130186 -1292055.0616210152 -2251518.6816639816 1030506.9787054826 -1501836.210761951 -3863343.2844739524 2522763.947308108 -1094111.0830247845 479528.2305542961 3469134.0731102647 1164953.5229197273 -3541692.125246927 -4297.951913973931 2557294.2989170686 -917254.5589389656 -615336.0403728309 35930344.12217363 -1618757.2398221858 -1417172.4216993712 -4041237.161788764 3794120.7921831645 1832568.3431336426 -5304937.465871227 1138178.4585900581 -339798.9138720238 745635.4679382307
-2186326.9572608536 144337.58004617682 344936.1922728596 -4175086.0504174037 754356.7678630295 2783869.570235363 -347425.7779777833 -848487.309685591 -3013248.715841368 -1083942.736160802 -893162.6599551373 -185125.9796362677 2262975.0682720705 1268638.1115973757 -1851993.7285944195 2967132.484274379 1279639.4772951335 5896962.890044218 -315988.0153325075 4944130.0184606025 2030967.552466442 -1700388.344034456 -1231897.6805243155 -76434.92589225435 -1973822.9098759526 -246015.91001010206 -30206.782114187416 424910.8208806348 -1006942.4968919748 679138.7321574731 -2338077.388580714 1510235.107977351 1177535.2358489938 -1618757.2398221858 32057242.585684244 1568927.5505170962 -3658361.65244118 -3663847.3116056635 2878788.5833385107 2314207.0429862635 497954.1574457126 -3055647.148643811 1399460.2770312934
-1681665.78917166 -1261416.234986264 -2237342.6172011024 183786.02025146765 -866338.0541581566 -145214.12375692732 -1317519.320390753 1245489.8525787352 209511.63633951018 -1607382.0673085887 801092.5305179078 1609973.8508329382 67753.61326101827 2596086.3849936505 -910396.7848401474 1910025.70485131 1157993.1342301876 4393467.012394251 -230566.723641144 1633764.6271782387 9402.045395314877 4597312.97933146 -232976.937825913 438618.6242414649 1753065.7741215602 4591879.335852845 1621397.2407414096 472374.4875980568 876201.2258945771 3655461.737832273 788059.6752170518 -2078070.1596057203 3924528.40076442 -1417172.4216993712 1568927.5505170962 31373426.882255137 -2851647.615331594 -1929710.3589606194 -3092269.028751203 -2291647.508418144 4799594.911986928 -3001108.8777286215 1289203.740262101
-1297811.2667710197 -2451311.620723361 1092610.5372081648 1657580.3155095025 366191.20672525035 -4217081.604539927 -92156.86149698746 48883.42061687824 649412.438579675 -2513514.354903148 470991.0740366864 504379.1662964134 3061386.89147626 1324826.9591221993 4103276.9224206796 -3806431.136944987 -2078420.5441676406 2008446.4240401743 -3009965.4910685606 -7548387.573003715 -313528.1390834974 -1102650.7902826646 -1861942.767009155 3387548.1416917783 -2904656.2120134523 -1544715.614781024 2557230.7589860475 577530.1994886321 -3210129.2608588394 -2727768.3321344447 -1578265.2371589285 435488.55626970273 1480365.1603804645 -4041237.161788764 -3658361.65244118 -2851647.615331594 32963345.47568446 -3296267.420880383 -893175.8988113031 -214958.2689627866 -1948526.8142445674 -2725647.3921364704 -1335099.774942318
4205043.840301704 -3829656.26909784 -726756.7681670018 -1810067.1775596347 -119819.98023034145 -1263794.3498556577 -172900.27222269788 4982310.339146547 2153692.048273354 1566837.286205829 -345528.76608368393 -3770919.470669623 423415.9867980052 -1357138.8258795377 -2103685.35988581 948491.8777536311 -2851922.436142297 -5974338.888072832 4528582.162872885 1712296.7167565138 1757082.6810967268 -225101.09319752958 623552.3101845284 1268566.4906975448 2033438.5071001959 -4617787.401437908 -154403.7514181648 4848799.584585146 1692084.3856938232 -517406.1563555975 -1064502.3726517442 1551885.4168754264 -3095254.3772633094 3794120.7921831645 -3663847.3116056635 -1929710.3589606194 -3296267.420880383 30742288.049945045 142050.3969846606 2099554.2589047235 1294472.8222191292 -617754.7155009643 2434081.4044365603
-544250.9913412734 -3111475.3481458146 -2442097.699271502 2002433.1673945803 -992654.4974671996 -2858433.609415446 -1730986.5571988213 -3244652.619093675 5256470.516628559 3118962.5530618113 3307806.063558233 1688372.1336741499 -1014804.1433141043 272532.8110044939 5085880.762529166 -263861.9703122884 1521825.3411853109 1557577.0533579658 3592664.865353007 -3314066.7872576453 -3911891.6264785617 898155.0321753494 31389.730963611277 2454360.557298292 2069532.8535742878 151649.97541700737 583187.2830407972 1183438.949923627 -386332.3549296493 1804588.5768176652 -536765.2664757587 4877713.356224539 1403298.3846118795 1832568.3431336426 2878788.5833385107 -3092269.028751203 -893175.8988113031 142050.3969846606 34975541.51675914 2041719.5333717149 1006392.90231682 -641936.2312363313 1939621.1245016851
1695084.3711697967 -1637053.3251999745 702305.1265659549 1083212.4248835417 1010351.1496015303 -705474.1225668733 317705.27238299785 -273279.292091082 -652244.1379235206 -1481852.987001688 -309356.066342297 -3385895.9595984262 1477571.976321074 1211580.9037735392 1165544.522866844 -74153.34232035348 -1401233.5619419012 239259.55023258133 -1488512.5262200874 -371085.8945444823 1435601.7780238923 -187611.9499150842 3614959.8408431746 -727468.7692994429 5419905.743391866 3783142.700157943 412755.2440465293 -1496442.957904223 93021.08692999366 388830.5855894451 -1696032.8648206322 548209.6751424593 4167045.5165309077 -5304937.465871227 2314207.0429862635 -2291647.508418144 -214958.2689627866 2099554.2589047235 2041719.5333717149 35496881.91946306 1737551.8554439228 2686466.9146841886 -847494.3898445056
1767973.3867025378 -1369889.6351897183 445722.09372484946 -2022598.669869925 -1870489.2665116356 -3087443.120737518 735809.1802627394 1869594.6996286216 4266291.902346378 904034.6468222026 -641555.4213087677 997225.4206927494 3032170.4892188297 -967638.324317929 84194.06516707047 -1144972.2876403043 3685755.249892354 1228378.854458697 -390268.0357352212 2540677.120470385 1779525.109875159 4592605.009320402 15108.006856768776 -3341226.6409013877 -1228886.0788602296 1199365.1394506567 2055774.9128989342 4421434.747248927 -2047371.6435398946 2327560.567241263 -2604861.741642719 1986866.2762281352 -4034453.3357241596 1138178.4585900581 497954.1574457126 4799594.911986928 -1948526.8142445674 1294472.8222191292 1006392.90231682 1737551.8554439228 31246474.96392586 -617003.8347648403 927327.5349449076
281080.48272856383 -1396649.4661990239 -4563318.552597134 2840961.6996016246 -542738.3450193009 1782693.9939147392 2965711.210051383 -629486.4478185137 -2489136.3922379166 6591834.75524558 -3087202.652091431 1146423.9989401414 707853.3185777203 723220.4419429423 -2461536.7313686353 2039633.8108692751 2896728.5599141032 604795.9832986472 1295528.749423726 -167990.12236984508 -1013442.882237949 -5177002.489981975 360599.75084128865 3327748.182464994 2445864.2141112066 -1926845.4167613597 373592.9703538504 -1682103.2188898297 3995955.1682477845 -6817937.636485342 -1977464.918253862 1683332.4665910352 -2061601.454752749 -339798.9138720238 -3055647.148643811 -3001108.8777286215 -2725647.3921364704 -617754.7155009643 -641936.2312363313 2686466.9146841886 -617003.8347648403 33008962.018696513 -2986841.4002667773
378942.6960904334 2396597.612648508 -3027307.4979738994 2506589.6888947464 -2725811.2628699862 -1281270.5624077038 1157153.8482619398 1611522.3506208686 -620367.8803916452 3418808.71137418 -4796968.756832893 -2038346.9108532306 -3008211.1355634155 49634.726613431136 1735032.4997972057 -218978.37074957494 -1146026.6351876599 130394.19930381667 2217938.9692043024 62183.71544000351 -459887.7061180194 -788069.192611222 1132140.6894370734 566335.1124161931 -2586430.301624092 1980297.2327371712 853938.6850848754 2804914.2295353496 739067.5812219052 340442.13634272874 -1836464.380638065 3556493.49120302 1934090.4686803208 745635.4679382307 1399460.2770312934 1289203.740262101 -1335099.774942318 2434081.4044365603 1939621.1245016851 -847494.3898445056 927327.5349449076 -2986841.4002667773 33884900.15140322
