32653908.314662 -1928.7470174930854 -457490.58614677953 3285659.880481289 -1124242.8717373246 2662748.51057295 1331392.5540570333 539825.567488436 -1080830.9367981805 -1760381.5034797534 -1877853.3032224448 917644.9936180748 588210.3158519933 3228.5504060236026 1425166.4174719136 1558703.244402958 -908605.1213310378 781281.3623340306 -1492007.4717355706 -729427.6412842605 -1016784.8227944466 1746124.19699733 -146695.22868904786 717339.3775349426 -452886.2131340492 1544223.4408075025 1267281.7327816256 -2837959.0758018675 2460119.359273775 -1367170.1381573942 806032.4741344862 -1059412.9297518365 -1491732.8327761253 -349648.65609671973 -1866691.015726924 1659572.0936836977 -2309564.244638566 922188.1307134397 -161896.2198689723 -1379750.5515051896 -2415944.2194033405 -661623.5784628248 842277.2963507893 -2200753.1340886424 -1485599.66858118 387026.87329891074 -111963.58050333787 -1168045.0071442742 -2342347.9758858695 -1770229.7573642014 1203861.8297575228 -2042158.4186360296 -413014.1247269583 608652.8818096435 2227316.619103905 2894287.07084244 -1175782.839036657 1411909.102710153 -555118.9740710871 -933132.718585584 778655.5220726682 41535.10612988261 1177191.5985028497 -2006394.7015162131 2130437.496195731 -1908791.2989237844 3586998.97838778 704982.0628142633 -1285549.9712125852 -1616862.9662514785 -691856.7434820439 -1055602.469260011 -328326.908280922 3882813.526698045 -1393879.589254785 -818134.0796514541 -340766.0637431527 408762.70990071236 -126091.7696032365 392068.6412084102 -1042237.446139791 90853.36959447984 3082526.462530443 -2033047.8070646783 -1830255.4061313532 -2297808.9249388883 1434316.0686770973 -230527.27964375066 -981324.178250148
-1928.7470174930854 29692390.346033655 1003756.6895048292 1561584.5015927039 159598.85156175095 -619764.6307948031 45840.17082259048 -665658.9778057713 716620.4533951016 -2399197.1269264724 -134019.84583166742 -471164.95598875027 78027.4623579024 -222826.4480473069 -608506.7061574936 -388373.8510474056 -637774.748292513 -526686.2734690412 642168.7214012156 580399.59854118 204896.4272376801 1212612.458181322 -9359.073485275776 -2031239.2805266152 -1584866.948516627 802863.3139045698 -1783689.4818091334 118958.14088573576 -442400.8928445391 -1154360.0417383544 -2668514.380588277 2441375.3194005117 1502394.8192182416 -997714.7412796371 132715.08058575014 -466643.9554670139 931706.9719056318 -638865.9751881597 -188657.58291837285 766398.9716310084 2041616.706074622 2035631.1041493374 -1297223.0777038517 690029.0758067807 -927320.3930869108 1714315.2840605655 1384338.7265627796 -324929.31604637386 -2081743.79725861 1944190.0248955055 -495139.7583233404 1176118.0567404255 152759.74022019608 606967.8359315123 -1169273.8558651633 3715040.9344481905 2912761.9771004175 974976.464389118 103456.4230980896 -2093709.6546540274 -1239817.1678997178 -1155880.730332866 649328.8927834596 -904093.3875511427 1509505.182092799 95024.12907520558 -55588.84598642921 -1580407.7299603347 1007565.5196014438 -1828038.0871759846 -1656504.200032388 -616163.0972060126 -104320.8061618028 -579368.4991147447 -529954.9071098889 -755847.6582189674 123787.06930805139 -112735.7805822007 -806075.9273825004 -1757734.9819187766 321217.67882464017 -847480.7723668993 -1028365.8997995394 -24705.819410046573 1643381.3171537013 34068.79028492667 1187391.7022371662 1051577.2086797084 607560.8841587784
-457490.58614677953 1003756.6895048292 32876825.962938137 -1312577.2795078298 2406285.6448507775 -925675.9245218772 2069228.9669382279 1636068.3116349245 964279.0342953126 -720848.0501471949 -1250497.5218058196 -475062.38397324417 -395514.06127881276 -1297130.8569741582 176300.69201373233 -1156534.5217547365 -1430620.0128226052 -1524168.7096277475 -764816.7166659129 -1390054.7739289044 -544831.0911135153 47652.61554381766 444595.47123527696 -1825373.7660859218 -1202675.2769600914 864864.2215916436 1426798.1428976855 -658489.9875104656 -1894216.6751646483 -88866.87908134561 -2444855.758523027 1030270.2987910339 3365973.8697082624 2009981.112024905 1117336.662100031 539800.1712462109 1707327.378741162 -1829573.1635488244 -558089.9629102123 -1093088.5125817661 -1054219.7738176747 -2652329.995743265 -2606025.343025158 -1340000.1207679443 1174186.9597181322 1574707.067182341 699730.1786975511 -471523.9596111826 -1129479.5880430853 1936298.2347698323 -2120307.341146488 -431517.9216825554 106887.56540783822 2056185.4683416616 139627.16477271842 1279667.1502055703 -256740.56329607067 1512017.7959011837 1247119.9170940698 1165527.0358878712 518866.08257670695 565304.0134176334 -485541.96166478435 701407.3353583262 1303748.6606482675 1847973.935179598 30135.990536706096 501506.80662502453 1895093.2653603451 -638030.638246128 -333406.3650198745 651146.8740848477 518119.8428669017 -283206.8106077599 -516785.02748166514 -1091609.241246087 1272992.8827661264 -2683828.7336858786 -507246.29595795437 1786700.3984007859 68918.83664590647 101931.69711450435 -1665913.8483044629 2959139.70126285 -1747080.107950729 -82820.8099363892 889458.9642072082 186912.77779335232 -737852.4628855707
3285659.880481289 1561584.5015927039 -1312577.2795078298 33880467.40700044 2616597.260794744 -1542929.651256722 669520.4117307368 -1518432.0751835671 -3854168.1895030453 204727.51872313378 -1301717.5733896694 -2546296.637186358 -139083.81147906318 2424121.209748244 -249362.76751521174 -537606.5331493571 2427390.607511377 2944108.1582781333 1181729.95266536 970223.3614495882 1212449.6876867476 -618198.6193853855 -2371853.0172027852 -487295.98909913655 -907695.7585575375 -635231.5444291282 52669.95268373841 -1000535.5986305217 2126235.065188371 -379052.6981535477 -40170.616782740835 1592619.2518263175 -1340134.002275862 625672.8697784991 -1484821.1703114475 380384.9905408078 -1568357.695399682 450051.5327330372 1119756.205626967 553484.5511555196 -285907.3144487828 1422879.8691534372 -2174481.9489844777 -831868.3385978322 -3522372.6497703437 795843.7803854318 -438034.4183197198 -1104984.7632690885 -1656841.1244449536 -869895.4438421234 443528.2216567994 -980554.392955194 -722516.3519984119 621119.6631879928 -267880.01192157454 -1058075.0867573335 -544680.5198832334 40448.682470042266 304996.60590161517 -2150610.371547618 -77224.87717184558 -1804602.2372824207 -1244331.401824034 -616648.113770428 396140.7076068357 -2324199.060000002 1268717.7689741577 -70521.44085419191 -2228135.3348963493 255061.38002598763 510418.667553718 1393961.3902418849 1625482.2034801587 395130.1450945979 -79643.30728735005 -1787437.0860622828 375153.0153368209 -65182.89366406313 -1882769.9334880754 714176.7715014763 955753.8621357182 1767822.8502595418 -1347061.4922005618 794093.7994111944 2427755.9898495167 -2624335.1254734043 -373277.6441406312 -1510571.3734560688 -1037758.8149967883
-1124242.8717373246 159598.85156175095 2406285.6448507775 2616597.260794744 31339931.019211 -1691790.256785265 -2933764.482953825 801152.8831322377 278265.0578678626 -754468.4640440354 777603.0521741423 585971.4639994245 -2105789.202340377 33272.95783929826 -3527167.6080872943 -1383623.3243624514 -1377433.6540608588 843478.5042252862 2936636.422454736 -1688141.400387339 302252.96526173037 -730578.5457512583 -1030700.1138645292 598232.5015013121 1737602.9169608613 1406426.3276795628 764860.7278832155 564619.3449290631 -1280732.5999893125 -1111468.9993797617 -2043416.736010327 -204037.19528723386 -356247.9881359477 239538.98010327658 240900.47701819174 2082892.74616318 -619585.4129044558 -63870.74254892491 -583820.6817032524 -1198638.6462063491 415090.6793673603 -1284624.6198858116 681696.5194026774 -564635.7738114642 2407909.992320314 355866.4347961931 665373.3502258945 1059663.1260520762 1263110.2937070406 557057.3039973511 865246.1988725608 -2017464.7115236176 -21900.333577049532 32509.410388806653 484112.25424420217 820955.2872160005 1764560.5605613184 -1445540.7935317329 -136127.0511660315 -67416.65404891431 318757.05208266166 -2264832.3644434065 -2013905.0314073279 1295670.247896786 3376546.581468053 32790.641759359554 2860630.5271751587 -307184.90415522386 324226.9515350784 -660030.1328152503 -2431656.6774178944 1834045.175656134 -482928.92649979104 531477.1959500954 -1820274.7282926766 -213300.92879602636 -818774.3044000666 -193945.89109864752 -222372.2327037761 3390735.2766704885 -329787.87008393055 -106999.20367579177 170739.06385837603 154975.96820373606 -671017.2991706071 465911.34914638737 1051570.376360943 -3534092.1312618055 1318852.040047859
2662748.51057295 -619764.6307948031 -925675.9245218772 -1542929.651256722 -1691790.256785265 31116492.54565397 -811962.0997716915 -226567.01029301347 -114567.48937170945 1442408.1771242197 1132208.2621511177 844907.33601299 -378510.29759140825 -3415912.545055322 30952.239970758113 1193332.6106722674 -2607209.3448193977 2120029.332731808 -257834.02986310545 2282288.8225109098 43705.58604821931 -2202921.3755093613 702628.7347668048 -551801.7167123653 -1424048.8720535287 -948324.6504095522 -887174.4563804965 1149141.5777285544 1561374.6823985702 1751314.211667054 679032.2578265043 -1213781.5023940194 -1886657.792669687 287584.5423635358 -746603.6003292695 -694840.8316654102 1703535.7776461167 -2777158.006962115 734982.8446565508 747741.3840369176 -2197970.2689277246 1578135.8345372835 2604973.663539297 -1405937.1012441472 -1605534.9078511999 -1483415.2155519836 278916.5210314902 -2405264.0402898164 -165887.77952148905 2564222.651553222 2562468.611402947 1000186.7556617283 117891.37088092454 -688519.6174115489 2042141.6855645697 -1116070.161109603 1296609.0848401652 -510223.7290068967 -446155.90008462564 662023.0021027123 804853.4850043155 615163.6801572345 -37226.995597579946 692385.8967104409 1003624.6066918505 -1386463.4186010757 -2904783.5893632723 1172687.6667880677 1271888.4196434144 737918.4254780216 2289887.5041437317 -1008438.4590158259 -2718055.0090406947 901621.4565797268 -1272502.4105068801 -314445.7727722461 -1549280.9723217345 238533.62418280722 -1450995.73400735 1023009.8069296299 2625414.874482434 -842909.5897958904 -337479.16914168507 -1602492.003039862 -377403.33996073995 -27311.398311708766 -139537.06271201503 -1925491.320442002 89361.02706797066
1331392.5540570333 45840.17082259048 2069228.9669382279 669520.4117307368 -2933764.482953825 -811962.0997716915 33568935.38631801 -150968.7722836673 311242.3114660429 951905.3992542945 -24693.4195747895 -1788887.6334047723 -1543768.8368872409 1079268.105702447 509650.5055656204 2273662.3597610802 1014035.9388419702 2876007.511999207 -531688.1113702424 1867282.0078191007 803066.8928954641 -620159.6443808532 -1416544.0710705975 -1038197.205954547 770297.9471949216 -1418709.4870613574 -1360728.4333242248 -1671301.225019048 1331828.207438786 1536052.4576960602 3341879.3892489537 650526.2677511973 -62304.67399012207 -826764.5666722669 1527957.4241297636 1070198.3218997754 -2033022.484079843 -298364.09127033135 -766649.5588084743 475829.4676041978 -299839.23156854726 -1377618.3820571187 -3113091.0083203623 -709232.6660916077 2678985.786854141 -926325.0059690344 2405013.2478117608 1308597.670218462 -2100191.108856217 -493265.7623239818 -597392.3301249244 -1000813.1694053371 -1077468.172075421 2011291.3691620908 2215432.828532854 780900.7043749104 -690316.1543578935 -764227.2993376799 -2411763.864242837 1434060.6401168825 -185120.13109177936 -1470145.6584324387 -495695.092896689 -714631.5942641895 -1113539.5427724323 399879.6594499141 -1441118.5615269667 -460995.558762421 -1410047.432808626 1064980.5934546934 -1512093.4754031715 1822145.1961069708 1612740.8403496083 -1500340.2493417484 -182295.17788891445 369560.76827640337 -137135.3426635368 3382230.349575856 -1729276.6051098208 1345673.6245485845 -575818.8768800545 1754253.3905771002 -133243.49294542396 2895133.6676146705 -317590.7255875362 -650953.5986010041 -110710.27125067853 57727.05010560145 -3488848.481010655
539825.567488436 -665658.9778057713 1636068.3116349245 -1518432.0751835671 801152.8831322377 -226567.01029301347 -150968.7722836673 36314675.539916925 -1381136.8200733217 -1044712.5890621613 -310963.90209853195 -847418.5891032799 -2580628.617975734 706730.8604579322 -2526912.1467098715 -1670223.0891344352 -663354.090293266 -1784365.9726278563 -474628.541346956 2422093.5330163576 162883.35606202713 846969.1578378107 369932.8058290373 -40650.8193845145 3836345.261951444 614447.8016020324 -1549661.615357666 145077.89523502786 142651.2490694126 -2935444.2623037524 -4413258.523861929 -498125.4494914769 -1396599.2271406178 -1263410.3882500946 2278379.5386551856 1769974.5978025272 -612987.8444857365 -1615871.4664567313 245693.15478523652 -2534222.7026218995 1420619.0016035708 447967.58249684714 794141.1647158738 -1350242.0984686443 -530792.011838178 -955459.9412826071 -4728274.659917703 -473223.8381972351 661795.2752995158 483549.6745550256 1502877.6012405255 -2469272.699104645 -1599760.1137676875 1651493.2555179475 928404.6840365151 880.3045603768991 2153214.51581439 -2289734.413148547 -204189.55053190244 3263633.232336852 84789.48933189354 691939.6560706445 568804.3897284026 -2347245.803755202 289028.69360712415 1684049.9886909018 1477818.050960473 -329652.9579461915 140409.83853706275 -256743.1381086621 257971.79979084223 -401134.5091758308 -1832600.748691795 -2071007.797170752 1500529.599893051 401702.24094736343 1645000.1458778286 -895734.0260609234 703794.1348573384 -445990.5132255652 2980143.6638666326 4375547.782768626 -256641.25958495436 2214791.7235034974 849242.0249783519 1419646.2074157621 150255.4638535158 -603103.7577993883 2284063.6704687267
-1080830.9367981805 716620.4533951016 964279.0342953126 -3854168.1895030453 278265.0578678626 -114567.48937170945 311242.3114660429 -1381136.8200733217 32804863.850626476 -3369389.153282163 1212308.548679156 -489654.75231574394 -644583.530985212 -2353074.8960233643 1842764.6489613769 -1131818.181022698 -269211.2865500529 -373435.8243639078 -164369.843390726 -303006.3577090651 358650.2927742177 -1127323.0202783667 959591.75086881 2787381.426802806 -275898.334509003 1399642.642814675 -1263757.351172488 770213.2286271375 -1568859.339677667 -1294320.42060995 104815.44683606921 -1548452.858927166 -633154.8943816973 -1016375.6796458246 -1815297.5312578997 822583.761146016 162618.541858078 132921.5841317939 352468.7306101954 130478.77548627606 966739.1069450976 1608444.2973941497 -3778766.841022656 -589947.2247922536 -230959.09024883906 -224162.87056120226 3335687.9685589145 -1805869.71981938 -1381667.065802384 425953.61458920647 1267282.4844165747 2169979.641482032 223585.03514675616 2515970.0895596375 1445894.7245715624 1569926.3448500417 852973.259626319 -1126484.6592345962 172342.87281648518 -1283232.142083839 1982266.3741721974 -1773578.6470974684 1327797.3779148478 3197330.630204664 -351815.1743646966 -1293823.228872511 -143223.0259796179 792539.2287740487 1119484.805837411 -438344.9840256586 1697732.8260401667 -268691.5373339081 -1032831.0255052363 172984.99103035923 -608791.1842703515 1645582.1495220873 -180077.76371145976 -905066.6017171455 -232002.5232733242 -11838.709988349845 -1218778.6897475454 -1070764.583277743 -1457683.3904920113 -684930.9883815798 1983320.1971573108 220842.66448883424 -1006147.4803903361 2646427.8850856647 -1708357.3104688837
-1760381.5034797534 -2399197.1269264724 -720848.0501471949 204727.51872313378 -754468.4640440354 1442408.1771242197 951905.3992542945 -1044712.5890621613 -3369389.153282163 32485565.570572544 1379992.198894566 19149.54606255827 -935011.7156897382 125530.3379566429 507600.9806156343 2411581.0987392585 -2934511.4587932634 1747520.0026528782 2587977.0017472133 416823.8833330928 -2073906.9599648 -1161473.8920721365 727953.5492754049 1993097.6358899428 260769.20791563587 -459041.5491126668 -690515.6923597668 553654.9359508741 -500148.1766108778 364410.72047477146 1627148.6138627809 3519918.05997136 1215026.428426867 86695.81425981477 -1620854.3821507045 -1516576.9971095424 3494160.1861988544 998835.697832895 37370.31041064573 -60040.27450373345 1073983.8754229373 -324027.04831198906 -30078.520699312776 173855.68836664537 -283069.9817120088 -460840.222431538 -1144052.659309462 -608340.5818058328 1167797.4522026374 68165.95386032664 -206175.64143473277 -408849.1030560509 386788.82378306234 -2169533.744632379 -1101778.8871738557 -1306862.6087035108 -3438004.199665771 -907716.3987803272 969907.1462777175 -942915.1663612558 -996029.8642668667 757498.126609171 -2182458.67193533 1626843.0833922878 -574830.7866734392 -164434.62233355548 -589253.9443338665 -1220424.1065256402 -2658936.8068149756 114215.87521157115 670230.2072059249 -1408212.8924802355 1712473.50817518 -2788403.210101431 330101.84175315074 -405348.20026535046 -2057384.6716602298 1413492.5886686274 1052412.7513273424 70340.3657826953 888298.9385718339 -568455.3566443531 515806.4114118729 -2290573.267952833 3422702.488551186 -467760.72141639574 848826.3207694688 594238.8645832292 -1589263.9204215698
-1877853.3032224448 -134019.84583166742 -1250497.5218058196 -1301717.5733896694 777603.0521741423 1132208.2621511177 -24693.4195747895 -310963.90209853195 1212308.548679156 1379992.198894566 33379500.489717063 -1864962.4788484962 -752008.4621217985 678779.9255779985 1293474.0945539393 1470498.4589334629 349225.9360344567 -1664153.828514046 2360896.9297285113 1539859.1767622235 -358344.236629802 2275507.928935335 -447099.009640242 985824.0973543129 -2017137.065682726 1919750.7777558195 -1900602.420309327 -583989.650065074 -2990494.1050970205 1556972.49319549 -236305.25883631813 466958.3099984789 -1112440.1650517324 -1404070.7953035398 -1147838.2043197863 -641958.5622515887 1653489.3106800357 1703761.6410697568 2745153.364287672 2906738.6456709574 1047912.7076886804 1504908.5772152315 -265913.7015719839 520975.5192448899 1041027.8273693961 955960.9576449279 2333174.8798659765 -226007.70748928352 1867551.9477283095 606427.6259189197 304417.2804977941 1203627.2350433012 1369292.97998089 988086.4956088901 -616362.2334454191 339755.9158866848 -2588567.2379372017 -1023347.4476935868 1103684.301631127 -434508.3560410532 333920.42427639704 -1494429.5479671885 -4467830.435089441 1579724.8559097024 -831018.722046177 1418558.0634885775 -835549.459887392 68802.17618158048 952886.3727244262 989438.1421512077 1016738.808544091 -296011.3876045975 -2377083.612072288 -1226060.271029865 575829.8154105704 2024355.0404045933 -3051359.873249578 599695.3796168003 -962502.1165975931 -929156.7629786342 -409858.8491037778 -1358808.770322342 -1510545.3798857399 -188203.2046372994 3302110.81345786 1451745.4683906946 1985734.552548774 1001322.7005945285 -2049115.3986535885
917644.9936180748 -471164.95598875027 -475062.38397324417 -2546296.637186358 585971.4639994245 844907.33601299 -1788887.6334047723 -847418.5891032799 -489654.75231574394 19149.54606255827 -1864962.4788484962 33883518.81393359 930151.2733719745 -2025166.7754499495 -76740.15125620666 560656.4912202143 -87350.2270082876 829203.3395795184 9023.408532772268 1229758.31098976 -624887.0546953973 1243680.6098157717 17304.099096656846 1465991.0260039156 603030.2481949528 237995.1323007971 223597.06175737278 -1078299.9130750264 810010.5386214447 1608749.6970559214 1552426.0809267233 120028.46827521315 916720.0192611738 -411105.0519807175 1688820.5273051553 -1394072.4625233272 -539846.8070952983 -2665669.3041446186 2210894.200471347 -1842853.2676735388 1668810.032614784 1249746.313645291 -640120.1968286819 1892487.7029949646 12981.844867770382 -441256.020610702 183174.54595069223 -1587437.8593579135 -793490.9136095744 1117084.9884369369 -887976.3037651668 -846597.6021172759 -593003.6995052838 878330.2025030665 -2182909.759953462 -1182337.7252104792 144446.76895953593 -990578.044329863 -498994.2996252241 307201.04462473304 -1997006.4548488765 -182130.0900315247 21789.476285309414 1154539.9139143452 2001164.4003747222 -2940915.7880542446 750884.9480151392 766785.223540755 -2574378.526840348 -1452786.0163683041 -581626.080698312 379167.0814623793 -451654.20701453224 -1860069.3576893941 1128482.30225123 -2056511.3685301272 1369085.102537858 -1245879.1988293405 407349.9669706413 -1940548.657611846 24848.528580185848 1830423.0844724097 2084912.7490001319 1923759.1129315314 -200175.37601656935 2445603.1518788747 1771183.9647468003 1354509.309088199 -130957.09436808575
588210.3158519933 78027.4623579024 -395514.06127881276 -139083.81147906318 -2105789.202340377 -378510.29759140825 -1543768.8368872409 -2580628.617975734 -644583.530985212 -935011.7156897382 -752008.4621217985 930151.2733719745 31804626.8841992 -764461.6570170077 -417427.2024711149 1808136.3240112192 1951433.79551389 -1179263.8814132637 85990.13022570132 -3493963.1713032587 1341252.192577121 -2003173.9062132558 1097923.284423267 -904859.7920184841 -806400.4115981238 34307.22595118098 978487.0473706655 -1386045.119122953 -1787713.0955611183 961630.9188662907 200795.5354714321 817976.9907554112 731863.9688547087 1238608.687090644 -163933.0983389079 -1092532.897731639 -2232740.481680995 416235.74042298604 111858.79652635424 -979316.48481278 -307504.17986130656 1125172.4151301885 -3575579.528804185 771205.6198207585 -365048.9623605423 -1568613.5502839712 -511684.62379736954 410369.2442789887 -413783.1773606939 -401132.67223990394 -1244069.1177248717 2437482.72470051 -35298.79644210924 -1243848.1726645466 1587309.111781304 2210918.1562299565 -445200.58763980446 -304940.30253943265 -1015345.428268654 -960484.7791122801 329366.5974736732 1787809.8202133842 1378519.3398114988 1136063.218049622 -692920.4587001185 -540610.0574508617 -709257.3413653518 -1347543.097551727 -1835057.405744789 47877.79922140635 -369135.1071767348 -531465.7183430794 2239575.7913723807 32412.493294392585 491884.7241723209 -974833.9778469729 1343666.7840579113 1975684.0811929863 80766.70411108798 1895556.843754884 -1964608.8543563478 2188911.080092398 2103752.5301319705 -2909245.1569414064 1382569.4081427953 -1824870.7499179938 -171769.01562920114 1188893.0630669845 -704345.6942755674
3228.5504060236026 -222826.4480473069 -1297130.8569741582 2424121.209748244 33272.95783929826 -3415912.545055322 1079268.105702447 706730.8604579322 -2353074.8960233643 125530.3379566429 678779.9255779985 -2025166.7754499495 -764461.6570170077 33061462.93425761 -1478253.9731270617 855591.4267703275 3695698.3092269893 74802.43242084734 2003209.511018966 2520245.1579905907 -289750.41863783455 2584457.4950186866 -1709418.1957352168 -128266.10562404402 113428.57955452215 -18601.24463617906 1924510.866040195 354588.5091303891 489349.6771870911 -1487029.8071653373 -596932.8542874674 -2143331.1570225977 -1224422.7681418417 530909.7991600513 -432806.01880733634 -1031278.3086975141 -1210458.6452155097 1729841.5072328288 595410.197940582 -646499.808312945 -1008389.5429685694 911014.1766245565 883274.8147587474 -310463.38896495855 -2774058.5495206905 491141.4131531435 -1047672.6203348738 1608415.8104698034 -1117132.7484428596 175364.5588511548 134158.85881902697 -2076014.3394073849 2334596.3067810507 -2135873.8644624487 885972.0249365376 1826227.502506731 -1387944.950177176 1461247.4796269035 1031316.2956582166 -715436.2926772136 -198402.74844799677 -581749.837141904 -29365.585798406097 -82175.19292959436 361733.3366700854 1432201.9631072374 3910102.9321347475 -1634426.648298109 56684.6620247209 49923.51550604507 1854169.6590768106 -723394.3284518105 1632630.6443749778 -444918.41782826546 772977.9556380399 2647676.303957128 -866061.6228176266 1398589.7247116913 -1826870.5463222768 -744773.2641665523 -1198296.1441705092 -453384.8412419185 -1331766.4316659726 1290078.410757653 -1026161.094937405 220576.3841667177 523423.9573754808 2183203.4389139507 -303515.8183784827
1425166.4174719136 -608506.7061574936 176300.69201373233 -249362.76751521174 -3527167.6080872943 30952.239970758113 509650.5055656204 -2526912.1467098715 1842764.6489613769 507600.9806156343 1293474.0945539393 -76740.15125620666 -417427.2024711149 -1478253.9731270617 33443309.123043563 995968.6350167728 131084.46451061583 -2380086.5885837628 1238995.2810869627 -1695535.237402658 199671.15851605538 755838.504982118 -1141981.0280367415 -78339.1738639063 1130035.206869513 71237.74301474866 1025122.6113932496 931767.3789237678 1318518.2676326218 1434846.8084754 -443737.89308356313 -204870.83455909573 2010637.3874597347 -162773.7549554231 -1099681.1536327687 -359859.89343338175 -1038076.3754300114 836859.8913301261 388774.9667960492 -37726.1376599724 -339124.70323810953 835289.4525627659 -4297632.507011408 680042.3681476999 79178.74692091298 1272659.0629782204 4049378.834519684 1478637.647076004 -666357.2451880544 -4222388.148298208 -255644.6136166506 803338.2546984433 2057810.2037862812 -812538.0653782897 232759.32329371877 -811359.6633292189 -1006753.6156303639 -1236820.5769584787 3139388.930036676 -1967974.2430666718 -333195.9655223867 1328256.4701118604 961176.2474679779 -8334.056324792738 -622722.183619774 1626104.7222859142 -602446.9629670845 -157907.18741508276 -771971.7874365905 -1271454.9367476343 1862882.4201906547 1232716.3012917058 -345584.2380874588 -5695.9721773994925 -22408.65435700154 967486.0746753718 -891808.1360257368 -696312.0175863296 -1784272.1318493614 -3450653.0203460213 566981.6582112084 315741.4856664538 -3155521.5797828287 -146214.7713917856 -18776.173869127262 852702.4446658817 -1549557.7204135298 341743.01740899635 752166.0480760296
1558703.244402958 -388373.8510474056 -1156534.5217547365 -537606.5331493571 -1383623.3243624514 1193332.6106722674 2273662.3597610802 -1670223.0891344352 -1131818.181022698 2411581.0987392585 1470498.4589334629 560656.4912202143 1808136.3240112192 855591.4267703275 995968.6350167728 33956603.3797075 -4358392.98601396 1570188.7384489796 -2036641.4838128402 1037887.5991146188 -3116640.4089806583 1227910.9311891906 -1583337.690736941 2351324.033788569 1115689.3514310156 1837925.82544665 1055423.6962530918 233838.11227039402 -1941448.2546272334 1440910.6794588428 36080.22598360538 -1329676.2120233956 -1432686.376669787 409907.1808326638 -2582367.6361700096 -810305.0916287882 2074111.3802078757 1408512.6006428835 2574687.370986381 -347349.43635342125 -452542.12254012504 -1970060.3546180336 -2900475.744555688 1705642.6505379244 -1648717.2753705983 -1826974.9477242914 1453650.7968580248 -258389.51166103175 1131739.8869863285 -3000099.3959439863 -1564208.2782978415 1973042.0029645988 -1094774.4661341081 864497.0925848226 -884033.8656258356 1242750.6257903455 -1943660.7801724288 -1517660.8366113116 -346932.39535349875 432889.7231502525 3322360.001550431 1469983.3731227166 112697.82370911542 312493.35889361 -1961952.0899247448 1608055.5401166389 -87600.15259502991 -640630.7082235571 2604675.1943007936 -770047.1089016595 1504609.2191219341 -2821738.0910852407 2246623.7810223987 -722731.054772118 -1660412.7972039129 1289011.3526893503 -46410.41265686643 1182678.1455714358 1261536.0504568643 -1294773.2479361529 848110.4514686981 -386472.65369444893 1331385.0518275439 -2413403.3399409745 2356918.4153008107 -176477.4956179188 -1858109.4531214219 2364718.0341080464 83398.17640149375
-908605.1213310378 -637774.748292513 -1430620.0128226052 2427390.607511377 -1377433.6540608588 -2607209.3448193977 1014035.9388419702 -663354.090293266 -269211.2865500529 -2934511.4587932634 349225.9360344567 -87350.2270082876 1951433.79551389 3695698.3092269893 131084.46451061583 -4358392.98601396 33578503.41057465 1249539.1102795827 409626.91764386033 1206327.4184709769 1047194.801616436 -594424.8236058181 1755103.5082914217 46853.06041925357 292673.08085830166 673468.5329246786 420872.6924443384 -1171747.698509232 1132553.8586127593 1566255.1550472185 1389717.668840548 1337259.9947603978 179407.7145237615 1649316.9010687054 -1039002.836205097 134177.45706616252 -738224.3289138149 2051408.4526207992 -299658.93264297064 -362792.6932429188 -611513.2191191606 425669.4288408057 -356054.31004537514 1670655.9687415343 -608725.3254438363 -1178131.5716392552 954704.4578270841 1419462.1211571514 2108420.5933088753 -2281533.5926778642 -1771456.3343515156 651087.1193567015 174958.1799454 -567532.5799054416 1208244.1628153978 -1356997.0545903903 -605647.9277618689 1071488.1878583867 884614.4438210496 1846319.1439776323 -60649.11656808991 -636467.1808820652 -251933.9471666716 -85427.89411257512 -378646.19372545945 84480.35821855895 1526619.7734536207 690161.472079099 1160829.275243798 -992130.5607129638 713228.6553255669 1190899.632601358 1400519.9622524655 -2805802.2057779664 -23498.021041548924 2267374.3910751743 -1083823.4852400287 -259791.09380092126 -665790.266086694 2274595.5594062954 -1539918.1635830456 -1090646.6712282689 -38337.997590744 -351253.00673674344 -1447293.4977364172 146104.39286522524 546485.5267974875 -2694924.5633005234 828499.2291671907
781281.3623340306 -526686.2734690412 -1524168.7096277475 2944108.1582781333 843478.5042252862 2120029.332731808 2876007.511999207 -1784365.9726278563 -373435.8243639078 1747520.0026528782 -1664153.828514046 829203.3395795184 -1179263.8814132637 74802.43242084734 -2380086.5885837628 1570188.7384489796 1249539.1102795827 35548181.37848655 3044693.5265338607 -323688.3702359227 2056965.143695918 -467497.8936974879 -1049527.731664776 869240.9563361672 761027.3204602514 673223.0456605848 -272401.7209839222 1716426.7490648653 1855545.7844680562 -2835753.1229682895 1451592.2572706006 121622.89751868232 -2209496.2176109143 -691457.9503424104 -850518.5661607422 266564.05593565846 3001300.8732553655 103040.96758955005 268060.7119874063 1107059.2551964314 -786333.2078068722 470844.94589551724 636828.3370236882 -685765.3504910589 -2955013.4353763717 -1378206.4565751443 2013495.728572793 725164.7118074328 -378742.72587026213 -1133852.1464254817 -1012540.3030693285 234194.08977074292 2685130.494994375 1890544.386519328 -786553.4541550386 -847526.2678821404 195991.92013901295 169533.06400121993 328770.44129824144 2726800.125549885 399736.67945435876 -2210192.7751804097 -1782882.8893500592 647470.8281337675 175015.9217811506 -1437229.0039664395 -2114756.062440071 -671944.2160808622 -2097059.702457758 -2719259.6993113076 263504.5593062781 396640.033780959 -2458818.4019966144 615349.9489536245 -914492.8260133218 -204954.07423682 -1514402.4483576722 204626.91152645645 938699.4513604217 -220345.6048843794 394641.1725102822 -2513876.8582609636 3570071.4914416783 523485.6910431221 570308.243139709 698588.6041268918 417554.21599079756 -1169628.6921417555 -2364435.2075596736
-1492007.4717355706 642168.7214012156 -764816.7166659129 1181729.95266536 2936636.422454736 -257834.02986310545 -531688.1113702424 -474628.541346956 -164369.843390726 2587977.0017472133 2360896.9297285113 9023.408532772268 85990.13022570132 2003209.511018966 1238995.2810869627 -2036641.4838128402 409626.91764386033 3044693.5265338607 34407325.204984285 -719352.5426200636 -304905.9871180516 1793681.5668033261 982467.8099065917 -1007194.3630692787 -3207202.7425601073 2461381.6639991417 -1951833.1468619274 -871093.9121073603 -920376.9798898366 701399.0412200061 -452653.72216970776 -824126.8752844695 2339251.3580428613 832719.4992860892 860735.4490851613 -1308844.2444501647 -532699.1069759357 505873.66643788345 -406782.8734988904 -1115257.8886591427 1586256.5920575927 -162763.51702037547 1588544.066133992 -1817827.9044969762 446811.0438168516 -1585263.0968241787 -1866783.3113217328 -2251288.682813615 -320760.71382705716 1957930.494325763 -681161.397171482 -1189785.0861857864 -2553.658568092194 2504565.95508481 2103105.605154976 -259109.0806826831 1112019.1657061044 -2838192.238304685 987038.8906266082 -268280.25641064224 -519317.33571493725 -1108897.14441197 -702197.7914593157 -1141890.7075319039 -2726518.3761072545 66476.72274145705 1295599.1610564773 -1793750.8116762717 -1525372.801937509 -3123094.9313231558 1412159.1361343262 432306.22997345595 1635145.9198165275 -1560089.725683238 899635.7129528556 -3390.9593031830627 216338.50003792855 815628.4952839795 -487721.87064043083 -1480272.1447627773 1952003.6976041463 1888365.816054844 1935624.8432661959 2555389.228126395 149480.84684543955 2010011.6018111003 -789434.8256334352 567352.2209785668 -1108243.0857372163
-729427.6412842605 580399.59854118 -1390054.7739289044 970223.3614495882 -1688141.400387339 2282288.8225109098 1867282.0078191007 2422093.5330163576 -303006.3577090651 416823.8833330928 1539859.1767622235 1229758.31098976 -3493963.1713032587 2520245.1579905907 -1695535.237402658 1037887.5991146188 1206327.4184709769 -323688.3702359227 -719352.5426200636 34196497.36811138 -1974217.2900768807 -180299.1806837252 -642397.6712968242 770673.3198853628 4479620.960860684 -302375.5327953288 -2035266.8866089222 -143699.25732404424 1651607.36048455 -245339.84093229086 -4437999.640403588 -877454.1913365971 306285.25423260144 -1558179.4292585975 1611219.2693879656 100957.85385515777 1555106.7328300697 1076884.9805515008 3250869.238514315 612521.4622095543 1020572.8515760553 894115.7454725894 180093.9833315429 -1746832.542871455 565675.9054807235 -1923846.1739804063 -3241474.424446826 -189863.23206589263 1054275.2452721873 785634.2142861359 -974502.1056187894 -2341808.7276455956 768449.6944404382 -517871.51103824493 -3142183.1945282253 -479417.57988157205 1444408.2811968052 -2372802.6097945417 -1443926.4691431988 137951.14985591263 -465269.86184107006 2378269.429127882 -1177983.3111732604 72106.56100130125 -3238449.3257339844 492934.8052536368 -479206.0443012628 -957459.2283515489 -1722418.4925437747 1638476.0875661185 1334440.7664402798 -1957205.5893728582 -319807.9643154669 1427553.2287304595 -375731.8194909486 764922.402967426 -3097749.973515833 -1146576.292193004 -629762.7829195408 -2396071.1423774995 -56787.40736683363 -264488.09737249074 874571.3301380982 1169868.7554034602 900414.4262376917 211007.25334820265 1409265.4745511275 -480744.281308256 1167413.029928947
-1016784.8227944466 204896.4272376801 -544831.0911135153 1212449.6876867476 302252.96526173037 43705.58604821931 803066.8928954641 162883.35606202713 358650.2927742177 -2073906.9599648 -358344.236629802 -624887.0546953973 1341252.192577121 -289750.41863783455 199671.15851605538 -3116640.4089806583 1047194.801616436 2056965.143695918 -304905.9871180516 -1974217.2900768807 33387115.734805174 -1982974.1303181536 -79632.01837448498 599941.5280257902 -258790.3559504832 713372.8301077598 -2097186.1684734435 147590.7333053795 635059.2293565898 -890567.887718771 1036635.7297373126 -1344462.154389497 1315612.6691210647 -801222.1655990169 -1173427.4235991621 -348776.73793286964 2337346.5698038223 675730.2512461834 -2458299.3213099316 1962117.8002373395 -2475943.4220641437 -2037523.0212216354 -2179848.9077927624 764951.1676065187 1974974.214278469 263048.85899790714 -944933.2601256958 -522455.98108320165 431131.6859036523 -268714.1382691147 -339462.4946271191 396788.3186524046 -1067159.7935251396 2024998.9732532324 1584106.7593737917 -780883.7332901678 -1887783.9068309437 564659.9887853479 452306.631554175 342182.59203866665 556498.7617014933 -2109998.716848361 -307163.7662272601 -1752167.9693661795 133095.5864366142 1543446.1200967114 -530125.4445593512 397525.1058969731 821748.9424502796 -1611413.1353859215 -1139201.2536007967 -937945.0281348139 -876214.9250412567 218401.6282626776 117405.4343554583 41714.28729896846 -775717.4397864558 -2426230.174845045 -523654.78498792637 2786521.858529683 1010680.2260578758 314612.8996024553 -469700.6995150955 1756590.916589081 -1766465.369719889 2327064.539675049 79498.21995292553 613706.8583950319 -1285057.9512117193
1746124.19699733 1212612.458181322 47652.61554381766 -618198.6193853855 -730578.5457512583 -2202921.3755093613 -620159.6443808532 846969.1578378107 -1127323.0202783667 -1161473.8920721365 2275507.928935335 1243680.6098157717 -2003173.9062132558 2584457.4950186866 755838.504982118 1227910.9311891906 -594424.8236058181 -467497.8936974879 1793681.5668033261 -180299.1806837252 -1982974.1303181536 33860283.48543094 -4075673.5751379537 -483398.3002372422 161106.47048902605 -355669.2632909631 -2001871.6628278228 -897803.2605395679 1028328.0275373601 2085747.1558558072 1299475.3014774763 -662199.805996655 2320369.949902274 -235737.25083269004 572642.2795876145 248020.8560936294 -1039820.6297211931 -213548.86437277822 3665637.311394057 491566.4379655424 -1172734.2494751222 -1874880.2248123765 -1599994.5906472646 -255630.55418862807 236105.99144945721 -114505.15036749248 941096.5921043872 1675363.0137392473 1598252.5240901348 112367.4028230922 -1636532.7512776793 -1278517.087681623 530529.7156355159 218140.2052206136 -823239.1377030008 -1660374.1712218407 -1288174.8452217719 59020.38746320058 532666.3170531265 -323566.07856416726 439053.1810173186 -1833520.6278785109 1000548.7423607056 929386.6989676873 2018615.1847186827 90102.33842278602 1524055.3087532101 -367983.86761707347 2346939.142395818 -1880728.9166776792 -178395.80797462922 900468.1883092248 -2185778.6515254416 -2697400.9196880697 -2562001.857217281 1185403.5238458097 1420575.101285658 -1708597.9147391708 -93299.41094153048 -2513929.299715772 -908341.0133585865 -830243.8351588739 1504737.811217713 461319.20893237786 1842944.9238677777 900405.4930349318 750058.7317399719 3162911.0955266785 -739814.384029773
-146695.22868904786 -9359.073485275776 444595.47123527696 -2371853.0172027852 -1030700.1138645292 702628.7347668048 -1416544.0710705975 369932.8058290373 959591.75086881 727953.5492754049 -447099.009640242 17304.099096656846 1097923.284423267 -1709418.1957352168 -1141981.0280367415 -1583337.690736941 1755103.5082914217 -1049527.731664776 982467.8099065917 -642397.6712968242 -79632.01837448498 -4075673.5751379537 36408641.276410356 -3784167.4834179697 42764.18124954036 -2676779.324860305 213595.74478310646 -3458514.7302919896 1415063.557613451 -1110348.9227976461 1458104.7867563309 1084377.1985219521 1895416.4877135986 -359567.8594392321 471557.46266528434 896968.6511294589 -401108.5704762974 -108155.40433204595 -247630.72154553112 -4268805.214495102 10960.607273228596 1427968.099192174 2586889.94608052 1717941.4675775012 2265569.507350871 -785207.4760641808 1494413.5027194696 -2248664.457593947 1010622.8679768529 2225996.9786753138 3126496.3402784117 1753280.6996679385 2045494.4247025233 -1362892.255885724 1104557.1619022612 -2225200.9874627553 -2668512.972959648 -524354.8771754351 397680.29150153714 502540.2530011762 -328545.63185721723 -1167072.7441853406 2745407.5501777255 -1904586.3875027776 -1087671.190561007 -1373330.8430752624 -1736406.3314767058 -1869605.3146773335 -1181328.383599483 -370205.11999376677 -36370.16842359153 229971.3419284348 -1048695.357707499 416160.9560111456 -382317.54916144244 -2843033.172091944 1690159.076527244 1593824.4237853496 3191080.673989185 2655919.5533763473 1075173.76581859 -3219944.37718892 1353894.8531664866 -2406253.4515557997 1040339.5408568173 988676.5468073464 687319.8635615851 -96367.55489612103 -980351.3638047528
