33967018.380643375 -4516787.011389291 4768692.630298696 -2223774.6250778036 -3565983.432705178 -3968345.3171997783 3103011.719225171 2192521.1887516356 -2806313.497033465 5428068.966485812 -2146546.2419540677 3572209.344714885 -886819.077052927 -86350.92637340499 2728394.5322931856 1824429.2158952744 404318.6253446707 -1744978.3971458192 -3472230.570011815 1467302.9888670084 78123.68021819483 -5640824.2171857655 -3751306.4009439377 -4124394.534423635 -3544933.464197148 -879346.342056742 3331468.1256189975 2643578.645920052 5484136.677004919 -3293575.1217099642 1149754.4068313388 -314135.8344921351 48062.146817673674 776603.6517466526 3808449.7193792337 1809640.738694395 -2729106.9508569716 -2523468.9816226903 -730660.5878425135 -1930282.6041736451 -127684.73517610702 -2070831.935208656 2201094.928358849 775661.2090168103 -1433245.5392527939 1914553.6139170667 -2342253.3427789398 -2849162.144820177 -120854.39553847224 -506114.9077625553 1769779.664052324
-4516787.011389291 32262653.438917197 907052.0046343181 -2055771.8831004114 -912771.7601862558 1476624.718833886 -2577823.049277002 -1200365.131529483 2485897.3488557423 -103643.54136695329 -5456065.3825229285 4300733.042139225 -2813467.8491504802 208771.8790924512 -1636421.379287848 -3990540.404880086 5505222.20562806 1031742.3388627893 1594976.756611173 -4586791.625180403 -1811543.091272289 -3259189.0847446453 3762523.3305351376 881003.1202072541 1054510.529005006 1643792.9400812027 803849.843416288 1551690.0406358251 -2376692.0334444204 2903610.4284318825 4123547.852473136 967243.8238465583 -2821303.462373618 4157189.2601614315 -192727.7426165408 -2069662.209603052 -226740.37087462025 -805882.0879280582 1404820.462652913 -799307.6448860777 -4448300.927541145 1816681.439946832 -1400723.6467026786 -21384.592163582474 -827694.7348321208 828328.491536411 191397.36770139224 1797957.4715630868 1051935.6586781836 -466485.54267725773 61833.407477563305
4768692.630298696 907052.0046343181 34468981.450378604 -2206585.4080564408 -1467419.0076591803 -1908777.5638853866 6045427.639973354 1692690.8547260708 -2879853.2832231284 2055198.5442852778 -1783200.1622049022 813665.2413620134 1156639.8075453693 1189143.5384125647 2435923.314953164 4458969.510628158 -3783188.487706749 -1845510.032307081 -308008.8046021375 932277.5740268193 -1496601.3567631866 -1036047.6565212493 -1530514.1890706941 2109369.352577357 -727327.916060622 -1730344.0433507604 514731.45217332547 -253807.46298070354 4085332.7923931982 -725427.836847879 -2972761.310271395 -3732356.910445133 26174.649904819442 2141345.329610804 7564992.991962774 547482.7264030101 -2575136.4543963247 -1641102.8838775512 -3033440.1344425716 -3956756.5826661168 -939367.1627524903 -992087.4560822888 -4097352.054458557 905339.7066623399 -1905431.493253074 50461.3097984409 1824824.8709978154 -1645562.6014190947 -1007072.9114138449 -612966.8448478375 897445.3444554277
-2223774.6250778036 -2055771.8831004114 -2206585.4080564408 36442826.705321096 -1832154.0062664843 -254966.48742281462 923657.5486088811 3774124.851092748 -444560.5771286767 787988.0851512442 -501100.8232662376 -848723.8248209446 496014.95233643637 -843480.9516722922 901437.1032043011 2341176.807532794 -2738120.3903025337 -2290383.7299041487 -1145387.0247484127 -214730.08225908238 237905.28189255134 1497328.791214883 -1929128.0677202386 2272953.5455769966 2034737.7887341818 -1115344.1634220735 5366873.228772158 -1041284.5736779938 1790667.2954027369 -2628224.524340712 3192504.336288613 861777.8163323097 -1236959.4725965192 1323711.9481174385 -1086355.4485682114 3578954.4372292613 2447988.086210747 -2261440.870774529 949730.9095127294 284393.76327058853 3906856.9170712633 -5294654.283465233 236779.43455959854 2304344.029103797 -1517254.3026041596 -1279882.9190741752 1006733.6390163854 1619658.4865682204 1160495.5615478228 277186.3703722045 16846.521786478275
-3565983.432705178 -912771.7601862558 -1467419.0076591803 -1832154.0062664843 31078826.297769107 -6086906.376534271 -1271316.3822785232 2624691.1158562927 -425997.42176758655 -1571471.5045617651 6485641.754899216 -3553147.809659513 574861.1571729332 -3343896.434248352 -796962.3261094056 -122324.49236624593 1438454.0876781037 5781055.5276630465 -755499.7038674762 4741523.236532045 -3789615.3182704574 -6132809.27966039 -1372973.633062098 299449.8905931399 4215786.905381872 2153267.2202333924 -645275.83855151 -1489064.7534218803 1206931.6338167987 908240.0036080009 -141779.4094047918 -1333480.3274599984 -1642051.1716925069 -1709438.1056652265 1773826.2538959547 -1074213.3364155546 3639365.9576346297 2817334.342743387 -4244944.171138716 3256351.363909742 5056180.271051021 -710479.5087029316 -1591963.998323299 2858915.7946760324 -1661980.8053974372 -1524864.2687746133 -3036851.696476187 -1128627.7137834916 4847160.675188964 1675704.4082394128 -3200326.8874375303
-3968345.3171997783 1476624.718833886 -1908777.5638853866 -254966.48742281462 -6086906.376534271 34912354.164700136 2736200.931685447 -2782453.8939461415 -834153.4590695932 -1054570.8569131363 -1335630.5574501706 1855115.5118622452 -2631249.5955656376 563256.2684428348 -1208656.2878200647 -3923469.172734855 3468677.7294104337 36678.15482602019 -1195124.6929229079 -677171.5636353564 8106999.067937978 3011565.7690313486 149042.5248035837 3071873.8748909766 655326.9994920179 -1751547.358466078 5585673.139246815 -424635.35226683196 763324.4233116455 199525.26760977667 1912006.8534008258 -177777.40500193418 3157055.087251837 -1334816.5387253435 939720.2953655515 1000593.2432619211 1408861.1239193438 4215971.072651004 3706799.3997072545 -1599331.4957987522 -1249936.1864962769 851104.5627854107 870977.0193993666 2280649.3058989253 4019156.201958529 1298193.2103789013 -1177178.5755489015 5138441.1361145945 -866946.8087912049 4856496.467466764 -122560.12136818991
3103011.719225171 -2577823.049277002 6045427.639973354 923657.5486088811 -1271316.3822785232 2736200.931685447 33179785.436023787 127142.27762694084 -228829.36879914513 881932.435597269 1781363.6628192454 1925244.7365830236 -3965524.3363082106 -1802896.439848332 -101656.5007354726 4211339.084785187 -2431883.2179187657 -1873769.5205011168 2008816.8101047412 -3292366.878046245 -1506968.576145499 -5571781.29682965 -806106.0821620887 1749090.6690609877 -4459629.726637561 -6570775.702700032 4482491.660405668 551753.0245407813 5976744.377408953 -1281565.9344756734 112853.39490619478 1406603.9782998879 -2518854.120628946 1977806.8236843161 4763809.390516687 3154544.2790888017 -914646.0992578897 1055107.1598006736 703599.7562707921 -3164000.8208419248 1306150.2349617537 -722574.3370633137 -270814.8047318411 2499260.3208077564 358376.456746198 788782.7917962197 -971306.2895360602 -2452843.1492995387 -513501.00040675176 -1323149.5809919056 1409909.5383099336
2192521.1887516356 -1200365.131529483 1692690.8547260708 3774124.851092748 2624691.1158562927 -2782453.8939461415 127142.27762694084 32276690.045817066 -2256320.174128567 362987.69049403875 3682637.373874002 -4618084.703631325 -2878163.0461812126 -1249798.3921466959 4996783.534338095 -1978519.6245028903 -230242.39944115625 -162539.57859004402 5303234.6957235765 2000310.07082467 -2000438.4206775024 -543826.544367273 -1228266.9123512183 2634245.9132191767 -795186.8268253763 358504.8976366301 4644884.846160124 267649.72704256955 -1687890.217731416 1073078.4475393482 -1962151.6073167622 -681189.503486342 -210763.53776858715 526028.557485853 4129636.9206518405 -1410559.5575138463 1275478.3052829495 -198978.6549310686 -1347555.0358597464 1364474.3002478818 -1037110.8447971985 -2819018.526410587 50497.70266740309 6040981.343779885 1514099.690295982 -1227832.953018367 35871.482873702014 2937476.010035806 -3494887.9409088166 3609341.1987842433 -2989269.5446922556
-2806313.497033465 2485897.3488557423 -2879853.2832231284 -444560.5771286767 -425997.42176758655 -834153.4590695932 -228829.36879914513 -2256320.174128567 31932368.606137235 2974550.728960234 844772.2829941957 3179502.212005008 -5747001.38325281 -373438.45896194386 -206697.45723854034 -1079839.6596665417 -1065282.826654144 852332.2995884423 -1282701.1406772432 -3471942.344530586 2778274.595992453 42153.36539601444 602809.7581388007 -1230719.8463213302 3441090.4063198757 -2707864.2365565626 -2064291.6027688102 2220853.368118739 1070251.8072961068 -1403909.2999338177 -369038.65969836275 -717807.3088447045 -1397807.6209903797 -480959.21853837796 -6563101.194367661 -744084.3899907342 2586678.9549648277 -1330462.826415565 1195274.890757732 1828165.369311459 1619678.8028692096 -377209.0704388066 -1277478.0783436631 -72954.63258702918 3328123.4197339276 -1311326.6472839292 -2070750.5730940693 3954817.153972864 1133599.8523838038 3562150.7507587634 -569024.2321503549
5428068.966485812 -103643.54136695329 2055198.5442852778 787988.0851512442 -1571471.5045617651 -1054570.8569131363 881932.435597269 362987.69049403875 2974550.728960234 30937956.515607703 -2743828.253888296 2211932.3988557435 -4108579.8872788167 2947571.243509154 -1227718.783318631 2658375.375784101 -858058.5240788565 -1253792.58950285 -2474895.3718755385 2310392.4129391485 -1811960.1808543834 512639.5726116124 -1493606.6304144626 -4621373.469980864 -2067198.700986991 -4318629.638578553 536325.7172526706 4326092.030166239 -1028032.1391139319 -1899347.909912252 -312328.44486946857 428959.0076594673 -1734138.8782226506 745133.2176482597 -579034.1465127637 -2695286.389697664 -1263840.725233294 -1645821.2424249563 2531021.588979442 -850273.7558703866 -725014.2692728213 -1517535.7238626257 -3441760.496311723 947372.7335791946 -1476902.51965832 459451.3717046207 136747.1329119041 105223.88940773792 1319458.505606407 4197867.187673904 3538344.825629123
-2146546.2419540677 -5456065.3825229285 -1783200.1622049022 -501100.8232662376 6485641.754899216 -1335630.5574501706 1781363.6628192454 3682637.373874002 844772.2829941957 -2743828.253888296 35981226.866622 -1204542.2536441395 -989109.138288698 -4423817.124253182 2491856.1729981024 -1283850.3153953957 -3649163.8369800868 -2650191.820604558 -2484113.9880303545 -916766.9220823004 -2953552.3110590703 -4191847.0318182227 -619516.241810754 -401197.5196100687 3465863.8748571747 1348625.4072990313 -816101.6009272793 3948430.5449608755 -1117220.0855120684 -208108.2732569801 -1046824.9893190614 -4476664.932598259 -778264.4389598808 -1387557.3561161645 -3477216.1457377737 -706506.258575366 1183053.9691927552 2763317.572667116 1632875.6346230316 -3191164.8311067903 -7820.007961813499 -615461.0958642786 -397631.1543177962 -1552371.8279637669 3737488.0031433427 -903760.8814288563 -795151.4388721838 830874.4993140971 3105300.262986312 2518337.3430471523 434788.44486899045
3572209.344714885 4300733.042139225 813665.2413620134 -848723.8248209446 -3553147.809659513 1855115.5118622452 1925244.7365830236 -4618084.703631325 3179502.212005008 2211932.3988557435 -1204542.2536441395 31417797.09017868 582929.6729196301 1020848.8774490132 1128824.6642566463 324510.22253260046 -1604756.8401141744 7276369.208637908 1208167.029449002 -3999117.4727616776 -14249.076216886639 -957435.9519370216 -3256426.2957997755 1445375.848010196 1438992.708523952 1813518.314087419 -44925.47213264104 -2479525.617288144 -1795392.7857466268 -1521659.1533759069 -256631.62292012572 -885910.8429765375 -241573.81414059893 296488.44412648503 -2116483.7738578264 -1704059.3892975352 -1482312.4102310867 437433.3466138409 -1349566.3923094475 -1416238.2690987822 600849.6356629704 438787.88606914843 -3675391.81710736 3778921.890640254 354029.5251878644 -539235.5221084137 -3706117.8881161693 1737452.4893544905 -5349345.990394814 2525818.029822615 1827873.8002254453
-886819.077052927 -2813467.8491504802 1156639.8075453693 496014.95233643637 574861.1571729332 -2631249.5955656376 -3965524.3363082106 -2878163.0461812126 -5747001.38325281 -4108579.8872788167 -989109.138288698 582929.6729196301 35106617.744595975 3230880.30976361 -1803957.0443046158 1383305.9916546557 -257325.853856526 1296551.855019571 3365979.071722503 497437.765740655 -1242087.5822654485 1336621.737112904 389589.5123356982 -851315.8962558141 -1180296.5122798835 2249230.006547161 -5953146.651175632 -2175635.876694046 -30876.43189314847 2447829.0541717587 -1140953.969729437 -2062200.792185189 1197294.0476589133 410616.93963251624 2497182.746973229 -382196.84992266924 -4479216.299882787 320750.15377950965 283256.8129817516 2621436.2783240313 346474.8837310064 4415560.592130685 -3860119.765434068 -1725556.9634484511 -6161332.215139712 -2061248.578632486 1748337.8875751272 1167668.4857207504 -3809999.0952671804 -3147726.502288203 684388.0286938658
-86350.92637340499 208771.8790924512 1189143.5384125647 -843480.9516722922 -3343896.434248352 563256.2684428348 -1802896.439848332 -1249798.3921466959 -373438.45896194386 2947571.243509154 -4423817.124253182 1020848.8774490132 3230880.30976361 33589761.374541715 -1730235.9228641244 2384232.386203432 -2005593.383535762 1939427.997341624 -1868456.5797876087 -2802910.279300963 2828034.47928104 951929.5978582973 -1698918.0620013888 5010582.489128288 -1744558.0568297247 -646326.3899731137 -3668381.7824580492 -366976.0388642041 -453691.3434128094 3332876.2283182237 -6343506.636514316 472332.28682452015 1245820.9306332455 3109034.6783673614 2434692.3718755348 6803675.257776843 -977135.7209906563 -5876588.930975213 3861470.909855971 -927686.880994638 -481405.21030579123 2674841.9127237857 2573230.917921566 -16260.546890807369 -1021005.2279517389 2433737.110209767 -3314124.645440514 -160318.49525361083 -2722499.2372415825 2178310.8714753254 3653055.2618586016
2728394.5322931856 -1636421.379287848 2435923.314953164 901437.1032043011 -796962.3261094056 -1208656.2878200647 -101656.5007354726 4996783.534338095 -206697.45723854034 -1227718.783318631 2491856.1729981024 1128824.6642566463 -1803957.0443046158 -1730235.9228641244 30635573.747675166 -3833394.446498444 -2639699.1902713296 1356803.8768890412 -749251.4776568043 1069696.2010810345 3206991.8194717937 -1962799.8860553333 3228122.1628427017 -389957.27947732 3413985.1930791354 -3240340.8677874985 3926386.032270051 -4511204.959785542 -1675347.6982597974 -3387730.154955928 -2630796.401192398 -2187639.795926175 4088995.4278820194 -2342023.876206132 1718246.330740977 68653.93276033874 3713127.047442752 1504038.1038301473 -2930388.9524972313 1494981.5392929558 -1858479.2704598831 -2041928.9116287997 2085565.8834237382 2102953.7504248302 3642708.925495316 609114.2627144292 -4535992.620905792 -967025.254141661 874395.0161716657 -959832.6567181322 2381561.958137921
1824429.2158952744 -3990540.404880086 4458969.510628158 2341176.807532794 -122324.49236624593 -3923469.172734855 4211339.084785187 -1978519.6245028903 -1079839.6596665417 2658375.375784101 -1283850.3153953957 324510.22253260046 1383305.9916546557 2384232.386203432 -3833394.446498444 38542514.34595543 -1931580.058846791 1049927.7448332692 2710775.805166455 972122.5835818866 1387380.8016275426 -5501000.450913668 -1112009.2419158902 2406892.2370006833 222901.89254458097 -2023350.3786340286 3476777.617309132 4759268.246717445 4990639.661546466 -5607682.050938028 -2087987.9880646002 -238505.15522605903 -4006980.736852292 336844.4476869496 5776097.475488522 3816190.616360547 -3313762.3893532106 3298993.71265238 -3147293.1927981526 -533022.8540832298 1214067.2836664116 -3679191.777913231 -4308315.643913117 -854395.7588938825 1797975.7713752713 1690409.3724273925 -89828.89800364633 -6097537.646005422 2731807.288472705 92264.0752288158 -727916.3561641144
404318.6253446707 5505222.20562806 -3783188.487706749 -2738120.3903025337 1438454.0876781037 3468677.7294104337 -2431883.2179187657 -230242.39944115625 -1065282.826654144 -858058.5240788565 -3649163.8369800868 -1604756.8401141744 -257325.853856526 -2005593.383535762 -2639699.1902713296 -1931580.058846791 33048111.966076426 -252810.7353756266 3635242.1348265116 3441747.0751391533 2283818.0672844737 1900714.5546596516 -1732904.505044448 1241426.963625929 -241680.2557380848 1203760.4727919817 716287.9081639482 -2510682.435260082 1502916.9649806262 92622.05427324661 2578675.299509942 1244313.5221021813 963022.4805189403 6085863.91666795 807340.8310950595 -3240008.0241348706 -400038.12638509256 2688366.467863708 1189450.1621088367 1171061.267201866 769960.3837635289 807875.6026452442 746628.9268123306 -2071624.2992997724 -3765929.8781773113 -73409.92523944676 2683159.3160458268 980001.676131234 3942309.997925715 906464.3337612683 -3057712.8814942916
-1744978.3971458192 1031742.3388627893 -1845510.032307081 -2290383.7299041487 5781055.5276630465 36678.15482602019 -1873769.5205011168 -162539.57859004402 852332.2995884423 -1253792.58950285 -2650191.820604558 7276369.208637908 1296551.855019571 1939427.997341624 1356803.8768890412 1049927.7448332692 -252810.7353756266 35778856.448265634 -4582780.401140634 -783094.1503156129 -1344224.1814795658 1394884.8630753648 -1256221.9004578134 4781770.745669355 4289742.334313912 -890140.8119712835 3599146.648722708 -4118614.7281435146 -664963.9443426072 2269379.9684477006 -2527015.9871515217 901719.8394284759 425564.7159646585 -1250975.0149833667 4948770.765025954 -1457561.0205664353 -1688445.0160299023 731391.2130332069 -798149.4327379317 553548.5479538133 500968.64998496015 -2601204.284382848 -3196269.8032257706 3729247.574060384 -906517.4457887054 2539433.886664117 -5069372.610739382 -2173901.8947678814 2103845.9109138255 2730210.907986051 -2406778.7248919196
-3472230.570011815 1594976.756611173 -308008.8046021375 -1145387.0247484127 -755499.7038674762 -1195124.6929229079 2008816.8101047412 5303234.6957235765 -1282701.1406772432 -2474895.3718755385 -2484113.9880303545 1208167.029449002 3365979.071722503 -1868456.5797876087 -749251.4776568043 2710775.805166455 3635242.1348265116 -4582780.401140634 36069383.56604038 642985.2698669678 -1331603.1409363062 -466160.6477825216 1550718.363537893 -47970.491602375885 -2090890.9849173136 560936.1332700803 -5905622.4882028885 2929160.255188438 698341.9200324059 -1948658.0402709576 1775864.9272747063 1144305.549436029 1137519.9825707255 -43330.2750654156 -2964403.398450389 -4811650.344582739 1019236.1743913639 674067.5724990835 -3972157.285896652 173662.96537092005 -499194.19860005524 2511271.050664697 -422551.46187146154 4596757.674892713 -2009066.2606571452 -3485491.3412216804 3313615.675523296 -227875.5577406522 -2403192.937192394 -3799682.421517084 700516.7433173681
1467302.9888670084 -4586791.625180403 932277.5740268193 -214730.08225908238 4741523.236532045 -677171.5636353564 -3292366.878046245 2000310.07082467 -3471942.344530586 2310392.4129391485 -916766.9220823004 -3999117.4727616776 497437.765740655 -2802910.279300963 1069696.2010810345 972122.5835818866 3441747.0751391533 -783094.1503156129 642985.2698669678 34039994.87459682 396515.21876702417 -1342316.1160935173 3997197.6100253854 1392222.6683582969 -629916.2119647368 -630800.5228146878 2384374.9920220627 -2360272.693577548 -5098662.626299472 -3876578.9450953268 -3431973.1096547823 2035638.8454945523 -207514.10121277245 542680.9498400235 -891421.4137121923 -2709606.066321017 -646152.8665008517 1537706.141013297 -4196947.647444347 964180.2344223647 -209951.20768679384 736140.1261243876 3110677.267176327 -236836.79034157487 1056327.411830499 -553717.0247946758 -1180767.6115257125 -5522209.435674892 6519983.844987989 -380.80647609848273 -4101050.747073061
78123.68021819483 -1811543.091272289 -1496601.3567631866 237905.28189255134 -3789615.3182704574 8106999.067937978 -1506968.576145499 -2000438.4206775024 2778274.595992453 -1811960.1808543834 -2953552.3110590703 -14249.076216886639 -1242087.5822654485 2828034.47928104 3206991.8194717937 1387380.8016275426 2283818.0672844737 -1344224.1814795658 -1331603.1409363062 396515.21876702417 32205006.41352086 -4447988.828225949 5009503.153670396 -4454039.047891929 3789375.2116492614 497242.3234872371 612252.532644883 694810.6179901285 4938425.769723394 -2225901.89295351 -415536.728377372 -375750.35176571785 1547192.029347248 -3210745.250837459 -2639180.359706561 3150546.087814449 -2171110.379842409 -427222.3538940762 1068832.652033076 1950599.6854134405 -1603044.9317185038 -1834942.5685290466 835750.6102849166 1051279.279164581 -1937413.7386890834 -2075508.2167715356 -2316601.9935070565 4389775.389582321 1218458.401659061 -843923.3160861091 -89765.70807335373
-5640824.2171857655 -3259189.0847446453 -1036047.6565212493 1497328.791214883 -6132809.27966039 3011565.7690313486 -5571781.29682965 -543826.544367273 42153.36539601444 512639.5726116124 -4191847.0318182227 -957435.9519370216 1336621.737112904 951929.5978582973 -1962799.8860553333 -5501000.450913668 1900714.5546596516 1394884.8630753648 -466160.6477825216 -1342316.1160935173 -4447988.828225949 32645970.610084493 -3162071.6695009307 2878183.77165735 1062244.7690560054 853400.9982221836 -1501038.6893420985 -3746198.9504873287 -3084795.2263556756 -58356.40142752404 -1359118.249506679 605687.7916739678 3728054.2293533217 875714.40947968 1850445.181022481 -2844543.604453038 298654.3419676375 2018927.2249268084 -270463.614638915 -807034.1752425409 657245.625387222 -2300904.2277871165 1946614.003303197 225135.57906004737 5190723.698234862 -3176901.774895739 4202361.726788534 4930651.180829901 -3532695.87389912 -953259.3787243746 -3157749.9250394893
-3751306.4009439377 3762523.3305351376 -1530514.1890706941 -1929128.0677202386 -1372973.633062098 149042.5248035837 -806106.0821620887 -1228266.9123512183 602809.7581388007 -1493606.6304144626 -619516.241810754 -3256426.2957997755 389589.5123356982 -1698918.0620013888 3228122.1628427017 -1112009.2419158902 -1732904.505044448 -1256221.9004578134 1550718.363537893 3997197.6100253854 5009503.153670396 -3162071.6695009307 31924369.6023737 -82494.8630675436 3399351.2770188334 -2987657.426658293 -1640.8472609448727 348641.9899959023 -2531465.077309338 1770492.5031949992 40199.168804768844 2226265.410360437 -2288574.824689986 -1780792.8511038022 320374.0127407203 752930.2138877531 -1087879.4471911488 802138.2879603035 -2726772.697032416 1615389.2897597558 -4734570.004118736 3237464.8543832307 160889.5225791224 -4512320.779115642 2107080.47117417 780174.1174403554 562934.4218400727 1090823.4015831368 2125850.0804976197 1099717.5399884523 1169438.555869858
-4124394.534423635 881003.1202072541 2109369.352577357 2272953.5455769966 299449.8905931399 3071873.8748909766 1749090.6690609877 2634245.9132191767 -1230719.8463213302 -4621373.469980864 -401197.5196100687 1445375.848010196 -851315.8962558141 5010582.489128288 -389957.27947732 2406892.2370006833 1241426.963625929 4781770.745669355 -47970.491602375885 1392222.6683582969 -4454039.047891929 2878183.77165735 -82494.8630675436 32916735.527174614 -3368933.338165889 2672080.443285699 1447232.517976524 -3926498.9348994526 -3104458.9265189087 1734861.733532316 399145.9014359201 1898183.6589067068 -394878.23979710287 406935.5021135354 2479907.2272281796 4956706.623073468 1043404.0706750111 4193983.4511473486 -1482546.4902853835 -1325000.373106811 1029242.9271202483 1914136.7499666344 1414330.46427677 5145294.202297362 1875318.8118903777 -6790641.973003503 -2136981.974268789 -4907366.538662351 327447.649077913 -2378029.28405137 3966110.6369191054
-3544933.464197148 1054510.529005006 -727327.916060622 2034737.7887341818 4215786.905381872 655326.9994920179 -4459629.726637561 -795186.8268253763 3441090.4063198757 -2067198.700986991 3465863.8748571747 1438992.708523952 -1180296.5122798835 -1744558.0568297247 3413985.1930791354 222901.89254458097 -241680.2557380848 4289742.334313912 -2090890.9849173136 -629916.2119647368 3789375.2116492614 1062244.7690560054 3399351.2770188334 -3368933.338165889 31890416.48862023 182401.37704242146 3620028.338173024 -5597332.824999245 -1132668.3365302293 4100132.095198111 -862409.7698588641 452861.0624794543 -3462488.816464144 -479766.90021503577 -2223377.7952272324 1178350.7692102578 3559134.086273813 6310298.66982607 -1014529.3431850832 2667949.764403756 -1485023.0518480677 -3999602.447707323 -1474152.6928284424 -4301839.712298006 4576100.072614593 1111517.433822566 -4601514.415720123 3630287.875891098 4247489.77099926 -1578125.998491732 407095.1637331899
-879346.342056742 1643792.9400812027 -1730344.0433507604 -1115344.1634220735 2153267.2202333924 -1751547.358466078 -6570775.702700032 358504.8976366301 -2707864.2365565626 -4318629.638578553 1348625.4072990313 1813518.314087419 2249230.006547161 -646326.3899731137 -3240340.8677874985 -2023350.3786340286 1203760.4727919817 -890140.8119712835 560936.1332700803 -630800.5228146878 497242.3234872371 853400.9982221836 -2987657.426658293 2672080.443285699 182401.37704242146 31893217.990441654 -3281514.5378602357 -1803981.9976426333 -1362859.3136553273 -1485516.1307620988 510296.8540444143 583497.467007508 1980457.6168727158 -608197.9128713852 -3106684.416990978 -498172.39283114654 -296208.8566178922 -50203.68377396996 870720.9233199423 1855539.1212096035 4145680.2712763404 1746691.9472774717 -993371.6936104445 -928353.5513941509 -293485.4709963917 -3473646.2736002738 5363401.225160065 -3034698.772310149 -3265615.8165101684 -1907483.1175238239 2343892.1568185044
3331468.1256189975 803849.843416288 514731.45217332547 5366873.228772158 -645275.83855151 5585673.139246815 4482491.660405668 4644884.846160124 -2064291.6027688102 536325.7172526706 -816101.6009272793 -44925.47213264104 -5953146.651175632 -3668381.7824580492 3926386.032270051 3476777.617309132 716287.9081639482 3599146.648722708 -5905622.4882028885 2384374.9920220627 612252.532644883 -1501038.6893420985 -1640.8472609448727 1447232.517976524 3620028.338173024 -3281514.5378602357 33019380.474032585 -3069728.9478455293 22412.780199077963 -5044144.575229578 -6099099.405904296 2813848.2738048653 280048.7981849596 5201075.826108797 6302061.278168759 2614495.196376252 -2036803.698139925 4792445.045392758 -3037278.80112932 663833.5957282996 342950.2681181536 -4141186.5643956126 -3348305.2463950375 -111794.34373920233 2778339.117947354 -1055293.9330949557 -1821251.3933689618 2001434.8513948908 2011929.221887914 -2336334.540410317 -3748770.641664436
2643578.645920052 1551690.0406358251 -253807.46298070354 -1041284.5736779938 -1489064.7534218803 -424635.35226683196 551753.0245407813 267649.72704256955 2220853.368118739 4326092.030166239 3948430.5449608755 -2479525.617288144 -2175635.876694046 -366976.0388642041 -4511204.959785542 4759268.246717445 -2510682.435260082 -4118614.7281435146 2929160.255188438 -2360272.693577548 694810.6179901285 -3746198.9504873287 348641.9899959023 -3926498.9348994526 -5597332.824999245 -1803981.9976426333 -3069728.9478455293 36492507.92562895 -1865463.8011720614 -2830544.8930479106 3232845.196929606 2771168.7308911155 406374.8393877853 917552.4560787729 -4903034.250922303 -968979.6644740294 -945107.7774281675 -1798505.9235027633 -4676749.606783359 -612410.2003445477 -2051156.3650431172 3442707.378034157 5915992.246854054 -1654366.5221123253 545461.867148863 1229898.4859160094 -1291738.5425917841 3629156.9859782928 2086077.4871142183 315907.5346257775 -1200003.4020970745
5484136.677004919 -2376692.0334444204 4085332.7923931982 1790667.2954027369 1206931.6338167987 763324.4233116455 5976744.377408953 -1687890.217731416 1070251.8072961068 -1028032.1391139319 -1117220.0855120684 -1795392.7857466268 -30876.43189314847 -453691.3434128094 -1675347.6982597974 4990639.661546466 1502916.9649806262 -664963.9443426072 698341.9200324059 -5098662.626299472 4938425.769723394 -3084795.2263556756 -2531465.077309338 -3104458.9265189087 -1132668.3365302293 -1362859.3136553273 22412.780199077963 -1865463.8011720614 34795429.49592788 -1359940.133828649 1452467.5908584502 144059.2511754358 -2184052.1091475105 144833.51404457854 945239.0560175865 4534609.914502902 -3718258.227922941 2891720.3300496894 1526472.8736094825 -546833.960692379 3654832.476989239 -708009.6706056027 -1240397.0938643406 1789931.0722791005 -452402.10956587363 833755.3288919684 -1493582.3882602975 -1432806.9980561675 2556126.496872078 -1742844.2650355296 16759.2589395081
-3293575.1217099642 2903610.4284318825 -725427.836847879 -2628224.524340712 908240.0036080009 199525.26760977667 -1281565.9344756734 1073078.4475393482 -1403909.2999338177 -1899347.909912252 -208108.2732569801 -1521659.1533759069 2447829.0541717587 3332876.2283182237 -3387730.154955928 -5607682.050938028 92622.05427324661 2269379.9684477006 -1948658.0402709576 -3876578.9450953268 -2225901.89295351 -58356.40142752404 1770492.5031949992 1734861.733532316 4100132.095198111 -1485516.1307620988 -5044144.575229578 -2830544.8930479106 -1359940.133828649 35668184.036370546 2652112.5489522954 2611730.651270153 -7243890.340540634 -4524736.167355146 -3788220.1004282506 259192.432948251 3261464.881336645 2048243.3535252195 3542613.845009048 1643945.4861872143 -37284.65642459033 -1738870.9320206062 -600953.4451568675 -4777224.840256838 -1755129.4086348307 2257486.722759891 -1740013.1862771292 -1903270.1452884201 -3089664.0204494875 -898860.8751642383 1468121.9072045442
1149754.4068313388 4123547.852473136 -2972761.310271395 3192504.336288613 -141779.4094047918 1912006.8534008258 112853.39490619478 -1962151.6073167622 -369038.65969836275 -312328.44486946857 -1046824.9893190614 -256631.62292012572 -1140953.969729437 -6343506.636514316 -2630796.401192398 -2087987.9880646002 2578675.299509942 -2527015.9871515217 1775864.9272747063 -3431973.1096547823 -415536.728377372 -1359118.249506679 40199.168804768844 399145.9014359201 -862409.7698588641 510296.8540444143 -6099099.405904296 3232845.196929606 1452467.5908584502 2652112.5489522954 33523708.161555305 2323847.0456277668 -1026399.6997486203 2018917.4662147511 -3177149.68644899 358406.08328925003 1437689.3554481673 -1806770.7238495226 760831.9767943613 3166678.726753836 -1991529.4381326267 733395.5336984725 520528.93212714995 148232.3314520315 -3152703.295194375 -2587520.4051382043 -717922.2278527307 1537350.642312183 -2446231.5992242154 -1750235.2575105133 2163008.722001355
-314135.8344921351 967243.8238465583 -3732356.910445133 861777.8163323097 -1333480.3274599984 -177777.40500193418 1406603.9782998879 -681189.503486342 -717807.3088447045 428959.0076594673 -4476664.932598259 -885910.8429765375 -2062200.792185189 472332.28682452015 -2187639.795926175 -238505.15522605903 1244313.5221021813 901719.8394284759 1144305.549436029 2035638.8454945523 -375750.35176571785 605687.7916739678 2226265.410360437 1898183.6589067068 452861.0624794543 583497.467007508 2813848.2738048653 2771168.7308911155 144059.2511754358 2611730.651270153 2323847.0456277668 33122918.834562846 -2272269.533812792 1048314.1975914054 -3282610.128628214 -303325.4992593678 849308.356152393 924501.8436613583 1387043.2539135583 -304953.4261832852 -3169967.027338867 954833.7077881721 6190914.093037977 -4848210.629324921 -3047895.9648971045 -1648863.2423200863 1804096.2816154063 -3589701.699424533 1763294.0109264595 963233.9074569634 1813574.6488167935
48062.146817673674 -2821303.462373618 26174.649904819442 -1236959.4725965192 -1642051.1716925069 3157055.087251837 -2518854.120628946 -210763.53776858715 -1397807.6209903797 -1734138.8782226506 -778264.4389598808 -241573.81414059893 1197294.0476589133 1245820.9306332455 4088995.4278820194 -4006980.736852292 963022.4805189403 425564.7159646585 1137519.9825707255 -207514.10121277245 1547192.029347248 3728054.2293533217 -2288574.824689986 -394878.23979710287 -3462488.816464144 1980457.6168727158 280048.7981849596 406374.8393877853 -2184052.1091475105 -7243890.340540634 -1026399.6997486203 -2272269.533812792 29985035.130809344 -1240033.4337745942 -774722.3099780132 406129.5934061299 -193883.6212957433 -401272.99235588306 -530149.8862809764 -2206407.9755970975 -1950718.6580743373 -900198.8501997478 -533977.9867363243 629541.1471002802 -831352.2369533555 -1856025.963764343 -487973.6159337473 2135112.0615763017 1323824.9989398462 -934370.5528301944 -2502918.96567657
776603.6517466526 4157189.2601614315 2141345.329610804 1323711.9481174385 -1709438.1056652265 -1334816.5387253435 1977806.8236843161 526028.557485853 -480959.21853837796 745133.2176482597 -1387557.3561161645 296488.44412648503 410616.93963251624 3109034.6783673614 -2342023.876206132 336844.4476869496 6085863.91666795 -1250975.0149833667 -43330.2750654156 542680.9498400235 -3210745.250837459 875714.40947968 -1780792.8511038022 406935.5021135354 -479766.90021503577 -608197.9128713852 5201075.826108797 917552.4560787729 144833.51404457854 -4524736.167355146 2018917.4662147511 1048314.1975914054 -1240033.4337745942 28368527.892527286 5490231.505063541 1668109.506172855 -1200180.5004050403 1404932.2478077402 -2664443.2560433364 -4490922.028086116 711082.6812691943 4529865.601986825 1805006.0804702914 -3574051.082735286 -338388.20938006765 -2012672.671387895 1941449.850056748 688316.6530228726 -1941139.5933233951 1910756.7122971828 1859599.200393013
3808449.7193792337 -192727.7426165408 7564992.991962774 -1086355.4485682114 1773826.2538959547 939720.2953655515 4763809.390516687 4129636.9206518405 -6563101.194367661 -579034.1465127637 -3477216.1457377737 -2116483.7738578264 2497182.746973229 2434692.3718755348 1718246.330740977 5776097.475488522 807340.8310950595 4948770.765025954 -2964403.398450389 -891421.4137121923 -2639180.359706561 1850445.181022481 320374.0127407203 2479907.2272281796 -2223377.7952272324 -3106684.416990978 6302061.278168759 -4903034.250922303 945239.0560175865 -3788220.1004282506 -3177149.68644899 -3282610.128628214 -774722.3099780132 5490231.505063541 35950963.73360993 3624987.6140032043 -6265224.115479942 1222485.462384195 -289159.6823196189 -1655978.1666913792 2639846.576408449 -3592880.8008724963 -3589432.345891804 -832775.2801660324 1723087.4160959204 2844347.6903554974 -3153977.185583674 -344789.7544459207 -3689173.6875107675 -1432315.0516552422 670424.8597901462
1809640.738694395 -2069662.209603052 547482.7264030101 3578954.4372292613 -1074213.3364155546 1000593.2432619211 3154544.2790888017 -1410559.5575138463 -744084.3899907342 -2695286.389697664 -706506.258575366 -1704059.3892975352 -382196.84992266924 6803675.257776843 68653.93276033874 3816190.616360547 -3240008.0241348706 -1457561.0205664353 -4811650.344582739 -2709606.066321017 3150546.087814449 -2844543.604453038 752930.2138877531 4956706.623073468 1178350.7692102578 -498172.39283114654 2614495.196376252 -968979.6644740294 4534609.914502902 259192.432948251 358406.08328925003 -303325.4992593678 406129.5934061299 1668109.506172855 3624987.6140032043 32177183.82936473 -3284346.258502675 -639086.8302731523 588241.3839381126 1029484.681187895 470244.3470339552 116170.40193128257 760564.1532280414 1039840.347055119 -1260929.4864184696 244039.4178636956 -3606727.8748048716 2103449.8151803035 -3803185.592086972 -1319232.8620678552 -177446.9568398221
-2729106.9508569716 -226740.37087462025 -2575136.4543963247 2447988.086210747 3639365.9576346297 1408861.1239193438 -914646.0992578897 1275478.3052829495 2586678.9549648277 -1263840.725233294 1183053.9691927552 -1482312.4102310867 -4479216.299882787 -977135.7209906563 3713127.047442752 -3313762.3893532106 -400038.12638509256 -1688445.0160299023 1019236.1743913639 -646152.8665008517 -2171110.379842409 298654.3419676375 -1087879.4471911488 1043404.0706750111 3559134.086273813 -296208.8566178922 -2036803.698139925 -945107.7774281675 -3718258.227922941 3261464.881336645 1437689.3554481673 849308.356152393 -193883.6212957433 -1200180.5004050403 -6265224.115479942 -3284346.258502675 35273342.224890955 -2050413.3960900991 4139084.6974595143 1431208.3244217266 5241907.634478707 -1766360.129216371 3582802.0757603194 1387736.139711268 -27449.304356327913 1133664.568812562 1446766.79819132 -3515230.340373149 2469236.5147536304 5529167.022782164 1857952.7287592478
-2523468.9816226903 -805882.0879280582 -1641102.8838775512 -2261440.870774529 2817334.342743387 4215971.072651004 1055107.1598006736 -198978.6549310686 -1330462.826415565 -1645821.2424249563 2763317.572667116 437433.3466138409 320750.15377950965 -5876588.930975213 1504038.1038301473 3298993.71265238 2688366.467863708 731391.2130332069 674067.5724990835 1537706.141013297 -427222.3538940762 2018927.2249268084 802138.2879603035 4193983.4511473486 6310298.66982607 -50203.68377396996 4792445.045392758 -1798505.9235027633 2891720.3300496894 2048243.3535252195 -1806770.7238495226 924501.8436613583 -401272.99235588306 1404932.2478077402 1222485.462384195 -639086.8302731523 -2050413.3960900991 32919576.61345811 -3751238.840321535 1973362.9240086304 -1086207.766014004 554698.6329165732 -4280524.11247215 2376489.1892758203 1776482.816285487 -3586101.0719507467 138519.6032549588 1302336.3518758556 2251843.3536805855 3007402.840746403 -318512.82646756625
-730660.5878425135 1404820.462652913 -3033440.1344425716 949730.9095127294 -4244944.171138716 3706799.3997072545 703599.7562707921 -1347555.0358597464 1195274.890757732 2531021.588979442 1632875.6346230316 -1349566.3923094475 283256.8129817516 3861470.909855971 -2930388.9524972313 -3147293.1927981526 1189450.1621088367 -798149.4327379317 -3972157.285896652 -4196947.647444347 1068832.652033076 -270463.614638915 -2726772.697032416 -1482546.4902853835 -1014529.3431850832 870720.9233199423 -3037278.80112932 -4676749.606783359 1526472.8736094825 3542613.845009048 760831.9767943613 1387043.2539135583 -530149.8862809764 -2664443.2560433364 -289159.6823196189 588241.3839381126 4139084.6974595143 -3751238.840321535 29884522.777782694 694001.4703160982 3448918.115330243 -429317.00426447956 -4877442.544371829 -4078640.7163246353 -2156674.741036859 2756985.5545020592 -1470934.6597869536 -1761108.035228006 -3866827.0849524112 2178619.502897003 3010985.59325638
-1930282.6041736451 -799307.6448860777 -3956756.5826661168 284393.76327058853 3256351.363909742 -1599331.4957987522 -3164000.8208419248 1364474.3002478818 1828165.369311459 -850273.7558703866 -3191164.8311067903 -1416238.2690987822 2621436.2783240313 -927686.880994638 1494981.5392929558 -533022.8540832298 1171061.267201866 553548.5479538133 173662.96537092005 964180.2344223647 1950599.6854134405 -807034.1752425409 1615389.2897597558 -1325000.373106811 2667949.764403756 1855539.1212096035 663833.5957282996 -612410.2003445477 -546833.960692379 1643945.4861872143 3166678.726753836 -304953.4261832852 -2206407.9755970975 -4490922.028086116 -1655978.1666913792 1029484.681187895 1431208.3244217266 1973362.9240086304 694001.4703160982 31146742.997047823 1710396.3421903632 -1648944.7975250948 -1493969.943992468 -726004.6260753932 -5513968.263494702 -2366572.0411203727 -4922484.532627651 2261248.260028016 -2268331.1558190454 -932667.4658766029 -3319764.1419573617
-127684.73517610702 -4448300.927541145 -939367.1627524903 3906856.9170712633 5056180.271051021 -1249936.1864962769 1306150.2349617537 -1037110.8447971985 1619678.8028692096 -725014.2692728213 -7820.007961813499 600849.6356629704 346474.8837310064 -481405.21030579123 -1858479.2704598831 1214067.2836664116 769960.3837635289 500968.64998496015 -499194.19860005524 -209951.20768679384 -1603044.9317185038 657245.625387222 -4734570.004118736 1029242.9271202483 -1485023.0518480677 4145680.2712763404 342950.2681181536 -2051156.3650431172 3654832.476989239 -37284.65642459033 -1991529.4381326267 -3169967.027338867 -1950718.6580743373 711082.6812691943 2639846.576408449 470244.3470339552 5241907.634478707 -1086207.766014004 3448918.115330243 1710396.3421903632 31252309.177931 1159004.2068680741 1986073.795094711 3982428.313969693 3629588.416306471 3155692.1154444288 1003820.7722052935 -3363421.47950648 -3285009.87068175 -165914.48902229458 3240344.4243745613
