30664175.100774985 1319706.0688067386 -1882341.790228706 1559662.293058683 -580506.5543426821 1044855.6600476966 456836.84153585386 -245782.23436259225 -671132.4975082536 1900711.617799116 -2198204.919578617 -1675070.580768363 2837002.3379180534 194963.48058618075 803713.9505805356 177651.46378309288 1755373.9459728822 1243653.5180549412 2445376.842165791 -1583168.7502241964 676356.7157543335 174087.6540166795 -875851.8996347571 2008157.5384930128 -1039030.0249230253 239306.417834078 279897.8433462117 -2092887.5503118285 1129800.3230461092 2212188.9725503083 -384673.23856922553 2396882.8577382965 -858683.0972883705 1184089.5260390781 366167.9564563918 -576562.2031315273 4446743.084352983 1269132.2026285583 -2903504.259151493 -720020.4126215515 -923964.3637096208 -1640663.803377565 -1880947.191327042 -205457.31549573573 -2306134.908846421 -160500.2418602471 -1716878.3154347555 -360554.4412253335 2498826.4715244924 199625.67135196424 1080411.0593994306 472365.7172411267 2508659.671287862 1585488.2310499642 1259656.5611499788 1146066.8289622911
1319706.0688067386 33021619.99856637 -752030.3587204606 -695042.2423093707 -34640.524304184124 640255.0112447224 -1054475.7324095424 2503545.5390545507 109123.43654808887 -576651.4744797358 -310729.6952063302 3989628.0224377955 -1168266.0180139297 -1131898.6731521515 1520256.3419911035 -1263045.0778872161 -571243.3001109784 1595170.5085976294 840917.039065547 -2454899.985531269 1449013.3366315581 1646099.832427877 -1886388.5764592858 -4522272.8223001165 235749.2597987512 -2704385.4448466003 343476.0792393228 1711559.3533477415 -2412441.5952436076 759243.6348229435 2246227.1081432058 55938.98965460203 -417197.2381965598 -1706402.2054511153 -1817966.0727458056 -314357.71806706773 335592.78214519547 1179179.5732122958 -290350.3453682852 514538.4177193075 1557593.054787005 -147211.86228685413 2254182.927721366 -3316434.9103377475 1151182.5093560016 1306414.2777470232 1593038.8377268186 1845513.5351514085 -1243196.3849374505 3594795.142082277 1336125.8002705243 615722.1344297982 1039707.5599797462 1704487.7760396153 -1207150.0893056777 1982214.1961962334
-1882341.790228706 -752030.3587204606 33052630.758883156 27312.138704917987 -1977773.4204004356 3502204.469259026 1353448.0556679473 -4206841.595520156 -1534399.3945985404 -387057.79225635115 1458279.1513213175 4444778.844800421 1259896.6125623113 -1227247.2263038603 745169.5902355283 -1765923.085131035 -700265.1163526122 -574100.0428943097 34743.81387191789 3150530.0266150315 1626939.8418902028 -996416.484870457 2100575.3312917924 -914795.7316246775 992373.266186614 -687295.4955690803 452555.82692223776 -1349766.1367098773 135033.68050942043 -1327929.0006594036 727074.6439819183 -1566348.2298505448 1074889.9457030904 -295342.83106303867 -3350007.3834996936 2429181.8737027664 1025158.5715838409 -2106025.1077796686 1375099.5590378921 -3397167.3769586384 -2589101.56903374 -83148.96592891288 3494567.417888861 -604896.6493589472 1440474.6964116497 -715633.2348193154 260047.7035234504 1681741.002193976 -425959.4917352402 1209314.8862675556 -604973.2672871103 -2368752.3755093273 -1131482.174184642 -510564.74393059453 -1409053.2455448925 -2074637.151024956
1559662.293058683 -695042.2423093707 27312.138704917987 30747813.477833826 -573285.2443818649 395233.42103760707 -1202485.1656433763 712753.110153322 -1221199.9795460908 97464.63835861733 -409887.0904164798 1927726.5212953805 -436495.6011702957 -1388210.0517099407 2517747.3699143603 -2819521.439793593 -694003.517897553 -18228.572036855698 721071.6424144922 558964.9031761548 -2953047.098307585 -2852691.684416407 -76570.76940243799 1589823.101469755 -1581781.0427572979 360520.67604270246 -63742.920188605975 -3285987.811452294 -2494308.466561236 2514797.9430196257 1021061.9886861586 752644.6271731998 757375.1443050918 730055.0044384005 1244163.6537956984 -97359.9771964477 1875992.9689506395 -1207098.4976755593 -1306712.3225654876 -1418471.7652513948 -113806.27873311809 -1456910.8180769193 -3052182.1873086267 -328118.43185339024 -1918323.9433850716 -197319.26368312872 337365.57096790423 304099.41118412453 -239053.3528382061 -2273047.0353873004 -1889167.4396631229 -76197.43976089144 -706185.8303023911 -857829.9048216445 -627674.6315189928 1789317.7456357467
-580506.5543426821 -34640.524304184124 -1977773.4204004356 -573285.2443818649 33129724.742036983 3828731.1144569917 -2299864.681388887 511195.8150711221 541622.7414916925 -1359698.0127027489 3083391.148327061 841894.5075653305 15366.980000475805 1032117.0106250902 -739207.0686911839 -1705379.3973156365 -184726.7356213934 373652.34528400254 -482398.7944046538 -844997.8554133587 679437.5287713503 -147306.0068363191 1620999.0910255546 -622623.1650791394 -970515.7426884437 4646778.580284496 447301.82807208056 1180351.8284528197 -2629057.1750496146 2760273.0094113904 -1666433.7422922843 2961441.835756441 9280.78025978991 -2094489.9859973814 -2215629.6810390246 -746.17245878935 1301729.3762838815 1187671.2039579048 -282541.35321143206 174687.94965929203 1462283.4317642841 -1437869.6049062451 -2107244.5501936907 214403.4219017715 -1411743.6880748107 470769.5615257876 222912.81984157543 677959.5183694217 1486859.8497167493 -2207504.681853916 -3884008.0381701333 -1093976.9880188415 -535615.4426785039 405044.1013687046 1680164.472207324 1380327.7463942063
1044855.6600476966 640255.0112447224 3502204.469259026 395233.42103760707 3828731.1144569917 35727814.863709405 -3266279.337358005 -4149151.529820172 780068.70673257 -29056.585819492928 -737752.0801635028 975123.821695133 -368888.4151033754 -752627.2503467058 -642032.9472627585 -474957.11465312494 -2197166.304005782 429015.68629198225 1157680.005576931 -902212.7647237611 1200057.930797795 -855818.9306995405 235810.15670879162 -1402900.0560667813 -1753093.4787171627 -271243.22744576423 1257978.480010643 -1535756.7405052143 4062876.2732157637 3913160.6998142423 631549.8529964496 1505649.1153808506 152663.30276262396 -3241738.7044466566 964260.4962059075 1215826.1293829477 2723175.4931132966 -61021.17709196611 610073.5844208103 -69465.7898275603 2369176.361374567 72734.33599063312 -1133394.6529576206 -730811.7417763326 -110007.03637684512 -476975.8693314494 2842217.7991622165 2094311.1047818945 -1235285.8252380244 2737623.4804220335 -1485040.8532723663 -197513.89497652336 137904.4312943398 17866.126384107953 -1835242.0163810763 1417700.0059837762
456836.84153585386 -1054475.7324095424 1353448.0556679473 -1202485.1656433763 -2299864.681388887 -3266279.337358005 33540949.406828437 -22965.336237928517 966381.7440614799 -2693404.169845663 -2199264.822391028 143269.29184980295 1812358.0174161592 3149992.2862611497 1493081.4979683675 2068965.1628138481 -255858.05975097895 -3508776.8737930856 -1434438.6797517627 2190558.0742996675 3981668.4050887343 194336.53357806403 495824.55194462975 2226169.490470852 -1793854.5195533172 -1462967.9140648183 -1399458.9802012711 -446482.09955414414 1579776.3740111096 2078290.4520967137 3706313.189056042 -4259570.02169745 -1756424.7174492902 760110.5818257742 -1195785.9628073415 -922194.740010669 1838679.6710199188 2124812.452460561 1630207.4866553203 -1315165.177380485 -285128.97664935654 -656733.0458565544 2044147.8928075156 -534869.5584154417 -1034100.8987214449 -1637008.7508681861 -2533338.9152768063 -276059.1245879519 -1992364.1570684125 965514.9125489079 -665079.3901399608 -1797790.857635355 2435536.317972604 3912408.200934505 1273230.3662277656 -1230771.2961086994
-245782.23436259225 2503545.5390545507 -4206841.595520156 712753.110153322 511195.8150711221 -4149151.529820172 -22965.336237928517 33941471.05938244 3529855.466369095 1368849.4866158932 1539103.7677448678 712374.3097406202 876804.3462133316 1256337.8804797227 1931494.381829686 -137209.0000570923 -235962.9871855552 695531.2892522236 666089.7462544503 251327.02636575603 142724.7405843802 -1841267.9017947314 -2851723.51940995 5237410.963821726 -2782169.2279145666 -514775.8838616662 -329042.4846423164 1038948.7839205571 40587.77538706653 -751706.5469559495 -1426949.579104251 110257.42448436673 925161.5668106235 473634.87503856246 523100.2886499904 -1460820.0563622578 264136.1070694969 -929893.1685635536 -1761194.54197267 646301.782896824 -2623118.911396669 3171351.410092647 1347607.7781594326 2515750.8141350294 -2634129.047553747 -3015161.1788421166 576385.8375210114 -102385.18123452202 2637102.273414151 -3386924.1972534168 958936.0495236893 -675779.4161023827 -138138.21639115157 1412666.305257831 2448337.6644735835 2199899.36831364
-671132.4975082536 109123.43654808887 -1534399.3945985404 -1221199.9795460908 541622.7414916925 780068.70673257 966381.7440614799 3529855.466369095 30635543.948690128 -356138.3941683309 -56019.746609279966 -1792243.094480678 862802.203967106 -1100609.6991941168 1658139.590753894 -3362007.912425145 2120532.991859522 -694140.357496619 2382080.4588621757 530802.1304488172 -1391725.9872941275 783618.9838219926 -2058856.8007315665 2185636.1915420266 -958386.164414664 2882197.6643945714 152706.6913385502 1715938.3638495875 -185550.89367549212 -3591914.5467122146 -366060.7353675808 1164184.7646150312 791111.859795713 2167005.3768044137 522278.2630636404 -1577090.3292443748 1445216.4763077127 1201617.955859756 -2473178.1256084833 234773.5814091695 458278.15039118816 625954.7921259451 1085552.672601358 921452.3076675313 383337.7112235402 -3546198.143618814 -3929089.521428716 -953559.3884038519 2454911.0636238884 2037661.5997799684 1213992.728234657 -1295744.6755703455 752042.9254323026 -47158.74325308881 830675.7749152341 2743008.8481010837
1900711.617799116 -576651.4744797358 -387057.79225635115 97464.63835861733 -1359698.0127027489 -29056.585819492928 -2693404.169845663 1368849.4866158932 -356138.3941683309 35335021.79923135 -480949.07322506735 623700.2596300426 4615858.580270079 -1382305.8959735695 921308.3639664091 -1356339.2973444297 1803856.1418414554 1208814.9763703963 -1506452.143181638 1508390.168838569 -773934.6700761563 -846551.7382159451 -2453040.670962491 -941315.8155857052 -1550932.666750027 -246846.58180155803 1818033.2275567253 666526.6272775223 -1070682.899534797 -1380141.3097434195 -3748826.983535595 -930378.6736071697 -2357860.9327944163 1178120.5944329489 2823611.966154151 2025786.294228733 1270596.9054369738 2577214.075535188 -1941316.7595329168 3379113.1151206605 -663426.009915825 827175.3081752583 1682730.2088519067 -2115862.255665991 -1701003.5622292731 314796.72739080706 -239961.49734362058 -2225013.4956473648 4003744.293427889 793018.88089958 -1098772.230525616 -1388677.3688808195 -625307.0118102345 -1972191.7056845857 -1251639.4732423883 -3280217.015464932
-2198204.919578617 -310729.6952063302 1458279.1513213175 -409887.0904164798 3083391.148327061 -737752.0801635028 -2199264.822391028 1539103.7677448678 -56019.746609279966 -480949.07322506735 33367153.230522648 -869115.7518182826 -1270406.025711706 -151659.86147389267 470269.6807611109 1139615.1240848622 -554637.233666457 2016621.7429794325 621744.8674273288 -834870.7553989373 -2402048.695245181 728400.9791593992 -2073230.7721121786 -1579908.0023023132 1310271.544097729 -1858608.3601003985 -403231.31230887497 -3272343.3333754796 -3571477.4585101595 317044.98892415833 -1725129.9385367879 348642.8713147987 433953.0609583598 1144093.9204679143 2434132.477456274 -1083713.349550871 2583109.701850456 325703.50646967615 755779.7323140053 1801534.2197111729 3065931.3701723646 3468517.398324624 -697451.392903018 3424657.3558905046 723463.8464248207 526566.1440288658 1069209.9740486324 1466783.2132383948 2149645.592108043 -410488.5990248745 -1812182.0847842137 1242636.627564493 1877055.5293805914 63051.905885705346 -303836.3410217597 -1758778.1145747893
-1675070.580768363 3989628.0224377955 4444778.844800421 1927726.5212953805 841894.5075653305 975123.821695133 143269.29184980295 712374.3097406202 -1792243.094480678 623700.2596300426 -869115.7518182826 33837696.813499674 -304536.3082347736 -2431015.1074508666 -3936158.6006934 821891.0268013931 -2942761.1917764414 -1309100.1024212476 229216.66507919467 340867.1999732072 2326331.4120427445 -585983.1296232716 -1576059.780147744 125268.01278716122 1656980.9305732958 -1476336.447701004 618061.5336862718 -860472.6121901921 -871130.3159067689 817967.8874992065 284980.2235862836 -3051621.2061376125 -2026988.2801060975 -491489.87598189677 1359388.0305094752 2271357.0298364065 -4803.85978661563 260784.00765341625 1754793.7693526642 -2145733.866254704 2180541.4950238275 3001384.173919076 564237.5512160613 202711.03793161717 536798.2265109143 554536.1995332772 -1304386.1532829034 582552.1963356392 -1652397.658983793 725025.959074439 -750206.950523928 -3605007.9494697093 -1278327.629305309 1638295.5693093156 -2132004.7941127606 -958734.4422576893
2837002.3379180534 -1168266.0180139297 1259896.6125623113 -436495.6011702957 15366.980000475805 -368888.4151033754 1812358.0174161592 876804.3462133316 862802.203967106 4615858.580270079 -1270406.025711706 -304536.3082347736 33034326.52849073 786447.9393644904 520333.214802415 2460564.8219703166 2534262.372967675 -2472399.451606393 1555663.176490276 -1032495.4307685518 -1389967.2041907297 -664467.659482285 -519877.77634126885 1874844.09138819 -3089500.080400913 1579999.8429070844 867212.8236889731 2399966.6534349676 247957.43757147543 1957105.7824841621 -586346.8891722591 53473.0258649453 -1338449.6456334905 1033135.7032965152 -473403.5198474092 1260895.7519494027 745884.9466095414 4180070.2150884275 -531850.9686870294 -283760.4720164941 932463.192901661 -1613451.6317182553 -1979680.6196574252 1795455.8308351177 -2430539.035853691 3281645.088587506 200333.93271068716 -983250.598604003 710268.1813179213 -679578.9616550481 1028176.9131674425 -1726773.1888228694 645180.8474299472 -259617.10289325408 -1922467.0026462208 139040.80385199076
194963.48058618075 -1131898.6731521515 -1227247.2263038603 -1388210.0517099407 1032117.0106250902 -752627.2503467058 3149992.2862611497 1256337.8804797227 -1100609.6991941168 -1382305.8959735695 -151659.86147389267 -2431015.1074508666 786447.9393644904 30940049.964778833 -2515544.13158813 4659833.9439387955 1245413.0463968602 1923345.1656223577 2307568.199865153 -508570.407481747 1003418.4907232922 2988956.6906523188 1604761.3096905162 -2305806.849315925 -1325263.121625752 -710270.3059653884 -128370.41569643043 1785470.3925884024 -1263401.8529538505 151863.82631423254 364173.8149173601 340320.8272334014 2557017.529545943 -1228211.5516389494 1453830.7717764536 -1141170.1766268392 1904309.5933123603 1351906.8688535795 -668310.0237034499 -66770.52118840451 1047482.4216980883 -705386.3467461347 -35796.28363743083 328621.49630904075 2865912.7033098824 7547.48220500717 -2308775.6310467743 -827178.7254295873 530744.811723093 -542210.2316839738 2452825.433776186 1375752.3847482088 -220276.34180538784 1200.5167992103275 622718.4946642722 -1997546.9226762406
803713.9505805356 1520256.3419911035 745169.5902355283 2517747.3699143603 -739207.0686911839 -642032.9472627585 1493081.4979683675 1931494.381829686 1658139.590753894 921308.3639664091 470269.6807611109 -3936158.6006934 520333.214802415 -2515544.13158813 33376404.554182414 1581907.9828978707 -253251.21442640835 -1327479.051467975 1053156.9477906774 189186.8514359776 -1656286.7020132625 408664.5094918801 3671817.3282931624 756747.8252965983 2297905.4211500227 -20873.257737107244 17916.35683527256 314035.2730066325 -4649019.650210936 765634.6006902695 1024295.2583789394 -2406976.203280179 -1842412.5088362747 -230968.68683491086 -2149143.318701615 830441.8802407207 2252646.0522758416 -1313426.0330079203 1836469.9512130152 -248913.5387554735 847396.702638836 -2421680.261948866 1355896.5433517818 1829415.312053617 1317592.4240094407 -1402688.4783107084 543500.2949792875 367015.3460728387 -1845495.9541593199 -3017700.375469162 -665419.1314348199 -1429152.8531304123 2858278.025093205 1305984.5663043763 -2083833.616857032 2070639.171521138
177651.46378309288 -1263045.0778872161 -1765923.085131035 -2819521.439793593 -1705379.3973156365 -474957.11465312494 2068965.1628138481 -137209.0000570923 -3362007.912425145 -1356339.2973444297 1139615.1240848622 821891.0268013931 2460564.8219703166 4659833.9439387955 1581907.9828978707 33537442.76696673 373509.40088702505 506313.56876281096 403055.67986158136 -927280.4742013343 3821546.7595324996 1107126.9123545624 540551.273692087 -833833.6614173863 -42131.5794465659 -384872.4696403915 -289511.7345681837 -466586.5624516624 2127306.9192083613 -2111605.0095813093 545558.5770297147 -2002622.5934056037 -1404374.0059006969 -453726.21323768253 2258374.1689956887 -2821944.003286833 3865091.962903758 698467.2735056218 -2977549.982418685 -1634583.604185887 -186636.85750876117 -1369611.8723992317 -465936.58487240656 1252682.0619858927 580639.8583217461 3797128.025185597 141370.88595934538 571626.2291503348 4463401.783461959 13020.640006231315 -276663.93804464897 607256.1702283799 -303958.8332214062 -1771342.284974208 988641.5337962058 1802172.6930725828
1755373.9459728822 -571243.3001109784 -700265.1163526122 -694003.517897553 -184726.7356213934 -2197166.304005782 -255858.05975097895 -235962.9871855552 2120532.991859522 1803856.1418414554 -554637.233666457 -2942761.1917764414 2534262.372967675 1245413.0463968602 -253251.21442640835 373509.40088702505 33693290.18711549 -150657.15080719235 -2439006.1134513253 1086886.1925571794 -1028832.7376601443 -1354017.615184392 2390.267664263315 -8897.900870373704 -776830.5435176203 -175032.635496837 -2286045.3754181974 -3237053.011260678 -2209368.513649031 1181953.3719744687 2989296.2725110487 -797533.4093867759 1225922.581355162 1185248.9038438315 -4354288.284929935 -2094346.7946713937 1232149.0275131224 -480883.98201618774 1404981.2386665214 -603068.0578953008 -93007.45039563265 -2379911.8882391304 -431198.5116861185 1184597.590172977 -1796811.2389916372 3326920.6290377276 1180451.5313322751 -32970.36886431908 1916354.737311903 -2749746.454767023 715729.4530534267 3687480.767770292 1851441.8785570255 1916833.1086915785 71845.06608428812 -42875.22856326469
1243653.5180549412 1595170.5085976294 -574100.0428943097 -18228.572036855698 373652.34528400254 429015.68629198225 -3508776.8737930856 695531.2892522236 -694140.357496619 1208814.9763703963 2016621.7429794325 -1309100.1024212476 -2472399.451606393 1923345.1656223577 -1327479.051467975 506313.56876281096 -150657.15080719235 32169145.842368424 602672.1768430994 2133686.28375846 -2082860.196374669 -1084360.8693849472 612503.9691220117 1371440.5162802252 706112.9453498364 -2370084.385560883 -2030236.366966538 607922.5444807224 -501269.8884177079 1085757.2912004984 -2090557.3618272685 2619686.440665644 2080602.394521492 1523619.0782726847 1026488.5119743347 929485.1908195241 -1596921.8933681468 -1344812.6444097997 341732.3736017456 769059.9927576169 584682.6527973395 -1293743.8180486795 96916.00275291021 -198569.69444966957 -213855.12347151124 -257890.42230576745 -1289886.4219362214 -3411179.7887789444 1219658.0920347648 920823.6914123028 37289.422727265846 3913481.962576243 -492792.839535785 -179065.90681987786 830030.214043305 705077.1149175417
2445376.842165791 840917.039065547 34743.81387191789 721071.6424144922 -482398.7944046538 1157680.005576931 -1434438.6797517627 666089.7462544503 2382080.4588621757 -1506452.143181638 621744.8674273288 229216.66507919467 1555663.176490276 2307568.199865153 1053156.9477906774 403055.67986158136 -2439006.1134513253 602672.1768430994 32749231.658000205 2295526.6650027437 2885241.484957676 1267403.9753430511 -1909403.1167523689 2512243.2713442543 185598.88906017566 381241.8454181336 -825187.5764128082 -411123.7368963531 35897.29167229612 -121359.51232402648 46595.53891300538 693609.293998146 697824.0983139478 65704.03056330595 724703.8759883827 1626207.2683372076 2312852.3342392454 2142506.114489607 -649783.9655524534 -138626.27427141258 -1610920.1561135456 1609822.539145302 711981.0271893742 677345.9472902145 1814358.8476283436 -971527.1693249852 -2904560.805105083 675904.6893643038 1454791.3923905839 1802168.35497625 392398.7913971962 -38150.93171881023 -3036412.4748300333 4052866.7881860924 565761.236707189 -2131774.1585132186
-1583168.7502241964 -2454899.985531269 3150530.0266150315 558964.9031761548 -844997.8554133587 -902212.7647237611 2190558.0742996675 251327.02636575603 530802.1304488172 1508390.168838569 -834870.7553989373 340867.1999732072 -1032495.4307685518 -508570.407481747 189186.8514359776 -927280.4742013343 1086886.1925571794 2133686.28375846 2295526.6650027437 36868138.088048734 290752.7704634052 -1920065.2796863632 -1259637.5562097183 -2670898.790014546 -2065366.2159358135 -444148.93621156405 -814407.9647654942 -1281599.7620553921 675337.1662386403 -3099485.3222765625 -3872844.4035819364 -1503069.4048841253 246745.58402043727 -619730.7053641793 -459960.764227113 1621274.7142182474 2750377.232893064 -2537006.978061372 159802.65909750797 -513144.66876291204 -2481917.391266247 115583.11612721338 2474393.48391901 1760822.3542192832 -3086291.656319363 -1756363.007100322 -499022.8889163901 890780.6698011673 201505.1726238532 -1521600.5760996155 1024033.5844693646 -187390.10430645186 -913433.4251127829 -1670456.1479826341 1349452.3038100898 86426.0797229225
676356.7157543335 1449013.3366315581 1626939.8418902028 -2953047.098307585 679437.5287713503 1200057.930797795 3981668.4050887343 142724.7405843802 -1391725.9872941275 -773934.6700761563 -2402048.695245181 2326331.4120427445 -1389967.2041907297 1003418.4907232922 -1656286.7020132625 3821546.7595324996 -1028832.7376601443 -2082860.196374669 2885241.484957676 290752.7704634052 32280126.952913087 174781.48632611902 1182066.4386865473 -4447615.665235309 -517444.4969805838 -222770.86014030658 1559005.8953598458 -1208518.423580272 181024.71214279818 -4235912.484453841 906929.677364708 1536782.4065445026 2396806.6642661244 389412.0887302708 -474695.1304624954 1121545.1059593845 -857095.7423916816 63249.20778780577 498917.9898726482 1204041.142612974 1645852.8509632894 1455178.4304671038 1774322.8649408666 1944601.7735302707 837083.3019289082 -153271.00680980657 2371295.353560016 460653.5256041396 3585992.1746229623 767458.1096053647 3436806.3152349223 -2106901.411586679 704485.0231045522 -4275652.080186313 541186.0768930069 545429.2114279041
174087.6540166795 1646099.832427877 -996416.484870457 -2852691.684416407 -147306.0068363191 -855818.9306995405 194336.53357806403 -1841267.9017947314 783618.9838219926 -846551.7382159451 728400.9791593992 -585983.1296232716 -664467.659482285 2988956.6906523188 408664.5094918801 1107126.9123545624 -1354017.615184392 -1084360.8693849472 1267403.9753430511 -1920065.2796863632 174781.48632611902 31924939.265677992 1184400.7239899568 -1379788.7197013912 569760.5330437603 1142331.9899913676 -1478911.931218389 -627334.3754794141 443131.3734780434 -3844872.7048743437 1158578.4081401238 1150644.6569164214 -650701.2771006228 1054355.4915467189 -1199122.183078572 781885.2329611462 1855207.4920902518 -63477.33338684538 3770749.1232548794 2114295.224057148 -3248087.0046606143 -675769.4429698236 3305377.0753915654 871046.5551413035 3883398.7236482296 605751.3644986965 -1042514.2429112318 -1409044.4996134057 -1934832.0092335606 320207.91059321654 322344.67548627564 277975.2458878035 1100784.2692611043 2038797.629611097 -1109407.8019325903 -1130948.18877373
-875851.8996347571 -1886388.5764592858 2100575.3312917924 -76570.76940243799 1620999.0910255546 235810.15670879162 495824.55194462975 -2851723.51940995 -2058856.8007315665 -2453040.670962491 -2073230.7721121786 -1576059.780147744 -519877.77634126885 1604761.3096905162 3671817.3282931624 540551.273692087 2390.267664263315 612503.9691220117 -1909403.1167523689 -1259637.5562097183 1182066.4386865473 1184400.7239899568 33589808.277906835 2591908.9746336606 1157018.2707499808 737674.5407907005 -230489.42992201747 -2893078.9573361166 1030842.8153390111 -1480424.5519118179 2549653.8793371585 -3918346.8370586643 785934.7993749254 -243302.08460367008 -3758717.912590147 -2533998.210064177 694484.813328654 613786.7474585981 -691191.8399992551 -306936.545845642 1641444.890897552 1719215.3788238796 -51169.651222325265 4153840.8172550136 345423.7161316749 -35768.805380548874 -1783373.7631976346 302652.2615936346 -733228.1305913652 -1978830.0374771743 -213479.21472101507 -1639182.6184624333 745563.1586346411 -716413.4962883836 565943.370306276 -220499.09010340582
2008157.5384930128 -4522272.8223001165 -914795.7316246775 1589823.101469755 -622623.1650791394 -1402900.0560667813 2226169.490470852 5237410.963821726 2185636.1915420266 -941315.8155857052 -1579908.0023023132 125268.01278716122 1874844.09138819 -2305806.849315925 756747.8252965983 -833833.6614173863 -8897.900870373704 1371440.5162802252 2512243.2713442543 -2670898.790014546 -4447615.665235309 -1379788.7197013912 2591908.9746336606 34923643.85944065 -1037321.5741947715 765999.8117264039 -774818.8746650572 -127948.66921260767 -1422936.3456091809 906852.5420108832 4383400.856084577 -2507597.851167352 718430.3967198444 340216.68359720416 -653216.4440231617 -4038928.0575832473 2313736.700734184 590242.3733241207 -1824996.9013378513 -1140764.1673526405 1500729.4730767324 -1576597.3152544803 -1224891.9770862695 704366.2943706644 2131076.109223043 -1605813.7092640572 -1714867.1046599592 905879.7706263654 1934164.0261410766 -848437.5169847457 -3374.3247948317426 -68705.60041431415 -1298638.9746410188 4368614.704286261 940088.5783873416 1261384.2170454855
-1039030.0249230253 235749.2597987512 992373.266186614 -1581781.0427572979 -970515.7426884437 -1753093.4787171627 -1793854.5195533172 -2782169.2279145666 -958386.164414664 -1550932.666750027 1310271.544097729 1656980.9305732958 -3089500.080400913 -1325263.121625752 2297905.4211500227 -42131.5794465659 -776830.5435176203 706112.9453498364 185598.88906017566 -2065366.2159358135 -517444.4969805838 569760.5330437603 1157018.2707499808 -1037321.5741947715 34310582.93262245 1260428.597918513 92960.02927671946 -301033.85364226386 -1171287.3726957948 -135134.43129539164 -1960178.702616224 478349.03047480324 516130.5923559087 -1186598.7300936833 1107772.470207685 221250.32065599592 263162.11179062584 226636.07591093786 2710487.4534267387 -1291551.1165145813 2903878.1928472407 1911342.7689966843 -1155991.2260335702 -831505.755916022 2813253.3631610544 447846.7857000097 1983618.6674374328 -4556376.999878651 -2611784.802652022 -915932.8221803148 2200595.6962975273 -1416009.8394325268 -1475685.9038224376 -1703017.1030961438 -1761070.5032978281 1557430.6637998163
239306.417834078 -2704385.4448466003 -687295.4955690803 360520.67604270246 4646778.580284496 -271243.22744576423 -1462967.9140648183 -514775.8838616662 2882197.6643945714 -246846.58180155803 -1858608.3601003985 -1476336.447701004 1579999.8429070844 -710270.3059653884 -20873.257737107244 -384872.4696403915 -175032.635496837 -2370084.385560883 381241.8454181336 -444148.93621156405 -222770.86014030658 1142331.9899913676 737674.5407907005 765999.8117264039 1260428.597918513 36954114.38200582 -264160.94616366323 1431842.2243915077 -2560623.6634303527 892814.6156950045 1222229.993509815 3566669.5500135827 519693.29693603463 444751.8617398916 -197247.53803107297 -3619325.8268379727 -4098297.8656259472 -327667.7677277408 1013065.7654400365 -1518658.5985206354 87218.01442883493 2527434.4338304764 1258592.4623909474 -744565.2801681114 2625996.5646016877 -3086233.242335288 -661905.8033573126 -800808.3431130481 -683387.3277549015 -1902637.6042625443 -1959332.5738861922 -2257407.6406503357 -3928322.7656294955 -178925.13494916848 -1333027.6718601254 1295585.7526820933
279897.8433462117 343476.0792393228 452555.82692223776 -63742.920188605975 447301.82807208056 1257978.480010643 -1399458.9802012711 -329042.4846423164 152706.6913385502 1818033.2275567253 -403231.31230887497 618061.5336862718 867212.8236889731 -128370.41569643043 17916.35683527256 -289511.7345681837 -2286045.3754181974 -2030236.366966538 -825187.5764128082 -814407.9647654942 1559005.8953598458 -1478911.931218389 -230489.42992201747 -774818.8746650572 92960.02927671946 -264160.94616366323 31073190.798506122 -178801.54791653852 1633080.4087682432 -1140358.9248184457 193595.03399756813 1057733.388977412 924924.0407585594 -337325.8220497041 -2043782.0581923183 -243532.13111067898 -3775089.1711268285 -55506.40036536681 -1395854.483036478 -425689.9898567024 -539878.8218807076 -492149.88442895305 2103529.71468507 -2889160.2466222583 843587.0886271868 -1851833.477114201 -306301.3028483746 -1316632.2989934434 383669.3721650595 2361777.5353154335 3259860.860689476 -2138856.5466751796 1685084.204460685 -758111.8550773048 762527.7279193695 -311743.274826366
-2092887.5503118285 1711559.3533477415 -1349766.1367098773 -3285987.811452294 1180351.8284528197 -1535756.7405052143 -446482.09955414414 1038948.7839205571 1715938.3638495875 666526.6272775223 -3272343.3333754796 -860472.6121901921 2399966.6534349676 1785470.3925884024 314035.2730066325 -466586.5624516624 -3237053.011260678 607922.5444807224 -411123.7368963531 -1281599.7620553921 -1208518.423580272 -627334.3754794141 -2893078.9573361166 -127948.66921260767 -301033.85364226386 1431842.2243915077 -178801.54791653852 32820274.803571712 216833.02559753467 -399430.115420171 -3093516.27853106 -2976997.2970033144 -569357.7918737606 -253816.60067154895 -1548254.0568786783 -466468.9273431436 -3399487.167223177 -2528432.3814418893 -3584314.59227779 -157846.44349055807 2204480.2460584957 -628676.567958428 1589813.3549951385 1375548.3172768494 1309307.6727317283 -1780421.561793767 -2872037.4933027164 -119096.51475734984 1828891.9866799742 1281233.4729162967 3057523.0070639174 -1592669.6130686698 1027189.1203503939 -1029768.9882936785 -96708.88111419188 4023021.507372932
1129800.3230461092 -2412441.5952436076 135033.68050942043 -2494308.466561236 -2629057.1750496146 4062876.2732157637 1579776.3740111096 40587.77538706653 -185550.89367549212 -1070682.899534797 -3571477.4585101595 -871130.3159067689 247957.43757147543 -1263401.8529538505 -4649019.650210936 2127306.9192083613 -2209368.513649031 -501269.8884177079 35897.29167229612 675337.1662386403 181024.71214279818 443131.3734780434 1030842.8153390111 -1422936.3456091809 -1171287.3726957948 -2560623.6634303527 1633080.4087682432 216833.02559753467 34258928.94907649 2323165.159828127 -2588991.598091661 -164435.51323361587 -2973546.5184574453 -4009365.8739983668 -580092.296972835 -2010028.9060611364 2407778.5001407447 872261.7378256049 -676994.2735607047 2789873.392345572 66080.34960071115 -94867.63934927182 1872905.0783316386 1828060.0876367697 1875250.8449417257 -1257649.952872255 -2194125.1892845617 -101157.6832753912 2312725.024017379 1157330.9956487734 -1183845.581638113 -1951197.446445391 1725043.5197878804 410206.4761662555 2892614.7712016185 2100462.3274618713
2212188.9725503083 759243.6348229435 -1327929.0006594036 2514797.9430196257 2760273.0094113904 3913160.6998142423 2078290.4520967137 -751706.5469559495 -3591914.5467122146 -1380141.3097434195 317044.98892415833 817967.8874992065 1957105.7824841621 151863.82631423254 765634.6006902695 -2111605.0095813093 1181953.3719744687 1085757.2912004984 -121359.51232402648 -3099485.3222765625 -4235912.484453841 -3844872.7048743437 -1480424.5519118179 906852.5420108832 -135134.43129539164 892814.6156950045 -1140358.9248184457 -399430.115420171 2323165.159828127 34761879.04787645 1853671.7989772707 -729003.6428835804 272151.0338143657 1253875.7686961 -1386192.4595713364 -613592.1417120991 -971311.8750869877 -1178952.949663129 -4773482.77126282 2284780.127460227 1509146.7674319812 -1054125.425812662 -3036812.692434078 -467166.92250023794 -1349266.0365022004 -877206.7234053371 3815452.5808076337 -2077961.436166487 1072299.8525529124 724697.3361778178 -2554611.0989648104 852784.682479807 499854.9711512016 4830699.826534213 3437153.492163722 -1204878.668648899
-384673.23856922553 2246227.1081432058 727074.6439819183 1021061.9886861586 -1666433.7422922843 631549.8529964496 3706313.189056042 -1426949.579104251 -366060.7353675808 -3748826.983535595 -1725129.9385367879 284980.2235862836 -586346.8891722591 364173.8149173601 1024295.2583789394 545558.5770297147 2989296.2725110487 -2090557.3618272685 46595.53891300538 -3872844.4035819364 906929.677364708 1158578.4081401238 2549653.8793371585 4383400.856084577 -1960178.702616224 1222229.993509815 193595.03399756813 -3093516.27853106 -2588991.598091661 1853671.7989772707 32952344.1094938 937731.2018047844 1664504.7708021211 948467.080343223 -667529.3552509185 -2394769.3960916726 1104347.5076550145 2272849.5657538506 1613419.58416561 -4304231.526915668 -372342.1675554715 -2800230.5873369942 -761611.5150350509 -517802.47459428315 2268295.0149461785 839341.8487004988 309336.4828527566 2802146.7118058014 1612770.8597732824 -1073588.1155346637 -2253137.6431849916 -423976.2725975968 3069586.507034483 -644479.3929210717 338941.0725275597 741288.2737756366
2396882.8577382965 55938.98965460203 -1566348.2298505448 752644.6271731998 2961441.835756441 1505649.1153808506 -4259570.02169745 110257.42448436673 1164184.7646150312 -930378.6736071697 348642.8713147987 -3051621.2061376125 53473.0258649453 340320.8272334014 -2406976.203280179 -2002622.5934056037 -797533.4093867759 2619686.440665644 693609.293998146 -1503069.4048841253 1536782.4065445026 1150644.6569164214 -3918346.8370586643 -2507597.851167352 478349.03047480324 3566669.5500135827 1057733.388977412 -2976997.2970033144 -164435.51323361587 -729003.6428835804 937731.2018047844 35057079.7051555 -692815.2046195135 2845504.08753272 2199332.5429532537 3866416.0613192394 -1548100.4183893416 -2269506.5251528975 2938864.862687652 -2439068.6817126498 -4875465.71980448 951987.0435284452 4704.077884699143 320602.8302546089 -178028.42061691653 -1614757.3954521825 945607.2248509986 -14193.419864719452 1670702.7181935557 -1232988.7482182893 -2304436.3234359417 428173.7392757702 -1965706.7709801006 92137.11002359883 -1432998.2225742035 771242.9260642601
-858683.0972883705 -417197.2381965598 1074889.9457030904 757375.1443050918 9280.78025978991 152663.30276262396 -1756424.7174492902 925161.5668106235 791111.859795713 -2357860.9327944163 433953.0609583598 -2026988.2801060975 -1338449.6456334905 2557017.529545943 -1842412.5088362747 -1404374.0059006969 1225922.581355162 2080602.394521492 697824.0983139478 246745.58402043727 2396806.6642661244 -650701.2771006228 785934.7993749254 718430.3967198444 516130.5923559087 519693.29693603463 924924.0407585594 -569357.7918737606 -2973546.5184574453 272151.0338143657 1664504.7708021211 -692815.2046195135 33065768.20423944 -769543.7018612989 -1496319.3116292045 2477978.422146527 -784517.4437735485 828324.8280612455 1566605.0707442374 -848299.2197068838 -26073.616932200617 366755.22636087914 -2177146.660019166 -3144766.7130012913 -1168443.864740692 -3866782.860819435 -1297889.805483326 -536933.2236427527 -3010613.787149799 911840.7588190902 3446794.684786094 3193635.1156167043 -2296962.273160972 -676746.6775968296 -604082.2901465436 1373537.0456716109
1184089.5260390781 -1706402.2054511153 -295342.83106303867 730055.0044384005 -2094489.9859973814 -3241738.7044466566 760110.5818257742 473634.87503856246 2167005.3768044137 1178120.5944329489 1144093.9204679143 -491489.87598189677 1033135.7032965152 -1228211.5516389494 -230968.68683491086 -453726.21323768253 1185248.9038438315 1523619.0782726847 65704.03056330595 -619730.7053641793 389412.0887302708 1054355.4915467189 -243302.08460367008 340216.68359720416 -1186598.7300936833 444751.8617398916 -337325.8220497041 -253816.60067154895 -4009365.8739983668 1253875.7686961 948467.080343223 2845504.08753272 -769543.7018612989 33959160.85221398 573917.704852838 -969891.2958725608 2044226.1333094318 -420232.35079396865 1229259.3012666963 907816.0510377166 -2726688.3440346904 -218069.1132813045 457142.4964517648 -1331887.8705991893 565719.2453899861 3555149.6795943864 -1122482.9604505908 -839237.7794879737 -846604.931499642 791728.784973517 -2643982.4701470374 -1404142.2764953247 -338298.10607712896 -4068764.6412802897 291005.61676981655 -834714.9023119084
366167.9564563918 -1817966.0727458056 -3350007.3834996936 1244163.6537956984 -2215629.6810390246 964260.4962059075 -1195785.9628073415 523100.2886499904 522278.2630636404 2823611.966154151 2434132.477456274 1359388.0305094752 -473403.5198474092 1453830.7717764536 -2149143.318701615 2258374.1689956887 -4354288.284929935 1026488.5119743347 724703.8759883827 -459960.764227113 -474695.1304624954 -1199122.183078572 -3758717.912590147 -653216.4440231617 1107772.470207685 -197247.53803107297 -2043782.0581923183 -1548254.0568786783 -580092.296972835 -1386192.4595713364 -667529.3552509185 2199332.5429532537 -1496319.3116292045 573917.704852838 33674155.86385949 -1617679.567780554 679473.6159246771 235495.02547764592 343440.97818317614 296274.55842144013 3000667.730973832 2005853.0342196368 -1360974.4298356886 -1056010.2736504325 2740468.459356388 1553671.3386527502 -1547472.1055188829 618401.9935813721 2720437.750321624 480725.1882703797 -3042071.1894754856 289710.7884040713 1039036.5577280081 -1585496.266029034 635821.979606385 1152565.0268540115
-576562.2031315273 -314357.71806706773 2429181.8737027664 -97359.9771964477 -746.17245878935 1215826.1293829477 -922194.740010669 -1460820.0563622578 -1577090.3292443748 2025786.294228733 -1083713.349550871 2271357.0298364065 1260895.7519494027 -1141170.1766268392 830441.8802407207 -2821944.003286833 -2094346.7946713937 929485.1908195241 1626207.2683372076 1621274.7142182474 1121545.1059593845 781885.2329611462 -2533998.210064177 -4038928.0575832473 221250.32065599592 -3619325.8268379727 -243532.13111067898 -466468.9273431436 -2010028.9060611364 -613592.1417120991 -2394769.3960916726 3866416.0613192394 2477978.422146527 -969891.2958725608 -1617679.567780554 33064398.982118476 406493.51679406833 -105595.08823844076 3236185.3448632965 1504756.4360448092 -1126510.842464256 2185547.8023531856 2902215.8577171215 214934.9277470628 -1872167.2413485078 206375.75116084778 239565.78066191758 -2101071.460704431 -2345964.748625065 -3229401.7687947582 -1501086.7074101435 -3179310.3660302963 1492146.3822412638 -1017599.4607556976 1205314.3695731654 1042522.2031372967
4446743.084352983 335592.78214519547 1025158.5715838409 1875992.9689506395 1301729.3762838815 2723175.4931132966 1838679.6710199188 264136.1070694969 1445216.4763077127 1270596.9054369738 2583109.701850456 -4803.85978661563 745884.9466095414 1904309.5933123603 2252646.0522758416 3865091.962903758 1232149.0275131224 -1596921.8933681468 2312852.3342392454 2750377.232893064 -857095.7423916816 1855207.4920902518 694484.813328654 2313736.700734184 263162.11179062584 -4098297.8656259472 -3775089.1711268285 -3399487.167223177 2407778.5001407447 -971311.8750869877 1104347.5076550145 -1548100.4183893416 -784517.4437735485 2044226.1333094318 679473.6159246771 406493.51679406833 33088349.884368535 3237767.2595067434 -635321.1095556568 -1711310.6684789357 -113319.34975749918 -100073.6314036071 -901750.5655937396 -295592.93821526563 -289427.33152257325 -630493.9377387066 -1952090.152473626 432347.8369289359 -1418809.548829762 1283321.9790500582 1689384.2318190332 -746311.3986672017 889211.5616447828 827790.3541272351 1499274.453512424 150315.28062057527
