32928246.00001964 -3602971.4627168216 -338905.39839862956 -195651.94202909202 -453725.98320347193 -1210758.0848216102 737111.9877035649 173348.2262491791 -1467955.7949457022 1541818.7688197752 3162188.699457269 1253098.0813366766 -293368.1054790959 -517059.6832425642 -387213.26843975345 -150698.03186973117 -568709.4340055955 564267.3388825266 1695673.1548395508 -666936.6205208005 2031849.629777528 1670475.6586987188 -2986215.811285671 2499800.512343129 1196920.3523464706 -470124.9684634326 2750099.441403008 -1139849.5662127973 2346749.021518612 2211476.345689381 -1820254.2031087994 586704.8508528812 -1859495.8703970653 352906.3541501108 1902225.3761389584 87917.16772586644 -1823942.624852098 -370316.0624991788 -2264867.1487123305 590085.504437426 -1154511.5890767926 2726148.3845540923 -752694.5090252667 -3411646.9653220535 -4011148.4484288064 -142683.8043320402 -5049384.960882009 1093371.594156674 1345104.1111805874 -1944012.8874586811 2320470.3927902696 -1474742.679212379 -101300.46595699039 302663.4975264339 837701.2857683295 2450068.4314028434 1272647.0895078878 -847013.7064126261 -2249251.6229039603 -741541.3319930405 437889.6070480894 -450026.62541352736 -1621410.7113750875 -1330700.7564146547 -603059.1361213847 -889776.1904265219 1779056.845235256 417069.70528341737 2775383.6981210685 1194649.6210009293 406531.5864333842 576389.160675094
-3602971.4627168216 36232281.222853 -1289550.5415430358 -976808.4033449434 1693736.9910736363 758047.3169504008 -251434.12081294903 736459.3707041931 2617330.7059986438 1684873.8477908834 -634203.0850780185 -1384606.441457197 1701462.188739299 892728.3370011508 1374547.6177823634 -184293.64474163065 929703.1166359448 65369.362638374805 567405.86073932 2013961.0529519643 4016100.6539623723 1669879.930292095 241853.86864327893 -1664260.7827928315 315466.7031885081 566865.1487520831 1411981.210126922 -660933.4905303546 2243671.9862028807 -1387491.9588854094 1356986.5190595607 -1173922.268510322 -2058966.953598777 -641513.5256780479 300246.4354956083 3499930.406599261 892703.2658528552 -96119.73922554654 3064177.2502211398 2224960.6583515955 -673656.6254341988 881477.0943059081 -1121165.3216263738 425871.7181197711 2425560.9261664394 48428.83690933994 2417477.6935983533 -1644587.161108497 2036042.4846131024 -946062.36657857 -1515475.0805385595 -2059975.554273412 -6197838.658967508 -1299122.869929599 189519.34330047952 -2892805.678887655 -1761331.9206147545 -1439813.9682233029 998357.8333834106 1095282.2441370932 339474.6000539906 1362495.276597214 385541.28649763274 -1458736.961591852 2022892.071284898 376846.1282322659 542518.730174047 -1621082.1648369275 1152382.0488434983 502574.5909048222 -1195434.9619092532 -1551976.7297225425
-338905.39839862956 -1289550.5415430358 35426825.39764265 -1273215.7012099212 -1377247.7250537015 -62120.859156629085 -1560091.239249619 -1980354.2477524802 -1087059.5675032728 3456313.2488009147 -925296.220951472 3078391.5506426585 1517101.2681237408 -2307327.0869628037 699973.8374288591 974648.2179842656 -2640976.490199741 -1774722.1580272103 -1566334.8116169823 -4823.0895431582 1456443.0226340822 -1015894.4819372499 1438903.7781700687 -3290935.652382437 1044178.8716788037 252863.46699694628 1022065.3785603164 -2247989.1174685215 3142896.623774076 -583827.2811673278 1017263.0288593263 2086700.4898066719 2329162.354022841 816882.8308024189 -464532.4288255654 -56432.84809229045 1094017.960604169 1380928.2137439102 -52426.12823624915 -485552.7518693579 1871852.5676570227 1335718.3642719523 3681659.2477852474 1328270.1606302655 208963.23121665255 -628018.2671360257 1086329.5046735415 -2421637.5069810385 2823225.7092226977 -1656878.322454743 1428047.9560260554 3043363.4677809253 447158.9979298832 -1503776.417663646 -895777.8373432868 3436234.4350244347 583076.2217020574 1705300.1800155193 -1080870.0487196837 -613080.7968425271 -578221.8625977531 3397355.1334129134 82599.7335741275 -2578141.886142425 -762626.4048260638 1469957.4933046119 23942.1238265599 -1805864.953817324 -2431484.8902317476 1540683.5688975137 -2447129.537565628 325904.18450738373
-195651.94202909202 -976808.4033449434 -1273215.7012099212 32139951.676465314 -1522433.657864298 2126642.4564702795 -1287170.2450500808 2740363.318026093 -822178.6632342624 -1092744.4606026572 -892261.39076018 1219908.815833159 -2257392.450605474 19823.987025411087 -1067913.883333942 -143467.09964407675 1211054.9414453544 1975032.517408553 3730780.947056609 2560297.7182268184 294219.8393559335 -1467740.7070853363 -1906736.5538846715 -453700.2470972916 -210485.75951894085 -342766.4662842185 -1307423.0525898822 -1974834.3407948844 -288833.5064566713 -1867363.5984714723 -1249872.3903632266 1908933.1990836177 693374.4285576062 -2893149.4197614035 2567894.0858875774 -667180.3131304323 2298304.291199706 -4505384.109275657 -764107.3063418865 -2361289.8736271556 -3101689.1209809566 -2680734.852822256 -117766.94364113161 -1170552.0687128399 2835430.5380541394 -504813.8786139011 853815.4104845237 3950037.86937822 3158022.959877171 544844.3134582873 199117.2611821758 1468377.5618891676 1051102.557175383 -1123129.9336711918 -863069.8347743548 -1938045.2844296154 1195724.8488531767 -1585178.4598330446 351315.50607071555 -1556773.632590005 -601493.4010134498 -376162.4948354799 -843228.278578114 -752991.5555398975 617997.1764823418 -245353.44703993277 -2053534.3238012102 584447.9634462799 2032302.6717099515 -1923013.2139792868 2993067.1875987225 -2011038.0542415786
-453725.98320347193 1693736.9910736363 -1377247.7250537015 -1522433.657864298 31840768.74952012 231376.26744008966 -2050098.6158121945 28880.672294670072 1138717.467443988 -1132563.2533983414 -1915354.0237587772 -2800653.0348795075 1590611.1451904594 425218.0533741063 -48277.26540698418 -11873.903214310318 -236732.16972731645 -1952877.615342472 659876.485702394 -1675153.9070818769 -676272.165970482 2664197.4918454723 -1447402.026596077 -1783038.6462554352 -1259584.566193145 386600.4345301698 -3122978.029552688 -1354707.9613620064 -3362508.4237459176 -5378185.094615999 1376882.8763028067 -1095775.6280945705 -1678203.982957052 327843.35298260907 1240772.7888329953 473591.3936582665 -162524.46975929782 -36000.68515015236 1265757.9749894657 -787956.8199730467 -1741761.6013681907 1075773.0542216436 755342.3253931537 1532088.6761838433 428658.0534196652 -1490495.8453408775 2595599.2773486353 137179.92724527392 -2425.051240607315 -118092.63815090655 4199146.081855832 -248028.89892238737 858154.842435131 -788482.9643059004 1955279.3070016028 -2558780.254961757 -222425.36798915252 -844071.3689508911 2503832.1712975237 -1342231.2736220406 -1960134.6601589483 2110347.401983919 -209480.2010154415 903691.6326504966 1955563.4626879245 -2457691.556061344 1403334.977432972 1085403.8124511954 -1484865.5975974847 2436891.5902339383 -376243.0525286578 1826744.5725660617
-1210758.0848216102 758047.3169504008 -62120.859156629085 2126642.4564702795 231376.26744008966 34884714.222272985 -770657.6644095767 813992.37478877 2306755.155672109 -2228436.702394688 -1459953.3482680465 -1292726.4372572817 1352526.0545046185 -456595.50506650197 -1571570.7904918157 -1425200.3833669412 614642.1251229817 -645465.3957360787 41319.13448990679 578590.4245324761 870228.9320070478 65454.5325509729 -430143.72589237534 -221017.5085040803 2209617.0621776823 -2767631.7205581088 -32115.107527561337 185638.36470951026 847713.6010181756 23029.308204456076 970557.8082475294 2899607.300584338 -2638222.250968153 831941.0865779222 1271761.7467668916 435779.1778279728 784913.4706673154 -188449.57802077426 808884.8764543316 -617.6908124272743 543419.4280814908 -388772.418206171 163161.5037056884 1684811.4381738477 1334407.102134326 2012945.047454486 -1184087.693380292 -191746.54005010464 87891.75104263338 538980.5763136633 -1285595.2680692542 78076.00697005374 -1501371.770292276 -2660340.3094704836 -203444.22587274198 2356280.923258569 -1429717.22003837 -4206347.674863492 349917.90908765147 2213459.1529770577 -482816.9471688783 1610528.6553381362 3462518.3067150093 390911.2309530331 -4492476.955923669 980054.6395587916 -1312088.5538602704 -1788419.371336916 1057683.2310698072 -2662771.9371330426 874372.2616602526 -1167512.1947426982
737111.9877035649 -251434.12081294903 -1560091.239249619 -1287170.2450500808 -2050098.6158121945 -770657.6644095767 29443539.316146392 1063143.8505819987 2289155.0732532204 649639.6875439896 956593.3568310231 -1710083.2242712777 -1447741.7000011578 -372907.3126639755 -1115853.7912700556 -2255858.1320384005 -301870.7834732895 -3334524.7841516174 313781.6338067124 -1127282.6695545248 -83149.23299862932 1526981.8491102795 -838692.5868343227 -218521.66206585895 -860845.871046347 1435121.6007534976 -448258.9855988826 158673.11635340992 -1106620.4089056887 -98007.65018235781 1977957.7013967645 1158808.4122394326 323186.00478957396 815676.1904278623 -2763706.28023563 -1515692.6228835215 892282.5840754668 -397250.73245572025 1069025.3241600387 -1219936.0974923617 582758.675657831 1668052.4403680344 1200913.9970108056 220677.52519566473 642973.4757191415 695752.8755261592 14220.96961576501 2369787.877364697 -2809005.8494407837 1151362.762653419 131776.33643305462 422684.3435260377 -744325.5120370816 -135760.55867644632 -1067913.9655092014 886041.8821605755 92555.81933978038 636927.3231938384 313543.3652214247 -816737.9907525082 -1584281.0689680772 1888934.2179728404 1157282.494996381 853266.9800519642 -1351452.5532084042 1488582.6973792592 2281023.7226216258 455472.70473413926 279410.30837305106 -1636951.290756598 4460558.832485891 -590190.0168916414
173348.2262491791 736459.3707041931 -1980354.2477524802 2740363.318026093 28880.672294670072 813992.37478877 1063143.8505819987 35555735.67368059 57026.55940357863 -617781.7451847973 639493.296254526 -1214888.5543413903 -618091.5349109869 -1766977.4203478256 -1542321.4421300737 -489855.51799111575 1732006.5566060925 -3095805.9235066604 841275.9595594126 742361.8352287268 2151641.0782208843 -3065553.9956701784 -1470788.347992993 -1449713.3655133161 -935148.1165702227 -1810626.7690708782 -809801.5760897401 -250013.35701621138 -868900.6425853549 1520329.2078303788 -887781.8577907381 -1375528.0329805054 160239.27503559273 -328712.9840774147 -407884.2184287245 -1251747.8871334093 -1145064.4721502103 324090.15325397474 -365796.2225328578 -1288346.81343958 255259.67112785147 -962631.4899733516 1253789.9020201277 -2613659.6655471055 51762.01563165312 2243798.651447748 -1457783.536304596 -531465.7765488102 1616862.3847952657 986862.3028757593 1602784.3749720773 -2852827.362481378 992205.079523654 2141418.9198539145 -461799.872662622 -2368517.940820772 -465996.54802903265 10601.577639447127 2635307.7619647314 611205.9812792076 3576642.3078246512 -1650733.9114779748 870037.9360970092 -1746477.9881723635 -782632.8136255762 -995054.9669671592 1110397.7958731193 2445849.964312716 1630964.284227276 636348.4756465694 -3688627.1876339274 292479.616802348
-1467955.7949457022 2617330.7059986438 -1087059.5675032728 -822178.6632342624 1138717.467443988 2306755.155672109 2289155.0732532204 57026.55940357863 33803601.57625993 -3562814.364753495 -1261815.879360789 -654263.4912067843 1014936.9837330891 -236425.7591788034 -2533242.8619959075 872093.525616799 -615387.8430213552 -1350877.0621279862 1493925.3879626268 1005504.0421585097 -619207.1004119607 1765744.7989888203 -259851.6198641008 37178.85182397986 645192.7607479658 608657.1492732923 -1991090.0037106639 -2691867.3481498244 -2615786.163049604 -1042718.7120325717 -564943.9717691387 -641801.5484578072 -233472.26400486156 1838352.893425468 -2443527.621352729 327999.13930264284 676539.2633988103 846330.5346734785 -994906.7596163715 195335.05786937437 -1987971.1240605423 -200304.218798196 2739884.7224696707 1147515.698059266 -1048866.5186572126 1277366.3657822048 -1216841.8459971177 120061.98670709392 -2939336.792561436 2704740.8476618854 -555653.2090193774 2469713.861853956 -3737303.8725351584 -3936223.426402789 1612574.647793093 -2214005.2914114664 -4185290.1657403093 500147.22923696606 1582574.72440819 84981.07507749124 2780449.5030225352 602133.1201334707 2698202.221603633 -1843495.6993203615 -506336.02452751115 65900.13461764755 1531129.589266574 -1854714.7283409904 2009521.9630157587 -247580.1033625625 739683.4564738752 3368703.475455953
1541818.7688197752 1684873.8477908834 3456313.2488009147 -1092744.4606026572 -1132563.2533983414 -2228436.702394688 649639.6875439896 -617781.7451847973 -3562814.364753495 32312818.067419507 -1038188.7839041693 1459831.3416600428 2316780.0693565826 351096.25190489186 1090694.6539776537 2182016.7125964365 2212456.500990086 2209265.1750164703 969846.207930953 2231208.153228125 1847792.7591297086 1484896.2303948503 -337286.54389140406 2107225.4803460585 2226365.045824749 -1974.409119239682 2803598.776417241 1301177.0268995415 -152145.56213707943 1766015.7450952232 -589826.764533695 1257592.4373389136 -913761.3090385882 79027.11570298031 -863680.3337024297 1101126.4227346692 1387412.0013204634 423138.62598695816 -295145.4402401467 -286408.1285337973 3502406.5495673167 -997414.0728114409 -793808.1392983537 2071470.4737287087 -3057759.819927095 1609274.6225784698 1143097.5775044917 -2381089.0591103747 -299375.19981422805 1714542.7306260364 -924668.7232925546 1645097.5044930836 816609.798983682 229788.9088237533 -855800.6040237817 5175409.011490405 1318564.8525308059 -3698710.4633214874 -2818451.351221808 -304487.09738945763 -79529.92840571007 919767.8837436513 -829152.9691629129 -433234.97531351197 2129757.103485319 -499237.8367912614 -987313.6755740823 1332349.9837641988 886984.8441338874 103252.51037578024 3358403.826567584 -420753.246770545
3162188.699457269 -634203.0850780185 -925296.220951472 -892261.39076018 -1915354.0237587772 -1459953.3482680465 956593.3568310231 639493.296254526 -1261815.879360789 -1038188.7839041693 34319052.02983553 563130.6994285438 805180.3907642892 -1410704.8927357588 441929.0833902947 2063208.587022582 -39944.51401650207 212172.2631874444 113371.9728506602 1264101.397083239 2234140.0030779713 -412571.13541651686 887395.560227974 -725237.0026043771 2803855.393237833 -2493490.173184077 1153879.309879837 790615.5190766463 609886.4646400064 -529963.3851219233 1170853.547781424 551857.1324956148 2621796.0835257405 -1240299.324879825 -1906493.4578420285 1945011.6615367953 44675.447608732 -857055.2678211025 -68294.92647651612 -322627.58143812325 -737877.2482578515 261286.5444701138 -217114.122596724 -2832416.535822128 1757472.5621511263 68893.46782804064 -3012037.0002312153 2711764.2811199334 875901.0069689587 -894856.8600169765 1888729.7858426007 -1742459.7110018595 1378613.9730729447 203471.0941734433 1209976.104937968 1926539.2816053892 539454.7029763112 -894854.3581555914 -588926.4380888991 856383.9751680839 1012429.1908413375 907001.8748331638 783931.3060470212 2725449.588518655 -421420.57843494613 -3230627.4971757573 -994301.3419685294 727421.2880179897 916792.5231956564 764385.5873130013 66990.64520137462 -869017.380725932
1253098.0813366766 -1384606.441457197 3078391.5506426585 1219908.815833159 -2800653.0348795075 -1292726.4372572817 -1710083.2242712777 -1214888.5543413903 -654263.4912067843 1459831.3416600428 563130.6994285438 32717208.5712602 436812.4445041056 180539.49358217928 1444878.4247220142 1142462.184580941 371056.68501325045 -495547.9932172416 902446.3551464973 -511372.54528312414 53185.699876512066 -1951401.2914867857 1159404.2797338646 25101.269206923043 -2461668.6901668985 337375.47075573343 257811.1905730861 2910046.010969264 2144130.186400599 3270590.76988072 -1067408.2630506381 443198.19296551193 1250194.364496689 1279441.051267136 -994157.8214037804 918969.7241254897 -481827.4218787224 -1607143.274792365 -1465858.2768302695 -2325519.8281475627 -2289159.137575391 -2570332.3496869295 -1194784.6241933834 1362788.2375818435 -1360090.620538529 2981782.2881736853 -1151636.882369628 883601.9654254415 579986.6843546939 1166409.997816733 -2552358.585954944 -2229212.927507262 534734.8975723647 776234.5957005752 577428.577562633 336682.7778481688 -51348.66460651923 1098087.52980859 -1101201.003641271 -340944.12239517603 354570.06541338115 -2456698.691295299 1069948.740859627 -1116182.9380003293 1598664.6704296207 -1606891.9210356001 113452.24922986742 -3710492.794462748 531255.8716473016 1895557.6640626856 4607283.659044355 -2905486.3293394153
-293368.1054790959 1701462.188739299 1517101.2681237408 -2257392.450605474 1590611.1451904594 1352526.0545046185 -1447741.7000011578 -618091.5349109869 1014936.9837330891 2316780.0693565826 805180.3907642892 436812.4445041056 31602582.46684881 779975.5989818617 -2870290.841891596 2973497.4916632427 2483741.797574804 -2626612.096206638 -2037200.1536449136 -1514727.7488012295 631811.4873925991 1609825.3870896818 -342533.8745392673 -1816456.7672452542 465363.1733469646 1192027.4944817163 -339598.8697315748 1950894.7990049557 780865.3310995579 1204025.2256627933 -3068239.40164365 2263014.601828068 -553866.6747718637 2091507.881310955 -2071692.377796972 -288655.3282330492 56304.52760208059 1824210.7747764231 1389236.2007509917 -724420.3498264545 -1110526.9175323169 -90619.99524174679 -183125.6984526214 1636704.2628969308 -1216186.7366510406 -789569.7166856301 1845562.1244823532 -1013541.5775990348 434176.7389576781 1267652.2462136443 1171688.5738556331 641565.7052073915 1538744.2685461526 776506.1110020113 1781248.892570138 151626.15143991695 -352079.0548369172 -770811.6853871975 334629.9224492391 -425681.82005254674 -971834.4589799835 771241.4035246322 1101633.5395108429 -264544.1732763518 1974430.7677291082 3962602.909478725 -954266.8946554192 302356.19355800445 373632.2397891456 -1018562.3434927575 -1520097.5134931002 -1081556.1476163638
-517059.6832425642 892728.3370011508 -2307327.0869628037 19823.987025411087 425218.0533741063 -456595.50506650197 -372907.3126639755 -1766977.4203478256 -236425.7591788034 351096.25190489186 -1410704.8927357588 180539.49358217928 779975.5989818617 30759646.931395933 -2071724.3424105153 -620587.3436870757 -1208218.3209220695 2079168.519284946 -741975.925241831 1801815.6377870424 880534.6221170343 -3244211.005277925 -1124467.9679068944 991616.723828679 -2789992.9910881384 1886770.1600351431 1966055.7448289332 -409983.7999721628 -1341651.8576226833 -1601000.176783284 -1610540.6906483574 -1230873.6958373287 -547579.3321195265 -726510.9613017392 202005.4052995171 52481.81410312115 -1655892.655162745 1448514.139744573 283630.32782648224 -1075025.6120396233 1548465.046985588 -4190814.242078513 -1601493.678134456 -398770.1175873406 239259.231711179 449052.60202603147 -977298.6415659155 -2110797.9602642227 562656.1976862418 -479081.044584681 188603.9343486713 2071016.195386391 1414666.659419722 992476.8996696835 161000.77424460487 2479159.3995261905 3211050.964240978 1949836.3142012763 -2883414.052793265 96666.02523271136 779516.8659944048 -3911552.2433975115 789026.8442293849 -306140.4655060932 -1668636.1065532835 1371894.3317960766 -1548522.1323989814 -356226.21576845145 -54890.648771754255 -640277.2278717104 2888911.2346886974 -1360004.9315249457
-387213.26843975345 1374547.6177823634 699973.8374288591 -1067913.883333942 -48277.26540698418 -1571570.7904918157 -1115853.7912700556 -1542321.4421300737 -2533242.8619959075 1090694.6539776537 441929.0833902947 1444878.4247220142 -2870290.841891596 -2071724.3424105153 30758764.11692143 2728670.8772660578 -285952.4709745467 3464891.4496040405 2172532.0480527864 2199906.4217618806 -551378.5297124346 -248168.86968239592 -98983.72070870118 3255110.4424454165 -1228860.2675302315 -1673023.231127351 -1687851.536705342 -95158.36814009008 -1302798.959776223 -914701.7662082353 794297.545190486 -756890.5844671312 -1213359.2650754596 -827761.4129039425 82900.43006337174 -412487.10417512036 -2252259.046575646 -631556.0123290283 -2153381.008616221 -1495481.2352986536 1835958.813600397 -599298.5459306658 -665623.5056529185 1350109.9896221054 -540669.0818448191 2797277.794689322 1002310.499191038 1024867.3225390423 -816100.9989170028 1398117.3841421693 2011630.5732429107 2217137.3530914313 1979869.4640696335 -5228.973224490881 1117189.8713922885 834066.6226113178 -754532.1219263537 2530110.456164759 -2246066.0181249105 -2042545.168286707 -2098161.4446878536 -1151565.1971212544 -394939.935589484 -1408486.5963414416 2143116.914018403 823021.1060418452 2212180.9739533896 -3972998.3355624434 2835785.8239680966 282490.4434753241 -530384.5419941881 -556583.432821913
-150698.03186973117 -184293.64474163065 974648.2179842656 -143467.09964407675 -11873.903214310318 -1425200.3833669412 -2255858.1320384005 -489855.51799111575 872093.525616799 2182016.7125964365 2063208.587022582 1142462.184580941 2973497.4916632427 -620587.3436870757 2728670.8772660578 35709477.90085513 -2211463.811162029 1348082.6934835333 -89529.3378635962 1178032.6690952952 1051792.5767165972 -868646.807003314 -2208969.2342700856 810026.7376794091 -800990.418394901 -778561.6497171553 1655787.2312727505 -903148.5676920079 63955.54349676177 -26889.97017286494 -1525793.5499504686 727812.2031246448 -634644.9285089838 1945454.4849851748 -5816218.8340032045 -718763.9682754219 -2747058.0307997884 524211.4773312144 -1907585.7781678215 1429188.8863551486 1619332.8606278722 -4775277.365037212 727819.564951604 877476.5880376106 1850949.780289048 -1426285.7535394586 1378606.0887882179 397425.70413320814 2006914.2925215375 1201335.6011057647 995176.2562895601 2994436.6174297985 -1155933.3967036542 1375592.9929815452 511245.20635524957 1174894.3172665783 3862758.638345419 -1362450.779381538 1380657.8085384392 -66875.98490170384 -485803.43028264825 -1137622.9485934123 -3225776.4139361572 -2306255.561634564 4400108.328197636 1088123.529181555 590819.8609869373 -3016959.2558803773 617145.3580562393 2681951.71878879 -2402671.1744526755 -1032590.5022208439
-568709.4340055955 929703.1166359448 -2640976.490199741 1211054.9414453544 -236732.16972731645 614642.1251229817 -301870.7834732895 1732006.5566060925 -615387.8430213552 2212456.500990086 -39944.51401650207 371056.68501325045 2483741.797574804 -1208218.3209220695 -285952.4709745467 -2211463.811162029 33860670.61169222 -1659986.9400596262 481015.1338501227 1962991.200465164 -355262.5369860814 723322.9700538731 2243656.5071457853 -1158386.0489745294 -1002951.2441892505 -70360.40993994784 1207368.365568721 -349476.9983219864 879494.6649013154 1222213.0235469048 1323890.235393957 1715935.8419939824 -900180.1720558298 -4073409.6473061386 867188.8841393414 -458479.19634038804 560976.9364880706 -71521.89320325822 -2415042.8174220584 1449933.6725187586 -2799994.72117382 3346369.098999205 -843136.0666568797 208620.9939301896 -246974.79927942881 3364756.9634200404 149286.97693024442 1941460.804187557 -688937.5751742582 -876520.165153163 1226853.0402967804 -3264007.988925166 -541754.5907281296 -3092784.6342200683 -1905618.591659484 -517113.496757558 818449.872416189 -456153.1023520584 -1105560.8938643804 -3275848.6543786433 319240.5015337825 -3418260.0425409563 -322429.8811529262 421143.6810450473 1989544.6587565874 -3221635.351413103 394816.33828285086 375924.7360901576 102850.26791109447 -1854658.30100621 2891383.0516779646 77834.50076679765
564267.3388825266 65369.362638374805 -1774722.1580272103 1975032.517408553 -1952877.615342472 -645465.3957360787 -3334524.7841516174 -3095805.9235066604 -1350877.0621279862 2209265.1750164703 212172.2631874444 -495547.9932172416 -2626612.096206638 2079168.519284946 3464891.4496040405 1348082.6934835333 -1659986.9400596262 33293307.756038934 492521.68725632096 -107415.78210093286 2072480.0093847464 -578193.5548643937 -575939.6061342309 3410309.1540776384 2402361.5342246736 -642028.2480635197 3162819.7483210196 -2165401.5089807087 -3508972.276859709 1396420.4056216313 2055527.4948033663 -693832.6637502656 59354.49799309332 1831596.701264656 810880.366006705 765609.525496868 -1737421.209471805 2209819.5674894745 137734.1734564292 532803.7795385596 -3861680.0191308353 -1635854.4503357015 939039.518671248 2481654.3014857555 2754263.7668253058 911900.7204078529 -3033247.3040164523 -1940258.5365038165 -521667.7868162282 882962.4604313456 -2633175.1061597574 2391047.4837548095 -903327.7416285059 -1290403.2514143924 638545.5274765892 270889.97084408795 -1709963.7746424547 -4197682.618112105 -2062735.2601047214 -1960687.0191033375 -448890.61545162514 -2336245.0876263715 -1864019.5717382976 -1777103.152979244 1416337.6396407015 -2103071.370239007 283726.0406180392 -527864.8323280073 439140.3394538108 391236.8338579659 614150.5587136194 -2306062.061544929
1695673.1548395508 567405.86073932 -1566334.8116169823 3730780.947056609 659876.485702394 41319.13448990679 313781.6338067124 841275.9595594126 1493925.3879626268 969846.207930953 113371.9728506602 902446.3551464973 -2037200.1536449136 -741975.925241831 2172532.0480527864 -89529.3378635962 481015.1338501227 492521.68725632096 35239131.601854496 -645689.4538531208 2146335.3454843657 -96633.49639328507 -149931.19580983894 -1395207.0194536084 2268618.0462658782 -340710.8590963391 -3054639.5737814624 2117426.6570023824 -2912050.2314257324 40183.232459053 -16942.466021486445 -190302.31823207517 -1038778.507841828 372201.23723357276 451142.9650460558 405663.018549047 2870152.745345503 1000632.4214632099 -829262.034740337 379766.76887608494 -1205039.2370663753 233837.9853875705 -2264474.889529862 -1059367.9279302785 2674094.613594987 -343880.0933052306 4290311.437930242 -2347889.2404426453 2795922.095408533 -1235683.6256649548 -1140985.1791872964 420824.1357277755 1314621.023894451 -1034085.2459796173 -2638397.3182314434 1838088.4647468813 -321569.3105270521 -1192144.7072907442 265591.40684356407 -857603.3130986275 -1598840.4224736856 115495.91693145985 -742358.5888380378 -2287559.742281813 36109.06719193152 122033.98483117214 319488.1615699036 -1058259.8534031084 1233177.431804044 -165307.31383311047 1105889.805731409 671970.7992871739
-666936.6205208005 2013961.0529519643 -4823.0895431582 2560297.7182268184 -1675153.9070818769 578590.4245324761 -1127282.6695545248 742361.8352287268 1005504.0421585097 2231208.153228125 1264101.397083239 -511372.54528312414 -1514727.7488012295 1801815.6377870424 2199906.4217618806 1178032.6690952952 1962991.200465164 -107415.78210093286 -645689.4538531208 33985898.941524275 -934222.4299914221 1010613.0153338393 348552.6268082734 -809964.391134158 -817498.9110774348 -59627.89845462621 3149061.707267407 -166244.77213868583 -831870.8263684027 -471894.06692791876 -510800.13280836784 -202350.61290300128 2523609.7831120132 472269.00371408195 -1344818.9072918235 -1031932.1313143773 -958816.7785121991 -1422605.7346363543 2563108.7545666783 699561.3780628082 -1941883.2327800193 -1398420.2127247283 -1821195.3502142862 -788180.7776972322 2094240.8915855666 1678982.93728226 278999.4687653328 979789.9146354381 -2010556.214808653 -291558.22713446256 -679910.0685507039 2320870.605160445 -2414702.8098967965 -1338840.7394935235 358821.869001261 1855921.0507822952 1519009.2964733033 -1266824.5502185929 1468607.156847619 783151.6492351235 274404.50065443583 -2603883.67212352 1469228.4967328077 2071450.995026322 -997951.0494496557 -133073.66443666918 -529821.0411282338 -574173.0378865675 178351.66058523912 -683176.4004010914 655152.0362836724 -2034789.5580680412
2031849.629777528 4016100.6539623723 1456443.0226340822 294219.8393559335 -676272.165970482 870228.9320070478 -83149.23299862932 2151641.0782208843 -619207.1004119607 1847792.7591297086 2234140.0030779713 53185.699876512066 631811.4873925991 880534.6221170343 -551378.5297124346 1051792.5767165972 -355262.5369860814 2072480.0093847464 2146335.3454843657 -934222.4299914221 33949363.79793281 -35096.83700466821 1928216.864339573 1378736.9258771604 1666682.0141632245 1014468.8502253052 3642827.281218655 472754.4998939926 -1344197.9272492363 1545423.9853436723 248037.04525966474 1529748.1650718567 -2976553.949014774 3987522.9094970506 237827.46314184862 -1505737.1549286882 1273686.6005277066 514072.91631482483 -2181488.4586934606 305802.3126333629 4028685.488970613 -456590.47841134155 -485738.2492114734 1257606.0846683334 -419757.1042576849 774885.4425675396 1246128.9753781802 -57507.16876443695 2174122.371882572 386594.0784053475 -918615.4671205418 -2476255.590572923 1892922.3448612723 -1986505.083653312 -126657.35231100085 -645697.032823666 1129876.729673974 -578427.5208905743 4080240.196379028 1932866.4126912782 806114.2475368863 193037.53253899358 -1818685.8010017977 445829.2357065424 2010880.0096426648 50096.17773972901 -424756.03747973865 -52404.1476308968 -1026502.9580571902 -1167170.523017124 -2352309.605063834 -385721.05667392805
1670475.6586987188 1669879.930292095 -1015894.4819372499 -1467740.7070853363 2664197.4918454723 65454.5325509729 1526981.8491102795 -3065553.9956701784 1765744.7989888203 1484896.2303948503 -412571.13541651686 -1951401.2914867857 1609825.3870896818 -3244211.005277925 -248168.86968239592 -868646.807003314 723322.9700538731 -578193.5548643937 -96633.49639328507 1010613.0153338393 -35096.83700466821 35967537.96741828 30292.675338121804 -1320598.7182632415 1171967.9288574602 -298418.8767041323 -1003184.7722184751 33673.8129536603 -47136.59738935244 -1285778.8164574478 -1716016.3015874755 1600651.9497700841 -40597.01692762583 -990079.2003719668 -1499240.8926575785 -1811914.5317242688 3230059.297175513 3458754.4427162497 1769164.360344217 280846.4297639274 -2381169.0737070213 790975.2847895105 -4186309.2575992453 3981132.5912946495 796071.6580559775 756073.1177379064 2637312.1820077235 -493112.3714081505 -1867187.78103232 113137.84723893671 1877371.9692873876 2354204.4668893698 2354828.5233814023 418534.3984355434 1726780.805722364 3099067.1437359285 -1973895.0846064875 1902819.30923575 278998.1319500984 844652.7787463311 5002966.145255661 -954286.7761181548 -1137722.2887464603 1175768.1307246594 637839.3788820058 -164617.84034623575 308025.7287506907 4297895.313105479 836867.3605489671 -727695.7837914658 -1395293.1100427273 349647.41872940655
-2986215.811285671 241853.86864327893 1438903.7781700687 -1906736.5538846715 -1447402.026596077 -430143.72589237534 -838692.5868343227 -1470788.347992993 -259851.6198641008 -337286.54389140406 887395.560227974 1159404.2797338646 -342533.8745392673 -1124467.9679068944 -98983.72070870118 -2208969.2342700856 2243656.5071457853 -575939.6061342309 -149931.19580983894 348552.6268082734 1928216.864339573 30292.675338121804 30562332.641765054 738190.6568686633 2943371.1209099996 1625353.944703181 53945.49931626155 -1228448.0145380846 502667.556753622 1092998.6783307446 -945174.6600022755 1066314.4915147552 -775804.1531901513 -726536.1627166375 -25127.790303373313 1285658.6460311797 1655568.1525462186 1753082.1736933144 265764.9678887366 -226818.4878332768 1494340.8858901542 2967139.2240387215 103758.26195701385 1209909.4090173028 2853186.3298730724 2491746.0826160684 2037753.2348279902 2136706.0211001653 294805.10602717777 41747.51310418253 -1012742.3548123771 -1045072.755915507 -2896567.1503924383 -211691.19804467927 531389.0570231591 144562.86273586753 1643746.7876659364 1782573.656345489 2314207.93104917 108595.1636334551 2724058.4602787686 2738312.812458601 -2307332.389449299 1152126.7421099984 2400972.1123545016 -684698.1749440868 -197848.2555459006 -426896.27957137825 -1922864.2454767954 -511369.4366600423 -1007913.7224888867 977862.601862858
2499800.512343129 -1664260.7827928315 -3290935.652382437 -453700.2470972916 -1783038.6462554352 -221017.5085040803 -218521.66206585895 -1449713.3655133161 37178.85182397986 2107225.4803460585 -725237.0026043771 25101.269206923043 -1816456.7672452542 991616.723828679 3255110.4424454165 810026.7376794091 -1158386.0489745294 3410309.1540776384 -1395207.0194536084 -809964.391134158 1378736.9258771604 -1320598.7182632415 738190.6568686633 31441880.29528953 1897439.3828095372 -2601772.420426427 2276047.1603123415 515221.65103489923 -2350045.4629027345 1800277.1981683662 1238134.2474818877 1637095.1915429365 582636.1141528576 -478410.2262773203 1385119.9054111682 1135022.725095579 -1043813.2573229059 62011.64865581815 -1726908.9922397274 -480079.9698811966 2377322.095123912 -2657963.809772545 -192005.39980245315 -1125410.9760346266 715215.0540667122 1901746.7617021063 -2372361.081354331 760243.3397620168 -482027.33126748266 877249.9561657989 -2875097.7088151234 431439.47340518417 396418.97646867955 1166076.052502265 -384855.15546798706 -337801.84503280773 -481050.9582828323 -679199.5725922417 -73745.1864072355 -1182060.1324763459 -624339.0730788492 -410253.32174343494 -1248709.9625216865 44809.79181474245 742504.3165604074 163004.9929299835 429153.2971372205 -3439289.052219284 -255476.29578500468 -3076298.79421352 -145843.97279662473 1760422.2642492016
1196920.3523464706 315466.7031885081 1044178.8716788037 -210485.75951894085 -1259584.566193145 2209617.0621776823 -860845.871046347 -935148.1165702227 645192.7607479658 2226365.045824749 2803855.393237833 -2461668.6901668985 465363.1733469646 -2789992.9910881384 -1228860.2675302315 -800990.418394901 -1002951.2441892505 2402361.5342246736 2268618.0462658782 -817498.9110774348 1666682.0141632245 1171967.9288574602 2943371.1209099996 1897439.3828095372 32243796.300969515 -418193.23833558377 -4077002.05140639 1817854.1862283933 -253128.1183222955 2232210.0312127257 -589634.89728297 1599982.787261765 2010604.2316593658 -1644840.5449184866 -351880.74534772354 -663742.0191100736 3581214.4904894046 2696639.4609387256 649870.973890799 715619.3903584293 1095166.752045383 1266779.3906541774 665722.686618262 -217797.2252752674 3033064.863000155 -1126353.0659963293 -1017577.7426639372 230839.69181463 1143872.5858061598 -3835714.9512314396 -3333530.0400165035 -2285149.5716967015 -927749.8474413832 -2176008.277573798 682654.256587996 2421162.3880965696 -819641.5782207604 -1530007.9806262422 938035.719510971 -2604205.6550917514 -1091772.3726039785 -735881.3629846185 684244.0653992614 2200267.9585494404 -578747.5158554937 2615527.481667663 757968.6796296159 -1391502.0288109076 -774101.9511215995 -3957766.0058339387 -2779950.1048709857 -2194603.103205261
-470124.9684634326 566865.1487520831 252863.46699694628 -342766.4662842185 386600.4345301698 -2767631.7205581088 1435121.6007534976 -1810626.7690708782 608657.1492732923 -1974.409119239682 -2493490.173184077 337375.47075573343 1192027.4944817163 1886770.1600351431 -1673023.231127351 -778561.6497171553 -70360.40993994784 -642028.2480635197 -340710.8590963391 -59627.89845462621 1014468.8502253052 -298418.8767041323 1625353.944703181 -2601772.420426427 -418193.23833558377 30242397.52553633 68795.38394450583 -755181.5234272943 -1056253.7338442781 -2010566.4292125339 -410266.67311442614 -1541559.0809795603 1033990.7450409561 232315.84065881424 215957.68167253002 -1246497.4538312906 1808167.4453169198 -1978561.170909248 -214494.01111811728 143232.59298056163 19975.10948077288 -546830.6670723985 -332976.1390017373 -916092.0571684765 -465292.82188395475 935013.2778513102 2392463.161563901 2373604.7014872157 -1378580.3754841248 -908634.6641816004 1127510.3199183254 139937.15737757267 -594472.7934462482 150454.49145736513 -4088656.896057754 -392192.5223850426 -1146378.1906713885 -1164263.6255005198 1247688.5760262827 -42225.52634198404 -682077.0177634327 986252.8803255259 -2709637.9841432464 624493.1395720008 -1626827.1190238993 3516648.2843303597 -803055.0288262313 882561.987230139 -2000143.0227323878 2582902.9794474766 972961.0976030328 -940388.1389771295
2750099.441403008 1411981.210126922 1022065.3785603164 -1307423.0525898822 -3122978.029552688 -32115.107527561337 -448258.9855988826 -809801.5760897401 -1991090.0037106639 2803598.776417241 1153879.309879837 257811.1905730861 -339598.8697315748 1966055.7448289332 -1687851.536705342 1655787.2312727505 1207368.365568721 3162819.7483210196 -3054639.5737814624 3149061.707267407 3642827.281218655 -1003184.7722184751 53945.49931626155 2276047.1603123415 -4077002.05140639 68795.38394450583 32083512.0996439 -518521.51076121215 3002864.567235619 -561870.3930017768 2322286.596249039 -74864.15667133304 1056054.9275250821 1502058.5198206087 639257.6054542 -693971.1301878027 -3106342.979567536 -237816.81659438502 -2140696.5553629175 544988.6976348907 528865.1022258105 -2766284.788028421 -3166778.860626138 -1192301.278287211 -2842062.8412000914 261030.9214107269 1818176.4109415524 -2346507.6353952265 -141401.9750268358 -972880.1228072491 369458.89650891384 21831.432997053555 861930.8502146526 501614.245665994 1012410.552794349 1208947.017385125 -225437.16506487055 -4537220.646538151 551846.5704280622 -830282.3306424018 -223315.01461678004 -4269614.510012965 776726.500832735 73056.13319658715 557883.8101517414 -90390.12746886663 -853525.5285926418 -1698660.396720317 -1014794.0915114674 -2741476.3686717353 -2482249.014857074 -1354447.339105845
-1139849.5662127973 -660933.4905303546 -2247989.1174685215 -1974834.3407948844 -1354707.9613620064 185638.36470951026 158673.11635340992 -250013.35701621138 -2691867.3481498244 1301177.0268995415 790615.5190766463 2910046.010969264 1950894.7990049557 -409983.7999721628 -95158.36814009008 -903148.5676920079 -349476.9983219864 -2165401.5089807087 2117426.6570023824 -166244.77213868583 472754.4998939926 33673.8129536603 -1228448.0145380846 515221.65103489923 1817854.1862283933 -755181.5234272943 -518521.51076121215 32492233.383968305 1688534.7087460323 -39704.98213991093 653137.5157287755 -824976.0623089867 -2000073.3462245818 -947281.034633861 420161.75167897984 -1343698.8015000054 333132.91622825566 -1397703.8149028188 1140153.1219301193 -3755361.662502835 1696433.7900190963 -165335.3241996076 -3235836.506526102 -2047377.5584980496 -1757284.0089698327 1464188.6789876008 261331.32163983924 -280565.7405013353 1401737.6670003352 -253445.70887044692 912874.2328927981 531754.9319211359 -716195.661340048 3832465.8095986503 -1721971.0020407313 2929855.2101101615 1198225.0989677212 561511.2323459013 630786.2828118523 1105358.8493265777 211409.88176797415 -2831830.166624389 933666.6785869484 3466779.7898643413 -2923845.266205053 3383038.0159097244 -174028.74179171855 4220420.13005668 -1158564.1172548325 -2132342.5639411528 153585.61667249564 163750.103865519
2346749.021518612 2243671.9862028807 3142896.623774076 -288833.5064566713 -3362508.4237459176 847713.6010181756 -1106620.4089056887 -868900.6425853549 -2615786.163049604 -152145.56213707943 609886.4646400064 2144130.186400599 780865.3310995579 -1341651.8576226833 -1302798.959776223 63955.54349676177 879494.6649013154 -3508972.276859709 -2912050.2314257324 -831870.8263684027 -1344197.9272492363 -47136.59738935244 502667.556753622 -2350045.4629027345 -253128.1183222955 -1056253.7338442781 3002864.567235619 1688534.7087460323 31502724.547059037 -682281.2027418489 -4567692.35171191 911016.5870303743 -2526367.213814496 441273.97321898874 -995959.0679541876 1660351.6573639303 -1245854.2590616273 2494031.9468964115 586077.7050482639 2067145.2974197513 -1973484.0619068274 -109011.58263359053 -1784780.2068872342 -3216401.0752880294 -240647.2035380279 -731010.6504682222 -2082762.142522422 1976547.6269491613 698887.6239763914 -3051479.752486449 -1316315.0830239346 -1708763.4527421568 1052365.5655988776 -2147853.0155782755 -361847.0243302497 167921.5303116372 734397.3037600331 454268.327540027 175281.9048532484 -1640020.48741883 -1629777.7586735222 3680681.1065823375 759480.1748050519 2066865.3376939378 -1246355.035584285 -1162959.2905902278 193431.58641835515 -300683.38423122227 1089379.762074003 661084.9283973116 -395122.74889925437 121280.90228382085
