33637087.867119536 2662363.8317376873 783153.5474016058 382054.90541541245 678282.1228404315 -1371932.8774301407 -5138417.655530931 -1349033.9799711183 -448737.4583081979 -769635.7935979858 2150081.213261775 -1915497.2854334158 1113395.1620197822 2040261.183409705 2669501.644186342 2933995.068441336 -125611.02358228686 5865981.922971192 2687389.9240621896 -3587743.591658199 962367.1879963621 -3082381.3080732008 360051.14821926947 578576.6537257958 236217.04909374795 -368594.03284730326 1559173.2503526504 1822713.748208326 -403603.6364589072 -2777537.499710276 1679755.3837315897
2662363.8317376873 33627531.98819018 -1924487.7384543694 330619.4681983501 -25775.92807038986 -4381265.840473858 -1145008.6445235831 1202728.0353684116 804452.7766753916 3200155.2907071877 3183306.128206901 1544900.3527667352 1125439.6072710424 2494758.072705902 -468787.33015340596 -4261551.021474446 2940737.004950623 -3334350.715912687 1829029.8239273867 2309048.0764271505 -3443454.9201177326 -678475.8690760221 539626.2559372868 1453412.6875337933 -366991.8472097065 -1183194.7290725834 -551934.4306583836 -2710633.873850575 4585425.9902031785 1386955.37233944 -101318.42280936365
783153.5474016058 -1924487.7384543694 32421064.26560207 -1421954.6773129657 -4205698.857125996 -2989242.898015811 5003597.667687883 6029672.071054595 5033735.441305516 1479354.5944275097 -4233721.8088122 -1694959.7431014266 877875.2230768848 1950315.794059132 1462294.2001522623 1783254.8079115578 -6186.432608405978 136778.96042721724 -795352.4345528248 1827421.857755829 490206.98053824366 792240.722176021 -4235348.00751664 -157759.99623953967 -1880957.115788663 2694161.360969052 -2036750.2457682816 -201208.8022711109 5083202.148881428 1969734.9578434865 1060958.2295159495
382054.90541541245 330619.4681983501 -1421954.6773129657 30216914.585063476 3131742.06266769 3260979.8999575 1182625.1499903514 -1544199.246413058 -2538089.6957015973 1134341.6310102087 -3691664.6222177367 198508.78657576285 -932888.9869857156 -1161553.418011872 3412591.690446169 -501941.9901149762 734310.8947351137 -1476358.4346191548 -389350.0281383054 -2283208.540011059 3179445.8076504436 -2152509.673765885 1521817.706801714 605581.3401871152 1339465.540781169 -1407732.9623770425 3865112.72988266 -749496.4003999616 -3462694.297428735 668453.9199361434 649045.508571745
678282.1228404315 -25775.92807038986 -4205698.857125996 3131742.06266769 33256685.025464147 3564673.318627534 -2252551.1664603082 -1786463.5645019773 -1501511.8792750544 -1388187.9384438489 746557.4758981238 -1773613.5860284148 -159933.8178138461 5386398.231714548 1291450.8143916316 -1890747.3367106146 278263.96398354264 -1002877.9562631332 2030344.2511145761 -4917646.605455587 2053686.3806643481 661705.1311426207 1501781.0948750267 -242237.18745297656 -985705.2144912278 -3337495.6422536 -2498147.864545832 3931615.676695638 -1571608.9030666475 965493.2262074205 2335314.6343429126
-1371932.8774301407 -4381265.840473858 -2989242.898015811 3260979.8999575 3564673.318627534 34299462.48100913 4103173.1941656983 223543.14400579946 1169079.4447637652 -1741865.8255219997 1128284.3844021156 1494004.0107684624 2273934.3127963645 -918816.1786897493 -784052.9076529542 -1379932.7015273415 -2672247.550828306 -94574.58600729541 -1716798.9943939701 -3900501.278082503 362924.6046815225 2543051.27240501 2022258.4023397493 1568069.95346833 1626903.7071064762 -1006554.8168760132 -6060075.979594939 105297.69709417169 -568526.1069652651 2814324.795420182 2120790.9054747517
-5138417.655530931 -1145008.6445235831 5003597.667687883 1182625.1499903514 -2252551.1664603082 4103173.1941656983 32156713.472586304 -697337.3804400975 1304135.6280421086 -397368.22759500187 -1582649.7897469816 2377680.1488788673 -2538867.0353310127 -1954423.9604304002 489821.25144161005 1142210.5972346792 1168816.4389088107 1014936.306234132 -297765.19511414296 2718802.8261737856 82232.89776992063 -404134.7289866137 1477443.2117466542 2936412.0157331177 -80605.5555630722 1828884.0411694816 973830.3845895473 -3548938.5640614615 1200157.0049924161 1855854.5788828344 -2330843.3531203796
-1349033.9799711183 1202728.0353684116 6029672.071054595 -1544199.246413058 -1786463.5645019773 223543.14400579946 -697337.3804400975 34841743.45713533 4049176.0892642154 1195859.2110768585 -1604601.1357221801 -2779950.6004283177 2457910.1574298735 -2630046.4756359053 -83394.86288695419 236092.544443033 1319706.7639676752 158801.6383060138 591242.5277073075 -6000490.327465479 726980.8830487949 3360656.372207622 1380109.9667720087 1373217.7875774284 206314.9093732501 1240076.8040389102 788196.5738834279 642928.1940420497 1585924.8759004334 818255.1894847002 5524291.088783586
-448737.4583081979 804452.7766753916 5033735.441305516 -2538089.6957015973 -1501511.8792750544 1169079.4447637652 1304135.6280421086 4049176.0892642154 33980679.1702135 1416593.078037584 1597668.1097938486 3797332.046636425 224354.73472896096 -865799.6758969733 -1451942.0810039744 2373066.607654994 1517840.6404423837 1158177.033986421 -213694.01711672026 -2563567.5859324904 -2391019.9751011264 1380563.8507877684 -2494479.785614164 -2262981.8355995147 238565.5689699868 -3904029.8007926354 1848054.075731816 -3670328.610879415 964435.5634340919 772684.590583757 4665695.49480041
-769635.7935979858 3200155.2907071877 1479354.5944275097 1134341.6310102087 -1388187.9384438489 -1741865.8255219997 -397368.22759500187 1195859.2110768585 1416593.078037584 33292550.495859828 -5146912.882868369 -444113.528362847 -803770.9217123606 -4662316.087722084 -3014956.9001577795 3209805.5291432133 2066862.9225374877 -237874.8067000777 2250268.696653886 343807.2620466811 3581214.3526464547 928403.5146962078 -730800.7383715448 -2699104.0729262116 3546190.454527817 1904907.7640262784 620421.4922441985 -1154190.602924143 3571365.63371508 2002410.4004851491 3082060.8166058743
2150081.213261775 3183306.128206901 -4233721.8088122 -3691664.6222177367 746557.4758981238 1128284.3844021156 -1582649.7897469816 -1604601.1357221801 1597668.1097938486 -5146912.882868369 31987739.842526022 414546.07587624463 462006.5694040859 4853161.5834993655 568157.7518767334 976954.670762706 2190840.807252638 23480.209602194172 -334566.38910079445 3930611.5588226523 -1461147.1480612245 -2300745.3766487166 3906268.8741203034 -791832.3201558809 -633661.1615246193 84741.22594328885 2716690.2604249553 1170061.3326391499 -2097810.7214142852 -1121023.5266739817 -169062.89519388566
-1915497.2854334158 1544900.3527667352 -1694959.7431014266 198508.78657576285 -1773613.5860284148 1494004.0107684624 2377680.1488788673 -2779950.6004283177 3797332.046636425 -444113.528362847 414546.07587624463 31441219.448143817 1054075.6171008511 3799775.9139930066 -20110.194986873095 -2784194.9587589237 -1912464.5845460065 1424960.8600072924 3221067.444840902 1573728.8860332565 -1877487.0883642028 487024.2247578242 -788211.6098593317 -2491485.8502835096 3312783.548533204 -2859970.2738890536 1015024.2377047811 3129854.2002317025 832445.0966419519 -2225520.389529206 2014036.7142027111
1113395.1620197822 1125439.6072710424 877875.2230768848 -932888.9869857156 -159933.8178138461 2273934.3127963645 -2538867.0353310127 2457910.1574298735 224354.73472896096 -803770.9217123606 462006.5694040859 1054075.6171008511 34661731.737218216 -516352.7014023044 -1225384.15076861 3295888.2886431343 -2219167.8614557586 1670323.979746323 81454.17843278257 2241790.1492714477 -92127.2604875811 2336753.1193278837 -3088546.3346294244 -1214719.3395202507 905912.5100443411 336407.24572948803 -190948.60303241762 -764918.7070883219 -912406.4650706656 633649.7229158126 527824.2632663195
2040261.183409705 2494758.072705902 1950315.794059132 -1161553.418011872 5386398.231714548 -918816.1786897493 -1954423.9604304002 -2630046.4756359053 -865799.6758969733 -4662316.087722084 4853161.5834993655 3799775.9139930066 -516352.7014023044 34389923.54819126 796180.419803252 -3155287.1395110134 -835732.4881973588 2777571.8298428203 1406416.7915274042 -314936.58882003993 -122691.85371875117 2074571.7907963805 -2285069.189435971 -1537394.8588758651 430631.5299566924 138287.18955816023 706022.2121834054 2045801.7188924425 929477.9906024006 -200542.2449069891 2738022.2963634892
2669501.644186342 -468787.33015340596 1462294.2001522623 3412591.690446169 1291450.8143916316 -784052.9076529542 489821.25144161005 -83394.86288695419 -1451942.0810039744 -3014956.9001577795 568157.7518767334 -20110.194986873095 -1225384.15076861 796180.419803252 30295073.947309203 -3165833.100104739 2023831.1952286086 3193325.3872529073 1235182.654684214 -1862920.0785164968 1425225.8205395525 -604609.357635283 -820721.7568569155 -4122054.649514794 -1248134.2700231744 3489243.000741867 -78220.0490916085 -604879.0059071295 -251849.33450626733 -747092.617822169 5063417.437350216
2933995.068441336 -4261551.021474446 1783254.8079115578 -501941.9901149762 -1890747.3367106146 -1379932.7015273415 1142210.5972346792 236092.544443033 2373066.607654994 3209805.5291432133 976954.670762706 -2784194.9587589237 3295888.2886431343 -3155287.1395110134 -3165833.100104739 38674086.13916781 -748712.1078367991 -559979.8304500964 1000138.8712902262 410217.5684533177 1686636.7431973184 2104643.79456958 1612017.0522295842 793719.8776359668 -1434699.9828632362 -2856780.070809813 -1045773.9111485748 3225028.147887493 827360.2680611318 -3232683.242220665 2692351.8472669083
-125611.02358228686 2940737.004950623 -6186.432608405978 734310.8947351137 278263.96398354264 -2672247.550828306 1168816.4389088107 1319706.7639676752 1517840.6404423837 2066862.9225374877 2190840.807252638 -1912464.5845460065 -2219167.8614557586 -835732.4881973588 2023831.1952286086 -748712.1078367991 31675508.928450443 -1906649.6211776244 4195055.9564819615 -341067.66842305346 366146.6172174629 -5434681.5012663435 2068777.4929924358 -3721739.4813216957 -3773976.541061701 -2052815.2646397813 403429.98910812614 -2332229.4005408096 414786.61602888146 -1389457.0160677207 970443.2502061381
5865981.922971192 -3334350.715912687 136778.96042721724 -1476358.4346191548 -1002877.9562631332 -94574.58600729541 1014936.306234132 158801.6383060138 1158177.033986421 -237874.8067000777 23480.209602194172 1424960.8600072924 1670323.979746323 2777571.8298428203 3193325.3872529073 -559979.8304500964 -1906649.6211776244 31280657.891180728 7307.270097634348 903316.7870361502 668158.6268491838 -3359326.357711578 2063344.2262419646 1252959.5848719762 906915.9115771073 1784551.5875485705 -93891.26613593174 -234772.80137328876 100533.39609798779 -2158634.3591727405 1975232.7026333676
2687389.9240621896 1829029.8239273867 -795352.4345528248 -389350.0281383054 2030344.2511145761 -1716798.9943939701 -297765.19511414296 591242.5277073075 -213694.01711672026 2250268.696653886 -334566.38910079445 3221067.444840902 81454.17843278257 1406416.7915274042 1235182.654684214 1000138.8712902262 4195055.9564819615 7307.270097634348 32736066.4983981 -1798134.2423637665 523581.6416593218 4083988.0025032787 1427180.0178744677 -300076.9536189357 -1148776.6095472854 -2732950.7322943374 444271.38046762574 479459.4707400207 -1433173.7067454515 -3506633.901729539 -1160266.7593582827
-3587743.591658199 2309048.0764271505 1827421.857755829 -2283208.540011059 -4917646.605455587 -3900501.278082503 2718802.8261737856 -6000490.327465479 -2563567.5859324904 343807.2620466811 3930611.5588226523 1573728.8860332565 2241790.1492714477 -314936.58882003993 -1862920.0785164968 410217.5684533177 -341067.66842305346 903316.7870361502 -1798134.2423637665 34153338.67858049 -3916892.8419109015 -960516.7102541376 1877070.0876876314 2231513.5562503524 -3476066.5767366034 -1853937.3746983977 2302670.1407968313 -3202898.9425438084 2120442.0129111256 -2881579.1129468596 -4339386.0456929365
962367.1879963621 -3443454.9201177326 490206.98053824366 3179445.8076504436 2053686.3806643481 362924.6046815225 82232.89776992063 726980.8830487949 -2391019.9751011264 3581214.3526464547 -1461147.1480612245 -1877487.0883642028 -92127.2604875811 -122691.85371875117 1425225.8205395525 1686636.7431973184 366146.6172174629 668158.6268491838 523581.6416593218 -3916892.8419109015 32282349.41441035 -2017399.3703949358 -664516.5237720548 1535850.6406255104 -904016.4588106911 -336329.3256285457 551427.7692628994 887701.0027626414 808221.2608549241 -2694200.25925396 -823684.3189006203
-3082381.3080732008 -678475.8690760221 792240.722176021 -2152509.673765885 661705.1311426207 2543051.27240501 -404134.7289866137 3360656.372207622 1380563.8507877684 928403.5146962078 -2300745.3766487166 487024.2247578242 2336753.1193278837 2074571.7907963805 -604609.357635283 2104643.79456958 -5434681.5012663435 -3359326.357711578 4083988.0025032787 -960516.7102541376 -2017399.3703949358 34502199.83036767 -1753693.881985677 -2128056.9644449404 563632.907024954 -183905.2577866773 -2974952.4118480477 1033433.1409943157 -4163280.0090004993 1461980.7157996008 3143420.835521643
360051.14821926947 539626.2559372868 -4235348.00751664 1521817.706801714 1501781.0948750267 2022258.4023397493 1477443.2117466542 1380109.9667720087 -2494479.785614164 -730800.7383715448 3906268.8741203034 -788211.6098593317 -3088546.3346294244 -2285069.189435971 -820721.7568569155 1612017.0522295842 2068777.4929924358 2063344.2262419646 1427180.0178744677 1877070.0876876314 -664516.5237720548 -1753693.881985677 31656077.261073276 -627899.579551414 -612160.1687148736 2942026.8208242184 -2220436.436748653 2595494.265334616 346875.8134016467 672900.0526967304 333945.8318869392
578576.6537257958 1453412.6875337933 -157759.99623953967 605581.3401871152 -242237.18745297656 1568069.95346833 2936412.0157331177 1373217.7875774284 -2262981.8355995147 -2699104.0729262116 -791832.3201558809 -2491485.8502835096 -1214719.3395202507 -1537394.8588758651 -4122054.649514794 793719.8776359668 -3721739.4813216957 1252959.5848719762 -300076.9536189357 2231513.5562503524 1535850.6406255104 -2128056.9644449404 -627899.579551414 33625194.744347334 119920.08541048637 2400447.0203998024 56048.51001624241 -1425135.696810767 2927084.868872786 -4466486.795611901 -2604645.5027860487
236217.04909374795 -366991.8472097065 -1880957.115788663 1339465.540781169 -985705.2144912278 1626903.7071064762 -80605.5555630722 206314.9093732501 238565.5689699868 3546190.454527817 -633661.1615246193 3312783.548533204 905912.5100443411 430631.5299566924 -1248134.2700231744 -1434699.9828632362 -3773976.541061701 906915.9115771073 -1148776.6095472854 -3476066.5767366034 -904016.4588106911 563632.907024954 -612160.1687148736 119920.08541048637 33650270.63474755 889078.3826744631 2212539.0037085204 -978009.2301468058 -928227.4877820977 808773.7339628967 -1149246.3602381905
-368594.03284730326 -1183194.7290725834 2694161.360969052 -1407732.9623770425 -3337495.6422536 -1006554.8168760132 1828884.0411694816 1240076.8040389102 -3904029.8007926354 1904907.7640262784 84741.22594328885 -2859970.2738890536 336407.24572948803 138287.18955816023 3489243.000741867 -2856780.070809813 -2052815.2646397813 1784551.5875485705 -2732950.7322943374 -1853937.3746983977 -336329.3256285457 -183905.2577866773 2942026.8208242184 2400447.0203998024 889078.3826744631 30666282.214273028 -3931104.529632625 648864.7809625466 -382291.06607771077 2594641.0095293014 -710175.1003297552
1559173.2503526504 -551934.4306583836 -2036750.2457682816 3865112.72988266 -2498147.864545832 -6060075.979594939 973830.3845895473 788196.5738834279 1848054.075731816 620421.4922441985 2716690.2604249553 1015024.2377047811 -190948.60303241762 706022.2121834054 -78220.0490916085 -1045773.9111485748 403429.98910812614 -93891.26613593174 444271.38046762574 2302670.1407968313 551427.7692628994 -2974952.4118480477 -2220436.436748653 56048.51001624241 2212539.0037085204 -3931104.529632625 35038809.22265721 43988.05652413694 391885.19440665166 -3986775.439366325 -1938520.4706413604
1822713.748208326 -2710633.873850575 -201208.8022711109 -749496.4003999616 3931615.676695638 105297.69709417169 -3548938.5640614615 642928.1940420497 -3670328.610879415 -1154190.602924143 1170061.3326391499 3129854.2002317025 -764918.7070883219 2045801.7188924425 -604879.0059071295 3225028.147887493 -2332229.4005408096 -234772.80137328876 479459.4707400207 -3202898.9425438084 887701.0027626414 1033433.1409943157 2595494.265334616 -1425135.696810767 -978009.2301468058 648864.7809625466 43988.05652413694 36426154.132165745 -3856425.798869346 -5133130.108108662 -506540.53796196147
-403603.6364589072 4585425.9902031785 5083202.148881428 -3462694.297428735 -1571608.9030666475 -568526.1069652651 1200157.0049924161 1585924.8759004334 964435.5634340919 3571365.63371508 -2097810.7214142852 832445.0966419519 -912406.4650706656 929477.9906024006 -251849.33450626733 827360.2680611318 414786.61602888146 100533.39609798779 -1433173.7067454515 2120442.0129111256 808221.2608549241 -4163280.0090004993 346875.8134016467 2927084.868872786 -928227.4877820977 -382291.06607771077 391885.19440665166 -3856425.798869346 33429460.644573182 2900807.256169708 1745624.4314023424
-2777537.499710276 1386955.37233944 1969734.9578434865 668453.9199361434 965493.2262074205 2814324.795420182 1855854.5788828344 818255.1894847002 772684.590583757 2002410.4004851491 -1121023.5266739817 -2225520.389529206 633649.7229158126 -200542.2449069891 -747092.617822169 -3232683.242220665 -1389457.0160677207 -2158634.3591727405 -3506633.901729539 -2881579.1129468596 -2694200.25925396 1461980.7157996008 672900.0526967304 -4466486.795611901 808773.7339628967 2594641.0095293014 -3986775.439366325 -5133130.108108662 2900807.256169708 32680922.314680666 -1010.3263980372882
1679755.3837315897 -101318.42280936365 1060958.2295159495 649045.508571745 2335314.6343429126 2120790.9054747517 -2330843.3531203796 5524291.088783586 4665695.49480041 3082060.8166058743 -169062.89519388566 2014036.7142027111 527824.2632663195 2738022.2963634892 5063417.437350216 2692351.8472669083 970443.2502061381 1975232.7026333676 -1160266.7593582827 -4339386.0456929365 -823684.3189006203 3143420.835521643 333945.8318869392 -2604645.5027860487 -1149246.3602381905 -710175.1003297552 -1938520.4706413604 -506540.53796196147 1745624.4314023424 -1010.3263980372882 36704649.527151905
