33327679.10613931 649432.4216544081 1902028.1070015845 882226.4314804405 -632637.030032507 -643249.0347411714 -1858722.535060418 -1785883.5233197343 -272204.86540097935 3065447.172017149 -2321820.0568284686 -839273.6520613924 -2938694.252132154 2009837.4187268487 -2014833.0330064467 1647794.928965583 404094.9950854056 638367.2038288702 -1803489.1306058378 -2250371.173246247 1209396.2290194947 1532264.614603128 -382152.7397445358 775586.0203232726 -328021.48748501297 -391664.1908578325 -1625089.4794976474 -2324236.513925905 2058241.6432248289 -3699231.596894364 504586.4049339875 -66075.24180792112 -2786560.606142221 2718927.8373578233 -1451156.622518158 -417740.22076925024 -743025.871637842 1166338.397249243 -4041500.6809504256 343324.245256219 616268.9547645983 1000916.2216591086 -371146.35754424037 870523.4737766981 365259.3803394629 146418.12878273855 -1305516.2356875038 1624757.1391629716 -1196326.755803137 -2557723.194285184 329417.2852326878 -3114163.3566418705 -767646.6771363155 -1869885.4726671143 -291975.4520465164 -1896560.9028445831 922858.5512671705 2700485.073786787 7054524.654393771 685015.1605495113 -1431453.8498356338 640717.5303624803 93178.20404314421 -1356007.6998510906 3775441.1905999063 2063876.7558821277 -1172868.5734920285 936017.192224816 -2087829.9727873278 1995781.4898948849 -29033.21349778099 -2309989.623419165 -943345.1641454279 -1956535.533435528 -2168937.8191063483 62674.7828702039 793978.0800493872 2265505.672777033 -2842902.2638994064 1998956.7358463234 348397.05392346927 -2503250.2463619504 1836917.400562 2737092.9504501033 -1249133.9814330118 -1062250.7034312284 -45049.4251923578 -105760.63634920011 -898481.0084762503 1118450.3619030628 -613975.1527152316
649432.4216544081 32710358.422212563 696178.1526512733 2091411.0839356626 -1111241.9524392465 -1222539.4447052877 517302.78495352383 376162.0848873059 -593997.1665122099 -657188.7547836673 -475447.19966030424 -69556.63927295952 2552193.8149215393 -3056420.124063557 -71428.05600411333 -893322.3357951095 1789078.769484926 -1858080.7558825132 -1497804.2736769808 452440.63521427603 507412.0505381298 499006.30019903544 -2747562.8201417164 -2957990.6551851598 -3326873.373772309 1800422.5378143643 1966469.1203197944 -2096424.884843854 -1217676.921136022 82295.13202574271 2023450.0515079638 1684048.8833959124 -2425169.029411535 1370657.8889282271 82823.833892261 -1524912.040987883 -2379627.1812378988 2135697.4290835676 -2001541.6303771893 158285.24932149705 -186195.32736671856 490336.6677963308 -1703372.3363396863 -203038.69617456265 1377479.6106360496 696933.8933741098 -1662403.2994625338 -929674.7692158775 1511066.1738792574 -246314.94394241774 -1415958.4688156736 -2119117.565339868 -585133.3251130095 -4306434.475924418 -168402.01924491982 422462.65705034963 236190.2014439202 1848756.424483671 1032258.1194693802 175523.74330418723 -686000.9349254834 35985.79716401087 -26080.861910419982 336082.49647360883 -952623.0534550938 3114183.45374964 835048.6162741638 -106161.45417353715 231593.58486492877 -640565.0825233062 543263.385061736 -3786106.8091178183 1035480.0748294119 -884507.5476002275 -2197578.1363467188 -476918.0718100439 -1459673.6430843405 446217.0815573609 -1760840.2704826633 2015482.9181035599 -970262.3504669388 -951864.1377116774 -694317.7166236502 728587.6651049745 521733.20824162563 -16694.129837321758 -138049.96345697367 -161632.80136950873 1265599.5885948378 -974149.6470090989 1254565.5012502386
1902028.1070015845 696178.1526512733 32910984.174931366 672893.0063352536 -619492.9985639957 2033108.2468443487 -3397789.343764623 2121126.876698621 -2118252.2754715993 781554.5239912241 1470688.273074968 722391.0403934948 -552195.3285505539 -41755.92312513678 -1132333.3309430354 -1112150.784837923 -949752.5680991139 86044.8181665055 111899.2980876911 482610.15942685195 446226.5742809144 386486.0617659536 2789839.3566925065 1286628.7627092823 1337953.2025074002 952373.8234889451 -640228.7644850254 386420.0311787331 2077890.5793380341 422734.25523891364 1111971.6036583271 1441591.9653601227 1365572.695687213 -290562.39471721393 -728679.7356075421 116202.14410836868 1324658.609673998 70372.11462110365 -803269.2744110946 447945.1695553635 262214.6521378113 1498795.7505405915 -2427336.35944308 -450286.1609633347 -281601.0786924988 -804548.1585606848 1584326.2081316242 -2153317.2431265917 1927221.6489359902 -841995.443475484 1879785.1455234247 1455841.3532841762 1519949.8673968147 2064844.548481692 885927.3320692478 -204804.4080418061 -244872.94132641293 836883.8622231727 304455.4604056281 2126430.756857782 -580857.6064190983 -1700347.660880837 -1942392.585568772 1620731.176865414 2457982.6638559597 -172775.57899180442 1227158.4964968653 2544371.3570144773 394966.16165147163 572119.4292523355 -1840855.6684757592 96982.30340914008 1148228.5948492845 -2242667.044582202 -3819875.3411810775 1283516.375229902 -439726.8814059966 -1204203.5424428869 -2194030.35087298 -1139533.3664534967 3081469.1988030053 -2833274.006223744 -1724237.7081443975 -131638.85902811866 -689886.4920230916 1528879.2884832723 899352.8019149574 1126791.1273805625 1465991.7724793798 640100.2845506925 -679277.8182684252
882226.4314804405 2091411.0839356626 672893.0063352536 33883365.16440493 859591.2167766374 -3512884.6338080987 -1975364.384195223 2558525.6536262706 -1725837.0995926508 -569978.6521092643 1463342.7772169511 1878001.198425919 -438271.15418441046 1436586.1260057846 1472398.0999482474 -2649649.8245881274 735094.8643861028 -1673622.0191630437 -90191.43120741383 -325022.34479134646 426151.1930439378 1980310.4995044896 2828380.732979131 1766670.9138370624 -482356.61650251463 424888.41711595556 -63760.442897158384 695963.0124220725 936097.4867833153 1815148.8303450297 3211640.5649721557 -1086181.4610008532 655379.8003678535 1856925.161932134 1864282.9274434831 1015159.6762641865 1113306.6434914935 -888960.3354977785 -1639831.1507003654 347722.9631448496 -220362.02831058222 -773665.5472783307 2011145.8467222378 -123845.57115483048 124195.27302242682 -1773924.4256805493 -3110168.491133635 1153533.2721237422 -1544016.52952864 303301.91068022297 -1687401.2882589067 3186887.41801089 -2488439.9282404124 -963956.1794578328 1603223.1614232424 2082440.334416383 696054.5437970088 418602.8746302949 -630465.1473329616 2239364.030496552 -1946565.437974954 2587430.57828154 -2110061.1170635596 1438935.537794889 -1173927.0611826158 532640.5780171546 -807729.921910663 1080914.2695822893 929968.2442472194 -318530.5055733479 196422.1303428432 36054.12862485771 185578.23188744462 -1195593.1428791145 -2271495.636897148 739460.5758376679 1860973.5225056028 911011.1912997368 2874122.554567257 -229004.6002858008 2222371.411030288 -3483144.0951179704 -327897.5718385618 228823.64201006715 2325428.259044557 300593.33742262307 329404.3151014442 -2323855.4275198113 1124346.0645190277 1217665.7593045288 784695.3625380484
-632637.030032507 -1111241.9524392465 -619492.9985639957 859591.2167766374 31990094.77828315 -3163699.9569728565 -1222252.4328298485 -1275.1330731260416 2260097.6577460724 -70399.6494693088 1487697.9367106108 465933.68893728376 -2728186.2739321096 -12794.50983774991 -492182.66281889734 2839065.210503144 -1865226.0028297869 -829548.0123315798 -1444946.279816425 -1902996.8982194646 3616679.050417733 1035106.9582004758 4119861.3165039644 268391.3224922838 1273537.0203689192 -807414.2870343843 -1867110.6339586757 363464.57346048433 3089463.7099663666 -1705460.30871029 1542853.5042970565 320841.2822513944 130176.77550125874 776934.5337540023 1417990.315088979 -1403498.142850489 -1298897.352702345 -721247.8673099848 -2645617.799575687 -91465.30351189908 -245972.32637470652 308473.2515905989 -67421.77483594132 -479298.9693025863 937197.9650242166 227416.03548729033 -606200.5689740471 1244403.6493527258 1489486.5065280567 -940128.4174305174 -978335.3537275059 -606951.0392783309 -2393056.1117851627 658443.2245830421 3468811.1832788363 -982324.8133223994 704723.7647562968 -497289.73631327203 -1076115.7743983422 528157.2269959264 1253796.7616844485 -472191.58380301064 1531549.6044118793 3034688.416778836 -2274071.039715103 -679766.6904639903 -1676165.2396324982 -17848.446007687166 -1853486.8855628404 -2887970.6939228936 -2923726.7493429943 -3330118.061199344 602210.3306064777 -2267363.548299362 482855.0254231917 -389739.8578501986 1097619.1364510825 -2422612.299851993 748762.0224212839 1352717.4752443708 -1717112.442858401 -1635700.5554931804 -256961.76671656323 90390.57566992693 -1107654.2032293305 -805260.1925572731 -3512584.7792101167 40997.0808084149 -1113964.0875657056 3475.6648288080983 1307142.072430018
-643249.0347411714 -1222539.4447052877 2033108.2468443487 -3512884.6338080987 -3163699.9569728565 33062019.40904592 1390685.3069755014 540219.5822805743 2566965.769481154 -1139709.410162624 -625311.1624450738 1086597.8401304926 751173.9773524802 535634.5107167843 1129105.1454833676 -370671.0931865177 339744.52825152955 -438023.84725135926 503037.0894965524 396860.2989270942 720057.6798360938 -831479.0542111206 2350907.383361629 239820.59569942407 1362312.7409513672 2089448.6850459438 392222.5817723777 1512645.4802802845 1730202.490361761 471699.4047759745 -117380.88443873682 -895560.2258464005 -371871.9825370117 -1195240.1724153769 -2350814.5397095447 632758.157987838 -1902813.0324022262 84221.13434198899 -673956.7619857357 -1969463.0014162122 -1921863.085933502 2964883.9017183944 221830.6563140761 452112.48009531084 -1866283.6569161895 -2340799.9270382486 -1147739.6535005504 -2340684.529800601 -2768785.374645845 2296165.978951719 -420687.75659292244 551734.3340839373 480556.12858677254 517228.9682796744 -2481336.209059365 88821.05872996377 1477987.053392806 -1785119.6465053302 -2276192.638090075 -2217165.452175291 -215031.4582774793 -230265.52734151602 -2295418.673648842 183274.12406286722 1522119.7211132133 -2988433.99423611 -1165246.7944177657 -1392854.4579244517 1560812.0001808275 -82398.08401174545 343640.34100560175 1513992.7826682113 960505.9633896124 399115.6828802167 1248323.724240482 -1169689.8809061074 329600.1545582417 1597118.779765946 -2247272.363698304 -1135766.2328103203 1360215.2973832116 -184651.64047516318 466645.3227617338 1375398.3319877037 1391942.9678015872 -1682103.9656684038 -2156645.937190068 1305984.7801363028 1109728.2778730092 1731649.3848930385 -2059681.595046017
-1858722.535060418 517302.78495352383 -3397789.343764623 -1975364.384195223 -1222252.4328298485 1390685.3069755014 34112887.65651982 -2112702.752199388 2211890.7522257 153742.47574710168 -2029612.0579357352 1531948.8578425513 -227895.97117506407 -738689.2416663773 694500.1353918626 -45713.37957521961 408279.782880943 -859225.5780365424 903481.4950680893 1732351.4940125896 -1453472.98643439 1455411.0780329467 -489851.05593682127 -2457983.476523896 32704.155045821964 -2037615.895554498 76409.57666478655 -396137.0709706477 -197076.96247657004 764656.1925417929 -2011782.5620842646 -937301.0005588857 -1334165.1177372972 2974269.660203029 626773.99576416 487427.2214589125 -2094852.3979342927 -581160.1913376786 -411462.1587948724 -3493991.251151387 -225609.1069613713 439375.1246339856 -809564.2111171226 2427400.2765788822 -2782988.407008724 -1919823.5076478506 873751.7541688178 -1155044.6422824487 1506970.5452225034 3093946.045312943 78064.30415220493 -270908.115561362 1119364.4273308532 -732425.7404550305 -2000341.6358336704 -2184017.9678223873 427884.7283019283 -174253.99303519572 -3245767.7661041194 869301.7744321458 -2159949.286149697 -1301760.386852764 465177.72190107906 -622081.096061055 -1770953.5084277082 -1056157.6341227526 -1277293.2894808182 -1367849.6222209893 -1683621.2963864414 135407.71378072878 -1440655.2751936172 2349419.5383550655 3142382.5999188656 1104734.1110622033 1667641.9635480912 1170189.060022023 -2555593.371868117 648746.6773809275 -1181480.0587436154 2097089.032241386 -1688917.0932449314 -596672.6422098118 4764368.498712832 1806767.2713791297 98068.41403430454 -2715337.712651513 -2470045.514956682 -2222856.1001623296 -106856.98896440772 -1870571.4328801048 1598321.1872673298
-1785883.5233197343 376162.0848873059 2121126.876698621 2558525.6536262706 -1275.1330731260416 540219.5822805743 -2112702.752199388 34681038.64709306 -249411.15114882137 -1138858.7705628097 2716623.2287817206 39754.15621814252 413768.7700183934 -2014760.0125828395 -184181.90669152734 347275.08689008607 662693.7776244273 -513260.0451136064 -3223279.157842838 -3712763.706054456 -470094.29525822966 -206666.85620938631 -127832.92677688705 87164.79728974968 522904.0310714262 -868494.6438196643 1443802.987852121 1581338.1071463514 -2082114.1064275946 -2461590.380028046 -689617.2572607928 2028270.2540197421 568403.4231694918 232291.05149242879 1424192.768953229 464510.0076831236 2231936.083347568 614200.630710557 2022068.477469376 -777635.4159625967 383590.8562406819 1781779.6721200857 -475933.24103785295 -1703803.171470359 518523.91827453347 1900599.5124969103 252871.6168648436 1633102.1954432814 -33234.888880251514 -277171.98555909714 3215582.978326985 757576.9865914633 798988.7792711605 673256.7017566041 -774530.9552584597 2010379.2963730572 56763.31185051782 -254508.5230633987 -2333179.4140350837 316131.14402449696 -2025513.4391890715 -555646.198323682 2901271.201733759 1274144.439128828 -90889.80016515142 -2073603.6044222526 246808.30397231388 -1034080.8718187109 513559.5048422425 2936101.0177074824 695562.2964630141 986098.9163026494 -1216423.0895583064 725602.0407329499 1789444.4413640671 184518.9809278676 -194130.4179172144 268006.7837477715 -190117.61589760814 -3346588.0949264457 1095671.624565477 -80300.69284751093 528219.6240095138 -3010091.9205995346 311239.91822862916 1028547.065338807 1282570.3772087365 -1120354.414620105 335254.2981779486 -1175304.981253545 -2835046.2670170953
-272204.86540097935 -593997.1665122099 -2118252.2754715993 -1725837.0995926508 2260097.6577460724 2566965.769481154 2211890.7522257 -249411.15114882137 33769681.73145554 -96663.63749605622 43734.82542332537 1230325.6222415837 -419308.29365050263 -2797862.3748426926 1053521.08752435 759039.4310294559 1247020.8883053865 1424336.3252949317 -1729330.8801991353 -811785.6811144215 -1034133.339825475 -1510213.4273851342 928343.2722033389 -2289172.426607873 -272127.40823327156 -1711157.0481361959 -103236.02292412923 -2528394.161061142 -223413.34230512643 2315115.454548256 773066.1265155069 -1936918.6505182497 1582558.2714518255 -804095.1520259874 -2316599.529220431 513351.32318600116 -2575642.0673188614 -201526.21197507062 485563.6242508129 1409289.0030092183 3194262.5405658092 -976511.3693250899 1754319.440515832 1435878.3919528478 2846590.378585833 1130201.7726756672 -2264049.007330407 -1002169.4614644161 -4101362.827692594 2859868.5057478026 2162787.295794068 219037.93627491966 1656892.5113236115 -1201228.4004991485 -7239.610396402141 -669542.9013275864 -797954.0461908544 109958.15749952111 266117.1960203147 -1254652.648051461 413915.18742078106 -735700.5386546247 -1872539.7268936534 2556252.3513179524 329361.7886457899 1642495.2616378358 287202.103631321 -64011.15052595954 -763575.5416636714 1435866.1477225511 727538.3331355184 -2314866.608040146 22144.6443078592 2502758.3932828126 -620110.4006925519 -1488738.0422968417 741997.0944566859 1279490.5492643062 276519.1357886977 -10592.875637594323 -973793.9429910814 2088613.8916654983 -1124372.2894014735 2218704.764669154 -1309636.5876959274 699478.3883316556 -2950884.407994599 -320086.3072547326 746048.855718547 -3469515.4657256277 -865928.6652555143
3065447.172017149 -657188.7547836673 781554.5239912241 -569978.6521092643 -70399.6494693088 -1139709.410162624 153742.47574710168 -1138858.7705628097 -96663.63749605622 32717296.719631072 -297057.1995859897 -2008679.1242756348 -904527.553976729 -2407787.1180726653 632813.932228359 1263084.1672585285 733648.2928977831 1006012.6153999331 1222790.5568513828 1128839.1648015059 -233326.57096709163 68270.81781385122 -740679.3035062125 -1355071.1288675494 -347748.73859667766 1536472.1384646306 -2234245.462341669 -2130885.6074371007 752623.0887612352 -112257.17632749838 100784.24214281303 -156157.0174144701 -1057222.36178061 1249799.661721983 811162.4116353386 2363058.597794036 493324.3848210452 659931.6612647957 -3774149.762869503 607983.8019951743 1459847.251987626 -1842764.9983880501 140829.91786074094 -344734.4402119604 685587.7962952087 692442.4454937776 1981387.7054335605 -1118157.5300994588 -1445713.921334386 97920.61764950854 1095523.839850872 -2110204.0985075966 -1326315.5630996097 -836956.6094604377 -3176690.79168138 642145.2409984263 -605649.7215846438 -22106.807007450527 -307290.6581922704 -299605.6024272268 2398651.606032928 -1595244.0764171877 1621650.3289230624 308070.6614074506 2425612.469444816 526677.0363296064 -161767.5416259215 -716983.4411314189 115441.3223135568 443690.33695334726 -1616664.409693884 -3103753.218535958 835470.2100067069 2348279.777776518 -3560779.8583889306 3455708.0391123723 1496032.7346396183 928154.5338103335 -973617.9383890949 -523449.5105179451 920893.1727914861 -565637.2652941903 654916.3219531858 1657831.112571183 394800.6750020228 -2386853.7270830562 652509.6155576096 793409.8860176322 2228972.708451629 -1599590.4512323635 130855.83884175122
-2321820.0568284686 -475447.19966030424 1470688.273074968 1463342.7772169511 1487697.9367106108 -625311.1624450738 -2029612.0579357352 2716623.2287817206 43734.82542332537 -297057.1995859897 31909110.15175109 -77548.59729889274 463109.3621666692 1997231.1790031872 3059527.366065916 1277700.816262352 -1385580.5627734435 -1119873.5491211899 -1479143.3469072513 40524.31936922194 -2500302.1397541463 89910.16552188896 104699.42256473747 -2226359.027895833 -2356382.275439325 1792638.6594574214 -1566691.0524696074 367215.97514800995 86012.86540724583 1591420.7148413635 417885.5544644018 427367.0973306816 3150041.5606990415 -2872707.956634558 492764.0258349604 825535.9999284734 3161.483217334113 151969.933438629 543840.8955728726 792169.3150127105 -365827.15397836815 1599535.2667253527 -332627.7179236433 -1652961.8670077918 492276.4310203208 -647402.9636649992 289361.92446665664 1524167.8216991816 899036.8842818423 209091.57807361646 -85257.93268716605 -602283.0622160692 904181.498280514 -160346.22048741573 -1991203.596712483 642372.3828170317 571291.8591741063 285008.5339690462 483027.84351067065 -329160.84207735443 134387.1022403871 852204.8653293562 -1192810.3021481694 820176.9318851244 3094393.476970713 563.3255540894918 -609995.8573493655 56594.64387969205 1876877.9092167013 1083013.013031699 -1700092.174386099 -402047.2157544468 -1467552.9532924863 1516062.4271344254 -1360374.2963678248 577243.328958772 -756261.0111832545 1343036.9239205285 -501886.92577952525 1146398.685331035 -813979.6937301026 2524395.960873972 -174730.70046105713 -1786210.1197171856 2740748.40062373 1997525.659511247 1028636.9948097694 -1327950.9438553175 -1477622.3500992735 -1893607.7822967833 -1066594.3946925553
-839273.6520613924 -69556.63927295952 722391.0403934948 1878001.198425919 465933.68893728376 1086597.8401304926 1531948.8578425513 39754.15621814252 1230325.6222415837 -2008679.1242756348 -77548.59729889274 32362015.901282657 241056.88042427198 -2735105.117597232 1282221.7978959328 2117946.837667334 -1135080.0336148972 -800202.5455737179 395050.4511272719 3062677.2406615373 651173.335655871 171930.3937424523 1426794.8730466259 -894181.433849565 2242746.863746181 -182858.97751679504 113813.90207362162 688780.2939119688 2654431.14756955 -1017996.5202948235 -1281543.352505253 -3881059.736735213 1341594.0489293814 1811413.955638716 842568.3807903643 -152670.96503226768 340119.6952099634 -329295.840367197 -148929.88887128024 -778647.3758958313 1969910.335108018 2810807.813517689 1369320.0831499451 -1582575.3216419497 -629043.1608019285 1847276.418091065 -1789393.5741394577 799841.9472266822 -2113132.4922077027 719133.8733122234 -1155215.8853069101 -1627539.4207758598 1477172.2603825731 -811177.8008613344 600287.898585706 728202.7822879988 -1124653.6575087241 -1359389.5622603463 355577.43828236504 2686748.977760933 2508775.4019610686 -2183145.800529044 356494.4570129042 -795203.7725224631 -2997345.0270427223 -797990.721291615 1876042.7700707042 334617.27465590765 524475.5077730231 4323933.277103956 -1984536.6067693566 739919.4479620346 1820148.9478779188 2615505.5077760136 917742.2863937466 -3877931.454022073 1051650.7254329373 -422360.18340650323 -2385062.336928529 1063903.2982119936 625087.2588918604 -632482.9043909226 -993728.1691296289 3097084.3705761842 -450108.900725361 1272217.9974561743 -3098291.8231277764 -603569.2224998533 658710.9738282266 1406261.494138253 -446980.478494458
-2938694.252132154 2552193.8149215393 -552195.3285505539 -438271.15418441046 -2728186.2739321096 751173.9773524802 -227895.97117506407 413768.7700183934 -419308.29365050263 -904527.553976729 463109.3621666692 241056.88042427198 33227074.946146373 -1759746.6650215364 1316375.9924922579 -1922655.2162756405 -1126156.1172327667 57320.17999920405 -765491.2473496652 1132231.22495287 1647798.054093385 383957.3911646784 -2882669.2707018536 -1087380.6408198876 -604141.9919631692 1145029.7411243813 562086.0746106083 1350815.5092299646 -260747.73079154736 1573647.0142383568 2740366.6589276986 3705423.8771136682 811297.7458019693 -2437231.135596856 1023571.253962493 975811.8908072131 2292880.161043037 160315.87212150803 -150661.04007748727 -159302.89615048308 -220985.94675079302 -580128.8760584003 2929890.653224495 1800648.8602732876 -165651.41035061935 -2808922.4961047582 -520510.51386297337 1602218.7782485127 2838184.316560524 302849.11757808307 -699369.4046317084 859608.9854792915 1444694.9885343246 425316.16962444916 2204913.625378781 -223512.8885305615 -1126073.8832875013 -970931.0803725576 -756749.2286041265 -1706971.7188502485 396599.0630012224 -1360821.0469091174 1651356.202702265 -537290.9227333174 -4330344.104021592 -156782.57529352908 -251446.64104696744 1521329.458891538 -1744995.186432526 -927720.9422360836 -1347096.9630209205 -1201887.9111713085 818104.4370298822 -1769369.8320132163 -1370244.90998115 -808572.992417094 591842.07326707 -125626.79409386373 1911023.2356497634 1241478.643478406 -396301.05743042927 -696466.745185338 -2346436.7561030625 1276823.135457898 2377057.67076173 939334.3059718868 -350204.00162926596 241860.56972332348 191488.63585894217 -761512.1392857895 1092305.7469664384
2009837.4187268487 -3056420.124063557 -41755.92312513678 1436586.1260057846 -12794.50983774991 535634.5107167843 -738689.2416663773 -2014760.0125828395 -2797862.3748426926 -2407787.1180726653 1997231.1790031872 -2735105.117597232 -1759746.6650215364 37051982.496663116 -210089.66665610718 -824433.6205152991 -519841.08405955636 -703885.1068481833 -2132462.5519445143 422169.16282456764 707027.5908900235 1048706.8335537636 597581.4074135484 533487.9995794125 -3431802.6953617195 1811947.7713846448 -1469607.723108405 966217.4736010185 -398549.2644545405 -848042.6875692394 -1109287.787560775 -50173.83323688766 -3817633.2779751406 2312865.0701879663 1881916.2819930585 2494331.4612986967 487639.76802037127 307552.45232361875 -887337.4684300711 181516.32674831033 1221660.6501657113 -1871094.4208753596 -1744305.4739380819 1414570.7323129391 1225380.313584622 -2331958.7019667556 1726496.8086646236 1407732.7371536277 -1167409.1045414277 469343.9615460458 -4718808.027440038 -1065885.2832321473 -1392483.8487936163 3612864.7781291967 -172415.8416024514 -756534.8422489773 834629.2287465814 1056701.579592475 979933.4733840419 -422518.21093503194 -2870999.948458796 4193387.8960414445 -6578000.657121911 -90740.05320913791 2235841.8981195255 -196462.4082622114 -4113486.6754104667 4640235.897222369 3257633.3153051045 -87802.07850943899 -2465573.3915746687 1548406.829819355 667134.147393209 -1504679.5329240614 -2016399.7374086436 181419.5937063809 -2392527.4307955955 -1060782.7202914443 2017783.689942417 907068.0561387372 -978771.7730730564 2947422.2861809316 93014.79723656324 -207940.60560470138 1102332.9383699168 -222562.4057830943 451204.34539992985 2210929.4115070743 -2008817.3459231395 2262158.5398539472 -1234256.4811073944
-2014833.0330064467 -71428.05600411333 -1132333.3309430354 1472398.0999482474 -492182.66281889734 1129105.1454833676 694500.1353918626 -184181.90669152734 1053521.08752435 632813.932228359 3059527.366065916 1282221.7978959328 1316375.9924922579 -210089.66665610718 30834124.566628803 57327.04790240398 -2172499.470435872 -354776.86265101604 -2101722.285497035 851793.7969633217 320801.71963246574 -3618743.2644082387 -2081314.3312490906 -1408464.156622964 1284430.2337515792 -661389.7011616457 319111.3336240732 1535922.242894584 283527.6664886836 976302.7411146908 -1124128.0266961379 2563596.8841911526 -1348134.4427097912 570201.8971573795 -2127507.579865981 -1368684.9459551673 1084616.6529785714 -497812.6729461007 -226367.32336823383 1127696.1994350653 1033074.7433494852 -1174965.2603344922 53978.378005715706 1118728.8625043018 -73610.62041371323 -1175985.640596473 -762740.7654165889 2198904.54621242 1115786.9573652942 692251.4984766879 -1686241.2795018342 1550751.9095394483 1876339.415562835 -1648245.1607437707 -1247462.1747038404 922326.1908882725 1857486.133704734 -1384544.74493734 37220.15469469203 -1073186.5660013314 -755582.7721470814 1074114.145793412 751077.2444997363 467516.1790662701 -814050.899468791 1965992.6473562734 -1085484.3903987051 -207167.2032183354 1111337.8739797997 -1118092.3683325357 1333616.0646163078 530944.5758919196 1556837.5627013366 -237242.4896599984 -1356902.771540939 679022.8446751407 -1089908.7081062864 -2429170.1358584003 2682333.800123785 1242856.4544719537 2241832.074535045 600754.1245270043 2017601.068685634 -2245208.7998963357 1520935.9856797953 1071618.4649512812 -928303.5330323355 -94076.77522306435 1958097.3465645227 -922690.330117664 633383.232157384
1647794.928965583 -893322.3357951095 -1112150.784837923 -2649649.8245881274 2839065.210503144 -370671.0931865177 -45713.37957521961 347275.08689008607 759039.4310294559 1263084.1672585285 1277700.816262352 2117946.837667334 -1922655.2162756405 -824433.6205152991 57327.04790240398 31863676.19298078 -528662.1275833406 253577.0543903228 -922267.4943757235 -265364.8091981184 -1040395.6872362567 278579.3036732587 3622860.053720598 -589945.6016009673 -2054632.9303939932 1754596.1366281172 1461072.6367065888 -1384181.2978956199 141521.6542416219 -362877.8918352612 -1701919.7260736139 -1470482.9818852337 251888.85750919266 -1425558.5847257113 331322.88393126393 -1979058.0231034835 -3329510.023797855 891364.9924807644 -1465756.3942035786 30583.323514638196 653302.721654735 -1781695.0453405427 -880983.9898723686 -1876648.4234918184 -2565819.5251341606 1194353.9719332757 3147326.6868394734 1121213.6237506112 -662261.6393911962 -204849.99258935233 908270.4210542019 -4138504.726327728 1239493.2543024328 1115145.8682654195 -216741.03525342693 228375.8004521508 -953971.2418769178 -1385290.4878768392 746004.4576536635 -2760339.4561452977 -683.0752948330368 357770.2598827127 539491.4415602647 -2506651.4800748816 1386645.9648443172 1626752.4382938824 -1337439.1768002217 -2282783.115602462 -863019.1352139785 490168.3091010206 -1923489.2803756518 171926.60937471222 1052741.2862699728 2554526.3741359124 749342.3714547014 880220.0184932998 -2388778.69196347 -4216857.643199672 -700681.292754908 -2091415.465978299 -2128718.5407910654 1201198.0047248548 933762.9540750842 775471.8413143138 -2681020.8800339466 626778.1333488661 3206119.945876968 -1772389.3317985332 1787208.5307084182 -2038392.691365569 1090350.6794335276
404094.9950854056 1789078.769484926 -949752.5680991139 735094.8643861028 -1865226.0028297869 339744.52825152955 408279.782880943 662693.7776244273 1247020.8883053865 733648.2928977831 -1385580.5627734435 -1135080.0336148972 -1126156.1172327667 -519841.08405955636 -2172499.470435872 -528662.1275833406 32868311.192836404 -810295.0831193468 -504692.7147700759 -453744.9357546838 -4404752.556512925 -127500.50372856813 -3759019.0267701875 -2541824.9547823365 -757762.3192608533 -1433599.422159692 -191752.37192220168 -577845.0085692654 -1909652.7122049474 -1951721.666920501 400977.0835280173 -2056660.8460591326 -1196225.3381154612 1253092.094653386 -1284133.351117929 27262.0642549641 -766509.2688289152 -1213003.6450736257 385816.7860989377 -578614.7130894293 -1694280.7508681314 -869023.2212599433 1186022.0556235104 210203.3707560257 -145369.4289208468 -3510630.699579882 -1327487.2100667118 949410.0945601339 -3122415.382691472 -2665480.167757165 -1894249.9195759415 -1617124.9053737503 1099248.2726385086 -886681.4744814041 -644954.1438366167 -1230448.9496419053 1251637.7370931096 -1312705.5963653354 -2012560.5495317024 -1483691.0967144857 -1723834.033636081 -392118.8893661151 -623212.8845286501 -2025032.0760082612 -353248.0876372559 -410817.01059474534 -16557.33303881258 -1119843.672978004 -634501.7417010582 -2379962.7592188576 2521598.1250637965 618155.5166527581 318417.043471789 815080.2683544743 -66542.45938512431 2215573.0398485777 941460.5119442418 1496273.6574435981 -1317650.7477432964 94732.27293714219 -866694.1454803222 414716.6154048169 -789292.6026709412 -2086392.3976683281 1435449.8568304 -530930.443791501 657131.8804124956 620579.7825874584 3524111.289300005 129329.66709904003 -852272.6561891376
638367.2038288702 -1858080.7558825132 86044.8181665055 -1673622.0191630437 -829548.0123315798 -438023.84725135926 -859225.5780365424 -513260.0451136064 1424336.3252949317 1006012.6153999331 -1119873.5491211899 -800202.5455737179 57320.17999920405 -703885.1068481833 -354776.86265101604 253577.0543903228 -810295.0831193468 34729700.107078545 725054.6428029672 613118.784666534 -1506402.6273078076 1352033.3076590032 -274467.4573772289 848520.2840888435 -708330.3928279334 1528558.2999774048 -688614.898301442 1053024.7775412817 -2350856.097608896 1659752.2386751105 561703.6203146639 1106413.3564686659 -1016498.1457214212 -1375385.702104719 290367.2591687124 -705664.4018750257 -1314601.6855637466 -90844.23772213292 149579.92742065882 -888156.4895971197 -1111624.8825377186 633101.4309714624 1768433.6955829177 -322563.1407175503 -1438697.1401872141 2326055.7460211357 -1062074.8580364045 -1987391.243557031 1781154.3103560447 -2569808.989121032 532396.4751168818 1089359.6129778628 -1587155.635890687 -921746.1665669436 1428252.0387584642 -593507.4269615291 186512.12741592102 -3016967.3018490393 -716429.594330826 525193.6586583247 -165081.72848555192 1280909.9419563415 -1443987.6335429316 736254.1668886151 946184.478446651 2985703.925590594 -3360606.2024096833 1395816.4981099367 -1297184.241961252 -1180611.3371906776 -43961.4759555478 -56507.485011610115 149112.31698684968 848498.225365992 -1502059.1049133856 -628240.0038023462 -2754266.717712913 2518230.3009005394 1120253.942685099 313713.09252672485 -350335.1533863116 -1879613.8781682712 1724754.1255315961 1095716.5075132325 -1932175.9313592012 -502646.5899457292 -2243666.7452187864 -784448.272276135 -2447448.920344908 -238266.22705351686 1184618.0683827915
-1803489.1306058378 -1497804.2736769808 111899.2980876911 -90191.43120741383 -1444946.279816425 503037.0894965524 903481.4950680893 -3223279.157842838 -1729330.8801991353 1222790.5568513828 -1479143.3469072513 395050.4511272719 -765491.2473496652 -2132462.5519445143 -2101722.285497035 -922267.4943757235 -504692.7147700759 725054.6428029672 31011325.25919591 2374485.135944763 3802905.343469215 -154354.7133607307 1206609.1115111005 -3568397.0056468067 -1836738.8229975342 1684431.0472969352 -641947.7854198205 960705.4616965565 514675.6701804727 2225830.063923758 -1935193.3915463733 -2814359.4094246323 1318053.0467976257 -817977.5543581669 -1411611.8080721905 -210388.2188955146 -137915.60351045727 -945837.0821440672 -824819.5899038982 1865444.319282071 1366350.661296023 -1822816.143542912 575104.2325873282 384468.8887820278 -799447.6667460152 152952.8164654173 1222760.3662362408 366415.5973058353 149287.74982066624 58745.51917288355 2190695.470864102 1275363.6888406514 1197785.1520100648 1157484.0036505046 487043.3703919841 -2664872.2925017937 -2279265.805805038 -904418.3583376638 -3056755.065874324 924305.0860737471 -1183389.5930590562 -1181590.0118854323 -3159705.673754613 -2686107.923518242 -1531374.9070085154 749347.9363011771 -29763.476653955433 -464514.612893447 -1995677.2540712568 795.8823347334474 1880714.8867488496 1491919.0535030516 -1311425.6649602219 -415943.2532710278 1708811.6115543095 335473.56533808145 445010.9423215974 -141424.03923211567 -2320297.2659677067 553322.3477382493 -325042.9418696886 -533992.1373526952 -5829426.4949591 1091969.2435488922 -1416577.6895969464 -2194460.334570458 548593.6024051034 1134826.8561625779 -1657727.869703576 740621.2529049837 -764980.6955228006
-2250371.173246247 452440.63521427603 482610.15942685195 -325022.34479134646 -1902996.8982194646 396860.2989270942 1732351.4940125896 -3712763.706054456 -811785.6811144215 1128839.1648015059 40524.31936922194 3062677.2406615373 1132231.22495287 422169.16282456764 851793.7969633217 -265364.8091981184 -453744.9357546838 613118.784666534 2374485.135944763 33325142.331988063 -387050.89790419117 -1112732.828945336 -812240.5700429488 -553895.4361343906 -547373.5907323844 -807272.7042430667 153614.79962006077 1019639.2362326103 956100.3526918906 3118563.210676788 -1810975.6335730462 -347097.42551710346 -1539377.9237673208 -1137209.1702118532 -1568682.2555566223 -1919034.833843671 618364.317588541 -109032.72331616313 339881.4422616837 1114760.7465832047 218997.6610633109 1255848.470022953 631525.5314487505 -4662741.648504572 1499446.9797343963 -1193998.4361454525 847757.8906152837 932497.5367805727 3288321.4924101993 1199958.8263769145 -1768684.660250002 1209608.2066954884 -397774.08881168265 -576532.7725293492 2684877.357365014 797438.5850633204 953616.7943810032 -308217.1799399034 -5344.565942236437 -983046.061362236 3105480.4657981466 -752096.640727248 1090857.7484532746 -1076192.7417513537 1153784.2729175566 719407.9883748719 403202.116078089 632818.6413332613 539119.1321658094 3083639.0832733954 -1072210.0229009571 -2410543.3207375556 135405.341805252 35494.10667824209 -315854.27580061473 -1562345.650313973 -1917729.747749193 -4820703.8184006605 -428856.3659417157 466116.5739321873 -637217.7220742312 2563154.0256226356 2155748.3694848483 1980830.9557981368 -14739.727176143368 -633852.1252447134 -1741659.4227857827 1785480.7937912024 1374066.029434776 443364.12068229466 92297.10881295838
1209396.2290194947 507412.0505381298 446226.5742809144 426151.1930439378 3616679.050417733 720057.6798360938 -1453472.98643439 -470094.29525822966 -1034133.339825475 -233326.57096709163 -2500302.1397541463 651173.335655871 1647798.054093385 707027.5908900235 320801.71963246574 -1040395.6872362567 -4404752.556512925 -1506402.6273078076 3802905.343469215 -387050.89790419117 31454004.371367987 -1648396.9140825258 2922881.84172241 -1769774.142685478 631761.1396408417 1504295.861187479 1752995.1818605703 -277659.75163488707 -395790.76067989756 1050589.5046054148 -1052959.945753879 499356.6098847198 -1392418.999868001 1732313.893207518 1121407.5214207908 892745.0045178296 -361951.3217821476 -266361.4811067316 -1200847.3831085064 1726658.8391223517 1151014.1455089361 -62591.96768973135 -915893.4126487842 -2855703.082046874 1337535.2996443606 1275043.4469031738 -1115820.8618189592 821849.9777820567 278328.4574072306 -1882470.5333069128 738578.8216291104 2341345.7588090324 1805448.2452074522 497508.1963336759 490223.9924493933 611370.5879276743 256605.16220250365 -747872.580202585 -1457539.5715348118 -1075931.3176949674 756678.4820562322 374943.4280067368 1632628.7867262356 -745138.2862434189 -2141860.92884987 -2746496.2276287884 544817.5773525226 -421207.3570996143 253073.71010953563 -823363.568750072 -228794.93967531298 -2365988.103123255 -1305750.0144491058 -897070.2774304778 -1321567.4853595458 429877.3907801462 -1517101.0578905812 -1382262.4225270962 -2762870.233773911 -538439.581124568 -101005.269256135 -1944338.5085339413 -1186847.3637784203 -3027266.5046365387 -3150874.3760487675 -1141499.8916417328 -721294.1146568249 -1602332.9908576992 -1830126.4784904036 426768.628684948 2795659.8523540357
1532264.614603128 499006.30019903544 386486.0617659536 1980310.4995044896 1035106.9582004758 -831479.0542111206 1455411.0780329467 -206666.85620938631 -1510213.4273851342 68270.81781385122 89910.16552188896 171930.3937424523 383957.3911646784 1048706.8335537636 -3618743.2644082387 278579.3036732587 -127500.50372856813 1352033.3076590032 -154354.7133607307 -1112732.828945336 -1648396.9140825258 32769983.93857239 -1207830.7026813505 3055885.2445397493 -146825.83896346483 39240.89779353244 842546.3274036482 1154389.449196491 3572564.7139456766 -1701758.0195539366 -3506894.11700587 655241.6388209525 -2294433.4211019212 -907726.3582831555 236417.826017752 -541776.130885786 1606969.3958314594 55117.44397941376 2266618.513770461 -533261.7025468664 -1385679.3883023122 -1462137.463986462 -2109563.3903981685 1070388.5320462266 -1600690.0112208393 1214318.4181441632 349296.889662636 -585483.1565839475 576909.8521167064 905366.0669196576 -536180.6595044761 -826028.8741136069 3921791.9004093804 -142768.56435349607 1392058.0753822175 143081.42429344758 1440725.3247967646 1278900.0607841061 -3125256.231156285 1905999.0968543976 -176122.83298546931 -453040.0513536909 -1334338.61011257 597879.9914655776 -380440.68333328975 -796060.8974579272 -2675388.351482261 -1989996.371701106 -2386645.6117037497 571661.0296423844 -656012.2120075092 1974236.1321505024 -1554186.3839421894 1010708.3828528845 926624.8326759142 -928161.7546025611 1533499.6812199492 2752118.1817690027 -1681493.7087600185 62368.11559195771 865429.0562893514 1902008.7444063926 -288355.6810445593 4140182.7935682503 -280954.3855437083 -315656.45372217364 2835760.107194048 -351992.4964459925 -802784.5931909939 -1682216.5466540465 2077615.1520370462
-382152.7397445358 -2747562.8201417164 2789839.3566925065 2828380.732979131 4119861.3165039644 2350907.383361629 -489851.05593682127 -127832.92677688705 928343.2722033389 -740679.3035062125 104699.42256473747 1426794.8730466259 -2882669.2707018536 597581.4074135484 -2081314.3312490906 3622860.053720598 -3759019.0267701875 -274467.4573772289 1206609.1115111005 -812240.5700429488 2922881.84172241 -1207830.7026813505 33082366.76054846 2681154.1396891344 724012.8482644799 -215291.1582448198 93175.28737524386 1395406.7702729965 538256.7467708862 341929.0271333768 -3805249.0125325606 143194.8168046844 1666162.1087218912 1813836.7440355935 2581022.738128758 -939484.8557976553 -1005427.3129146405 1272508.2439014923 -2907136.153956459 2262261.1769651254 1773303.07625955 883254.4181589263 884305.2264839789 -989099.4432046709 -275785.7808949144 -573038.1555038667 1295762.1461287863 3057400.7544542924 -541648.8755224297 1985117.260141652 -18595.15386258467 994640.9301099023 -34899.30796813507 596220.2664249582 -991501.6798716723 658064.5666157533 331000.8263966891 -70180.26701316306 44558.562186997406 380821.1662335087 265231.04834259034 -406122.791088329 3227065.2255415134 -184283.91821060912 1755850.7838999925 350596.8484987004 -1801170.2491606115 53711.98750246052 -444988.7961816899 349687.2344034893 -1796969.329712332 1325751.5365768808 -1629561.4441765144 -1570560.1159877018 531099.9794173234 215000.1133711954 2204148.1106425896 -1531406.4854960376 -1160429.790720444 -1414784.693837026 -698669.2006995804 388207.79288347805 -350619.7686638843 581424.7665012631 3231346.872532361 -28073.234198742255 -2769138.2718477948 676853.9408202842 -598886.5767601178 1372420.8607563495 -1906833.279862045
