33334118.71163878 -4532591.42280035 1517949.2057578934 -270358.96879520564 1946958.9411440445 -479176.7210386591 2030359.2286180202 2743916.459166151 1059301.8936709955 1012042.9889103995 -163366.08549549957 -1133188.3100766493 -1802579.0306092221 2057645.6915982056 -2175423.391332598 -395666.54831664625 3434694.6925246352 -848935.1133079588 -1363660.8426586108 4229805.294496188 -78774.39372646576 -1889769.3950202009 1569772.3388542924 4084778.20948914 -1194502.3978009515 321472.4146342563 1981951.6543047607 1518401.592142137 44160.19132475108 -2331706.3058206006 -1232208.7466124664 -160329.30818118912 -1459890.6615498522 1257629.7626509042 2135940.4823754015 481267.8554257313 603252.7861546497 -102498.63026017677 -383084.8407783755 -501905.1948205514 1525361.8357885608 1697188.5260961496 2375583.0824392564 2988277.1312131956 3286429.460320469 -546547.3328798873 972546.1343092305 1124460.6487494525 667202.012069122
-4532591.42280035 32232045.723936394 1306097.216767088 -913829.5977370464 2989141.164070177 -1707605.6235351602 1032006.9597454513 -2809059.081913798 2728397.5632695346 -3633567.6152529367 -1896364.43121658 -1654019.8764471721 -606116.6906709715 -1440178.3908803938 116310.80073061411 -2306392.0820980435 -1688508.6641956698 -1132174.4045585277 1069745.3016458543 -1293220.3318822815 -1065430.4997972744 -80675.51970736914 -431026.875602674 -503312.7613895611 -342435.42654002295 -728714.2036876446 1486237.1267780808 -490955.0475763048 2158214.8580221906 1347350.595141355 -1583823.2009367433 868102.928384313 -1349338.3574784 -358559.2059920436 -1340616.2757475416 -625241.5959058697 830968.0004889871 -696231.1015056305 1365237.0319103862 1342426.130567807 465151.2919082248 -153356.6438182639 1611581.7545176153 1544887.982661185 332923.4734482112 401995.47335227916 -867763.7124351723 -2773097.8358759424 -1853668.2241933844
1517949.2057578934 1306097.216767088 32822178.338732835 -911308.135981596 3199727.2072387626 1147552.0717402392 -1624020.559378701 -622414.7768186148 285565.81651700503 109832.25248875008 -121546.02892182744 871987.2315871667 -2644036.3743004296 -956010.206393729 1971876.2023900892 -265388.209830655 -230642.01183164184 1601125.6893792285 -419564.65373963123 617322.1308988108 -127744.99019658935 852323.1190912675 1164945.4021768598 1100511.5558497556 -1266637.3341586539 -260488.56033554586 1226423.7881947896 532341.3749068613 2035692.6546761077 -377228.59202305943 -2186100.2731460747 729696.7496968637 124700.9606623919 496813.23984010244 446902.95391317084 1639228.0501066183 1957156.7925019027 1713954.9895559195 -1003119.905589088 -43316.91493607625 1916724.8729247996 320236.95909186004 674515.6818417473 -568616.790591115 -1975752.7246221905 -3207053.8280288936 534986.5379120123 1602145.1092793432 793299.2804175745
-270358.96879520564 -913829.5977370464 -911308.135981596 31841404.855301816 -101360.0819422851 232797.3573180035 373180.5844173713 985247.9610892184 -3017.288201530865 -1814044.494703431 -1737811.585005157 940877.6566762006 184877.1840755393 -592145.5992234898 1577042.9957141343 253745.3382001292 -846358.6247861361 -882040.11009357 -350206.3419799687 -2178058.1144808475 -1140959.7132943643 632959.9388796604 1789843.2234712597 381782.5073106478 -320659.837636521 1419689.6448308032 -703524.1847847622 -1501407.6927570167 229250.44849894044 -13565.267202358405 1553379.697802389 -918745.4132718479 129113.33359199119 1182361.957147021 -1709111.396013807 -2431108.7251850134 801536.1131067298 449683.63570389646 -583813.2125206093 1765179.2807003492 2826170.1368030463 -3094371.70098184 1329822.830432598 -700748.6780696467 738822.225372928 1582787.4900524837 1580740.8834345427 482880.68996579165 101367.87403057897
1946958.9411440445 2989141.164070177 3199727.2072387626 -101360.0819422851 32052513.386025358 -1225986.3314013644 549431.8273035935 -1590794.9479969942 1815259.944046022 -1307096.7816912944 3243900.176627925 653103.4104077077 942600.5519646719 1227372.6925224853 1761801.342713814 -167261.5013531024 -1091320.8816498965 -551363.7149104694 1399270.3285339703 -1394425.4442033875 -1129006.295881172 572835.1481331072 -1536786.9594783871 -752512.5512049006 1413436.0583754077 743221.9184235504 331200.9948328172 -206196.87575766037 -592927.4782878071 2037146.0687064363 -1380525.9410135434 -287622.42680785933 -179958.18426364491 1917215.526265284 -1286844.7036096565 -989306.9715111826 861038.4983890788 494852.6092183605 -1107414.172459446 -531387.432290554 455530.6109742187 -3152981.657957583 2753324.7706953175 3267517.2893996583 -758149.0518373267 642897.6735567828 -4086294.083395219 1569809.4665490703 1632518.2048589743
-479176.7210386591 -1707605.6235351602 1147552.0717402392 232797.3573180035 -1225986.3314013644 32920554.53490894 812497.8563671449 351282.32263368886 171024.94590108478 1457300.4686482777 -254402.76682642216 1839892.8308521218 944031.3219743556 281715.9242712836 2168297.9235253185 -932920.0343169514 -103348.11186493722 -2031268.2153369687 1442058.1975559355 -1033242.2979910091 -1618840.8862837332 1328707.4253259602 2490725.995340956 -1037845.6234831817 2126148.881760919 -825524.2422532142 -1953589.9333480226 89041.85766685089 -759894.7349577236 1486352.359242092 -3221250.7588282973 364738.59391702135 -1846018.2553266562 -2852237.424817973 -1089740.696331959 2019206.7250433378 1006546.7300274094 -712595.1019293488 516398.51335671847 1030600.5778740788 4567103.61379562 -949891.1174423398 -1070003.1388845826 1187754.998165364 -40695.33880009315 -2654279.386318725 -1308013.8373782567 -203614.9032751294 -1430558.908889643
2030359.2286180202 1032006.9597454513 -1624020.559378701 373180.5844173713 549431.8273035935 812497.8563671449 31870773.31435578 36318.4936271097 1865752.1395784167 -778966.0655099546 2289112.0687189237 -1555043.3661795298 237382.25811179576 -3170517.903935745 1390832.5549328267 -1749243.5864583957 -1030270.5919628126 -2345692.571851377 2694814.7260647113 -1431375.0837403825 2946828.770921508 1513274.8687844332 1083567.2293699095 2903874.216928902 1263781.138110732 979509.9675196648 747407.653784985 -2105749.916593301 -1897154.439829491 -3107291.2144946274 982428.2553492422 549903.1425404033 106770.31222945143 4130599.502964707 2337151.9946906106 -632103.9942629256 1328608.089595909 -1416170.1892136873 1257190.9499588036 259890.70442469793 1974547.5265813337 1864666.3333835523 -1618097.0212989578 -1065113.0178250677 -1628022.2430043898 1623791.7743151234 -3595708.4764345703 2604502.7385619446 -784074.1295792909
2743916.459166151 -2809059.081913798 -622414.7768186148 985247.9610892184 -1590794.9479969942 351282.32263368886 36318.4936271097 33533798.422947016 342657.9938397269 1936761.7607647723 -1483977.1265591297 1098448.180120403 1803810.6574512315 -547958.2516221632 944144.7197956047 2128364.874980262 2203682.2699797074 -2062284.4102524214 -1291415.3883121714 98046.28023124707 2175989.7878138293 -117722.26248492554 608870.0139972968 1103134.578788767 -681892.6812198272 112517.39699796322 -2110095.4124137806 -1505616.683419179 -749385.2787387375 -1102503.9052395958 1473336.9218487951 776597.119157713 1203887.7873981374 3405729.8317430196 -1468038.8696042204 -1941303.3887086003 38105.443879446844 -279083.3317281034 -1041431.4082770103 -3217449.6391430735 761985.5411357244 -21831.894977827706 2662036.5261914623 -2711782.5856750947 -749394.7006954767 505645.89372552047 -754854.3312377635 2371155.8986322302 139725.59230736605
1059301.8936709955 2728397.5632695346 285565.81651700503 -3017.288201530865 1815259.944046022 171024.94590108478 1865752.1395784167 342657.9938397269 33957167.702163465 463698.87981835805 -649018.4536278121 -1578241.714547045 -1778558.921370736 661155.329547224 2150270.6454850016 635503.6533350511 -2579511.924216397 332534.9853531583 -1165289.764602872 -1296792.2651941637 -11571.042589804234 -662937.962695263 -2231656.4875326674 1928584.0932450467 1883460.2264884159 610725.4994457292 3306630.9721077494 859862.9218950836 -1172398.5590861787 270033.48600730195 -643212.708347556 -332006.5135695885 -2498387.2725841464 43580.2119712954 1507468.6288868624 2149762.020466312 1760216.380132022 3090418.573083029 1640651.3031692116 1196859.7978689505 636580.0671565799 -1290672.2345459287 1491110.6846556847 -1963908.603173043 -396566.2638293155 -659244.5782639001 707677.6180876435 2625001.6985728587 -143183.8246083895
1012042.9889103995 -3633567.6152529367 109832.25248875008 -1814044.494703431 -1307096.7816912944 1457300.4686482777 -778966.0655099546 1936761.7607647723 463698.87981835805 32636111.066523913 -115779.83312028465 -1957259.366054312 -1358041.1243133177 2108828.575364596 2471702.5294570453 -1053296.4983709578 -961299.4605349158 -636002.2154605299 -745261.9263279658 890018.6376802585 -370877.9346903172 -585620.9055218301 -2222751.3829854433 1674370.8138777325 1162999.7795017527 -74689.20197524705 1086461.9018816173 1900529.4794667203 -953039.8057605247 486737.10058807244 -410224.5217084776 2211909.481658896 2162008.0847830735 -902721.7927757751 -3397840.7578115542 128783.49907179123 381444.12902224844 -292313.43013169453 528294.3392656011 -1686499.825511556 474019.62150744116 -241044.91200692076 1847856.8424788811 -322060.16192166414 1944457.6616023604 -3287581.7530641947 153196.16035977905 408644.1078778328 -2645289.3702499066
-163366.08549549957 -1896364.43121658 -121546.02892182744 -1737811.585005157 3243900.176627925 -254402.76682642216 2289112.0687189237 -1483977.1265591297 -649018.4536278121 -115779.83312028465 32429982.8058761 -1459532.0812955392 2135537.9273034595 378711.85528432694 1071546.736182936 -2817369.815775686 -1475841.2674558265 -997993.3651466912 -1989236.1413362166 548215.401196463 547354.7147662862 1491352.190234773 1156595.0247418245 -146601.69849071413 693832.625111013 -1954356.904891019 -1326029.7404510118 2667205.042132605 -318818.7040274269 -1752891.0810256598 366015.41654539056 1626580.8718550345 -3239468.6168679288 2807213.8389283777 8413.97299380979 -2082535.9723449794 856048.5248958931 2196445.2606719644 1610814.3076632896 1641989.2247294697 661892.8869377986 -1550786.1872136833 -3186863.9463823005 -2409442.600963409 -1580859.8855634613 -179778.9588779417 -200455.84523331546 750477.1257197909 -61964.63219628572
-1133188.3100766493 -1654019.8764471721 871987.2315871667 940877.6566762006 653103.4104077077 1839892.8308521218 -1555043.3661795298 1098448.180120403 -1578241.714547045 -1957259.366054312 -1459532.0812955392 32081049.856102265 874602.2262057025 1207853.1416450583 1131025.3712711413 -61809.630876771145 -1258543.5441275209 926334.85610442 -1281922.4531102662 -477226.52738547034 -1277378.2293831266 4183625.704550428 942914.6386942979 -1170640.316530765 205644.1697116059 -722662.68019885 -1371292.757563468 -2493956.037871916 -875724.630560304 -411754.97655183834 -635690.098450975 21788.45855376891 169707.83809371153 -261717.7698328511 653387.785618557 517460.14441368775 -1636504.3807002439 -1856653.814523787 -2117029.158148998 -2515742.5085924617 2093541.1724164858 -291415.36267211474 -826536.2401898116 -2140080.7038583364 -1502775.4193924852 153700.141869771 -1827782.1258430565 4349918.2011541845 -201510.13314154916
-1802579.0306092221 -606116.6906709715 -2644036.3743004296 184877.1840755393 942600.5519646719 944031.3219743556 237382.25811179576 1803810.6574512315 -1778558.921370736 -1358041.1243133177 2135537.9273034595 874602.2262057025 32096540.19617069 -1971998.902963135 192073.18108606848 -244036.89238115193 -1817288.4348919275 176852.1208637304 717978.5667901096 1289952.9271471237 -965510.0132260952 740895.3209363184 -239778.28256201337 3840111.1475985083 587041.5621892152 1250999.974403025 -1609154.9317882282 3249348.639961212 1395429.8335760306 -1113906.8300001507 -820341.31407039 -1790631.1548708947 1725929.7657040632 1495557.4536569058 -419940.3289438507 -2786668.101573834 -646784.8746351784 1617258.4119739453 -1704538.0315789187 -3067485.781272988 -941295.3289015052 2377727.92413348 2146835.121271836 -165281.19546850462 477550.79110087815 -2243929.290101667 -1128878.6944810506 2245104.095020032 -2432802.105875117
2057645.6915982056 -1440178.3908803938 -956010.206393729 -592145.5992234898 1227372.6925224853 281715.9242712836 -3170517.903935745 -547958.2516221632 661155.329547224 2108828.575364596 378711.85528432694 1207853.1416450583 -1971998.902963135 31605112.393196434 -1048357.2789810029 -1404139.4497651826 1267584.8048644182 1649442.4927059321 -474191.81432498683 498244.0688871331 -851204.2036716797 1545546.5353576767 -1958663.3434505817 -1457384.2577846304 43718.84546910357 -869573.3998539861 -931268.8528002313 928017.4200348225 -1171910.4713922122 -868154.1275358232 1432776.3193357103 1738647.1397186115 1792097.420059574 994298.2107909188 -2098984.3706244472 -515796.2611799437 1432740.6838516048 2125712.159107542 1543961.6022531686 -281667.1040835586 -1193705.7219445268 -1088019.2541963784 2343260.615350932 1040489.5458838117 -1151906.7816007507 2295684.581950993 801317.904444922 808233.59269405 1837759.9322320728
-2175423.391332598 116310.80073061411 1971876.2023900892 1577042.9957141343 1761801.342713814 2168297.9235253185 1390832.5549328267 944144.7197956047 2150270.6454850016 2471702.5294570453 1071546.736182936 1131025.3712711413 192073.18108606848 -1048357.2789810029 34457635.26827457 -343847.2647289621 -1022061.69659795 -1659218.027770784 -2223384.401345504 -1573350.5465710019 2112681.4052228117 878940.4211474736 -479831.4475239617 113289.89622046874 -855890.9699595027 -1061448.753463713 1314149.365453725 539516.9706816394 -916396.1587711802 -173561.81724386837 -1332010.2041106329 -966775.6078626758 -819981.7392262113 689270.5091740019 287075.86076462915 256965.54043773658 -3153362.4096494988 -2853630.1696155504 -433634.5968184449 1813702.3522752076 1904558.192728543 -2534910.6816634494 779235.0896611653 -1004295.7032680697 -1646656.9729707965 802728.8243893455 -2740885.3913553692 -2318379.2851986173 2357500.3337661983
-395666.54831664625 -2306392.0820980435 -265388.209830655 253745.3382001292 -167261.5013531024 -932920.0343169514 -1749243.5864583957 2128364.874980262 635503.6533350511 -1053296.4983709578 -2817369.815775686 -61809.630876771145 -244036.89238115193 -1404139.4497651826 -343847.2647289621 32188597.065814544 -1749905.0555462155 740204.8116567717 3127381.903177908 -1035741.7720773482 -2346122.871744769 -849404.8979919844 -457734.434273854 895032.678588589 116606.43775628156 868318.1076900112 33263.977658772834 -235533.9760845259 2645521.197016524 2678575.952822923 1885345.1875439642 19959.90085906461 1904346.389959015 -1034057.3051110656 782964.2259441192 681958.2158894646 -90302.31044293226 1725006.7184473374 -895458.4197660058 1737829.1589014183 729920.0235870706 -239960.24341297575 -123069.31178811604 -2792584.978977992 -3103087.881221901 -1068732.0761735542 1828871.8941748557 -2354815.567796922 -2991923.6888419916
3434694.6925246352 -1688508.6641956698 -230642.01183164184 -846358.6247861361 -1091320.8816498965 -103348.11186493722 -1030270.5919628126 2203682.2699797074 -2579511.924216397 -961299.4605349158 -1475841.2674558265 -1258543.5441275209 -1817288.4348919275 1267584.8048644182 -1022061.69659795 -1749905.0555462155 36254288.65375508 2551847.493757278 -1187526.4056999744 1706936.6695198447 1315309.797232015 -2555047.7162466766 -1845737.8851771797 373559.6597443027 517114.1061253293 -400944.31766791706 -800544.4914998297 409041.21797264577 1417746.7783828005 -138743.42650803266 502154.8997792682 -994608.0877924022 953057.2772652804 -579777.3934592311 1606503.6159191048 -2661505.5939455493 -2522778.5973608424 -980234.5830951663 1651890.058919679 2077089.6382210664 -2396267.7282409365 2437548.6228417163 173120.75270466963 -415031.0264266855 -343487.06924478064 595773.7209761782 365828.2856801204 -1354509.0982856767 1815414.1308591776
-848935.1133079588 -1132174.4045585277 1601125.6893792285 -882040.11009357 -551363.7149104694 -2031268.2153369687 -2345692.571851377 -2062284.4102524214 332534.9853531583 -636002.2154605299 -997993.3651466912 926334.85610442 176852.1208637304 1649442.4927059321 -1659218.027770784 740204.8116567717 2551847.493757278 34208373.33617649 -989605.4125499249 1906092.1759899182 944192.7155679304 -1766897.0172165765 -1710026.8175993154 249231.11466917768 -567630.6723104928 -3042305.409548268 1729422.029189244 343803.05034302286 -202971.58044974078 575125.7090410521 2645576.1474032206 562151.073826364 14699.382511100937 -477401.6708326901 -1537351.5729483236 -1043001.6371730046 1370119.04274941 1671014.01129603 -2737893.7301351926 -729442.9841598499 908264.3915512881 -744360.9327481359 -524210.69540259155 -2552040.6708120126 -682861.3094913367 -1121653.7795684359 3986750.209210225 1561767.7787933582 -1068132.610824377
-1363660.8426586108 1069745.3016458543 -419564.65373963123 -350206.3419799687 1399270.3285339703 1442058.1975559355 2694814.7260647113 -1291415.3883121714 -1165289.764602872 -745261.9263279658 -1989236.1413362166 -1281922.4531102662 717978.5667901096 -474191.81432498683 -2223384.401345504 3127381.903177908 -1187526.4056999744 -989605.4125499249 32425434.391800534 -46155.584651360834 -1956620.7422037201 -2741747.987327558 -300968.898062133 -687109.0336131287 -249571.05689146134 3035214.762368453 1157612.3901781153 -885650.9518891262 949828.0219002964 993226.2903811291 3944086.1539829704 -1015716.6164984952 967567.6287841349 -1247347.7604093312 -1452515.23753216 -2330313.6614319514 -838551.1192267344 223683.75814708046 -1601846.5049601293 -1099179.6688164454 -1011748.8119534316 2229962.7691239035 794998.5062674362 3198367.880415478 1207540.8353705828 -2422683.8710319875 -1038525.3619301161 820134.9440510827 -508332.4576702492
4229805.294496188 -1293220.3318822815 617322.1308988108 -2178058.1144808475 -1394425.4442033875 -1033242.2979910091 -1431375.0837403825 98046.28023124707 -1296792.2651941637 890018.6376802585 548215.401196463 -477226.52738547034 1289952.9271471237 498244.0688871331 -1573350.5465710019 -1035741.7720773482 1706936.6695198447 1906092.1759899182 -46155.584651360834 33998637.45090446 -3162238.999873654 -2871546.594184802 -246612.446313693 -2340760.5305240876 -852212.4544197898 944974.5599518638 475947.7074835943 1553788.3745958616 1769993.575729498 -1436011.0771010923 -64793.59718855611 216783.62151133566 2694596.924315505 -1329037.6924361114 1869732.9364501091 -43443.80475248949 1094929.371729247 2606920.381583851 -558258.4976114628 283848.5207121678 -563498.0259742488 1194363.0546612083 758710.5180562716 -786008.4698004756 -1263470.1275844122 -788043.7441931154 902822.8290784186 90969.25828047059 410698.7966771024
-78774.39372646576 -1065430.4997972744 -127744.99019658935 -1140959.7132943643 -1129006.295881172 -1618840.8862837332 2946828.770921508 2175989.7878138293 -11571.042589804234 -370877.9346903172 547354.7147662862 -1277378.2293831266 -965510.0132260952 -851204.2036716797 2112681.4052228117 -2346122.871744769 1315309.797232015 944192.7155679304 -1956620.7422037201 -3162238.999873654 30198631.606192328 2274402.256454045 2233421.062133922 -215163.48657856253 1426807.787874811 -2045075.2902254383 2203445.018401241 1533098.0397959682 1663092.0931892172 -1697866.5274664655 -248864.06751154197 719308.0874876803 -2980192.894873837 2596277.7767957356 -499252.9312128197 1247945.9993844337 -2865864.4916492696 -1145792.7089896586 -1175488.4972368365 2023735.1385399187 146668.28663854738 -3127150.2287209495 -3356005.579367275 -358004.0922528072 -2170627.16837901 3909961.0668935464 -824964.9475480285 -204168.46546117772 795156.6216988639
-1889769.3950202009 -80675.51970736914 852323.1190912675 632959.9388796604 572835.1481331072 1328707.4253259602 1513274.8687844332 -117722.26248492554 -662937.962695263 -585620.9055218301 1491352.190234773 4183625.704550428 740895.3209363184 1545546.5353576767 878940.4211474736 -849404.8979919844 -2555047.7162466766 -1766897.0172165765 -2741747.987327558 -2871546.594184802 2274402.256454045 30499644.77730069 2710795.838891741 903805.4740129693 137028.392751843 -755518.932657605 770634.8024070982 -1548747.324622173 -1356504.5653397702 -1750952.4329842534 -2560938.15028482 892819.1499397587 78689.64617209458 -1935771.1788218515 1690200.5143153302 -468761.7033544969 -1387982.6438816858 -474525.5738128508 -775906.1630783554 1351590.9132886175 1156241.3780543332 -791576.4980574688 -29049.977994319364 772567.7371062408 186493.1902928073 158381.69807160296 -636237.5058261465 -175233.0876263284 -2026782.6473278347
1569772.3388542924 -431026.875602674 1164945.4021768598 1789843.2234712597 -1536786.9594783871 2490725.995340956 1083567.2293699095 608870.0139972968 -2231656.4875326674 -2222751.3829854433 1156595.0247418245 942914.6386942979 -239778.28256201337 -1958663.3434505817 -479831.4475239617 -457734.434273854 -1845737.8851771797 -1710026.8175993154 -300968.898062133 -246612.446313693 2233421.062133922 2710795.838891741 33844724.44931863 176761.5377773309 781876.4571190608 -1413546.0623525374 597666.4431807937 -180456.8392997599 -1532833.6704944307 -354877.131719334 520757.38327146694 -2205913.246042788 3120512.7948575523 -697116.8266341932 151330.403856743 -127686.7538758003 911954.8172102359 150054.41348403672 979651.8902010977 3562726.517123114 1386613.7328929428 -2065746.150629076 -2428023.272930666 502272.0117632213 1152973.6303104106 2999219.502563088 3015508.852040575 -2099924.876540813 860079.0442478326
4084778.20948914 -503312.7613895611 1100511.5558497556 381782.5073106478 -752512.5512049006 -1037845.6234831817 2903874.216928902 1103134.578788767 1928584.0932450467 1674370.8138777325 -146601.69849071413 -1170640.316530765 3840111.1475985083 -1457384.2577846304 113289.89622046874 895032.678588589 373559.6597443027 249231.11466917768 -687109.0336131287 -2340760.5305240876 -215163.48657856253 903805.4740129693 176761.5377773309 32469107.251374707 1233935.0981738295 687949.8497920017 -1792067.0479957163 760398.1412569246 -1785380.9251702318 -1029578.5901289314 1871657.9088591975 248298.2550459317 -927013.5909759502 -1169568.866825984 -1344647.4102474176 -186415.24895845074 -362352.1643252054 -626110.8178585535 609271.7460195484 -831580.2310370086 489311.9264136918 3073856.0288807014 703353.5487583766 -1880354.307557784 3938008.18417605 -721062.2070755997 2426635.001859441 812641.2346728024 -2263474.034012478
-1194502.3978009515 -342435.42654002295 -1266637.3341586539 -320659.837636521 1413436.0583754077 2126148.881760919 1263781.138110732 -681892.6812198272 1883460.2264884159 1162999.7795017527 693832.625111013 205644.1697116059 587041.5621892152 43718.84546910357 -855890.9699595027 116606.43775628156 517114.1061253293 -567630.6723104928 -249571.05689146134 -852212.4544197898 1426807.787874811 137028.392751843 781876.4571190608 1233935.0981738295 32953901.941427715 -650445.8654621881 -1122161.2936844123 57601.34899133556 -3696826.0551462346 1956486.0483103106 -208475.07370771887 2467440.4354954795 451954.46945554187 -1677160.4091965642 -421971.3880657756 835698.3366416976 -1181595.4506734733 -1054152.5183212885 -1401412.3849582565 2768874.8087046454 -993522.3058010469 603390.0465019168 1431372.775088402 29604.622572197768 -3767217.409885829 1533527.4137178827 -1356179.222774282 -217698.9442793217 728945.0157359788
321472.4146342563 -728714.2036876446 -260488.56033554586 1419689.6448308032 743221.9184235504 -825524.2422532142 979509.9675196648 112517.39699796322 610725.4994457292 -74689.20197524705 -1954356.904891019 -722662.68019885 1250999.974403025 -869573.3998539861 -1061448.753463713 868318.1076900112 -400944.31766791706 -3042305.409548268 3035214.762368453 944974.5599518638 -2045075.2902254383 -755518.932657605 -1413546.0623525374 687949.8497920017 -650445.8654621881 33615674.175444156 147937.38134180725 761556.8632730374 -1957307.1139661628 1299808.2439487448 1662606.252607515 -3515428.0290564783 2178151.948573539 -1115651.10049558 -2941159.2507976755 1374428.4007549896 1076558.030975993 -403397.03328109306 -2611162.4367852085 -1110492.786176483 331418.1397877999 4579497.480485115 -1415601.046572841 3192562.4030316384 -2352949.207138394 -399300.9373786785 -1318967.6122779371 930804.4488057359 -1397297.6753936717
1981951.6543047607 1486237.1267780808 1226423.7881947896 -703524.1847847622 331200.9948328172 -1953589.9333480226 747407.653784985 -2110095.4124137806 3306630.9721077494 1086461.9018816173 -1326029.7404510118 -1371292.757563468 -1609154.9317882282 -931268.8528002313 1314149.365453725 33263.977658772834 -800544.4914998297 1729422.029189244 1157612.3901781153 475947.7074835943 2203445.018401241 770634.8024070982 597666.4431807937 -1792067.0479957163 -1122161.2936844123 147937.38134180725 33317535.67495952 159006.13402496953 -372667.01020081586 2877718.29369646 -453180.3200919313 73838.73250365612 -720330.9200422964 925613.9741921305 2504809.031535249 758834.4897159437 -126279.87408627983 682261.3166018614 641582.8945363022 -2188926.6061915895 -3190379.5027615894 -4837947.341385992 2474041.3235188243 2143392.704764896 -1370259.3770917212 -3419688.333602751 1944700.027541847 -3620843.278967912 -833918.1521653837
1518401.592142137 -490955.0475763048 532341.3749068613 -1501407.6927570167 -206196.87575766037 89041.85766685089 -2105749.916593301 -1505616.683419179 859862.9218950836 1900529.4794667203 2667205.042132605 -2493956.037871916 3249348.639961212 928017.4200348225 539516.9706816394 -235533.9760845259 409041.21797264577 343803.05034302286 -885650.9518891262 1553788.3745958616 1533098.0397959682 -1548747.324622173 -180456.8392997599 760398.1412569246 57601.34899133556 761556.8632730374 159006.13402496953 33560793.04244072 -169273.1153152108 436456.74453821586 1506059.3610293576 351723.66274393065 119267.71233263807 -1923989.0931755654 -551727.9080614579 -1111062.6748392684 -1073706.3320635094 -760655.7562908311 -923447.2558822497 -1872632.2772392929 -1482220.7558036738 -27423.561502186476 -1357487.7643514995 -1179799.6561220784 1364917.9979202352 -2038595.9597013725 -802658.3845171877 -3219928.6874456434 1192383.6822439076
44160.19132475108 2158214.8580221906 2035692.6546761077 229250.44849894044 -592927.4782878071 -759894.7349577236 -1897154.439829491 -749385.2787387375 -1172398.5590861787 -953039.8057605247 -318818.7040274269 -875724.630560304 1395429.8335760306 -1171910.4713922122 -916396.1587711802 2645521.197016524 1417746.7783828005 -202971.58044974078 949828.0219002964 1769993.575729498 1663092.0931892172 -1356504.5653397702 -1532833.6704944307 -1785380.9251702318 -3696826.0551462346 -1957307.1139661628 -372667.01020081586 -169273.1153152108 32689981.896278344 118855.68177602033 790421.2986836547 787497.2012443183 -161463.52300025342 -1094451.1516871096 1039236.0045653797 -726886.8993339558 -1457822.426978043 2810273.541854793 1794281.003704308 193042.23580746126 808078.4592334883 15790.948725327757 1221839.2582940254 -392618.6593346311 -1411851.775389486 -1222210.353958993 371192.5894901594 -2396296.024725106 -2597167.827434102
-2331706.3058206006 1347350.595141355 -377228.59202305943 -13565.267202358405 2037146.0687064363 1486352.359242092 -3107291.2144946274 -1102503.9052395958 270033.48600730195 486737.10058807244 -1752891.0810256598 -411754.97655183834 -1113906.8300001507 -868154.1275358232 -173561.81724386837 2678575.952822923 -138743.42650803266 575125.7090410521 993226.2903811291 -1436011.0771010923 -1697866.5274664655 -1750952.4329842534 -354877.131719334 -1029578.5901289314 1956486.0483103106 1299808.2439487448 2877718.29369646 436456.74453821586 118855.68177602033 35084332.19095692 -552360.56546908 -163239.85241093757 -919096.2473645406 -738309.559862173 -1329458.621749783 2185892.363900067 1921368.2399022123 -139517.59508712147 563704.2760356595 -661233.1400576503 -1718363.4680266965 659229.3666751421 1964768.4527609143 2967771.971146084 1053779.9191293244 -1382131.1435910617 -1844506.556559025 -501249.48436256556 1053804.2142304713
-1232208.7466124664 -1583823.2009367433 -2186100.2731460747 1553379.697802389 -1380525.9410135434 -3221250.7588282973 982428.2553492422 1473336.9218487951 -643212.708347556 -410224.5217084776 366015.41654539056 -635690.098450975 -820341.31407039 1432776.3193357103 -1332010.2041106329 1885345.1875439642 502154.8997792682 2645576.1474032206 3944086.1539829704 -64793.59718855611 -248864.06751154197 -2560938.15028482 520757.38327146694 1871657.9088591975 -208475.07370771887 1662606.252607515 -453180.3200919313 1506059.3610293576 790421.2986836547 -552360.56546908 31462019.261648387 -1191177.3525387505 -2811746.4302823218 -673984.5074119704 -523316.69580055494 -1262157.1639343807 -1345889.7747738566 -573292.7206499315 278837.96109783195 126127.14823244583 -255813.98674744347 -994381.60017322 251266.11142236477 -1412811.4406539323 -1857272.2151936102 -3152600.061968638 1254798.436673436 -2069947.65699714 -735981.0847768876
-160329.30818118912 868102.928384313 729696.7496968637 -918745.4132718479 -287622.42680785933 364738.59391702135 549903.1425404033 776597.119157713 -332006.5135695885 2211909.481658896 1626580.8718550345 21788.45855376891 -1790631.1548708947 1738647.1397186115 -966775.6078626758 19959.90085906461 -994608.0877924022 562151.073826364 -1015716.6164984952 216783.62151133566 719308.0874876803 892819.1499397587 -2205913.246042788 248298.2550459317 2467440.4354954795 -3515428.0290564783 73838.73250365612 351723.66274393065 787497.2012443183 -163239.85241093757 -1191177.3525387505 31181197.31821099 484381.29388943623 -256280.63378071247 3530658.3578607133 1084369.1865793606 -1831582.4601639432 3261104.083569318 1582585.7023064145 -83013.46019167294 1036910.2493013553 -1874677.4872094626 -614419.6937929179 -1201007.8649366258 2593249.9003046225 -69776.86055838244 -1268361.2820275624 1332279.3132699449 -105905.35438142148
-1459890.6615498522 -1349338.3574784 124700.9606623919 129113.33359199119 -179958.18426364491 -1846018.2553266562 106770.31222945143 1203887.7873981374 -2498387.2725841464 2162008.0847830735 -3239468.6168679288 169707.83809371153 1725929.7657040632 1792097.420059574 -819981.7392262113 1904346.389959015 953057.2772652804 14699.382511100937 967567.6287841349 2694596.924315505 -2980192.894873837 78689.64617209458 3120512.7948575523 -927013.5909759502 451954.46945554187 2178151.948573539 -720330.9200422964 119267.71233263807 -161463.52300025342 -919096.2473645406 -2811746.4302823218 484381.29388943623 32584250.880246047 -2448828.8900872427 -1801195.0153453783 1068250.8228035436 2060127.3698185552 1241704.8321497946 2349268.981184467 1397714.4067722964 -1418901.422559409 2223667.214072715 -330816.3546319552 -1148071.3408548536 -2089109.1549509729 -4030411.2264957493 17070.347591175818 -1237266.005312028 -1280841.6884880385
1257629.7626509042 -358559.2059920436 496813.23984010244 1182361.957147021 1917215.526265284 -2852237.424817973 4130599.502964707 3405729.8317430196 43580.2119712954 -902721.7927757751 2807213.8389283777 -261717.7698328511 1495557.4536569058 994298.2107909188 689270.5091740019 -1034057.3051110656 -579777.3934592311 -477401.6708326901 -1247347.7604093312 -1329037.6924361114 2596277.7767957356 -1935771.1788218515 -697116.8266341932 -1169568.866825984 -1677160.4091965642 -1115651.10049558 925613.9741921305 -1923989.0931755654 -1094451.1516871096 -738309.559862173 -673984.5074119704 -256280.63378071247 -2448828.8900872427 32702652.165532306 -1248498.4845031742 -467034.3974640801 1483343.0887419404 -1263034.4703550332 -730621.6116548022 74337.01831250012 188599.31392789775 -199411.19832326742 1504341.4098370872 -3599306.8381609074 -861056.2172283573 2200856.578935058 156213.37598814868 325668.6148447593 2041914.5057890478
2135940.4823754015 -1340616.2757475416 446902.95391317084 -1709111.396013807 -1286844.7036096565 -1089740.696331959 2337151.9946906106 -1468038.8696042204 1507468.6288868624 -3397840.7578115542 8413.97299380979 653387.785618557 -419940.3289438507 -2098984.3706244472 287075.86076462915 782964.2259441192 1606503.6159191048 -1537351.5729483236 -1452515.23753216 1869732.9364501091 -499252.9312128197 1690200.5143153302 151330.403856743 -1344647.4102474176 -421971.3880657756 -2941159.2507976755 2504809.031535249 -551727.9080614579 1039236.0045653797 -1329458.621749783 -523316.69580055494 3530658.3578607133 -1801195.0153453783 -1248498.4845031742 34844153.61789217 905125.2245153271 -436136.71500242926 -716959.8272636762 -252934.6262889422 -1672192.5578978665 -271636.16200640163 -2784674.0100965407 -2283095.5261732554 -977821.7439698958 1714740.3369155265 1331172.5228380228 -561805.001033107 2462917.7840210004 1659381.5642667557
481267.8554257313 -625241.5959058697 1639228.0501066183 -2431108.7251850134 -989306.9715111826 2019206.7250433378 -632103.9942629256 -1941303.3887086003 2149762.020466312 128783.49907179123 -2082535.9723449794 517460.14441368775 -2786668.101573834 -515796.2611799437 256965.54043773658 681958.2158894646 -2661505.5939455493 -1043001.6371730046 -2330313.6614319514 -43443.80475248949 1247945.9993844337 -468761.7033544969 -127686.7538758003 -186415.24895845074 835698.3366416976 1374428.4007549896 758834.4897159437 -1111062.6748392684 -726886.8993339558 2185892.363900067 -1262157.1639343807 1084369.1865793606 1068250.8228035436 -467034.3974640801 905125.2245153271 33695563.303257 -248918.9611890994 991335.5348897089 -1237485.6772112744 2922501.9607368214 -759368.0848458065 -1779580.1571720631 -38647.19843068785 -1085107.6023152776 1151527.3709535808 -472828.3465408288 1094006.7815230663 381275.8395286916 -433923.37686109333
603252.7861546497 830968.0004889871 1957156.7925019027 801536.1131067298 861038.4983890788 1006546.7300274094 1328608.089595909 38105.443879446844 1760216.380132022 381444.12902224844 856048.5248958931 -1636504.3807002439 -646784.8746351784 1432740.6838516048 -3153362.4096494988 -90302.31044293226 -2522778.5973608424 1370119.04274941 -838551.1192267344 1094929.371729247 -2865864.4916492696 -1387982.6438816858 911954.8172102359 -362352.1643252054 -1181595.4506734733 1076558.030975993 -126279.87408627983 -1073706.3320635094 -1457822.426978043 1921368.2399022123 -1345889.7747738566 -1831582.4601639432 2060127.3698185552 1483343.0887419404 -436136.71500242926 -248918.9611890994 32008560.083771523 -1055354.3797473307 -2293079.4497931125 -316271.12663676916 131044.51834947341 -2433277.651522199 -4082883.0875387117 -510644.59839032235 -2215956.9852178036 812726.0023127355 1950638.4303503854 -182452.39919834817 -1904841.6624737915
-102498.63026017677 -696231.1015056305 1713954.9895559195 449683.63570389646 494852.6092183605 -712595.1019293488 -1416170.1892136873 -279083.3317281034 3090418.573083029 -292313.43013169453 2196445.2606719644 -1856653.814523787 1617258.4119739453 2125712.159107542 -2853630.1696155504 1725006.7184473374 -980234.5830951663 1671014.01129603 223683.75814708046 2606920.381583851 -1145792.7089896586 -474525.5738128508 150054.41348403672 -626110.8178585535 -1054152.5183212885 -403397.03328109306 682261.3166018614 -760655.7562908311 2810273.541854793 -139517.59508712147 -573292.7206499315 3261104.083569318 1241704.8321497946 -1263034.4703550332 -716959.8272636762 991335.5348897089 -1055354.3797473307 31108104.932631727 68238.86413269468 263388.48107641505 -1240025.349662339 -1084936.269958223 1434336.3317845701 558612.3655062395 770823.8028820149 1123918.0257519053 3520695.5640142523 -429888.22710477805 -86024.05812129518
-383084.8407783755 1365237.0319103862 -1003119.905589088 -583813.2125206093 -1107414.172459446 516398.51335671847 1257190.9499588036 -1041431.4082770103 1640651.3031692116 528294.3392656011 1610814.3076632896 -2117029.158148998 -1704538.0315789187 1543961.6022531686 -433634.5968184449 -895458.4197660058 1651890.058919679 -2737893.7301351926 -1601846.5049601293 -558258.4976114628 -1175488.4972368365 -775906.1630783554 979651.8902010977 609271.7460195484 -1401412.3849582565 -2611162.4367852085 641582.8945363022 -923447.2558822497 1794281.003704308 563704.2760356595 278837.96109783195 1582585.7023064145 2349268.981184467 -730621.6116548022 -252934.6262889422 -1237485.6772112744 -2293079.4497931125 68238.86413269468 33591150.42999643 631732.2925131051 -975767.0865366987 -2118931.5913043283 1902022.859107017 285399.34236668993 -1017344.2097044807 -2966828.629751799 1147324.136477701 -1220493.0274734863 -817921.7524283573
-501905.1948205514 1342426.130567807 -43316.91493607625 1765179.2807003492 -531387.432290554 1030600.5778740788 259890.70442469793 -3217449.6391430735 1196859.7978689505 -1686499.825511556 1641989.2247294697 -2515742.5085924617 -3067485.781272988 -281667.1040835586 1813702.3522752076 1737829.1589014183 2077089.6382210664 -729442.9841598499 -1099179.6688164454 283848.5207121678 2023735.1385399187 1351590.9132886175 3562726.517123114 -831580.2310370086 2768874.8087046454 -1110492.786176483 -2188926.6061915895 -1872632.2772392929 193042.23580746126 -661233.1400576503 126127.14823244583 -83013.46019167294 1397714.4067722964 74337.01831250012 -1672192.5578978665 2922501.9607368214 -316271.12663676916 263388.48107641505 631732.2925131051 34323921.80380536 315118.88833820686 -576064.5918914188 -1482772.6211064395 -299086.76191030425 22430.694368399774 1553043.2832568933 -1241989.420835346 -2224542.7637517126 -613663.2695422218
1525361.8357885608 465151.2919082248 1916724.8729247996 2826170.1368030463 455530.6109742187 4567103.61379562 1974547.5265813337 761985.5411357244 636580.0671565799 474019.62150744116 661892.8869377986 2093541.1724164858 -941295.3289015052 -1193705.7219445268 1904558.192728543 729920.0235870706 -2396267.7282409365 908264.3915512881 -1011748.8119534316 -563498.0259742488 146668.28663854738 1156241.3780543332 1386613.7328929428 489311.9264136918 -993522.3058010469 331418.1397877999 -3190379.5027615894 -1482220.7558036738 808078.4592334883 -1718363.4680266965 -255813.98674744347 1036910.2493013553 -1418901.422559409 188599.31392789775 -271636.16200640163 -759368.0848458065 131044.51834947341 -1240025.349662339 -975767.0865366987 315118.88833820686 32849358.87637703 -2717366.9692866635 -1919986.3630404763 -34889.99598622064 2897472.540657279 1014128.7669755967 1063631.1743678716 990331.3156966044 2576721.9078630405
1697188.5260961496 -153356.6438182639 320236.95909186004 -3094371.70098184 -3152981.657957583 -949891.1174423398 1864666.3333835523 -21831.894977827706 -1290672.2345459287 -241044.91200692076 -1550786.1872136833 -291415.36267211474 2377727.92413348 -1088019.2541963784 -2534910.6816634494 -239960.24341297575 2437548.6228417163 -744360.9327481359 2229962.7691239035 1194363.0546612083 -3127150.2287209495 -791576.4980574688 -2065746.150629076 3073856.0288807014 603390.0465019168 4579497.480485115 -4837947.341385992 -27423.561502186476 15790.948725327757 659229.3666751421 -994381.60017322 -1874677.4872094626 2223667.214072715 -199411.19832326742 -2784674.0100965407 -1779580.1571720631 -2433277.651522199 -1084936.269958223 -2118931.5913043283 -576064.5918914188 -2717366.9692866635 32464335.902396623 390612.09558843274 154051.74437999583 -260557.21905411314 -1283997.12542378 -1234019.502896865 250011.49871317993 -614371.3620557382
2375583.0824392564 1611581.7545176153 674515.6818417473 1329822.830432598 2753324.7706953175 -1070003.1388845826 -1618097.0212989578 2662036.5261914623 1491110.6846556847 1847856.8424788811 -3186863.9463823005 -826536.2401898116 2146835.121271836 2343260.615350932 779235.0896611653 -123069.31178811604 173120.75270466963 -524210.69540259155 794998.5062674362 758710.5180562716 -3356005.579367275 -29049.977994319364 -2428023.272930666 703353.5487583766 1431372.775088402 -1415601.046572841 2474041.3235188243 -1357487.7643514995 1221839.2582940254 1964768.4527609143 251266.11142236477 -614419.6937929179 -330816.3546319552 1504341.4098370872 -2283095.5261732554 -38647.19843068785 -4082883.0875387117 1434336.3317845701 1902022.859107017 -1482772.6211064395 -1919986.3630404763 390612.09558843274 34085435.49524222 3197203.9011433986 168871.23103211122 263994.4199890099 -2425695.866758635 1757903.1418837677 753840.8487138525
