34478193.71650926 -1848073.951080067 -198643.627101657 -1795432.9016422925 -755181.0060489868 -1411745.1286508557 -45763.89877699006 -1200425.363405909 -1399111.0703031283 1142374.3812096037 -486540.79020567477 1564533.0431805989 1988496.929914445 2377842.46101662 -1189174.9972691892 -55486.870420075094 1779597.7664175325 -4845932.424837793 -77243.80789586478 1554520.9410394412 -688822.3108290968 -378598.4771934669 -1140519.6362388397 1962787.1581304176 -1143050.8033546563 -753865.6616446793 -1173332.8308184256 -1011911.1483073164 -1176806.9005198171 -1738078.3405272854 1521627.1773835262 -1205223.8582397616 346001.93020679615 2849607.8633451704 443416.1439197422 479328.837555547 -2369735.7786526787 2338006.7613814157 262518.5463568516 435561.6243238698 -1544437.714995988 -346399.6761106595 -243411.0132648125 -3340656.073729245 -431554.5089490443 3305178.182889661 -629008.7048694569 2093738.4785061127 -157333.05787332015 -2969666.6237350395 442780.75857349124 1017757.3518413273 179280.1013382286 -559712.6294289584 686913.6825018058 -843743.2232791737 1464587.391814638 -738856.9290234472 27225.349536816968 310470.9832902766 -567047.352045509 143730.73528394566 464572.2128984368 -978217.0753477265 -1127721.0984906894 2604007.46041457 -1453910.2614214153 3175500.9863337665 -175514.19681626596 815567.029033732 -996344.1686560761 -1941622.4318175784 -1700975.1336649768 1461379.6185150805 1679455.5073765158 -1459981.2383992 199657.70393430648 -1799166.85731288 -285902.5546420424 -1236345.9462404116 114117.63416860635 889148.3120629658 1403260.6234824453 -3345.3845092675842 540661.8616516703 -1748298.2892220684 -1137449.3243347998 556680.7142804937 -3833591.344595779 3070278.001485593 -1807771.3041837323 -1179929.4542708294 -668616.1963484687 -4674297.98321822 1029315.2895632272
-1848073.951080067 32985486.151200596 3237890.758303191 21881.29520331911 383113.7105068757 -201134.19229937997 1063311.5642224017 1488484.8916481899 -1272965.5628126555 -2992722.0313558346 -633515.1908762549 26730.843651974083 826702.5411278874 161987.24850027447 -600521.2771419917 642033.770476597 -514957.71015542664 1903005.5086203187 350557.2740820032 1941099.818941772 2572045.719152274 -1184482.4905803602 868934.9050849334 -2276316.961413219 1377434.3577184144 820784.0734845102 1683628.8922685862 -21008.62868315361 388372.2746022156 -421214.98297409073 108251.77732764462 -583976.1470115571 4361391.210842218 -1405219.8158272984 -1087996.6246072277 1573164.3930650738 561694.2984433093 1667479.5929990674 -587206.7165455198 2024679.5605886339 1665844.9297437004 620577.8267295153 -998838.7267680875 -195538.97568370675 -837161.2050937077 -1592876.943109805 1327121.5138332467 2508415.8963123164 -305860.0667263279 -1220822.7739849924 -902889.1130876408 -1321194.7456346669 1567107.1886251578 402463.25624197477 -984809.2044269562 3063479.0588445137 -256467.4840333046 1583782.5012761403 -2337270.1761735566 -116480.86166921923 1829389.604698161 1689426.4916635796 -1618605.9039819066 -1373538.7365359755 887285.6294033406 -630211.077812066 3341813.9260107684 443231.6928963259 -210758.69813980145 -2116021.9002976185 755044.3879835589 -2137361.5226144874 787117.2166694604 -1477799.7124774416 3216753.0573214237 -527660.3794119005 584607.2083175028 -164521.69566601107 -2594444.504793 -687254.8878803087 2852356.799542034 -1617218.2331472097 539379.9732776504 -1988094.5248050378 67247.19667138038 1496189.2075734108 2261318.715454888 -1399126.8762453697 1164093.8754861362 32231.036525230364 -1419143.0366970866 332613.51138622535 436995.17806397105 460974.39834283816 2534402.4298358033
-198643.627101657 3237890.758303191 31682389.791105445 -841888.5173938681 1683254.1110737915 -459390.7404567603 -2767043.089376328 -817709.0639500188 -61717.18664946602 -223572.90446368026 1269424.0513437223 -2638009.374173767 2158139.3133908734 -3441185.1558195655 2031205.0076830792 672074.6592415753 579284.4535762593 820017.5317254744 -931905.125731133 35093.575695510015 1321776.839036762 1034432.6374187703 -1444157.2226839566 678599.7113619951 -1667796.4006519213 1796617.748710805 -1188515.6134912802 379436.49221708433 1495424.259479639 -3004388.6489433367 -1743808.632761747 -26836.320246126397 931663.5911480052 -1253266.391378537 -1593047.6056228855 366797.6353999479 -938740.2443145671 -486250.26805500477 -910977.4828948681 23235.093390376787 1449380.9867563888 -887252.3196919481 -142955.02999616362 239223.16069744984 919828.779761512 1690669.542151956 1132391.0075414008 1648638.907084611 972378.2129131885 769723.3508185002 865110.721113417 352453.09092530125 -731841.9164377861 -18341.830272936022 -197209.23756146853 2525218.064321299 1399340.1118404143 782699.173836147 -2088229.4674847205 -797006.01254061 1329888.1085270168 2311909.9664497594 -2844784.7529740757 1371035.9198729177 1174641.4348542532 -288944.753992584 -14220.279230955912 -85251.64155667514 -3732760.5506093246 601040.8070431121 1529438.182062249 -642780.5310087221 144749.51302768278 813049.7516008539 1028418.5456661383 -1396828.6470581605 -1005935.0371975935 -1765441.0761241987 -2592828.394120829 -952960.1610559713 565153.9496611104 1090313.4257639383 90899.95063010968 1192675.038938168 -1059272.302855377 -1450467.1202959341 -3436498.0097659123 -2378066.6346161524 -2498858.8057783856 1766638.401796675 992601.3829049192 -993529.9634381034 1842196.0536579904 1706970.0171705133 1221376.254651035
-1795432.9016422925 21881.29520331911 -841888.5173938681 33993489.461280376 540933.518864325 2591775.239720909 2028849.2969690748 303321.38215378975 -1372863.8315566222 923768.951303331 -138104.8306742604 405483.85251294286 675369.2047312853 -1138832.787052834 1612955.9368331349 -1285254.5170682701 84854.56898771894 118379.96356341857 -1954572.281452943 1388561.995780015 -1489375.7251364803 -1845107.4595632704 621369.2577345459 743139.3309014173 354742.04750204383 98602.05676863836 -59634.49254459636 1113736.837640008 408121.05052651465 -1742651.7996687777 -547590.991406167 207594.65438315508 3598.773383531175 628044.8412158397 -1504547.582049831 1206710.1495130628 -189431.31182745972 -1193404.6764170895 2043182.3476817627 290377.15856175247 170586.81710640073 1157607.104011393 2962986.2353675803 369886.6335046462 20036.564807374158 2431881.5746518923 -1950518.3237468686 1059526.9700470187 2493028.8595563993 -2090541.0378509767 649139.1887384446 -389910.6667383076 -1152801.947434935 -1103475.6939284669 1652257.2450914287 -2131771.1015105513 -199413.7301493777 -511708.5951991644 1300538.5346264348 -1753914.5591726387 -192229.0805949488 232381.92728981902 1341605.7743583405 -422868.2606112045 2388478.096934611 -751013.823340166 -777364.8027057545 1716382.0501515127 -102258.06698122693 393236.80065644474 3179975.603219023 21458.756109070524 -1968522.5753530485 -361691.00405121857 -305775.0285333431 548223.4454281306 1447919.0029077171 2368338.9300291426 -2096883.9781013518 1167138.1203667854 1166154.4987716386 -123842.96564352736 -787714.4574842886 2414668.7958125416 -1586539.8832589157 1385717.4514398943 -1654616.5506495356 495943.2203534752 -1238901.5047961525 -2292629.693046075 2969292.8254796 1359909.968486792 -2103017.2160254866 367465.6404409825 -158518.5154191725
-755181.0060489868 383113.7105068757 1683254.1110737915 540933.518864325 35092514.611857414 -1031453.3246708695 -1012064.7608415795 2601067.6312068263 1209405.9883702132 -1969744.9890249462 -1582314.6023710093 -975255.7426451816 -1286531.5939739526 123054.37469317473 -903609.41377119 3570644.3531841733 1196018.2379858322 -11500.227471027118 -438152.64687870763 -1270352.7211297117 -1575675.11653805 -2203739.6313087936 181998.59809893905 -1873603.7970761256 -198555.09714976666 -2043913.3134375683 2935279.384533504 -1975673.9778380035 -821338.5991699566 403118.02608418156 -1641316.829092011 1428236.4058035256 1059570.4127054326 -1749967.0308178125 -1455380.478290961 -586870.0196226692 358837.2868551249 -1118740.8578080595 -806780.5002567746 323785.75231171545 -1873486.6950074562 -598881.5029714801 -1836163.6492764635 457694.34549188183 1451595.1420674275 1190459.799482458 -796847.3284225094 2375708.8872905225 -1100211.1674693471 2653236.536466026 -1288043.3710342057 2738541.06708756 1136746.914555393 2012669.578119792 -1247188.7044398554 2178673.5318777324 -1336050.0078059593 1700570.9048267738 649984.7105802846 1822002.6782741048 -2181145.808122217 -1307335.826234129 -766099.178471783 -581457.9821403554 498763.4141379365 -673192.1794651219 -310192.77418004774 -835575.9869630674 289931.46915854013 -2487694.7373492983 247594.5246567062 -425856.69313860027 2092848.8003556775 -1512355.0558116778 1735723.1071427113 1336079.5046922201 2728718.246601171 275865.5426465698 -717631.6083615124 -560900.8237057845 523679.2888637636 1346627.027622754 471253.44952983566 1763627.1540071922 -703627.302858687 -150599.81360235513 -476211.12192523584 77614.86721623017 1128964.4934788672 -453721.54587295355 -1463775.8977713045 -1509075.814939757 35022.22465233736 -894214.742066103 -1734416.9185589273
-1411745.1286508557 -201134.19229937997 -459390.7404567603 2591775.239720909 -1031453.3246708695 33138111.461725626 882727.6885513964 872648.7281741579 -1808470.5598321492 -933673.7075321244 -432701.67021639197 596253.231423327 101754.23033469169 -305066.92782794335 -2024853.904356042 2059295.1512647765 2292740.1495742737 3559705.8330621677 -1264705.351042035 -190314.4882929121 533775.8114557767 -1924035.1213414026 526430.2155379873 39806.44221447031 1370771.8583102177 1140575.8361526204 -526859.0313883972 -535830.5093011222 -842391.809022465 490082.5338504805 -195484.54856162117 237258.58762824096 -824381.0755087403 -951617.7014451409 -412444.7114463012 -698728.2682162963 537869.9600828906 -2800040.820761134 -167130.1164056961 355997.35545921704 2196605.2612241064 -2029714.0345699026 1125614.4694540508 1908183.0647014636 518039.9051217827 -1929100.9286114753 -554566.8355171514 -680153.0971170724 1000246.5668762672 315094.9470225656 -968329.151245782 -305144.61604566145 1361256.824118451 351686.8196129561 730419.5446664846 1339999.299352824 2902119.9248274965 623576.5078425574 -755514.3679690091 -2541305.296059477 -1906296.6487666855 1985800.2444149547 -1301779.1137006704 -960426.5612007371 244185.11529139892 -3005172.809014836 443584.7916238466 1719513.4064992976 507320.7194318057 -1332384.6136577472 450089.10583409766 -200871.68274886606 -614767.6492364468 1714113.6220168418 -2202965.56070365 2184360.448038982 -2954561.893638515 -407279.8960943097 1190436.9167913229 -609756.7291276044 -2540226.6490000132 4933448.723912677 -1777069.2240780988 31781.703434050036 -650000.6188110999 1942129.902926941 1497240.3971610381 1158569.5036216013 1050995.5196404357 478127.34848028293 -1343638.9522271936 981912.6892366643 -1042208.7168057873 2336603.262907576 -3568135.415960359
-45763.89877699006 1063311.5642224017 -2767043.089376328 2028849.2969690748 -1012064.7608415795 882727.6885513964 29897362.487362377 1371734.3187767975 -1604829.5477490786 2252749.7406059355 -3682000.656450037 -322153.0720677827 175650.59572722024 1292728.7418567443 1233331.23703624 -1731076.3784110546 329318.32617457514 -127345.45256888503 532617.5290955886 -818539.8140279824 95595.89632260714 -2079576.4790362958 2385557.744742083 1583912.514092026 1115196.6552469428 -325903.89960053336 -1154556.9800458981 737862.2985734346 -753121.5294625566 900325.6947107492 885516.495413909 2496180.701411311 -1055515.6601035092 544646.5381934595 -849304.1024730434 -1591491.466260082 503163.5094402846 -817768.7333600697 -4275652.20886283 1020415.1814980126 1044150.2282343165 3046576.016450789 1229634.6716608873 -127325.66698944048 1329773.367792403 -1321473.9663456297 393935.8948137271 -1653378.9271668147 -411066.4619583288 1219195.3694179745 2775795.0648978427 2801932.2717126175 -857316.1535580251 -327371.2965227374 1353211.399963852 1196557.3807633547 1206876.4514985676 -263637.4793733719 -340765.95934510283 -2764669.4816868273 -1325566.454348266 986933.831928785 -2068355.2599696505 -1352827.7571419869 -1147103.9835558033 107334.00762006415 -1312253.7485860107 -2239014.8018656396 -2157427.8160103248 -3363692.1232445533 2838059.520439159 -1167759.427204851 4078463.9334664075 2272887.107350881 -1437303.2078913762 327581.1840959958 378832.0231662393 491758.000660984 -1969983.60234263 -660020.1824118182 -923391.0612051568 2337513.669709056 1027748.3598668283 -348948.00334075803 -278313.62445902784 1034985.6934008716 -261438.39700777084 1557880.5285317323 1707859.8803019356 -345360.2498300747 606124.9893144213 1151703.2164865064 1569243.983935242 -1406935.3810261395 2909915.170467667
-1200425.363405909 1488484.8916481899 -817709.0639500188 303321.38215378975 2601067.6312068263 872648.7281741579 1371734.3187767975 36263592.68925332 1460002.1039857334 -1234949.6042541077 -1355373.0665099898 -1024602.9779642745 -2986663.7428906113 575727.7122327201 -2217155.0886934013 306386.32529071503 3299673.904358662 -836629.5139982313 -379300.36130930606 1168723.6591419673 5201.927955170449 -863335.9528377096 2567452.0350798233 -1018145.8275625202 118215.63045844696 957076.264305642 1282770.1904498432 -1158271.4288017312 -1971715.043122827 -256361.56649134072 -2349268.9977944135 275624.8006915726 -1123153.266612951 -1211231.957493791 614039.5208407003 958899.3097252217 1931330.6356858872 -1300111.4572105287 733473.0661644292 646988.8699795024 1017587.9407229467 1673326.0217779647 -990602.2716838417 471763.5179720027 3726189.0487207426 1158447.3489569223 249900.02012053938 914085.9586841926 -939633.3645522306 -1908174.6921221022 -1134675.6763026963 1252267.9700938424 -845085.2981130219 -458551.6745374399 -3084318.301129895 -1376546.9349561287 -1759412.464699098 -694518.3489169953 -15400.76878353717 654105.0431717668 1115931.5011634734 286411.3215379112 -520198.6728451646 2490146.6764281914 -1014065.1240876521 -2603839.40908056 711892.0498712726 377006.46626492444 -1095536.7184921533 741141.1200224452 -3047896.2308423053 -1102293.6555002893 509672.578053548 1270228.0469753183 -2039860.605212402 -2581167.4091270277 258941.60258215223 -888983.0899327947 392796.5157760597 -217670.4682259288 -144951.92342233038 284756.7156769105 1912240.1902157252 -756753.0962730255 -2677629.8269423405 1726552.6815740897 1251031.4960691973 -316463.75800682284 1957396.596834436 -422899.7590998936 2507190.0171656203 -556012.9304366702 401467.6491052101 -2237036.580301541 -1898939.123598815
-1399111.0703031283 -1272965.5628126555 -61717.18664946602 -1372863.8315566222 1209405.9883702132 -1808470.5598321492 -1604829.5477490786 1460002.1039857334 32451334.508025534 -616318.0206196056 -276430.571414541 1215409.3505439912 -1485229.3458325309 -1991177.105665606 -1134935.3244130411 1848821.92996806 -141852.0759391931 -3986431.280594122 2649510.667481479 -52528.78918196925 879303.501181283 1441590.2105705272 704323.6909357393 -233366.77290446978 -2380949.3722495036 -1592306.0445697694 -1246293.6923271758 -2072649.3480342384 -586724.3763882205 -493767.66195448645 -1090170.3987966056 1112992.5595920326 -1302996.7812364993 3290561.946250042 1713704.1072646072 -507510.8061654433 -1165486.246322153 592618.0107556062 577913.0732883086 -458657.6914334714 -1709646.0638774512 1651827.6965059473 -4266495.227277012 -2530731.7714657704 -1066179.3409554046 -105059.54208592464 -681012.5821804018 2429522.4899281613 1177688.3878035557 2668462.865784741 -1497141.6941507224 1513831.8581607204 -2039836.5525103987 -1617357.2699609 1249979.4620875472 10180.358165185504 -1652995.544492774 -1258245.9837985514 642510.9270074451 984678.734621291 -1067803.7981693721 -367730.8512477458 1404064.3892860645 113114.1632836455 -1818666.5733499052 837487.3981196504 -1054417.640882026 -94810.49542832252 -54342.24063035788 -414758.92195626715 -2240599.4284264413 1582986.3334677492 -350569.8403226867 114112.14493553077 15721.22783752819 -802903.557067327 1638242.2131350546 -2021642.1791049943 1411602.4446421287 -746013.5890030381 316189.6090532474 -914971.1160213809 284122.1493580994 1433510.8549903189 -1869922.7711367977 1495364.9046484884 641956.2450741748 650832.2889206676 251632.94248937676 -906058.2567276855 -344220.5302889022 1455695.7654044114 -697003.2632102494 302229.7183278475 -1473972.1107512952
1142374.3812096037 -2992722.0313558346 -223572.90446368026 923768.951303331 -1969744.9890249462 -933673.7075321244 2252749.7406059355 -1234949.6042541077 -616318.0206196056 32733726.753023908 -1618181.54052888 -1020340.2446883728 1859556.497777239 -666513.5419381256 1224361.00561718 -215013.5874636428 -789352.727992415 -1684643.4571655863 477089.60427354195 1224991.2533571236 183665.9576793678 725926.3167383505 -177147.76957805737 2404027.842603153 3791454.843415394 1470867.5506266768 381073.47190288035 3247129.5635864628 372841.1758641087 1781809.377202584 1577920.3851678707 -5130.135725284873 1564157.027650183 833485.0471690644 942611.0071413016 -952176.4329912295 -2019953.795221081 -1394824.9988345222 -639288.3319184144 612013.9663395707 253696.7789216031 -174988.2094958059 -1998563.6691328047 -850180.1284797543 -657099.9594482249 1960919.8702001248 1467843.4829471083 -639360.4010955159 -90913.40680487221 -787657.3170323706 2615241.4393889955 -181820.1715445707 -1008338.695436226 1070910.0179851977 -2433298.557637389 -858223.5025589473 1691859.327739034 -1458233.4496945632 1345355.567257837 -794446.1408686063 1388955.686098404 2268867.6632726365 -1510475.664696049 -673189.1783205697 1076448.0219874745 1047048.901656202 -1785445.1425226477 736277.341119793 -3696733.676315022 -1113906.667496795 -482140.69021836825 165773.8184196092 813203.9299997666 2341128.565259896 -642473.4668799418 1492854.238891079 -2403783.087007544 1337510.8094649927 -164784.86148044732 1539825.1169004675 1403279.1509516614 -178274.87132869055 1259772.268662641 670133.2428947274 -871167.1900553484 1151270.3304758458 2026135.0819370318 1683462.888256576 2231315.7907592715 2723355.843233564 1004258.9349364521 456108.49646556843 -271654.5887550707 779098.8103575881 1561582.713597317
-486540.79020567477 -633515.1908762549 1269424.0513437223 -138104.8306742604 -1582314.6023710093 -432701.67021639197 -3682000.656450037 -1355373.0665099898 -276430.571414541 -1618181.54052888 34595912.72869995 935654.1851852334 578068.2920148799 1250456.382652293 -2540321.689163603 -467139.1568018743 -1541269.8319729469 1695130.3061352484 1754617.0954246533 706806.0963514704 -575712.4954557001 196697.28963736995 1938981.520883682 -813917.7223230774 -1818687.1759804103 238364.65122866633 1660691.6000473658 -4137023.3273914815 -1863872.3358415843 -2255148.0516642462 782098.5517028727 -1186082.4483568005 1198723.7515560403 -534222.202461419 1126474.1030311866 -256872.1538852041 -893389.599918178 624151.1022224021 -1191112.5258825785 43275.47635436144 320987.4847787682 1342859.2891451796 1852702.8200251383 1505362.6861764926 -1432050.1331816574 -204924.85990490604 698071.0138573527 -349165.12717834814 1252320.286525365 -1503767.62423452 1233089.97214111 -830191.207432962 1698692.38720109 -78946.59610357072 -1097592.9422331785 2358839.524355734 1423281.3317555117 48360.16977254603 -1852633.6233912483 -477931.24022511236 693460.9925930027 1400987.4515372475 2007673.8927401302 -946080.9859940446 1428039.514066688 -3223836.455477019 1648891.8930505347 -623921.7791577362 2059440.8772275038 443221.1812000509 247835.5142233365 2518983.3169068634 -2117613.5083982674 -2177993.1555059156 -1346887.3576335276 -1887046.4011110442 -2145425.0891639297 442560.4559093638 876828.4164433902 -1447207.1728598655 -1344902.2206573745 -1918421.4059828948 245323.8752467839 -1966087.793547002 -496674.9380795249 -4164832.636280756 -2045893.35462093 700582.709772989 -2028857.9415424895 -615894.189254953 1716647.8696803926 2740683.7032075855 -591522.7854739826 76799.31434534812 1494906.1165149654
1564533.0431805989 26730.843651974083 -2638009.374173767 405483.85251294286 -975255.7426451816 596253.231423327 -322153.0720677827 -1024602.9779642745 1215409.3505439912 -1020340.2446883728 935654.1851852334 33539552.50994849 1120242.754543653 -119876.83283250783 1983488.205255944 1495981.6002053858 -812089.1365226619 -919940.1222654447 520359.54538094805 1421154.0221359746 -1806414.7743761814 -1073356.0828472336 1988030.5150907543 -2158583.853801727 912069.6529510282 813729.2872121374 -1158263.4565291516 620454.5433577381 221811.35164991432 877961.2002325212 2366841.5993828746 1971411.1583670108 -2456804.1964392425 -1711074.0922077042 -2690277.0661439733 -738374.0882937906 -356223.26000476093 -65335.00563716102 372639.87171743443 -765679.1191609595 -1130011.395893567 1170012.8383337331 185004.44884516162 -542946.0517589776 882946.6485493117 1395175.1477681631 -1109966.8648023973 -830025.4974945037 1175029.6155984185 2383744.8860522504 -971274.5139203699 1556042.9114777115 -229037.53903968894 -881410.9301104192 -1844811.1109448047 -2781570.947817486 -98353.78876173407 821408.0569943191 -1420416.5839960948 -16749.618462012873 -223756.18148778134 -598314.1635694542 -804620.5328402579 -960075.8160532579 -2262050.520787837 1331945.229031279 534105.4595208823 2140517.510412286 1953686.273181141 -1954379.864845546 -1943396.1393955285 -1248854.4836159837 -1618316.4752844018 -1570432.5244334491 -668372.5530761854 2038448.5728852048 1312642.8843425172 216183.23107557517 -766584.1818062144 2259298.9438402345 -944728.5617127962 500057.77572358295 404724.8573175356 1439534.9969470217 1057249.462311537 707353.8987107729 547338.6169755593 95760.185722139 1321095.2391887642 849791.6607249201 712923.4096386749 373693.7288218846 1793833.1067559351 1181119.5547278938 2397052.4348429968
1988496.929914445 826702.5411278874 2158139.3133908734 675369.2047312853 -1286531.5939739526 101754.23033469169 175650.59572722024 -2986663.7428906113 -1485229.3458325309 1859556.497777239 578068.2920148799 1120242.754543653 35420259.568567604 -298673.5547922467 119508.14582833656 2688926.069406006 -1491201.5307944547 -1852055.671620661 -573227.5151762472 627308.334679974 -1457728.4298491178 1810289.055377913 -972146.0036413984 -114290.23449377569 -1547530.6847627396 -755467.1549688238 -1229041.0438076803 436972.2197485152 -91612.34492076965 1115902.7229538409 -460207.85487636086 1362080.1316490807 1296750.6144471383 -3383282.9190759533 1035083.6598424911 11930.478771320126 -332976.59870471084 1609762.1713543208 -750081.5778318088 -1999400.0474071768 1815180.4666549254 -2200070.706733826 1251713.8676566079 -1094776.2585237778 -1407242.881282307 2167273.8797180094 1591713.3004858752 2544670.976567661 939721.2979616344 -942108.7618103578 -142241.0632085193 -1490131.0465183123 2097334.5288633755 1499029.2125090542 -2247075.6521242694 205001.19696897207 -981942.3491252217 1756658.2165582266 470521.4299053295 -357361.0094307469 -542783.0034881043 656332.2348132308 -2192272.7359667113 324371.42606328987 1454523.1163461462 2396767.9546293756 -185714.66815901763 119680.72215559696 1811730.449540441 606279.9856379871 1858534.2989760728 -1673399.2067717975 752334.5694591295 -491743.5562873616 640097.8020983808 -96529.1549189347 1814358.1760030102 1713526.0539132727 -2594364.8841291363 -1267199.9591468843 1424812.3313042778 -878703.7567531425 -1156433.8718184503 750459.6003062469 3292203.623434182 1236620.9470005913 558134.0968227097 -55283.78564812596 -1649117.9941172213 3028850.2237601834 -2012491.3703123056 -420443.57569890656 -1835074.9358664155 -1110246.9253457612 3982266.7828137926
2377842.46101662 161987.24850027447 -3441185.1558195655 -1138832.787052834 123054.37469317473 -305066.92782794335 1292728.7418567443 575727.7122327201 -1991177.105665606 -666513.5419381256 1250456.382652293 -119876.83283250783 -298673.5547922467 36029567.47774126 -2889716.753145958 -793219.7654901384 408400.7279370226 -752018.2404568824 535605.9557466739 2379779.5532899895 286503.5956938156 -805553.9703268181 -357319.7759350495 -1294375.1875895981 -486630.3354569877 -3263699.896635554 1051727.0944740926 933102.7340428098 185811.1764931515 -2565654.524132419 1436229.2136551195 -435083.89074976055 -1071672.6984208704 822625.4309017105 -973901.082913331 788998.9833818589 1057013.5542575158 2432907.234975204 -2061264.2199140918 -2827896.1054713908 -1148204.0782129285 -967097.3325544902 1703179.4649362431 1720517.7869033858 888396.1388943444 66219.56700048965 -753450.8440765106 -2859969.0544099077 1685783.3621065258 644115.6559273151 2390924.2187233786 123268.95236378036 922745.0279533048 -154328.47496733558 1875900.0256086786 1752533.3374810698 -660361.0608205888 1042104.0617193807 -642116.3832935016 1081417.2854526304 1331935.7861369988 314282.60950439906 3018563.435482464 808173.3747899287 -786043.0499211656 -1688722.5394765825 2544169.131371977 1174197.8430149187 -198405.8198527627 1720413.999151749 -88761.4952136054 744669.3006889909 670134.085849341 3082694.7386792973 -132126.03035623248 2451556.1479821852 236455.5896962338 2316784.9409825183 2164250.298097241 -790717.944450084 -734381.9725162962 198858.5315124517 -1058517.457781376 -4061688.4640016193 1144421.8802799848 946767.9644831349 -723178.5527928653 3144355.2975201504 465731.43224696 -349843.4570109594 -963437.7203971674 -319776.64613596525 -3138474.5565907843 733399.8196186146 597133.7277022832
-1189174.9972691892 -600521.2771419917 2031205.0076830792 1612955.9368331349 -903609.41377119 -2024853.904356042 1233331.23703624 -2217155.0886934013 -1134935.3244130411 1224361.00561718 -2540321.689163603 1983488.205255944 119508.14582833656 -2889716.753145958 34492050.51486086 -3436739.1039773077 3173951.031075094 -2037385.651817787 -2049980.5579290285 -1755428.2541120227 -1283268.8468763167 3028816.3591431156 3248120.7080623615 2961222.161001058 1617748.9713240992 196598.85949944422 150124.26791507803 960641.0433895796 2631737.440431511 -1412099.678918852 -594513.0049692387 2746167.0239157868 1189868.0965901644 1520749.511417684 461613.0320459571 -3414163.33272866 -65480.09096945675 895262.0770517082 -1356614.3116021026 -1778684.3990600863 -495271.1642945288 1422472.11543854 -2452344.7938198494 -2345884.855099327 -290115.72925763123 -167042.16606747598 -1584942.7259034545 -187050.22424913102 523870.4437536658 2818586.2364352136 978923.9424583279 2153731.197458015 248605.56676655874 -836890.5671795171 1480996.9472305556 218359.48584222555 3135526.1457716753 -1002607.2653692964 2096450.8630417045 -664405.5623502894 -1788775.3630462273 -2757104.7964646793 -3760607.812264435 -722111.1718833259 108143.79956983631 168123.52610021722 914242.4974227196 -1181243.0634358919 -2309465.992018064 506271.2856366543 949027.5501441292 -48392.41158228673 -264921.3789450911 -948182.9441917295 3436153.4779753154 546980.4418853201 2607316.8584260433 1415025.794413574 322409.3858691081 1294362.0300411156 275370.6209980741 731466.110136307 152914.71495801362 4021723.7240063897 -1064261.6028428483 1713920.955194241 -1349407.3024592393 71796.9226168814 658140.124552038 -425155.2732245852 -1200990.019449452 -244450.01206955322 3642403.076382491 1168071.598875863 194815.66030610027
-55486.870420075094 642033.770476597 672074.6592415753 -1285254.5170682701 3570644.3531841733 2059295.1512647765 -1731076.3784110546 306386.32529071503 1848821.92996806 -215013.5874636428 -467139.1568018743 1495981.6002053858 2688926.069406006 -793219.7654901384 -3436739.1039773077 33040565.819858532 1846130.3329454726 -295698.524800119 -633976.2928626788 -1982454.084171557 -654842.766204897 -87294.6097117038 642437.9339246242 -935055.4848473552 127357.89907644248 -261013.78453280852 366856.1816244501 474324.16223890934 -736794.3680871631 142072.3780888806 666037.0730882366 949440.6255451124 1380754.7535928714 328724.22969028493 433579.1489173813 -2362596.135340568 -633354.5248112616 920914.8701473708 2697340.643101007 1296825.0525295087 875119.8811415167 -93647.09053932676 -493636.8228406397 -910599.0169416385 1895382.161253031 988944.7031587983 2034674.7523301647 933725.0603045652 741377.3089612799 -750204.1476794741 -2008480.4703122398 -837929.0617236653 82214.38198839934 -184188.84588691985 -4566388.915412261 4041340.611649334 -789228.3772333417 943732.026872861 -1328369.1953705377 3099532.1710984735 748808.0017936815 1865369.0985476826 -671427.0837530626 422273.7858410584 1357547.0692565406 11038.269021827322 -463520.20320830523 -343366.21049992077 1519654.660496011 -1995586.4792699832 -808186.8030105312 913144.3126906524 -1122062.573115776 526799.1010341872 -1960725.9247332492 -1024922.4658608873 -2254236.7025987143 -727765.3912779535 1081963.5007488206 -1655427.6578403823 1070787.7517812445 890666.0369054741 -1840316.7408861401 1389234.540000459 418979.5386821244 -659193.0563548071 1835347.6999650549 -3116860.230547835 1581909.2624785318 -74432.75628988027 -779342.3812518402 1350737.7948057568 667284.8285056683 -543048.0121656812 -581176.1345254843
1779597.7664175325 -514957.71015542664 579284.4535762593 84854.56898771894 1196018.2379858322 2292740.1495742737 329318.32617457514 3299673.904358662 -141852.0759391931 -789352.727992415 -1541269.8319729469 -812089.1365226619 -1491201.5307944547 408400.7279370226 3173951.031075094 1846130.3329454726 31590562.46845705 1209040.700627666 -1991213.006643184 -1392372.9409910925 784390.3123822501 205777.6982211639 -990529.292274914 228771.98928716916 -1374873.989403965 -371943.27577221836 273159.9509946832 -156142.33133871868 -826831.3205605659 -743549.6540609739 48192.63418112643 -918341.9037398767 2443816.6433258164 2509136.1799469274 1353896.8438996652 -1250720.451588464 -1390804.904788005 719205.6361998337 -2673998.36074005 -1123515.8112243216 1350759.0922458821 407520.5147962653 1853567.108769375 -1406722.5118990338 364817.1572846388 -1874310.753628269 -417326.7256190921 -1991423.9115340712 -1097292.553714861 -819986.7762382114 2680661.470849396 -276707.0109143703 -1548868.1608208173 -3091787.0435067066 -806458.9123657482 370693.25956715166 535158.6161485078 -1631839.6032228672 724679.630634431 -1705314.4069606727 -341154.9305434111 687428.4896523545 -985387.8950831874 1883005.5186325274 1046526.3337128274 -113966.86468064827 2725143.561041652 702950.5240517233 735438.8489882468 -2504039.9512308026 1531749.4717628225 -2153563.028460529 557676.4423318888 -1363020.2867524393 1456757.770961547 -544989.5263673108 -242328.60176527427 79348.63563077466 321273.66188900324 -1637580.525399939 654258.3983070211 842729.0604899448 -21548.101802569927 1180457.7997299472 1519276.8845292684 303858.20134535927 1600166.34501127 3349515.2057663677 -200518.226773573 659605.6539849471 -642028.0820805591 -172858.51329659787 1324641.7590766998 1280851.463964801 1620389.7204546833
-4845932.424837793 1903005.5086203187 820017.5317254744 118379.96356341857 -11500.227471027118 3559705.8330621677 -127345.45256888503 -836629.5139982313 -3986431.280594122 -1684643.4571655863 1695130.3061352484 -919940.1222654447 -1852055.671620661 -752018.2404568824 -2037385.651817787 -295698.524800119 1209040.700627666 32423407.76396708 1060752.807852391 2209702.307117241 -933539.3604790574 -2232951.102820265 -918635.9220285192 2002498.4978055346 111538.17285165378 -1462532.8532412709 2379923.7331678877 632956.8086087978 -578587.5570476727 427791.93844225403 1587350.029522603 -555130.9662286758 -627249.291459233 -843977.711967891 230910.83303286962 -786254.0131146909 -661153.6769793765 294701.1302769734 -942414.9707036235 2419532.8483413206 725432.8113015387 1002480.2894609438 -236859.0085569268 -570470.2469687528 -2606733.247904402 -3490950.556265567 -880956.9856178873 -1416254.6326075222 4054246.9421727173 -751499.523306638 -26595.01027458704 -960268.1085734254 1107760.9807919844 94542.05944245914 -11770.885588842364 1133645.9878988788 -1408296.8936502659 -314987.9786500469 925105.5274120201 537834.893980074 -365862.0677461589 -358336.1286613448 -506391.5198920731 -799448.9166342749 3243123.848239465 -1312103.7376947345 1067132.1638774725 -171523.0023402594 -1125444.695813155 -1405186.4964735154 -2214712.834648911 440210.91450634267 1479282.1259298725 60113.94419464084 1546247.0547658922 -711659.7422615677 -1745851.0990862467 1363611.8526445455 1098525.2344256418 -3462407.1538150366 -2046425.1349164136 511081.1268399738 -680993.8915406119 -2913171.5246341666 652617.5676328222 -2325513.1803911277 -213019.00235479456 913463.3358265717 1204227.1387068657 -2158303.8654199853 1587.0129888967415 -1654928.9906971005 -82508.43353431372 -273279.4790655104 1073086.3769602126
-77243.80789586478 350557.2740820032 -931905.125731133 -1954572.281452943 -438152.64687870763 -1264705.351042035 532617.5290955886 -379300.36130930606 2649510.667481479 477089.60427354195 1754617.0954246533 520359.54538094805 -573227.5151762472 535605.9557466739 -2049980.5579290285 -633976.2928626788 -1991213.006643184 1060752.807852391 33866861.41089592 196580.44468262515 -734765.0271688622 -1744203.2188380419 1413358.4471138865 -2734187.157616644 -331164.33372304466 2671423.741411131 1793442.3202742434 -829003.809596921 -235325.006348315 860965.1875733853 1478433.4924329112 807222.975140581 -156368.87944825494 30515.639555197493 1685958.9967317681 4096163.61701812 -1901911.811648571 -96369.05351547957 1675058.8908609226 794380.0788212122 -394030.51811981056 992243.6205992972 1439935.0299805705 -529805.0019177226 -236015.2757891761 -644271.1583164852 -632473.8355705467 -789896.3291861437 3066950.5539660007 2637256.3562262543 -1793932.3437127606 118439.88255463817 362386.9351093326 3904466.1188595607 986359.1436981148 -107032.01525139563 -2097292.320872956 -1199657.1169247408 274715.2813686841 2768350.0388001734 -1445446.121674228 -545800.2465805477 619274.2886425862 282997.47859709273 -916742.3060844466 1054209.2186478334 1647756.1411281794 2003544.1349480625 1369450.1806512736 -797619.5675024502 506869.57137237635 -812489.8176619334 -730602.5181260644 2844737.8120528082 3610698.519475669 -382029.2990553901 1161516.1516341746 -2726547.788813393 2450536.087199565 -1630176.1747420556 420103.7030914292 -2324376.3068919536 312809.2331329906 -1040221.193175698 -1824662.7543268853 -46517.60805954396 -1764739.0764256213 3470272.2259876532 98494.1308797296 2427694.822611136 214922.37449021757 -1829756.87002122 -329981.72562429495 -1543804.739599553 -947579.4812010602
1554520.9410394412 1941099.818941772 35093.575695510015 1388561.995780015 -1270352.7211297117 -190314.4882929121 -818539.8140279824 1168723.6591419673 -52528.78918196925 1224991.2533571236 706806.0963514704 1421154.0221359746 627308.334679974 2379779.5532899895 -1755428.2541120227 -1982454.084171557 -1392372.9409910925 2209702.307117241 196580.44468262515 32740966.726623222 533599.519782461 1628607.9333502888 -517445.46384701954 -2110844.6525122207 708133.3867687007 179881.02470193018 -422990.79117999424 903316.9275564348 -135921.52691273272 -1103583.6866086642 2919847.2282598214 851132.4443240074 -321975.04010838416 -1456517.0119004524 -2395935.185688373 44978.64221490709 2212160.3723883266 -105634.51261207057 -2756395.7188378517 242339.46124765824 -1253775.8456563426 -1920222.3776436078 -664884.7117578302 -1679607.612744065 224577.083162675 -92674.41863188436 -2656731.532436168 -2313936.9608062375 -1051087.8466392832 -1974645.8201830955 675959.4086704556 -2090404.0595923099 957917.5879232881 -410374.4712808141 -2637375.8971937955 -699241.6822953284 496300.82912191737 1058136.4531814035 -98398.92252936281 796251.7922373269 1747484.5669235406 53140.82878819467 -1338658.62454077 1576072.2106259547 -103132.10157924832 1192402.1184631528 1522318.5002616504 -365379.2946887253 -1313743.707666206 2244642.517731061 -1779444.3926832413 -1419086.9141150427 1777603.9210131655 -38997.61900321901 1940130.6935963451 1385390.1056241018 1223789.7603774627 239577.23357036078 523771.2115385759 452675.24912128755 -1582638.3681160416 -750410.4610094249 2398703.302324295 1599598.5687955653 2721273.402069718 567183.5082551399 1333879.788422374 -1655912.868627716 3656998.954892441 1184011.0716000206 -946644.5264192803 -133456.32871734072 738595.8026781807 -1563212.516629545 -624177.0749613777
-688822.3108290968 2572045.719152274 1321776.839036762 -1489375.7251364803 -1575675.11653805 533775.8114557767 95595.89632260714 5201.927955170449 879303.501181283 183665.9576793678 -575712.4954557001 -1806414.7743761814 -1457728.4298491178 286503.5956938156 -1283268.8468763167 -654842.766204897 784390.3123822501 -933539.3604790574 -734765.0271688622 533599.519782461 30764943.156657673 232539.71269210897 2337769.9776534443 1201205.8846345763 1621861.5947800584 171186.47469321731 -514729.34908513026 -1730841.2630724707 2751896.4223468765 -1593277.5490803856 1088119.2214351771 -1495157.3275413234 -146076.26843895568 -913512.6806633066 1343493.0014568395 353101.41535926744 486792.5569025769 -587694.8836199531 -1758482.3156685517 2413808.766161326 515365.7619776934 -425096.7136545002 306477.71633316495 80257.56497136406 -1119985.7758118445 1012544.9417309655 -396878.97960951494 1999852.8282923985 -2395826.519889788 445808.1293819437 -505681.4924933385 1677630.4813791385 488657.50597154413 -921187.7266168883 544969.864594249 -2691023.1824240237 -1381155.2460539408 -787293.0436350617 -429269.2212573682 965705.9121066608 -1949943.4932066654 280658.5017338925 2625243.7756059854 -802586.7296441288 -2482079.2548799682 -230196.62561960984 350659.80524624407 3092710.6232278757 -1759608.4899232935 713484.4510619906 -3947823.527109451 -435093.710591396 -4322.23162601416 783627.2815090276 249293.76976913642 -897085.699349029 -1180924.0893257607 -1412001.1037544303 320929.95788858965 1344154.667040679 -706105.4022084014 1672911.258090789 -1367965.0579404219 -180645.11983225777 931303.0438277473 144289.04258395272 1717833.499055194 -2424365.3018028894 148757.24458516386 -227749.67077216227 225020.77782146074 -498733.0548334767 877062.6018365985 -1449091.5892824272 -1574075.2370793151
-378598.4771934669 -1184482.4905803602 1034432.6374187703 -1845107.4595632704 -2203739.6313087936 -1924035.1213414026 -2079576.4790362958 -863335.9528377096 1441590.2105705272 725926.3167383505 196697.28963736995 -1073356.0828472336 1810289.055377913 -805553.9703268181 3028816.3591431156 -87294.6097117038 205777.6982211639 -2232951.102820265 -1744203.2188380419 1628607.9333502888 232539.71269210897 32317748.938406505 241250.71363265064 1104163.7072362714 -1803190.4737323516 -159121.60834259965 2582215.507603825 1284551.0408008883 -595221.6964122651 2490704.170303777 -3176468.371020778 -1075109.4564001623 -1418659.4423314726 2060782.4489774802 2780083.786193477 -3094343.3098113714 878997.4114554692 2454016.7360732984 372166.03376606345 678786.5359112066 -1419716.166947909 -1140767.0315377987 -2025259.8336331781 -2161500.460329873 -67880.22016293665 -1568550.9382577362 598711.3467435052 -1584500.6906672032 36344.65237242542 1610289.6642445133 58650.789364361335 -1080530.8543388292 -534570.7557090943 -1246769.1556307063 -113910.87610063617 5031925.211746041 931811.0823032542 298671.6903004798 -173300.1216257195 1064188.791076592 -3487393.4728022297 -496555.95242867875 1710020.363717499 -6185.016206054837 1618846.7770561099 3150930.427567854 -166877.28614288705 -998524.0684959702 -775652.1703640368 -454311.37970503716 -216812.73069983072 243467.99558803672 1711738.0792949065 1137960.5574503539 -259378.96649593706 -892410.9505932619 1699526.7543110282 1436901.3702560542 2972635.3321194956 1268507.2593925889 -1869856.887222418 2461221.0946316733 582831.8842173712 3095902.380475919 -1539793.2672588897 -2332480.39741684 -296643.0298025906 -663393.4662479351 -2345465.301356406 -1699136.6068791489 732404.2111679231 2715302.2801036434 -1606198.9297991956 3090429.175669 -101571.38549897226
