33961373.168793015 5256777.632171238 952467.6892177878 -1677930.7689856922 4001400.8873802554 882992.4912982775 3113501.534359964 -2281832.874995447 -1029894.505288669 -590933.9399401678 -1899018.1326192038 -1961864.1105393125 6600.874651712296 -1434229.6528822912 -2042248.6512166427 -6305711.005298406 -3134802.542749577 2362928.875544039 2126256.723576695 1074912.5242275114 -615051.9467082766 647519.387568388 -4423443.699883227 -2539722.3599267 -2295799.7749567856 -808110.2713840095 534825.5854486598 683094.2510390455 988384.283815164 1194657.785386448 -584736.3156390354 -2726624.662424657 3663774.921705306 1302438.3024259338 -45371.17866832938 1880899.4384003119 -1975922.1984101832 4538291.7129962165 -989517.4402985462 -1802101.396321654 90357.40872491522 -919090.0332484872 2732995.1204714347 -2228139.1572979493 -130702.27690715164 7248479.916072468 -1087055.979617652 -487188.8295653523 -1338669.6290132825 3003582.317182485 -1243095.3536126767 2004823.6978013322 192508.3032944873 2812489.203295018 -786868.9209000401 2145373.894055235 463651.37516754074 2449478.6136368383 1121668.573042262 2277402.555611832 2905999.6508825393 -315285.7777861021 2131960.5848406004 601493.3846103284 -1353561.6265542875 680861.7948505302 4886479.066687037 -994276.654702352 -704171.5281762751 1153424.284832954 659270.4706177139 -5128534.7030021865 169265.65578229076 349830.1751792995 2712048.381833381 1825833.9604815291 1631476.0053693573 -1477166.238687716 2251537.766601384 2955350.9767739247 -1369868.9565260326 -528222.837584794 2559847.183863572 -1564037.6314814994 2045712.845918912 1893440.249775372 643424.3635008684 1768877.2927575728 -2928899.060368376 1549801.0555243837 1195804.25242034 -158526.75232665535 2989644.4512245464 1828724.6984237568 409474.5786359855 -1468795.528898784 2323290.199912421 -146839.02497212266 3021283.969190666 -1099258.5266764031 3526458.315190416 -1043597.1478147224 -778026.8449816195 1976894.2632660675 -3097076.914602827 853550.3382157135 727405.273483672 -701071.4808061233 3259264.4285508455 -355541.04653730494 940827.1664944307 1150115.4570493551 2099389.7703777915 -2142129.5425782646 -1393870.0359124476 -2004079.572744018 2472562.731287851
5256777.632171238 31904297.844212558 -5634271.217985141 4477421.494682922 255579.83373739154 2026676.851650806 3893875.6126726414 2413.1636458290914 -234540.69344879396 3559673.28600892 1416826.6130868148 -942358.8577596805 2333655.2146853176 1667562.4087444756 -4440602.447842184 -3368063.567287737 204936.9552719856 1628841.2658160971 1666777.9785412708 8259717.2813587 -1929994.488946864 -2068776.0511915672 -487553.82245425845 -1430982.0158570015 -548325.4576654141 3678722.1518356535 1943699.4447647317 923845.6443207999 -320547.0302734614 -2481672.109877532 2363426.5572678465 -3862691.279924844 -2823720.901003338 780517.2650235188 -2119616.669446781 661948.2674584602 -376055.5512758126 2691255.676759246 -1567004.7535114135 212514.45211415 5535475.44834736 -905594.1175297059 1145340.8951646981 -961890.230842059 -1648450.5406878053 3434441.0965263816 -2367745.361337709 -1399881.7809881894 -5666303.000364335 -1788927.7999919388 -2815784.22843816 2840790.0158866537 2535060.257102888 505665.16446941206 -1183720.0838899296 -1137790.0704861463 -4565238.464120614 106437.06752461182 -3210232.0242572096 -123130.90415234215 -1873357.573896796 -1781865.058066592 -2565898.201946074 -794532.5164345464 1766472.12740888 660814.2360418697 398051.0081803418 2203613.8780087256 710211.7617534295 1286812.341375293 416353.28481994185 -958261.3939675672 -453944.09569284954 -762507.7232386055 -1510017.1474195272 1003535.1923251101 -1727246.2803908768 -2812138.1156600555 470235.970099923 -640998.0070423218 -366871.7043414127 1980328.1648543212 -1910618.3180776457 227921.73325869633 2237625.424040347 918342.8421289857 2569222.1997198532 3050132.621691501 1671580.5887867813 -863390.4440720415 3112138.9199369443 75162.89618779009 1658459.135232064 1664291.0684440339 5170481.103023259 3028063.8195849336 3062062.644940131 -957996.2035414967 73056.99841519566 -2423628.7886433234 373078.22029678186 -126594.20488464374 1571113.4891521188 5635535.27003398 -67157.8763426118 -807059.52258717 -1000786.6103284112 164037.43455144617 479093.58579480794 1429710.2519092693 -2358021.0080556883 3136042.4429468717 47355.4009203511 2223743.496277567 -4370673.639897705 1034696.3037672706 -774526.8767849255
952467.6892177878 -5634271.217985141 33034992.542877432 -3049543.1550084758 -1696985.5764095618 -164693.2765822951 3197534.3419957487 -517256.77578549116 -5005570.518059827 -5048607.036633325 -1858457.2797414574 2659488.172480425 -2632590.5992561644 2737342.121602136 -2422861.079210382 950327.8884764547 2336283.012986474 810616.1818331926 -1783641.5236603867 -3330863.9097231003 828603.9650732194 862168.5719294893 693937.8393309497 1069435.8483699847 -4539210.250072943 1269020.063455338 1295733.7243155197 -784397.1155036913 -4731.256860181749 4709761.329817752 -1320844.130059561 -1671435.3774899114 1937981.2675906268 -2646614.9323799866 -360033.7433020227 4411509.024624642 -1080827.9729779128 278234.7169786425 1285420.0993042798 845087.7591161868 -4666593.313923673 4437601.888070651 2597579.4500941983 1786933.741135107 -426307.77536120964 741120.9371379758 -353599.7765121345 179426.36974313206 -4229910.518579377 -2084696.0935347718 -172825.12420291733 -1394111.5596848023 2711471.658424912 1218798.3756242746 2038721.5997048707 4913993.188213377 4577219.847272729 902536.9760317726 1272667.3006315113 845210.9080302784 1185743.2861458168 3836706.2418251745 626099.8166477395 936202.4247618862 -1546402.470164312 269134.77793595125 1218048.7094902496 2552467.0379884834 -2860409.924516225 -1448928.7972069154 -2815428.3713908247 -80803.41720516786 -2827404.877019662 -3596163.4242650233 1832811.9561058567 1184821.7119638855 840519.2228567192 -5554.147267473215 2056755.8645025694 1329721.9856548288 -289586.9080025847 513154.3946728579 -530656.1690582859 2979228.2702802857 -2074682.986433974 -2067809.4902979303 -2162125.7252766946 -1942355.066772205 -1518739.4061697097 3644218.6307705194 2125213.3547366443 -618655.2402281723 -344597.0680923532 -291857.5499637724 1040503.3115031283 -3179562.871560912 -1740966.5282070364 -2826529.7499878495 718821.7863294815 -993323.1940008431 1706758.8152889148 3071776.9571292154 -2809606.082910318 -1427746.4436259214 -2358982.745935164 3258212.634067581 -649578.2010217339 -1647292.3821749971 1326564.2350420433 305853.99323995394 606.2304164986083 -1984684.7657328045 2228050.5234196302 -2923831.096148723 1349102.733312362 440488.261565015 1043854.263356095
-1677930.7689856922 4477421.494682922 -3049543.1550084758 31732579.852303784 -2029942.8442767 1244949.353162769 6909598.5933752535 -68219.64927303873 1479514.8260901081 3304036.480352432 -2389491.243950051 -561798.0469588749 -859504.0293278508 -1059745.170559675 -70950.07352355927 -1394705.868213539 235812.58108796435 -1700113.1481943573 3786522.0683046915 -1242323.2915348012 -760163.8004070771 1489341.1857998401 1095274.4588055408 -48614.14000749209 -4000176.8041339014 2768796.0484418343 -1364879.557499085 5092222.193104774 -3303791.671380883 -3605315.0068199374 5250939.457008775 683714.7209383065 -968841.6193959656 -246823.70711970242 -156283.2437983267 -1738892.5681137017 -1118298.7449258247 -635171.6057147755 122506.44609948428 1536312.895938277 -439314.9758416651 1052879.4081879172 2658724.379297799 3315470.1832127166 3607589.25363593 2642667.19727718 -650559.9936177005 548851.0931508803 538242.8053150435 351475.4393388954 -3546650.41991727 3811873.0097031416 -5463462.869818038 82500.37783156119 198244.48262297842 -1200810.9042011234 -216886.74243417956 -2139672.8645736557 288313.7550945342 -1508523.9357644415 -1857742.116596445 3050520.0136708585 -2084818.6340958995 2710496.4528515767 -546735.6304921613 1044351.7696079327 -2422616.772399474 1227086.32876175 1919565.3280285045 -1810674.7829843385 1294812.7928608702 785528.3703239647 -87273.80991213165 2256.381233862513 1589083.585478796 -6117353.320700585 2664820.087797148 -532597.8450244103 -663387.7911428855 -1599155.6481934076 -547622.6768694107 1528132.588300434 1878776.083208333 1207837.4862925925 3090750.2645359337 -1781580.684469508 613879.9612443448 1486967.5283254238 -4225713.623361815 -3681553.9947162005 1343065.6091311881 -1539321.8434790233 2850177.365754253 205061.37161029145 -1577492.9375119207 -32598.31057530194 5838552.201617701 -907820.120930999 -1164288.9400629757 -3137291.983017927 -5174457.383712087 1201717.6989791493 -2190782.1750147203 1585218.6460694026 3458695.9138562162 -258337.7575332749 3466881.978252379 -179636.3531602633 482393.559932094 1334971.037903292 -3454512.1353506744 -1896770.252337041 -1178498.291382541 4278186.512877877 1097399.5908482221 -3609587.7569770785 129545.17798990673
4001400.8873802554 255579.83373739154 -1696985.5764095618 -2029942.8442767 33037715.615492348 -641722.3148462671 -2311372.6110537415 3564021.039937507 231933.29692114398 -1957169.610221849 2855859.3971022167 -733366.971161472 -1495900.0462322226 5255849.854556062 -2377093.8330849223 2833672.6777243456 693682.4266036323 488135.42942281597 292271.2452474656 566337.7814609145 -1882773.9228318227 -500854.7807257332 -1209925.9464695065 -85764.25112078345 -3068624.545420882 -5986976.993738771 -1229944.7732657648 695819.7701090005 3816733.998087536 -405303.67303734744 816358.909285864 -872309.390716251 1059281.0215985463 -551160.5653611314 -2599959.4197642794 1628148.6738729523 -2436184.6180678927 1015416.9265795448 -838494.6841973384 -66250.11518976584 254569.1383179929 -434340.02462756104 -1261739.5679134456 -991972.2793098204 1058596.5269683907 2031065.2081982 3411397.195980075 301902.5626910962 419683.7888403408 2352053.431174788 -2604023.5545840925 1081718.0856884546 794319.7956933231 2131782.1154276896 -396843.6085020973 -328931.85469655466 129343.76981869673 1449192.6804383988 4231226.54191512 1905847.2984183047 466719.18857086333 2572202.214331067 3614520.9918579124 -1729206.478553034 -5120784.2948408425 -795140.6711796961 -532359.8184253369 1638227.9757299349 215180.74451953662 667161.6063834876 58191.24650455643 -4199029.420252945 -2079661.1626240716 1254851.6768956345 -3142454.8243135307 -2205816.1915961867 -3738536.5181345697 -1136596.0631228695 566256.8568025494 1054378.969622912 -1509532.7897305412 -1560067.7547553957 -3764430.133551941 -844756.5309178715 -6976418.20257879 -1393217.7073164494 2374723.4943078747 1064206.0012127853 -1881984.9960701962 4339397.185531969 137115.12767408614 1484072.0077235876 -2185996.3082901053 -1599881.677940223 432084.62043540546 152278.1853281403 2545378.053480238 1393871.0935727968 -439575.2303064798 545547.9091008374 3885983.654027138 -1652900.6322700027 -3729844.8818540955 -317755.6822016957 3659819.205539247 -1755019.7462757865 -591639.9080335347 3611330.4613251276 -3787011.344654455 -373854.3420741931 -973027.4675774493 943341.3191443905 -472230.0455648908 -6047853.662968379 -961971.7582486628 563165.3841617136 -763176.9136475049
882992.4912982775 2026676.851650806 -164693.2765822951 1244949.353162769 -641722.3148462671 33136436.018047787 -762210.9561892072 -1292701.5743646065 -378357.4417165472 2125890.603666368 922636.157749819 1153701.0786127243 2471662.905263035 1696424.512151447 -179125.1954845816 -5126482.912288751 1715891.3507125846 1972825.5544579814 -963843.2460235588 -1646014.4660890114 -190443.57311379458 202959.98754410597 383701.9367968925 1558893.2701388905 1785166.5253135776 -1055638.361556074 -1994019.987784819 -3997884.3622229695 1301768.2950996952 -989429.7317183896 1543530.743902259 1962362.7387055766 39428.04737656962 -2525378.1835151147 427985.19113879866 262380.4739350964 -206288.35840813443 170544.48735779786 -1241859.5088265177 -1359757.4273721492 1254980.7123971984 -3280588.2095407117 2808641.847260166 907339.4740815498 -2769506.5326049975 1757007.4465716647 1061218.525315372 -1296553.3706705368 476247.52463997604 99669.74434867929 -1185429.3548416335 3913157.895991189 3548437.136505872 -1078981.095861194 1902188.980312751 -4041941.956868408 1026208.7590245401 1473205.8689065848 -4290491.673994092 -286470.05361981574 -297745.55777757266 2731413.2216269914 -35482.342869779895 3257039.1565440483 2999194.6832357864 1021337.4702352091 -2062581.4497516525 1310406.0671572804 -3643740.307780439 -387210.64890162426 765657.9067512053 3060125.809103083 -2139949.0442459295 1277030.8461747747 1728934.0051603648 -1342482.26657687 2177712.0682519935 -736638.2969201854 378990.4509413687 -2359348.539691824 -1942875.8713358904 -1151228.4066799523 -632131.856474103 -1716590.3742532986 3216012.212832641 -3260066.727297769 3679459.414329875 -514237.7576539745 -1679226.662753502 -844147.3776162175 630037.7119619305 -230144.3412184845 1288135.7880999192 -3160512.7178515275 1000580.2141141033 -466790.8218469802 -1071033.883449426 305534.5835439272 756120.0487506343 -1130994.267329127 -1830814.3490804466 -2870368.815372697 231369.75009139723 1775601.8247473428 -2570352.112313955 872236.2426808774 1441423.8114914137 -1985087.121286898 -959291.639067899 382557.4694735412 1750553.2279423536 -1328812.2096146154 2951409.4007675173 1385240.647101864 -344059.71208433545 3665172.5432745153 -714102.0894972692
3113501.534359964 3893875.6126726414 3197534.3419957487 6909598.5933752535 -2311372.6110537415 -762210.9561892072 28140137.753843673 -2357178.078456879 4144654.602189048 -1487320.6543571707 1592991.7281889399 -2658152.9031057335 3017037.8701239466 -454141.2219775089 1241837.065059703 -323136.07083199744 -3187112.2821684573 -3080107.446109998 -511135.59528701974 -2010211.043654023 350722.48655481404 -344188.5507709055 3175784.913921799 -4511173.056836403 452166.26087364455 1165716.1815331178 1662214.8959351508 -1768321.2065679966 2806087.726212453 3175538.2246664055 1620810.1526784885 307154.5995111504 250414.9460068714 -547950.363370498 -703863.8187461874 31126.35298528681 -6012140.0755041875 552602.7965649638 -2034330.9920259134 -1250030.9944731349 2155127.6588369133 3107719.196527174 1304207.3316060393 2429561.0201274143 216455.48377925207 336190.46192369773 178457.72294710975 313355.9336119413 -1021749.3252840029 -2834119.5197806004 585850.6588730655 -1954890.6308381376 -266939.51587956963 999991.5587479828 -878162.6176806594 -271769.14411717677 1911124.1898567032 214198.4508929701 -1685241.2132936458 2242674.8377058525 1168698.2573143146 2825192.0699300016 -1984686.8088962918 -1056663.0102784706 2674645.559318317 676245.0356347202 -4528710.255959801 655710.2935854429 -3818085.8812897173 -130699.0203503293 -544367.0476537176 -903032.4177656244 -2752757.826114571 -2211572.064428207 -1469338.1696237694 3126998.611626484 472165.89250880963 2250191.5136132706 1332438.776847087 1412728.2469032274 1813655.754424679 -495767.780153051 -140184.93940848112 1151400.4722952486 3158600.050771639 -106198.41901369375 69905.94282227603 -578310.1600399633 -264029.8739039933 1477447.069505552 1019795.5148636282 496071.60661201726 556333.99833757 4435917.944667519 -3878283.958324885 -493829.93366899295 4483684.660569319 951496.5493226482 1717754.7166365539 -2211360.7371191387 -53527.10553368679 426424.6925159004 -663068.9945640176 -214903.34171445004 -1867283.668668507 -2094116.7048127968 -693461.1906286215 -1515264.4040177334 2558033.1279524625 -789521.5883078921 -1472970.4595068672 -63057.052032680804 -1067791.646768544 -1419718.9395718197 -2636872.192547174 -2154416.5167944017 208200.2574119341
-2281832.874995447 2413.1636458290914 -517256.77578549116 -68219.64927303873 3564021.039937507 -1292701.5743646065 -2357178.078456879 33323963.58344003 742916.1792558619 -619878.1280879542 4382887.611008772 592973.9266237686 2875381.578230516 2413136.5175352725 -1974826.052537207 -794369.8956416707 -1681492.0932169014 -2114795.703743208 1759212.4446806489 -529313.975998219 -422476.2837763558 3775974.054230392 -1561649.5031753911 1688122.7409944197 4497778.116474214 -2484894.2756880186 2037289.9567329804 4386919.978833817 -26929.80084515556 -2812468.939938259 941171.4773877121 619502.2799836932 1023742.7516187021 -1442349.1007928108 -884125.6998577969 -287247.01845500927 -528931.3058699662 -602120.035383099 -1566061.6897948736 -3320233.5539006055 -1292492.7834109755 -2193785.9345823745 -2649000.5361270285 3122027.9466968975 -748026.5139130318 -3150290.7336677667 -1766424.9811742487 753357.3628043438 2989548.480008484 1238741.653529862 -43615.65474428892 -2354014.995956361 -2554160.4573847502 4639264.984415434 15050.263160727689 1609417.0911593253 -4043995.0995817194 -1464513.9714261587 -2299176.9625713187 -2886760.7655513505 2839800.552080767 -1197800.0387772704 1963939.0634158123 -907954.1330866402 2119409.0288221803 -127413.43722365418 232113.94095775715 1312648.0703625688 -2124522.1906244573 -772117.6229877623 2538308.6743854424 2430948.0511743343 2150778.1042304677 2261121.1303279568 875685.5977317801 1286448.09108752 -3171744.7626945386 367799.29265560023 105781.16200257096 1305475.2292093977 1700853.3659335217 888052.3373019154 -4402776.46366116 -873080.0513188469 -1765352.4621593137 315256.84002081637 620188.0022757538 723589.7681610856 1401737.9988993837 -1918442.768674468 -3108124.4462743155 2205370.0586262587 635130.5017283984 5349854.812955748 -1571312.7564368332 -1804021.6915572092 -678544.2783568375 -386422.5073290245 66890.21442474221 2668208.635660404 2243760.739965808 -1012240.8736782195 655041.7428754648 -1304656.280450522 5080120.72265573 -3953528.5870001893 -2159023.4039044203 2850182.0128051434 1227099.7317438547 1890950.0222978445 1003404.45513661 -84184.68049820245 1335953.7953488436 523615.6006192212 30276.091167317532 2979661.3578374456 3735208.9358614055
-1029894.505288669 -234540.69344879396 -5005570.518059827 1479514.8260901081 231933.29692114398 -378357.4417165472 4144654.602189048 742916.1792558619 35050842.44008461 1715889.8284667376 7322679.8516908055 1905819.332007411 893601.6428588388 -917306.856545902 2505192.2922102893 -1569306.9545750264 -1276679.7870928517 -4289083.4743382735 2057601.6926178148 1257192.8970581035 196297.20156514872 1719897.182019321 4395758.66366073 -617264.9497017262 2321621.981992737 8261.477728444324 2854935.941633292 1620199.1973872364 477795.97915990883 510109.1123960197 219899.4063612215 40832.736888881875 927706.5527589092 2354540.152513818 2728450.796629408 -1021050.0038907188 -3238839.5642955983 930627.3919377397 775391.1478255913 -5280390.616503593 3028516.277083148 -2062396.469220556 309201.522116322 -2290770.5497320467 -3662721.56712782 -1149657.3321034252 -582993.3103264646 585438.244417729 -1942748.4339163995 -263887.99461167667 656891.1770678924 745376.532353575 4186437.295030288 2255843.76018718 -726759.6069138944 490453.76561120606 2043944.1924999831 2651472.831162568 1392981.5500567968 3171307.4664479345 -1156586.5868467512 114975.06024694198 -714874.7729739452 450630.2656309632 3536488.292399957 736404.9404431897 263369.21572882606 1054744.8367724626 -57958.171518887335 1457884.3587465642 2926738.499818369 -4280710.992646144 495725.99165179237 3298412.0698500327 -1138423.8112516096 1126599.4566682305 -2554444.134072805 5126923.519450261 -8669827.03359287 -744212.9730331422 -1485190.9493503103 -1742812.4680581556 -4301105.653693671 -5621320.396938504 364115.27389950067 -2778682.0023316294 1125503.3445504066 -1332933.473047554 799096.7825684858 -2206784.4325249163 -1782467.1958107124 -985409.4012240834 3946499.099754289 -3194710.767655743 613038.4813456569 -368774.7430470063 1281279.241094752 -3264568.182316201 -794893.042932565 -1216201.110499711 1028984.9866920323 1455884.1531767899 649705.1225924761 -477423.7618410313 1692719.8823586155 1689015.3177602857 -815790.2330616527 -434222.546161294 -533064.282038577 1559391.7948660944 -1497614.2703445347 -101332.17607601518 -225084.85822156683 -1748103.242956066 -2647300.899376639 -3118892.424159592 687046.1720710322
-590933.9399401678 3559673.28600892 -5048607.036633325 3304036.480352432 -1957169.610221849 2125890.603666368 -1487320.6543571707 -619878.1280879542 1715889.8284667376 32892480.69291261 2894289.1176241436 1167683.9625051515 2823032.8886335623 488049.27663682884 -1487362.5484242216 -7218379.629704275 -1625248.4648954098 2710039.9519010414 -1532541.3864335374 -882561.5970511166 -1201660.625745986 184282.68447254956 -1958732.4580525386 1195822.5504504903 317140.0427995883 -92269.2277157542 -1621897.7154255176 -2149546.243471981 -1991566.9715244593 -2177141.3607138135 50204.26772530634 242168.89856577353 -3007137.398216003 682065.9762227667 -2376949.5644606245 -6702672.413999941 1830257.4588992652 -2347674.9236261607 1704840.3730194734 -2117576.132581506 1682993.5163382937 -2673743.081564736 -198790.7920131575 1551838.237520962 -1752904.0298852443 297802.9389562254 396804.66230589757 1099989.7569309594 -590510.308332135 -600463.4662403407 3676268.224959082 2695744.248567718 122345.3645394332 2305341.2154800477 -1653811.9687865968 -47787.78811410604 719539.1843978694 -794602.4113380956 -1107672.2616291225 -1895610.0951658045 -1658054.6941614777 606720.5102823897 1876269.3908826942 -821557.7868449942 2972000.637091149 -2388658.163674507 -420164.2573070571 896318.413893937 405207.52547166304 2793321.0204047984 -1199647.316101605 644704.9136294392 -177750.53925618014 -618504.3183096558 -1397824.09886287 3305102.026940919 1875724.414494726 624326.0326692327 -530149.7876745728 -284961.74188420316 -1561639.2682504335 -1988862.7667439366 3013063.8653179766 -4488000.868893973 -2872502.0538658504 1331310.264617422 2750992.9623589627 -1207121.0886208105 -1269271.9838554373 -1561167.049948169 3665633.335516182 -2404144.5394603815 348320.59830378095 197952.55962793386 -2761735.995812423 -1929959.6600503204 530016.865267918 5232191.506084277 -4132707.306339213 3191870.360226766 -2091093.8880116404 1320920.8848553104 2931623.6444100733 -102122.33899731722 -1565392.4470756443 -812647.8874065942 1644090.1519442038 -2979441.8190615335 1357905.4950250252 -3827761.6264511202 -1045961.5950177019 2535573.792759428 1306705.1993508022 5686167.023603003 -2157650.199025266 132185.09644951927 -1323077.3820162343
-1899018.1326192038 1416826.6130868148 -1858457.2797414574 -2389491.243950051 2855859.3971022167 922636.157749819 1592991.7281889399 4382887.611008772 7322679.8516908055 2894289.1176241436 30148616.075963743 2651435.0515326997 700249.5946306282 3239606.7496194295 -3115292.230387898 2109245.0132743726 1005764.4602298893 -2845418.6167411837 -1119552.2940916168 384734.17181447026 1313108.9631184298 1264918.2450837689 1932678.3287135137 -1188322.7885284703 2360015.175218806 437832.8498926043 699288.202162012 1501327.9365943847 629133.9568742486 4866406.835225509 -1342538.3102766129 2051141.3106542656 -3653409.5123534263 833247.9506117774 718308.6019735748 -1652458.7034637204 3643146.3696690104 1511830.5875224334 3144434.4209903996 -3588290.196582663 3195842.3613063106 987898.5380880428 -1109105.2258962984 -2987838.8477693526 -2924405.1541750995 -4788312.902063176 1062066.711423506 -616689.6405353752 -1130473.6123357282 722048.9134604215 4604278.432582565 -977065.5091087947 2495496.7014348786 452258.1818087745 1938181.411065142 -1658234.6526098575 -1671398.740656884 -4225472.456741752 1268845.7483826901 2127448.9271874246 -431836.72481583507 -1646704.3997682964 227335.80175786617 -672069.2962687552 -1784656.5197491616 -183969.12565602027 -812837.2635481912 1532577.418695018 -827098.2354440632 -741121.587217638 1327888.699273623 3251636.5600037463 -14728.62618417855 2256288.83062081 332045.11408949597 3771879.975801487 239932.45073881192 1441652.8094416147 -344031.0693048809 103541.7052375381 -550354.9582548991 4255263.357504265 114469.11060976189 294709.83704856713 -1499269.0328663203 -2428233.403265096 3777101.733026705 767399.6140887474 2946958.391508608 1825330.9230498034 -3280800.6287980704 1534609.634215364 -3228365.7166998903 -628993.931614182 2799325.537954731 1565718.7211554334 1405213.4692762664 -1200609.3984208147 -1494621.2052414683 1071421.1214749208 5177159.507345559 3303089.0720250285 569304.0625252891 1696587.7482903767 -2748079.1605661353 -2779837.820903932 -2123504.581445947 1562318.370011987 2273356.3414654625 -3578219.972351805 -700182.4937135717 589114.453520585 -4406381.348658986 829318.0395375997 -319520.10302999127 3911952.3608915247 2563127.4143552026
-1961864.1105393125 -942358.8577596805 2659488.172480425 -561798.0469588749 -733366.971161472 1153701.0786127243 -2658152.9031057335 592973.9266237686 1905819.332007411 1167683.9625051515 2651435.0515326997 30044154.782933094 -612627.7137137543 2797042.4626892307 888869.5868651074 -1429379.4131154786 4645952.560748319 -2127782.3853745586 1047862.5462084668 -286495.6931739348 3835190.69784981 1492736.968816351 1768348.09922704 2662342.754720546 1594035.5714753042 1375812.188072528 60014.780257831015 -2015149.7075366636 1735797.974848831 -685165.8314359506 -2906301.1467443025 -1084640.9920499253 -707833.1942936688 784109.3238720387 1586144.9309610236 -2581523.332809522 34658.003569437176 140370.54810536577 1426415.1837767574 -1770445.2318738045 -905038.5263256179 4361777.158207649 724620.681680586 383399.04165264516 1908736.1717126528 910119.4940365133 -3825423.6474606423 2833435.484447522 1679875.4135903737 -579636.3300058971 -172259.1848384702 1178949.2120145916 -1306823.8944640185 -1101781.4760682813 1525130.7701289281 890770.6198502446 614474.1363310529 1197468.602525165 2565652.936255056 1155218.1875212968 -1364382.9481566548 -2303450.5340595683 860376.9038358909 2811139.6672935686 2586132.3788423887 -156118.19657739677 -2051524.0113028171 1284071.4007777602 -1540866.9904221308 2160909.420964018 2482120.8009525 992812.8211440281 -251349.6436859303 1875471.04592022 3207878.9919536184 -1204279.999633636 2504158.5149692167 -142383.4276852689 -1873788.6002336582 -1250891.6488488829 92302.69051828986 1746070.1854454423 -2595104.9438431137 -1740271.0180971175 -222845.95946020845 -2152273.4706326076 1302603.3873866743 -1511288.492880218 -436090.5622312722 -848600.5639090785 3306333.153099063 927222.5807567539 841512.3500561541 -1562404.9682257047 2426388.0088832756 -7225521.513802937 -5514223.626929711 1937715.9112197591 -1108463.927310721 -2664166.986165997 -4924612.864041207 1409022.127123105 -2600617.3067977643 2677940.0752855325 -288415.95511773793 346833.5670894745 3119306.4912870536 -1663438.9976089343 -1659045.514092137 1402880.666117568 551266.7765407568 5410792.309691154 1167686.139722771 446899.8793559865 939711.768406484 4953795.621151437 -2737181.9731747033
6600.874651712296 2333655.2146853176 -2632590.5992561644 -859504.0293278508 -1495900.0462322226 2471662.905263035 3017037.8701239466 2875381.578230516 893601.6428588388 2823032.8886335623 700249.5946306282 -612627.7137137543 32760917.000538856 1402465.9103380893 -1990903.957281215 -1671997.4641051153 63511.970209030034 -851478.4760545549 -2264427.7100458625 404101.41398419056 -1556564.7672797744 117487.82808984013 -2248147.986573043 919480.770131558 -657443.6361975808 -1115769.7082633085 2569097.8790336973 -3231843.4883374083 1234506.72212226 630162.457511424 4246979.9205102855 1281634.261073997 72737.48258897221 5454549.217431368 -1427841.903505926 -1649986.8001661475 2233915.7737092683 -2180882.5626738584 -1072922.279671202 -878492.9330090687 5809088.266280102 -710054.1148148538 -467857.714777124 -2670568.5826255255 766674.0997374643 1275502.677081507 -2017403.6997222456 940123.9230273688 1188735.9309128264 -429064.20887460274 3198676.2650902993 -1741868.5966252014 2841923.9287676252 943144.2697407492 -3104369.737015301 -3306982.8433017577 -1313951.9075492842 -251629.13355477594 -1445971.8022484777 -1636241.8095410129 2263868.597504194 -2633858.1105087763 111255.15497074854 2839508.67824071 2627805.053969979 151496.29612627788 -1663892.7361961182 -3641794.38583956 -4216465.721520629 2586170.6117337863 1239269.6718346106 -1148987.7107058985 2336417.460571666 987673.2519185091 138246.06109366886 1681119.4821847533 -107392.92274442923 4840720.3940069685 677736.3681221865 1329306.7485630275 -2816845.126439 688110.4864237236 2184773.512333858 -470973.9012352514 -1200454.4234577892 -4397045.440236633 -1414806.017774201 6074.07836250571 -3589253.145514098 36881.0038857419 -2319879.6584793096 2036496.9493402452 1057050.5959739573 -2455324.2791572753 -1664599.4936644298 -3118814.0665553296 4381405.775940809 495300.4446302698 -282519.34748202516 -90459.99614330968 -245928.2709434276 1690682.4822416678 3092273.1095940773 -2054613.9032979505 -5221687.221299994 -3148631.051971263 -927338.4608551768 -429194.8435122988 -3305936.0235187234 892132.9006055044 1018604.5352993719 2152351.3787251147 4329090.070562439 -1285782.4394221243 1107717.1362179278 829545.1528358737 -60197.26133323792
-1434229.6528822912 1667562.4087444756 2737342.121602136 -1059745.170559675 5255849.854556062 1696424.512151447 -454141.2219775089 2413136.5175352725 -917306.856545902 488049.27663682884 3239606.7496194295 2797042.4626892307 1402465.9103380893 31086599.487012167 -2694594.263528258 -745892.2273105086 2076219.2845363978 3715370.853396698 -99073.69224964324 1634882.403989348 3044637.730968145 1248616.1347161834 -4765184.952993665 -1027038.2773171994 938403.1715594406 -6707244.105177373 -3138820.9222912425 -2634417.6336675845 2699785.205434156 -3147136.408094916 1576805.1330799074 -2246242.545738288 -4082105.5011387323 -1413228.990315412 -1248413.8024275834 1966320.270616275 1460693.4417181727 1428557.1824333956 -1003228.8334479339 -2121523.8755197087 2824406.250830922 4021658.58854384 3172555.380284741 738022.3274775317 -2945308.8314954718 3542594.7502243062 3788845.563209257 1235933.1532205965 -3967329.0247979183 933322.0312635361 943634.3036157547 55406.134172985 1541276.2572125094 -841527.0129310676 3947832.9961167853 -187244.04118872967 -1719797.053634957 -2041434.9911500467 -617884.2043884025 -4632177.4057082785 2450648.991637428 1150968.2006432253 1992591.9374901315 1534210.8619956702 -1848963.9621322514 1594749.2108391325 1555021.883785229 -335183.8556288422 -601745.8512762549 -1829413.4385141092 -2319435.758184452 939955.6400084349 -3145483.6882323474 1141679.5998543804 -2124493.564873254 2030611.5995064524 -3478848.528157914 676009.0763386466 1075096.3806571057 -6849.193528803186 2144990.5158254537 -1724346.0569842528 636475.0364634866 642200.5312669593 -2105498.8033106546 -321770.318445984 -2621156.6213426352 1414180.379726183 822141.1123556294 -4065575.416260519 66137.71069856077 -525964.6920990555 -1963925.96636017 -1847762.133586744 -83444.35692545061 3774050.9188627563 2849755.537338293 2373582.6722807107 -2878427.0734148673 -537930.1713156906 6125.936019423935 1990560.2097203399 2284337.496790519 1959802.5589792782 -1355250.3516088778 -3313473.3151919623 -2689006.846926016 -839087.0752102165 -282294.9054214326 870767.9841576935 -1744686.2775448505 -1210378.1417480633 1869606.485275058 -962171.8156388598 2039052.2540345942 -2817908.7629900067 1154157.3087264637
-2042248.6512166427 -4440602.447842184 -2422861.079210382 -70950.07352355927 -2377093.8330849223 -179125.1954845816 1241837.065059703 -1974826.052537207 2505192.2922102893 -1487362.5484242216 -3115292.230387898 888869.5868651074 -1990903.957281215 -2694594.263528258 33727816.69828221 -4130791.262300509 -1841534.3759214373 -2876086.8434188804 3932072.7034769333 -853978.9721935035 -1750253.3280015679 111917.0210445152 4244540.024046465 -235333.94786577526 -134541.41455790083 317796.7958067461 -3137972.141083541 -3898231.1396631044 2424520.9173527514 -2219128.350715368 -2127890.4316985267 2533143.926754878 178832.06049722712 -893247.6509325333 1151480.104491304 -1231026.8812184918 -3162393.8622927913 749202.1983796987 1103735.2668787558 509431.68882512936 -763397.5388444118 -2821620.817252808 -6541476.39849681 -924533.8321376647 658806.1030836314 1777758.628433174 -1176723.179879202 2472200.107239886 -1373340.796644504 -2722232.093523307 286836.4454971722 -3425127.5712745814 58853.36317089231 2120860.8300929507 1772815.4226758957 -3182393.989185967 -1018179.7546321654 1066203.7879941587 -1229043.5409299007 1073579.070439117 4438445.193081432 1351628.397336998 -1403102.2304014554 -555507.7401243448 -2259118.540188402 -526282.638718425 980279.0319157476 -948021.5229374928 -3162237.7407164834 -3275776.1117643844 -833110.644577144 -3550350.174098603 -911687.8137425877 -1674498.8871094878 266830.9687426576 -3246278.9961732295 3058138.878949251 -1184001.592882513 -1525624.3279863952 -4054525.565836144 2109841.443118118 -6560950.918174153 -1553204.9822256493 1485755.3888935621 2842007.2060024375 1526240.899492069 -1378312.8590838346 -2413670.6343639563 -2872352.3834043294 -153678.62707888652 1242617.7216336671 2988187.760971328 260833.27631557643 -586215.890504295 -482554.6292965393 -3928178.985019755 -331465.85705056484 -270012.3888280372 217057.73272802363 649801.5811582019 -250171.41724204583 1198844.5593981077 -36231.38771544633 -2243600.482001552 -1765940.6928239132 -3582623.4712266857 -1222136.4616125347 -2124932.5611238433 674661.9843393324 699840.2694985337 4228199.568096917 -2692058.1637138687 190345.01458508385 -4104567.932638181 2834299.824758995 -2654088.855567818 -5192733.1106744
-6305711.005298406 -3368063.567287737 950327.8884764547 -1394705.868213539 2833672.6777243456 -5126482.912288751 -323136.07083199744 -794369.8956416707 -1569306.9545750264 -7218379.629704275 2109245.0132743726 -1429379.4131154786 -1671997.4641051153 -745892.2273105086 -4130791.262300509 30590355.730212715 222689.16687252704 -1593824.1362163466 -4561582.497050282 -792046.4296608231 2476851.0278909504 -2658075.0553982533 3171078.5861272686 -1279200.5186059466 -2251088.4484874466 1571854.9349052398 357962.11767118354 1402710.2431627843 -619608.05384657 3770303.9828580385 1377816.220238632 3411193.2701068856 1427604.451922169 -4210965.485137312 -3172763.8079437255 2948134.908007527 -891216.9533119033 -63810.48201928367 4142720.0993778477 2617252.94849779 635593.7613109588 927792.1878514993 -137651.3115885782 2641546.2624647534 -1428229.6083959402 -1454664.4613664332 -558907.3804785385 -5348581.266185952 327618.7147588122 3370412.95302063 -812622.2705245072 -1231290.365043568 2101963.9993885746 -2210485.4027112816 -1984034.4199521753 -1790179.3630471532 -2180237.6501793 -1080597.5149064516 4024250.883801144 64743.630845734646 -1820336.3188011458 -1988839.146732579 -407462.10259903746 269514.71768685506 -2239794.37202098 -620612.9160699621 -2190398.964574993 -1487937.3014782006 370866.55191143655 556764.1092328486 2442362.055389463 3111454.0576753 -893976.7010793849 -298255.42652080324 -2487092.389548674 -2354575.996296515 2465345.669129976 1723256.7528247403 248526.27640541643 489097.080434017 1871517.9494551006 2922548.3110245545 138993.54950980737 1383193.4154479553 758043.4311780802 -185361.9873656783 -84996.1257630681 -1187975.8082859195 4303976.286495928 429511.3408021677 -4648507.308039261 1325544.7929548293 -4087947.906840971 2416612.538360057 -1040322.2588484862 -1770450.4777677609 1089978.1188348855 -535548.3049788664 1287082.8773272876 830092.0917334438 2273753.1767697157 164825.67216604765 -1673162.5319551663 -40351.51791592012 1524153.1178097893 1563675.345063517 837193.8071328131 262765.1951817648 -3749264.740378219 1573158.736351904 3553777.741986739 781556.7796640905 2367437.368450199 430694.6212853606 -1018425.2251645357 -117703.24297947288 3724777.802393574
-3134802.542749577 204936.9552719856 2336283.012986474 235812.58108796435 693682.4266036323 1715891.3507125846 -3187112.2821684573 -1681492.0932169014 -1276679.7870928517 -1625248.4648954098 1005764.4602298893 4645952.560748319 63511.970209030034 2076219.2845363978 -1841534.3759214373 222689.16687252704 31165403.424522083 1418834.4963475238 -2049627.56439504 -2635793.0428630556 1550076.0387349774 -1719633.6721043708 -1753977.9441265615 1636646.0662725852 721776.7347666001 -157672.06039820274 2172667.1741722487 -2115204.0507606203 -3106334.956444482 810043.1579846978 846136.0027414769 1201894.6974609871 -1932450.1470355075 -759369.4194037056 -3746296.5557193253 -838600.7853886052 383837.3141357345 -1745262.3413267618 -1847481.0669369553 1372002.4374831284 3106336.9767560447 1199530.3950079882 -505981.5502322088 191433.3227410275 2575880.3464100915 2398991.41263353 1361550.9387395715 1500601.728545757 -323464.15006828716 -898138.409453491 -3922161.081113699 -2796947.0888121007 1453845.761618338 -3268504.0000409577 3446019.2523742486 -1771588.3428381113 5237358.546143345 3130123.9513106844 1285982.14988724 -2199201.7856593886 -1015507.603443545 -121223.97131274786 1247147.358621471 183609.1295797147 1966172.2264493587 -3231719.7553779813 1767891.326506503 -339739.25914844696 2649440.2417144766 -873912.7196115953 420806.144493872 1675943.854753073 -1203547.3338395047 -1561614.9815700683 1030962.1883957993 445615.3253548127 -976783.5784289007 -2778204.318433816 -1122574.5934994938 -545582.8825247264 -1313128.8606749922 -756312.0469255417 -1791468.8082902227 1940277.0382146032 -849833.5043022293 -528504.1477087354 -2418583.8768431908 -1484179.3952136124 1396360.8679015054 621238.7368892635 69814.04186976896 -1972210.080338208 35502.19180492086 -605476.0355826196 -121085.14099548572 34455.787787103516 -4742984.374893165 -571512.8381235999 2663311.556113064 2477399.373654862 347448.6175906092 261656.4748087822 -594404.6457648634 597768.4732720586 -3174853.1254146346 3041483.707495136 2200657.5921110115 -1144135.5255020054 862677.0553710782 -3957261.1822848106 4383008.521642973 2047365.579263324 -4006124.5137326787 2549915.095483792 2640860.800894154 -513823.48331961554 -1365862.3543053423
2362928.875544039 1628841.2658160971 810616.1818331926 -1700113.1481943573 488135.42942281597 1972825.5544579814 -3080107.446109998 -2114795.703743208 -4289083.4743382735 2710039.9519010414 -2845418.6167411837 -2127782.3853745586 -851478.4760545549 3715370.853396698 -2876086.8434188804 -1593824.1362163466 1418834.4963475238 30544255.72299383 911546.7937414063 -2832082.654943255 2387991.8032279047 -4708679.483008268 -2266377.8894380755 -2222249.0716501977 196352.20023432907 815270.2237343965 -2241826.6963800164 436212.24501335894 1056992.6917155308 -4669408.732933884 1016560.1212746074 1254256.3647629404 -545992.3782576389 982279.9823691547 -905885.9866927497 -1989556.7918486425 -1826396.162683894 -4746359.80170827 547812.3158962865 -699436.2677884775 208209.22886295675 -1733695.5386743587 232976.41804473978 3309479.8833227484 -708734.898823235 1796315.1408285184 -1301122.7718553378 -2550075.3335116673 -909963.1094240642 538164.6227888068 -2180718.5365737644 -1580992.6217313642 -57526.732182838365 -1720586.7241373896 -375401.028777343 1385896.2891337585 246271.4305525788 1317233.579929713 584328.2438349933 1621778.4782976636 1245195.7340443367 2108665.8281370285 1250214.308685617 1212639.1118389675 -1912622.747733881 2205868.7114443895 813069.3311084175 1831476.2537728148 -1243120.6955013222 -584317.6899855223 -4348299.19497759 -907106.8171030353 -1759148.4728371282 -2915847.694088748 -1217315.6609010976 239387.26816672352 4480242.016242242 -1193666.643659547 1253209.8083443227 -3018015.648917508 379745.15050356946 1395865.148583756 1857197.644682142 755535.2242928132 550186.4177368628 -602397.4722256435 447427.9934998397 -3016482.756714759 -2014167.8650699416 -306798.2493485154 -2407091.893231063 1590982.9734032697 855150.707154193 -2109520.0634509306 1578013.0269602558 2541345.9236212578 -2002036.5928180576 1733177.0327077147 -4374142.447555769 2719577.1184027097 -19172.44114562326 973192.4030584758 94542.4027035326 -1394169.1876611349 436454.05999544176 -1277748.8267721701 434820.37048738333 177572.95052258152 -220655.0056003025 -644180.2613000402 -2708532.3720442723 -1034216.0591106741 1130919.6651501865 -251699.0753410573 484061.74454479467 -2324523.9725207556 -2780266.7541831443
