36674886.693703845 -925240.31224394 -4562058.797028081 -123045.55161143279 1828626.510501416 -754699.0048501322 2624407.5800231267 -4209048.155436009 -1786245.2445295106 8688882.564887691 4157934.760709342 -1856106.440722508 -1762508.713969941 3947674.769839661 -3521280.8479121127 -5707856.060507973 -3180995.5197019987 4310587.6632949095 608613.1285851953 -1097140.0125116499 -805438.0102167651 2120386.151707117 109392.52347273857 -2358189.004788122 1793221.8279675038 -3039430.61710146 1588903.807581687 -2639170.262228176 2469358.0940387486 1743431.9584315608
-925240.31224394 33127513.53841921 288371.06027897523 5305.216889883752 681716.6874456847 -3427675.565045544 33433.081044424485 76196.06290110429 4884124.926934641 303571.11710240634 -1309918.7678156742 2838845.5996320425 1500892.6947865596 -5165617.130601447 3442961.630748056 -1150788.952751947 5270792.803705044 -728044.5188690736 -1031754.9747200545 -6162079.074316083 794353.2820744123 6134947.348966402 -3668097.632628375 51350.212356436605 -36346.169517127535 4790395.097999407 -1204271.0843074378 5048176.981353692 -7371724.878823765 1791997.1399755983
-4562058.797028081 288371.06027897523 32167590.413752172 -329562.0219716522 359989.88843677426 721980.8330937532 -3285978.0672273226 4042667.3695572135 -2832311.510692084 -3142089.207499861 891079.5008101973 1312915.011011334 3174159.4665073785 -1953543.71991118 -1225341.3529049123 182785.98230849425 -944164.0542848489 141740.13352786316 -2890691.8043218846 -2743085.7398007303 218982.913859694 17534.863155763895 -409400.3562542364 3682384.4411696624 -397945.15755532746 981196.5779248849 -3436922.95649468 -466834.8451935855 -1333358.7468367456 -2671161.2600376015
-123045.55161143279 5305.216889883752 -329562.0219716522 32443224.965920635 752227.6956484425 -1393857.2821978603 3341134.85543406 -2496114.339068497 -495071.94393270405 2016680.9339861094 618635.7234771069 -331620.45999885583 -703293.4458304992 -3796724.034125767 3509873.282867278 -860087.9536529727 3846027.6223090305 -5879208.318931687 -3002618.195725122 -2554661.7781427586 1649019.619612854 -2050145.1481890134 652767.1044807904 951012.4337040968 -3333216.981336225 3817660.883249249 2775608.7320932792 -2451170.465621162 -291208.7687845026 541021.7026020609
1828626.510501416 681716.6874456847 359989.88843677426 752227.6956484425 34562342.52794366 1898027.9109634412 1587634.3379412016 1289032.8571030814 -822763.748577283 -89944.86167243727 -2536792.8349541905 -2596253.301269679 642197.8280679029 4296865.008151932 -1442941.197619948 1314743.4447887011 -3223284.8685695576 259736.02773125813 6249842.219265273 -1973682.3168006826 -4749238.7597980555 1019715.8014383712 758596.6657104482 -3778947.137773178 951812.572258405 -2500754.3921934976 1992744.6694624298 -3839221.7655530446 -1678080.8144762777 3056903.9802490044
-754699.0048501322 -3427675.565045544 721980.8330937532 -1393857.2821978603 1898027.9109634412 35099805.47000335 1543527.1556932272 3130166.3866951163 -1317769.0409637345 3129162.50850093 -3890989.3790575955 -682148.7513349847 -642974.6967042197 1252345.3735062745 20187.44497811781 -3758634.5729473066 -1705757.0872641255 -1180384.0978210126 6591305.015998484 5433553.543879675 -1437052.101999605 -1996174.9125261267 2597779.7546290774 -539523.1302100504 1302536.797627858 293754.6343026251 3038593.793564852 -1761632.7287078812 5262959.756565996 781979.1603822041
2624407.5800231267 33433.081044424485 -3285978.0672273226 3341134.85543406 1587634.3379412016 1543527.1556932272 27687657.99764484 -3023858.530704538 -1620115.1727457428 1682858.0433166756 -2165174.8420907613 -1468462.9115415786 729681.91091396 -577439.7213166589 317867.23085054086 6943287.798995541 -5814640.584993807 -3721950.3250435907 3780629.4422838315 1155583.3629922983 -74508.4142239223 1104940.8773021805 110835.37055574423 2186296.4040673957 -1638172.2218659713 895488.4901481494 -3036910.2438880973 982114.1074577172 -757460.8724610677 -3905311.5277736085
-4209048.155436009 76196.06290110429 4042667.3695572135 -2496114.339068497 1289032.8571030814 3130166.3866951163 -3023858.530704538 32338721.64342256 3171318.16211856 5105314.291005182 2174922.980969076 1810267.3978413017 3360474.021012581 1136046.707491378 -2621250.7593695046 -4851749.429251976 -495714.36014461867 4089110.88955465 -7024771.91834486 -2402180.94749102 -2587228.968398997 2204585.2257243874 -5974181.482628703 1724765.8272415246 2158778.118214708 -3395970.5970083675 4302220.363953779 -865446.6927262015 927434.6129936123 -423564.58713518473
-1786245.2445295106 4884124.926934641 -2832311.510692084 -495071.94393270405 -822763.748577283 -1317769.0409637345 -1620115.1727457428 3171318.16211856 35067182.56866354 -1072537.7566149891 1028746.4360289704 1958431.2473196376 1101650.2527424493 -2875738.6777207237 -1624283.59498418 -3138993.5062422445 144835.0219207817 4781705.802572981 -1732038.1060623284 618524.1289503962 3174522.7973516434 -1778955.2645462966 -2665635.685623791 311895.84276890656 2803246.3718920206 -672001.5291901391 2105301.1066463036 4059801.0145777413 -4927256.922993334 1223983.4511208816
8688882.564887691 303571.11710240634 -3142089.207499861 2016680.9339861094 -89944.86167243727 3129162.50850093 1682858.0433166756 5105314.291005182 -1072537.7566149891 35999027.19847525 4314698.504449139 -470845.778319395 -4086785.499088103 468385.34408924606 -1084119.500563708 -5252364.927984715 -1872632.1904281783 1768482.7052109686 1677436.8081324194 -1422026.6258372364 2723099.7361808545 -3429940.042944733 89700.77179954207 -1774455.8597782408 149505.07466924607 195393.3824945953 54514.76772554307 -1858679.4687465874 4900835.87903962 4334489.597401489
4157934.760709342 -1309918.7678156742 891079.5008101973 618635.7234771069 -2536792.8349541905 -3890989.3790575955 -2165174.8420907613 2174922.980969076 1028746.4360289704 4314698.504449139 30385060.933836535 -1571059.447308643 5040947.23342254 3344688.360892615 603376.1823768355 -5317919.23218061 2570910.32161076 2248400.0096377395 -3824560.485876655 2035326.1005824648 -680015.3790229907 2014041.1686378 -4958037.4743861705 -5393794.734670185 316048.7271635391 -1982958.857251244 -1643073.2666244118 -2821161.59814549 1764489.411890902 2784025.921157136
-1856106.440722508 2838845.5996320425 1312915.011011334 -331620.45999885583 -2596253.301269679 -682148.7513349847 -1468462.9115415786 1810267.3978413017 1958431.2473196376 -470845.778319395 -1571059.447308643 31538536.809920616 -2205308.1347226882 463618.1376674545 4293016.402134671 1796947.5266274132 -2029259.9410828592 -939004.1459968908 2875886.50083795 -2126362.92252485 283754.33918765537 1311390.3162061218 -963783.954539884 -613707.6040810935 1351450.877687583 -2296118.233224276 -1129507.8189069147 4962731.917535464 789282.14686949 -1249384.8938777314
-1762508.713969941 1500892.6947865596 3174159.4665073785 -703293.4458304992 642197.8280679029 -642974.6967042197 729681.91091396 3360474.021012581 1101650.2527424493 -4086785.499088103 5040947.23342254 -2205308.1347226882 30393732.912379712 2840712.809382982 2545021.014216461 -1764922.5565310344 2942994.0814820356 2869762.58634042 926043.1336898068 540140.5076807912 -2760630.4355319906 -1200609.7601782288 -2790726.009305966 -1530821.5373320319 414903.79030379455 -6930807.637631702 3010246.5183853013 -2124238.722676316 2606671.7218577266 1430475.2943542795
3947674.769839661 -5165617.130601447 -1953543.71991118 -3796724.034125767 4296865.008151932 1252345.3735062745 -577439.7213166589 1136046.707491378 -2875738.6777207237 468385.34408924606 3344688.360892615 463618.1376674545 2840712.809382982 32062013.786458746 -3027317.611044155 733295.8582301982 778525.6999443417 2117498.3718249686 791185.5403189874 -3821010.4475370036 1957341.6850226964 718822.3486549339 1874026.2388623767 -1801340.1581347566 -1269576.785406646 -2262223.461569743 -1137180.5602277706 -489431.4270370644 3908426.1985258106 1858568.6643111906
-3521280.8479121127 3442961.630748056 -1225341.3529049123 3509873.282867278 -1442941.197619948 20187.44497811781 317867.23085054086 -2621250.7593695046 -1624283.59498418 -1084119.500563708 603376.1823768355 4293016.402134671 2545021.014216461 -3027317.611044155 33848468.85318703 862234.3813167011 879077.0252602283 -2241209.485220818 -221718.32157629915 -569826.0320663096 -1504174.8874181134 82027.45510258216 -3566568.607889798 -422047.8484071198 -1993086.2124815423 -559728.4533384998 -906257.6570649314 3400010.779929686 -576448.0816657768 3774303.8229383663
-5707856.060507973 -1150788.952751947 182785.98230849425 -860087.9536529727 1314743.4447887011 -3758634.5729473066 6943287.798995541 -4851749.429251976 -3138993.5062422445 -5252364.927984715 -5317919.23218061 1796947.5266274132 -1764922.5565310344 733295.8582301982 862234.3813167011 36748155.473993964 1702417.3851706919 -1983553.3188935928 984777.2446805324 -769889.9034587813 -1569512.3051767861 483648.39119008504 1888352.948260342 5359480.1174647845 -380844.21627266495 -1859824.4402529504 -5917220.656246054 3050338.594255956 698983.969648911 -198558.37805617604
-3180995.5197019987 5270792.803705044 -944164.0542848489 3846027.6223090305 -3223284.8685695576 -1705757.0872641255 -5814640.584993807 -495714.36014461867 144835.0219207817 -1872632.1904281783 2570910.32161076 -2029259.9410828592 2942994.0814820356 778525.6999443417 879077.0252602283 1702417.3851706919 34188604.51617796 478844.1537577844 1155143.6372183682 -4438737.057350094 5926515.139361444 3841922.754571496 -1678615.4283669074 -874600.3269211287 -1961179.3064882716 -1868798.940927925 2014207.474169441 -40126.25383595728 484409.6715769038 577701.5586098807
4310587.6632949095 -728044.5188690736 141740.13352786316 -5879208.318931687 259736.02773125813 -1180384.0978210126 -3721950.3250435907 4089110.88955465 4781705.802572981 1768482.7052109686 2248400.0096377395 -939004.1459968908 2869762.58634042 2117498.3718249686 -2241209.485220818 -1983553.3188935928 478844.1537577844 36111195.5360875 1996013.8948545638 -2746507.5438302835 -1048951.6813349808 -3530010.4262935696 -2282318.311373484 248755.05236917213 1705512.7880663048 -1142872.845859074 2645810.9006394576 -2993298.827859981 -3796634.038631686 4223083.982568651
608613.1285851953 -1031754.9747200545 -2890691.8043218846 -3002618.195725122 6249842.219265273 6591305.015998484 3780629.4422838315 -7024771.91834486 -1732038.1060623284 1677436.8081324194 -3824560.485876655 2875886.50083795 926043.1336898068 791185.5403189874 -221718.32157629915 984777.2446805324 1155143.6372183682 1996013.8948545638 35638171.073932074 -857096.6629586646 -2047996.3547955225 2320849.835501995 3389072.868175932 -271635.28054982075 -1672359.517944884 -70871.29827859622 -1421810.6097587692 383299.16356753337 -669371.7798213946 3232672.1457592794
-1097140.0125116499 -6162079.074316083 -2743085.7398007303 -2554661.7781427586 -1973682.3168006826 5433553.543879675 1155583.3629922983 -2402180.94749102 618524.1289503962 -1422026.6258372364 2035326.1005824648 -2126362.92252485 540140.5076807912 -3821010.4475370036 -569826.0320663096 -769889.9034587813 -4438737.057350094 -2746507.5438302835 -857096.6629586646 32676088.925443836 -3742378.9591932646 -6046587.691822959 -3489482.6361647816 3173021.021058987 1571377.7289648897 -1833383.7331764163 -183886.71947942665 -499365.2452352905 -1478032.3486398805 -6168999.063529599
-805438.0102167651 794353.2820744123 218982.913859694 1649019.619612854 -4749238.7597980555 -1437052.101999605 -74508.4142239223 -2587228.968398997 3174522.7973516434 2723099.7361808545 -680015.3790229907 283754.33918765537 -2760630.4355319906 1957341.6850226964 -1504174.8874181134 -1569512.3051767861 5926515.139361444 -1048951.6813349808 -2047996.3547955225 -3742378.9591932646 30637577.04691082 -3735338.0848454307 2000838.7931826198 460034.23951674876 -1172532.3173401786 -1747323.8136097426 210739.61749567435 444632.95815658575 1420779.8186661745 898515.7864335688
2120386.151707117 6134947.348966402 17534.863155763895 -2050145.1481890134 1019715.8014383712 -1996174.9125261267 1104940.8773021805 2204585.2257243874 -1778955.2645462966 -3429940.042944733 2014041.1686378 1311390.3162061218 -1200609.7601782288 718822.3486549339 82027.45510258216 483648.39119008504 3841922.754571496 -3530010.4262935696 2320849.835501995 -6046587.691822959 -3735338.0848454307 30852545.57745483 -3484922.5765232556 -4372586.340601604 -5314606.70421694 2033698.0586938658 -6103609.806332376 -162846.33878664923 1445433.9431887348 -3155809.378438493
109392.52347273857 -3668097.632628375 -409400.3562542364 652767.1044807904 758596.6657104482 2597779.7546290774 110835.37055574423 -5974181.482628703 -2665635.685623791 89700.77179954207 -4958037.4743861705 -963783.954539884 -2790726.009305966 1874026.2388623767 -3566568.607889798 1888352.948260342 -1678615.4283669074 -2282318.311373484 3389072.868175932 -3489482.6361647816 2000838.7931826198 -3484922.5765232556 33095101.643075705 -532414.0430638186 -6079393.613810325 647140.7663404592 -59531.354713623354 -1259323.2930640255 2477909.255362806 -2132855.7081679967
-2358189.004788122 51350.212356436605 3682384.4411696624 951012.4337040968 -3778947.137773178 -539523.1302100504 2186296.4040673957 1724765.8272415246 311895.84276890656 -1774455.8597782408 -5393794.734670185 -613707.6040810935 -1530821.5373320319 -1801340.1581347566 -422047.8484071198 5359480.1174647845 -874600.3269211287 248755.05236917213 -271635.28054982075 3173021.021058987 460034.23951674876 -4372586.340601604 -532414.0430638186 35165232.074630655 -6352012.098778317 -1191051.4009596987 -6460172.432991863 3669301.654538752 -835275.814904307 -2338013.666441709
1793221.8279675038 -36346.169517127535 -397945.15755532746 -3333216.981336225 951812.572258405 1302536.797627858 -1638172.2218659713 2158778.118214708 2803246.3718920206 149505.07466924607 316048.7271635391 1351450.877687583 414903.79030379455 -1269576.785406646 -1993086.2124815423 -380844.21627266495 -1961179.3064882716 1705512.7880663048 -1672359.517944884 1571377.7289648897 -1172532.3173401786 -5314606.70421694 -6079393.613810325 -6352012.098778317 32723907.944273803 -1926581.9746285847 3510631.167152863 -5439144.114502645 -1402590.3343447212 -3911423.049055538
-3039430.61710146 4790395.097999407 981196.5779248849 3817660.883249249 -2500754.3921934976 293754.6343026251 895488.4901481494 -3395970.5970083675 -672001.5291901391 195393.3824945953 -1982958.857251244 -2296118.233224276 -6930807.637631702 -2262223.461569743 -559728.4533384998 -1859824.4402529504 -1868798.940927925 -1142872.845859074 -70871.29827859622 -1833383.7331764163 -1747323.8136097426 2033698.0586938658 647140.7663404592 -1191051.4009596987 -1926581.9746285847 32297175.587919667 -153095.2877568108 2893605.546726302 -7058768.2289312845 -4639753.7622499745
1588903.807581687 -1204271.0843074378 -3436922.95649468 2775608.7320932792 1992744.6694624298 3038593.793564852 -3036910.2438880973 4302220.363953779 2105301.1066463036 54514.76772554307 -1643073.2666244118 -1129507.8189069147 3010246.5183853013 -1137180.5602277706 -906257.6570649314 -5917220.656246054 2014207.474169441 2645810.9006394576 -1421810.6097587692 -183886.71947942665 210739.61749567435 -6103609.806332376 -59531.354713623354 -6460172.432991863 3510631.167152863 -153095.2877568108 31761145.859992467 66189.92962684389 -148229.19348295507 4457492.349253954
-2639170.262228176 5048176.981353692 -466834.8451935855 -2451170.465621162 -3839221.7655530446 -1761632.7287078812 982114.1074577172 -865446.6927262015 4059801.0145777413 -1858679.4687465874 -2821161.59814549 4962731.917535464 -2124238.722676316 -489431.4270370644 3400010.779929686 3050338.594255956 -40126.25383595728 -2993298.827859981 383299.16356753337 -499365.2452352905 444632.95815658575 -162846.33878664923 -1259323.2930640255 3669301.654538752 -5439144.114502645 2893605.546726302 66189.92962684389 32964040.47923714 -569251.7386296925 1267927.217389352
2469358.0940387486 -7371724.878823765 -1333358.7468367456 -291208.7687845026 -1678080.8144762777 5262959.756565996 -757460.8724610677 927434.6129936123 -4927256.922993334 4900835.87903962 1764489.411890902 789282.14686949 2606671.7218577266 3908426.1985258106 -576448.0816657768 698983.969648911 484409.6715769038 -3796634.038631686 -669371.7798213946 -1478032.3486398805 1420779.8186661745 1445433.9431887348 2477909.255362806 -835275.814904307 -1402590.3343447212 -7058768.2289312845 -148229.19348295507 -569251.7386296925 31569414.77533438 -1655082.8139079122
1743431.9584315608 1791997.1399755983 -2671161.2600376015 541021.7026020609 3056903.9802490044 781979.1603822041 -3905311.5277736085 -423564.58713518473 1223983.4511208816 4334489.597401489 2784025.921157136 -1249384.8938777314 1430475.2943542795 1858568.6643111906 3774303.8229383663 -198558.37805617604 577701.5586098807 4223083.982568651 3232672.1457592794 -6168999.063529599 898515.7864335688 -3155809.378438493 -2132855.7081679967 -2338013.666441709 -3911423.049055538 -4639753.7622499745 4457492.349253954 1267927.217389352 -1655082.8139079122 32692911.8362141
