34636644.00664929 -2374552.960968938 -3328889.9231639565 -755095.8205901219 -2165802.1609255904 1154980.0350535477 -857212.5773462758 -1435059.7209226168 -230287.85145102473 1598205.1148955263 -3508909.735082127 -167007.52046370262 -4691278.144184376 3344019.643603289 -1315695.6011197248 -1965515.360037101 -913427.4394472789 1565343.880406305 -3817337.373065048 1241704.7199839563 -328576.06703507627 927438.0709711509 -1628348.6415071934 2411786.834928182 -806505.8065840317 3240101.923749345 1014300.7701321003 -1795825.6524738718 -1569492.5446512029 100143.47739860821 -1800449.8514107405 -3219390.830765353 -1044182.9117446835 1148600.4271033579 -32590.111335804726 131225.04858271047 -1878757.320681634 -1858866.974844925 -2621066.7453014385 -2666306.766740587 -110451.25878913108 921022.3158725402 -1726534.9367744979 -690846.7487277577 -1446285.2692883532 -2216672.158775677 -1601917.6538153247 1185483.1844378426 -2675058.214016961 -814133.7077938714 1107851.8231592292 -1806139.5678305626 -3587873.5069769397 1542081.9643944728 -2471209.8264759313 -2589790.3775402457 -3881694.737897714 743660.2989710439 -768046.6206175671 -2231836.1730146096 -3475443.980623601 -3342591.7633498632 -1127352.0567694562 -280039.3385815273 -1596558.5535642938 -3118921.000916164 863286.5183888979 218937.9778351788 5995215.268017755 944883.4951183331 -755790.5303128152 -715202.5749387111 957700.7244351913 1519529.586566632 -547878.9470266142 142309.2295429287 -2857098.7592688836 -1321872.379962387 -272120.4560041921
-2374552.960968938 35001433.33227797 1198296.8109928118 -1480300.9301890035 -37725.20975459189 1719576.9091322892 1152943.884049225 1556355.2020431564 -552981.2171595338 -1434770.4183752595 2682102.2312480654 -1496677.4654542732 -1177134.1653535734 -2594893.5042795935 3622140.154592425 -26166.839537281918 2292501.219733855 -5208638.564374576 112556.4800039116 -1460407.5284216942 11821.335600033324 -7420889.552413006 328346.3050349234 1366096.590515738 1590630.7474791685 -3622526.0872111656 -3184867.359263817 1828375.0223592485 663368.5147924495 1432031.1794293958 897799.7048229113 1446445.2278148453 -1813013.4200822539 -830707.8223133666 -1772181.4034785908 -1176876.313566045 -1110342.311633782 1201103.936230789 152541.3146543624 -301901.8605972915 378491.07984630216 1302335.1850467105 -1637126.7540479603 -1725404.6944881643 872648.0827426888 -194261.9162425126 3583702.849910406 1062214.3910772514 1857262.4180431047 -2165216.3490122934 25759.899529089384 1491550.5977044113 456894.8727325955 2165458.3211179604 -1553310.52853146 4510523.304916307 -1260132.6825563386 -2805232.67118434 -3810563.149901928 -691394.6827822137 637125.8912157124 -907435.9596809234 -2482387.983770759 -1712632.6029324182 152316.88265061463 1819729.881020404 863168.2831627781 -281516.69731742574 1397580.2841964166 -1461819.688183221 2000465.881868247 -1515118.8113126243 -1220995.9552299376 -2096370.5900876024 -3182656.920243534 1700228.8474458326 -2426477.488788036 -287708.83005710336 -571966.0111965615
-3328889.9231639565 1198296.8109928118 29926339.959825322 -1819142.0369552698 -854117.8779777334 1450523.6565739021 469096.14708405785 -3232008.8334491025 -320971.9850139681 -3467402.9998253267 1650484.29843578 1201465.8466772486 542940.4232289626 2637418.175512728 -1690754.2479809409 -1714856.1401701402 -1062789.9724198491 -2298865.164358334 1006590.6259194094 1314513.5108271986 1864824.3231540574 1907799.3483072426 -3541261.476173366 1607310.361778005 1218377.156607546 -360056.58137693745 -3228082.0600054394 1923535.551457605 2238802.410548635 -155045.90131971036 1678000.2233443689 690661.8753180973 -366401.8083409458 2319208.568749008 1142423.8565311993 1760192.0643002358 4026511.5897217514 2996791.9734316007 585455.1828972772 671013.1702094353 1278593.758968098 1041379.2614179695 -172180.93085873945 -611287.8830570569 854135.269710661 -1990695.0821485866 1338595.4832673483 1688443.2770721647 -1288005.1544643133 -407930.12163578614 682151.2246906423 386395.2296708531 2583202.954862026 1018359.3169122486 1615492.5585718416 1529574.1289750594 -832998.3411442684 1166530.3296161632 -53882.79814014457 -1463720.8335938922 499692.53039624717 -1163268.249260602 -468758.616791181 3531403.539769985 -1061335.5531267424 -529497.8777555521 4091536.0034137634 -1501936.2540131824 904840.6846465865 1208126.9263827126 1495209.055592572 -281115.57519294164 -2188596.457294228 -1191409.8354615343 -962459.0999150528 1950063.4735335014 -1028520.0926238573 -667411.2934951948 -2428717.9123638533
-755095.8205901219 -1480300.9301890035 -1819142.0369552698 34419968.40399625 1490416.2618417132 -179020.11294277027 -1828596.6167967692 2038703.965548791 1159183.8383807286 -496444.34247537673 -3517329.296567532 1147823.0460591586 743815.823983797 2210219.6461178977 1275083.8934389218 -1548784.3846138704 602653.3742952973 -1493.0527971732547 -821936.6734131958 -179947.37757763886 403662.4316335462 -66824.97180218188 -709464.3435356745 3256575.887597096 1621165.673007409 -1818200.2535887964 -2780689.9381066766 -3082121.561860842 -357068.07096208085 818347.2933746933 -2909865.903882383 2466341.044188376 4693063.31434451 1143692.8687371362 1105235.3587537429 -634811.4073814411 2152871.0741621205 2930926.5781248813 -302633.9979885846 258144.88412044346 -580326.4364784048 -416961.3193838066 2514838.429577247 2380033.6427070843 -4076751.346379585 -1842813.3342562697 1055742.36258283 38843.887952777426 -1093704.9814147041 -134447.23298301632 -346078.1932469436 555322.5057965833 -4527539.959762088 -942828.0461417146 185144.41567681573 325420.8143922711 1387912.7724812706 473087.5384827698 -689472.2467842863 538819.4261234727 -1044497.429109415 770490.9684294225 715331.8182328866 646555.268174833 -851248.5049801155 -1729574.7363862796 -2478516.4356994103 -430601.847852052 -362924.0496893352 -2642917.8729933547 -1704096.8762742758 582124.642214225 1352765.3275143611 3508735.7927979003 229524.23109850875 -894472.562910173 -870787.7123420886 -2672149.760149439 2810843.79359106
-2165802.1609255904 -37725.20975459189 -854117.8779777334 1490416.2618417132 32011669.160772763 -1590239.95603549 568712.539857576 -1471167.699916294 801155.4882688437 138321.26779273566 3266835.726198038 -2985010.0931818876 -173950.92886074175 1955354.286280844 72632.91146004594 952256.5272078688 992381.557532133 -2685287.027775485 3288846.93970501 -2054221.3673287334 -260606.10419347565 2565319.562387786 -150657.16065937906 -2613382.933767733 3746746.3895626664 1343777.0292390506 -3147896.9892547843 1388526.5020995021 -1172000.815463757 -1022115.0394726812 -3004682.4112016195 4230004.158250871 914925.8845331634 -2054121.3519560285 1273719.1514080795 1571373.1291249967 487277.7173702139 3705613.4198429664 766489.8022498662 -3455266.5909176082 3410219.652184608 -97653.52274645098 -326884.22230310936 -1561602.4704818693 3209738.6437514354 3112282.058366873 -944422.4922474042 1428541.7973987213 2419604.2009989605 1360049.7106545216 -1920677.306110022 1342669.6004374665 3635120.4565128866 -3598990.8682247833 564728.2009775362 726989.1207788915 3887501.3328818963 144433.4655948768 1564298.813600562 158616.37105378392 -1472598.6367915398 -2342601.856597087 -3012899.313618307 -633977.8180030659 -288779.75597684254 3090004.3133242168 1026427.9239417939 -2910757.544180336 -4163767.6470643994 1476192.9317653622 567399.6586651149 -1018400.4906367493 304301.08608791075 -1410531.4721170391 -1966062.68584513 -2427419.5125294854 2853041.904578132 249532.35662237197 587915.9158797163
1154980.0350535477 1719576.9091322892 1450523.6565739021 -179020.11294277027 -1590239.95603549 34045247.562074155 682849.373034726 2146106.143631703 1096189.173316724 -1308200.6851394319 282641.5667378781 1102561.7464219963 1115420.6907360174 -2907564.1981532965 -1249596.5067884682 -287671.2055058083 4781500.363835027 -2670489.018874598 -1042235.7280633553 -1432817.2783578103 -1988272.880515722 397592.5003155844 207397.98534693627 1335089.4503643226 668393.6028392564 -2711106.611119257 -512897.1762044681 2424484.8297529444 169338.31902239533 2431331.664294023 -1830351.743541623 1338399.0995792812 4573195.275996905 -2144782.987925927 1653873.3443118322 -1965992.6391222372 782268.7715293316 1221669.4460145324 285863.8055177476 1752255.6673577973 -2259392.9946971014 1391788.453734633 -2073206.0181731659 905842.9160640991 5260985.384822016 -351014.091617735 -1328288.16895718 -2532903.9200888406 -1804612.7410411176 1763259.6584398488 1155351.372937928 -1752219.155492493 707592.9525679684 710573.3728538534 3080143.859835803 -943503.8859285202 3492421.8005501055 900105.9135659527 -1315617.5706953765 3104773.5272884425 -963450.8835814667 -952114.9715769322 1450876.0381641882 -2718775.6485652034 1734075.1561697666 561022.5579111578 200552.91963981246 -98723.43365025002 -1346771.0770523092 -205596.45379992388 1573993.9190414795 -70391.75973852545 -428376.9324753849 100748.04124353934 2267001.3267908455 1140577.776641751 1932258.0671438228 2861797.7097125207 -754794.7774770197
-857212.5773462758 1152943.884049225 469096.14708405785 -1828596.6167967692 568712.539857576 682849.373034726 34309361.93245138 427495.1730949631 177018.3047756248 2440315.440051411 -1264060.9603272465 -3436996.2043137024 -1005626.1167489539 -278587.54522238043 1809867.924124537 1862617.4156033362 -2495685.1511140927 3055486.1889304216 -227829.8279169944 -3634116.049537991 220402.61483994915 -1582710.586365713 2747328.2676345767 -4273581.591182932 -651046.414632671 1540510.1510608252 -982346.4831720173 -266781.3582362226 2211990.098850972 -4203428.809852728 -1150982.1053518904 -1311574.7071575494 1231284.6304193358 -1593549.1311607982 2118680.549843809 1498859.7072866356 522146.09507167654 -590889.6451437032 -457731.2534589197 -395978.7529841999 2013436.235837589 1161863.4569070407 626951.001453938 -1037506.2197592593 1930396.2465695734 2598732.757401317 640029.9538220464 -1429862.8834016544 770516.012723429 -215945.57911223875 899843.6029512013 2886755.4072077023 992458.737559632 595534.1036901388 778310.5756591178 707197.2306013654 277801.7618871048 -1938605.2808894392 -807039.4126493806 3348865.784635183 937260.1674556087 1915645.3080377663 -1163591.5160551537 1536230.1675801359 227991.0143346561 -1011443.4787360347 1243097.0696021924 -490545.065797174 -886758.692023149 2365855.772779782 709269.4317890492 -2196414.9371010954 -964353.4035616014 802396.1527720665 -1085433.8477491967 -942449.9172486675 708957.0311059263 -2267857.8182351 -2487197.2241939455
-1435059.7209226168 1556355.2020431564 -3232008.8334491025 2038703.965548791 -1471167.699916294 2146106.143631703 427495.1730949631 32904540.34963668 100975.24136677432 110318.05111383666 -384167.7752364636 3323719.840282584 2428450.4451793362 -2283994.9143342674 585413.5088739729 -1604466.432785155 2390133.1958618 1548464.2172077608 -3287331.9088905505 -2075224.063081672 -1686495.5532521908 -1313570.3626157332 1321838.581933155 2906862.6439153836 2765141.1620969665 -2415072.1088237516 161338.760642104 2682816.5722958394 2790621.3982852693 1790586.6471137737 1612042.2794785379 -2849806.593054256 1507956.0606206672 -3229160.653025943 1836847.902454398 -1944942.5270511964 1081012.2238905306 -1382001.8064313312 3806061.922326086 -1571844.4035429067 857572.7021338344 2996844.0981793306 1385241.9641035784 608790.8441155036 2064853.5061588753 620645.3267012568 2582879.9167414727 -772972.2621178776 -455159.73229621066 -1380575.8649957841 -4902576.8778508045 -3369912.8089753 -654711.0384225405 682163.5513027492 587843.7220688754 4860041.016513228 3015484.389864416 1150146.1651603475 -2210134.7870494258 764099.3604517146 2269729.148206271 -1482677.2278600256 700437.3861022867 617722.0529726783 -2349830.047491883 -2474517.5090435008 -219411.57563178788 -379696.95160370675 -3351208.8590340377 -2109141.794775082 -1078945.3061571089 -2284133.220222742 228974.9846731538 564353.6461523521 803525.4912472542 2971072.5700287437 915686.4354840213 -1283442.9877181381 1539307.6105278821
-230287.85145102473 -552981.2171595338 -320971.9850139681 1159183.8383807286 801155.4882688437 1096189.173316724 177018.3047756248 100975.24136677432 32574320.265808016 1169507.395858489 -5531500.735443986 512750.2630659307 -1919151.2825635413 494314.05961456365 -3487317.543373152 -2519495.7121427753 1572593.4621202692 1151511.1370246196 212508.9871183749 -2593770.91621385 -596049.5875808016 -111946.82976371689 -429962.1027028716 982372.0260086586 -94317.20694802322 -1111640.2925085374 939107.7342388337 2689492.1677884194 -559231.1134423766 701997.7368947831 -2261094.4057635535 -2374267.780223991 -346576.79243013856 244350.7347652788 858524.3073644957 412423.0172495158 -1168392.002924471 -3115242.693058623 2407354.8454472027 5910051.693265411 2555470.469456274 -1490791.5670377961 -265256.3199670467 1101191.272206732 1624687.1759827211 -413554.3632055157 -1702400.2252702552 -354952.5013300945 -2523852.6792185972 1666475.8936445822 -4253313.880965084 1781379.1442351767 -1625424.3617080082 712266.2034200294 -121512.41044255048 1146783.2245566025 -973672.1531645787 1022082.2617238925 -999939.2235179611 2413715.443122875 -339537.04008360807 -2469220.1667704647 -3948080.685933939 -570448.6801286883 -1679264.3838393237 758007.5986883226 2280765.513339625 319395.7878330931 -143107.01774218472 -217577.3979003342 87654.45053318703 -1014449.6816228736 749922.8392189399 928144.2082914427 -594170.9304109901 -4764844.293628182 -2925792.02826975 -1584351.6324724194 2556642.990610381
1598205.1148955263 -1434770.4183752595 -3467402.9998253267 -496444.34247537673 138321.26779273566 -1308200.6851394319 2440315.440051411 110318.05111383666 1169507.395858489 34153864.98677976 268575.20869103895 1432190.3682538443 -1031645.8621900362 -1533520.219994539 1094965.1846140425 -1227081.2263912035 -1415868.8675831044 -661890.3367693315 1751926.8969068294 551425.7279233711 2230340.999808761 1685931.029321385 1905985.1924021342 -953858.7337539316 -277455.6943245007 -1481792.1776376336 1171708.934920457 -1266493.6454565811 -195022.243934628 -4092351.3846225943 2540003.7720547803 -3604851.5344630172 -2618084.5334905693 -891386.3326288541 2004450.9874419388 -846289.3795413637 -124454.49437561467 844104.0082018102 -2322183.691724738 4565605.993200971 -3129627.652708553 -27908.596862398867 2627415.4246725584 -2404039.6227160348 2532455.9121569786 -859699.7177723071 -2111634.123605357 -1923432.3168301021 1408572.2007518157 1909030.7096004423 353500.6884394042 -1541512.5874085897 -113203.45625635386 2162917.481982624 836725.6687360228 520804.402596342 848904.4501274233 -183605.3279681037 5121174.994960483 170227.0012428609 700604.3593194933 -4120720.5191892446 2072730.6751084498 762764.621648713 2828705.91516664 -1377058.0759525504 1598294.1788236343 618759.3848634082 -370707.4496920897 -2505601.954266093 56127.38250125883 -75810.35794517913 -847983.4153878953 -379999.8179581387 1588277.747765636 -3366301.850486496 -17131.88074102409 -914324.238505926 57707.65521701684
-3508909.735082127 2682102.2312480654 1650484.29843578 -3517329.296567532 3266835.726198038 282641.5667378781 -1264060.9603272465 -384167.7752364636 -5531500.735443986 268575.20869103895 36362880.429272324 1736336.9051460004 1185658.8032358414 -272356.32232463727 1053469.964517423 671861.5633517735 -2220192.64909555 -1891162.3219637836 -124724.69609028539 293190.4905196878 -1351476.1018643626 -696753.4104691814 1434025.0930479018 205787.10167572362 -2492838.8608445893 -689006.0606193102 -509437.7321814581 -299635.8872097434 -1468176.4253599907 -2429941.4817102943 -1102179.74607218 2264246.662706823 1326034.2086759312 2777844.288262176 1185052.618848959 4707071.406464139 -1248463.98501052 -760662.7043023861 -754475.1800666361 679313.0412316902 514425.2670388723 2260871.6380904797 -2271373.848387092 5267996.196492044 1799716.307523949 1830279.2367328696 -1769425.4230004824 2760627.9499415806 -4384.542073395275 2374103.6887631556 511664.0241932741 409886.7009979218 495138.0046102047 -4859784.520485207 -2338853.8654777273 1895099.0852059762 -1792967.3794086364 -171003.20744108144 140220.6906209521 -5776782.128987827 -187109.46695830155 1520741.8951201595 -77920.90119414589 -3813525.244870963 1757328.9309978443 686865.1500783645 -124152.39396223458 -4705019.560047224 -511205.0981453504 720818.6200695877 2951541.573567448 -950783.6175633479 -627491.4642391963 183271.89058034896 -3075509.2588774087 -5113997.448066423 3073000.3521506037 -2471192.4176298263 -3231881.859439965
-167007.52046370262 -1496677.4654542732 1201465.8466772486 1147823.0460591586 -2985010.0931818876 1102561.7464219963 -3436996.2043137024 3323719.840282584 512750.2630659307 1432190.3682538443 1736336.9051460004 35379000.996209584 899169.018255468 -913654.6642356435 -1277266.9099031142 -798707.3310069746 720769.9279210166 -1158549.0724527214 -3611694.397015528 -1560260.7376108465 -3502630.661677896 -3110750.757025861 1650214.5122770614 2620196.337583949 -2691199.258232106 385597.5278533574 -1135646.7985889034 -3859682.6790357176 -2512926.705483824 2769690.651978063 5468298.976970485 -3353479.868402199 204465.76987127453 2153723.3580002603 -1715556.3904310933 211277.09882543728 1439083.5926452058 -3392412.7393814395 1276826.103900618 4496376.889188803 -5374384.2974289935 -415332.4987254816 -2115504.000084682 1800582.5667603414 -2644630.840515593 -5448280.714790943 3442709.9418930314 -545396.6483091818 1430406.6702472365 1089001.5598782403 -1169201.0153931612 1210381.800181331 -1980270.151207521 2431426.651099146 457143.54459553957 -3646163.996039377 1671876.4305609686 199487.2854394518 4177851.5508195506 -2679162.507449507 2723869.2417825283 908990.6620482093 2140830.1870002723 -2053996.5054577237 3388411.677405522 -3926356.677538417 -329015.7666964304 2152706.590065312 1402585.8637808666 -834996.7655615457 -2464974.590833593 -378883.6620229721 -252041.55923074833 -1608210.7245014543 4163115.3121769098 631047.4254779986 2355662.565944295 1135631.7519954063 -670754.1587610669
-4691278.144184376 -1177134.1653535734 542940.4232289626 743815.823983797 -173950.92886074175 1115420.6907360174 -1005626.1167489539 2428450.4451793362 -1919151.2825635413 -1031645.8621900362 1185658.8032358414 899169.018255468 35352591.94096164 1453356.5623603167 3827886.297994679 -253600.68052421667 -2956779.9229718056 2961236.2411230104 1075425.7940829268 -3680232.472390012 2307762.8493198236 1042299.5678425413 4332213.547180191 485437.25853543205 1495413.9512553818 1694119.9613928003 534216.3787488267 -588859.4298396471 1552365.449369549 -84634.68910095673 1196103.454085867 -1425028.0899029763 2861643.18674655 -872454.0227472717 -183754.67679874468 -204081.727492571 1560400.9735480777 -769446.8563744297 548742.0588215226 990600.9186393898 2037896.6482240008 2842234.4513774193 1260815.7632570358 1849359.5582609721 1641214.0674230913 -794012.18410958 195258.25662102163 563086.5374924807 642323.3935545982 -5575218.127166577 -236485.69322146755 3622009.9632771844 -972498.1263101301 -1399260.9016145745 1623133.6658883002 660448.8349329677 3291644.9278431875 1225096.7497049947 -2594698.418817779 -2959447.6916094413 -2022878.3411759168 -2695010.045753106 -2034210.094025091 -1015375.3090476415 1400245.061751615 2347735.9311309787 -2221526.249288502 -1576554.2067751363 -2002912.224657846 1786651.3623262604 457961.62420154293 66713.91052168047 736227.7822607366 2372838.8591164467 774909.7601338914 932514.0830723582 3159127.5980821643 -645297.2068004308 -81720.8867687724
3344019.643603289 -2594893.5042795935 2637418.175512728 2210219.6461178977 1955354.286280844 -2907564.1981532965 -278587.54522238043 -2283994.9143342674 494314.05961456365 -1533520.219994539 -272356.32232463727 -913654.6642356435 1453356.5623603167 30925496.777905315 -694338.7190133507 -1630036.7786982346 2455658.385043448 3438896.719695795 -387083.5215492119 2589284.0030335616 1012958.1996680145 -456895.39335986634 -1245436.3720770597 1722897.863554832 2625924.952111389 412625.50729069026 -1803638.7611043488 1408647.9933441945 -645334.0815462776 889171.0907904037 776638.8685151349 -408897.045415427 339959.51916054834 1971201.5474477676 -1673484.470949167 2142962.6499590105 4677784.135277562 388923.2350661198 -135144.3452886779 -779658.9350221092 2930436.2505125264 837940.5226027722 1943034.0091473404 -1957275.1260033757 -386869.2182345886 248446.8773333188 2539700.230343548 660698.1244514318 2338739.9299417743 1282112.5090194517 351156.25510854914 -2684889.7873382564 -1255628.9967422294 -2314375.2581972266 886290.8626359538 3019227.2890970455 -970894.3503603035 -3517868.463144708 1387267.2286765606 -3510921.161799742 348478.8926033961 -2669788.8654747447 -94566.59031584654 1749733.7530910668 -2810344.602660925 -393042.76143525913 3857271.9140130146 -3566627.819431032 -1809507.3455675256 2230874.895748379 -719884.7317843873 -343444.62002699415 4952379.28743795 -915955.1873141284 3422474.8276584484 -3725190.290665272 1581787.6429724537 244234.47216352122 324915.21470929694
-1315695.6011197248 3622140.154592425 -1690754.2479809409 1275083.8934389218 72632.91146004594 -1249596.5067884682 1809867.924124537 585413.5088739729 -3487317.543373152 1094965.1846140425 1053469.964517423 -1277266.9099031142 3827886.297994679 -694338.7190133507 38069658.73346897 4300522.6385993175 -3774844.0826116065 -134227.70362161772 -628133.7927403597 -1667620.2535151849 131896.69881129966 -580843.0425036049 -1483898.6015452326 -3188738.734793693 -2705524.5059136916 2495779.9322827775 -1377729.3654231299 -2181390.6103550815 718450.0564688003 -93402.60733170902 -882998.1504310294 904903.8004135881 -5320033.21017915 -58024.647918850394 -1735214.2502259368 -4292861.284075259 -2080864.4966211945 -531975.313300558 -3094540.27692138 -1730051.8750431973 -1214255.508119627 2547170.0301068546 -2320866.11815538 -2390574.1071854313 -2320049.7691033725 -1317147.9757120982 3698422.3525919896 816306.3701007989 -1038773.1338121236 -1148326.8687414776 932967.1831525617 1892992.2227555513 1807469.2565214178 -1940081.730889396 336802.8696805817 -381277.5996704844 1677612.0813333124 1842346.166928768 -3623079.628197647 151043.47100576726 645454.0006893631 -2073212.86247532 -2058653.8590523973 1954315.407947578 -1734238.1230794687 -877733.5760327113 -1710467.5655253036 -1405552.0901895778 578023.4678182942 -3478643.219533901 2228502.471713048 701215.3017406858 -803691.6570279184 -794048.8186071186 -2002354.28492869 -1522271.3322915712 166418.25573087836 1314271.5390135266 111753.3025660053
-1965515.360037101 -26166.839537281918 -1714856.1401701402 -1548784.3846138704 952256.5272078688 -287671.2055058083 1862617.4156033362 -1604466.432785155 -2519495.7121427753 -1227081.2263912035 671861.5633517735 -798707.3310069746 -253600.68052421667 -1630036.7786982346 4300522.6385993175 34547285.55728071 1551534.0735777048 -3020660.944777916 -499297.608932997 1018293.0894360553 4575407.2442866955 -553939.5545780387 -2122671.1374269417 -213595.8801150547 -3282936.826512962 4213714.990122432 -537048.0969688565 2345166.2648736443 -688929.5952238414 346146.11646719207 2585932.373327757 -265490.68637377996 -511128.1831453211 177240.91922338016 309565.79429910367 -1361242.1931137189 4715453.470844851 2906525.61572481 2585251.675993179 -756105.6948350909 4323850.9284871705 603512.7113304774 -1795958.8425568873 1348525.2373698317 -4198645.524999911 713394.2516700913 2259899.6205980806 -2620762.8422005335 572942.2194186534 207987.14488045932 378692.3841595159 1473532.2341287571 2761889.897103064 578659.2519516813 1766.819835331106 -2459175.885117038 -1086621.0286891959 894744.9603204882 -3569218.2135337344 1639876.4417189902 748499.4012520204 2765745.3687143344 -4572743.527023663 764916.8401063803 -401497.7789615211 -370299.69634880475 -3636280.9693591883 1226665.0689730814 -1729472.4050311742 -327403.27177926415 -553282.7795705531 -1000009.0804933356 294794.22951095004 -1594961.3323506366 -1187945.9313539034 3839000.467586391 3108115.251148442 -1910013.4018143795 -2333418.0808771597
-913427.4394472789 2292501.219733855 -1062789.9724198491 602653.3742952973 992381.557532133 4781500.363835027 -2495685.1511140927 2390133.1958618 1572593.4621202692 -1415868.8675831044 -2220192.64909555 720769.9279210166 -2956779.9229718056 2455658.385043448 -3774844.0826116065 1551534.0735777048 32048035.904146153 -1358220.3188071118 -2057471.4254420067 478506.84792975656 92406.2551586741 -2688816.0020496733 1160388.1525149185 -1736202.0229689423 1535319.3593543996 2252082.7683426333 -4290239.936314823 4112428.9724388225 -190697.32047127598 689034.1505877358 577337.041832014 1585703.1984832657 3518048.488383293 -918767.7140860584 -988157.97887477 159772.9110947304 1902533.6331155936 3447290.38367119 3429511.072653399 5911176.719542264 971278.2148953645 -2320325.4636909715 1825077.4489698312 -955956.0474429317 1015644.17460388 4048715.0527256746 526244.4525854149 -459988.14361622784 455650.274880545 -660581.3206915237 -1137061.609060676 -2818560.9534482243 2984604.2375764926 1128841.1031414596 179303.27586641046 120885.10828109724 1483129.998144263 -785818.9100088263 2946397.115131166 1797094.550996477 -1953750.9269348108 -123172.467841236 -514985.300624916 -283152.4157185122 -1754703.72731307 2590511.1886392403 1425896.4339190323 -698211.7196158865 -1528254.474768284 1900171.0602681434 -727033.0165829194 2614030.6147522903 -275104.0529191679 329479.81385753583 907033.2335184785 441529.6593553121 511316.872781894 3241949.5721459948 1983438.3715411918
1565343.880406305 -5208638.564374576 -2298865.164358334 -1493.0527971732547 -2685287.027775485 -2670489.018874598 3055486.1889304216 1548464.2172077608 1151511.1370246196 -661890.3367693315 -1891162.3219637836 -1158549.0724527214 2961236.2411230104 3438896.719695795 -134227.70362161772 -3020660.944777916 -1358220.3188071118 33196860.226745997 -4769707.960754693 852494.0694377723 1135123.2189731942 1443253.5954054203 -2378466.466024747 -752412.103887664 -108796.42369558726 -178020.8898944174 3302691.433752964 993451.0676519215 1709426.5320924416 -324537.3667413233 -110217.15660690838 1050940.274363236 -2141359.488921142 -1359811.7415753584 2585369.494136111 -903478.2782918944 -1292114.9420790933 -762415.995693095 -2255405.69505355 -57723.61992554521 913065.8372273173 -762331.0081785999 3961006.821680447 416878.7745248437 -1133665.2112096455 575144.2572169118 854028.6119272457 -705102.0692783358 -1724725.268497615 2595555.473320145 -1898762.44879215 -114235.1724500198 -2301176.4317774666 -597185.967377353 3913775.221881006 818773.7403187009 -189847.91267735636 2924084.67118122 -472296.5493823382 -1824103.0136532227 32029.867043165832 -1282963.1548871698 2237055.0799430083 -1198184.494429931 -268181.2695545706 -1154698.4229805747 -2785399.7391710375 -1844109.535775389 357883.72353852884 145706.31220161243 -3866003.9212330477 -2222137.372859751 2862403.711670838 2687661.531037206 980107.0859408062 2327128.7806210387 1300710.0171439154 -2818919.9137356565 29617.699856610125
-3817337.373065048 112556.4800039116 1006590.6259194094 -821936.6734131958 3288846.93970501 -1042235.7280633553 -227829.8279169944 -3287331.9088905505 212508.9871183749 1751926.8969068294 -124724.69609028539 -3611694.397015528 1075425.7940829268 -387083.5215492119 -628133.7927403597 -499297.608932997 -2057471.4254420067 -4769707.960754693 34042718.22234954 1265973.5517850323 -580972.7896313604 -306002.0030116726 -1441213.5212269865 -337106.2367940021 -1686976.6039864859 659312.3293012017 -3163900.0967302895 1865169.9595310115 -2061322.3248473427 1253720.1951498012 2607952.649569917 2976460.1243390166 1613647.605775807 -848467.1172689473 -1563687.8210665435 1236245.788510652 -2800388.838681777 -437786.28790479904 830680.4404392462 1761526.3484624883 609814.0947432411 -2506935.8414391456 68878.15520933947 1021982.2782479685 -1064938.6123660768 -2156500.4662731327 138135.8746470684 -2171333.891839114 1551126.8154035495 -1225140.9555904763 1296128.6321221606 395830.29938457557 2719244.967121957 3025254.927027011 3514163.3600324024 1929992.845374324 503049.3125665 -472780.8121928687 3944086.225919661 185205.43142804832 -198597.7244161585 -1674057.5269233275 352765.5829212284 1711373.5266759493 671807.722574529 3099689.4582122588 994424.1229991306 1550822.644259885 1082037.7536336181 2893259.4980684207 -2178023.309427626 2371833.660839629 -2999715.3049951894 704949.4385286247 2642889.8904727083 -3244416.0080821025 -3270052.158714306 -547061.4263467302 -2064291.2948351519
1241704.7199839563 -1460407.5284216942 1314513.5108271986 -179947.37757763886 -2054221.3673287334 -1432817.2783578103 -3634116.049537991 -2075224.063081672 -2593770.91621385 551425.7279233711 293190.4905196878 -1560260.7376108465 -3680232.472390012 2589284.0030335616 -1667620.2535151849 1018293.0894360553 478506.84792975656 852494.0694377723 1265973.5517850323 35730617.92905505 2289163.300465539 1315182.9870413516 -3157763.3223849805 -3152344.1691786 -3477718.8210858386 680891.1865446857 -4141272.689286572 3043518.140412616 -4189816.275263266 46466.86466162159 -1410860.126618398 6077773.0938418675 -2801044.0562472283 2466956.4137025545 777635.6556703117 1004753.4379803658 1453909.740475053 2742402.65603899 1786993.5418765203 -2790273.089805401 1611485.0504162484 1166384.873753521 2509524.809934085 487584.20083572215 -2834066.899048057 2481018.0693133543 -1459693.4193496807 -3282112.0279847584 -1031711.2498177366 873024.4530041751 -1188694.7981663947 -2055372.564520403 1251846.996153754 -246999.0024892907 -1296628.216052768 -2391742.7974383547 -5040025.047557687 2997070.3565801377 2365114.454823321 178287.75168110125 3489224.0538710733 -2623142.405607244 1619076.221988566 -1841462.4395439608 -428530.63422044483 3091834.898913022 -608423.7131766325 1550327.5566021046 -3154664.990433407 -670287.6814062814 2036637.326459907 -1585975.495371472 1146397.354729223 -1840640.4152508376 570384.8425714353 -1281288.4922253066 2413798.546650168 2914368.357247213 1997949.1182193928
-328576.06703507627 11821.335600033324 1864824.3231540574 403662.4316335462 -260606.10419347565 -1988272.880515722 220402.61483994915 -1686495.5532521908 -596049.5875808016 2230340.999808761 -1351476.1018643626 -3502630.661677896 2307762.8493198236 1012958.1996680145 131896.69881129966 4575407.2442866955 92406.2551586741 1135123.2189731942 -580972.7896313604 2289163.300465539 30729029.326619845 266536.17865396605 -493801.19016824855 509817.16908584966 1510916.8766836082 442544.65612047655 92191.99992842544 59180.200280166966 1846909.2671144253 -2255862.4249650845 1356045.1298516472 548597.4134239459 1346836.768622003 -341435.80800191057 279619.44600682985 1597006.5901221912 1106465.9439950981 2930775.0490968227 -69535.07097355407 -5411.564449393547 665735.1729869151 639311.2745387631 -1125744.1105173454 -2920960.5484083556 -6428143.567882904 862082.8263467664 449293.557508788 -939680.109851799 1493802.1629867991 412878.0483666559 1791298.130763731 3336713.913227008 3229062.2341035665 417680.95881095843 -141203.81324900602 1745758.4128808535 -3224095.7842721343 1503989.6159742358 2248760.2307013324 -278609.25306553446 -2435013.17896676 962577.4999285602 -1928510.314894237 3958156.452182095 28631.412144703492 -1269525.2756544235 -1086414.577776071 393920.683606434 -3547236.607362329 1804510.8843604603 1758015.7934339002 461671.12615140976 -239462.99352318438 -2727946.023373543 -879363.612245975 -1605738.9857496286 581628.3031672776 4200064.23766939 -245630.87211189978
927438.0709711509 -7420889.552413006 1907799.3483072426 -66824.97180218188 2565319.562387786 397592.5003155844 -1582710.586365713 -1313570.3626157332 -111946.82976371689 1685931.029321385 -696753.4104691814 -3110750.757025861 1042299.5678425413 -456895.39335986634 -580843.0425036049 -553939.5545780387 -2688816.0020496733 1443253.5954054203 -306002.0030116726 1315182.9870413516 266536.17865396605 32732756.7527126 -2333847.127206673 1606515.9007768014 -1430456.9641991693 -977103.8071550069 3733630.935328472 -1618079.066340738 -2321229.9089443935 -2113935.745942429 -1115800.4651450068 2217992.227926154 -15517.419207624245 464562.9081326342 -361396.86405518866 534283.3641798021 3322528.3169500986 -995774.9374011328 -577372.6363793353 -2290678.170146223 2800697.4001196786 2828836.184301954 925067.542286058 -2913907.985388672 2064599.0746350102 -1733133.942747673 706333.7894493542 -960820.0081697018 -580262.0413951419 -1163811.6147425123 2424082.678231534 177469.6588609326 -314897.7461401726 -3433201.484372184 -1561844.9515412939 -667506.0396638791 -2334697.224157044 2791623.3141535195 -1926228.436183333 4813971.53344516 -767405.5583072905 -494874.4926026956 -478349.3279558411 4096413.1407278683 -1663800.7348856123 2278594.625278662 1864662.396380445 320524.3469916006 517888.1999186719 -989900.3115941819 -4032308.850570859 896133.6906661729 -4275550.8342586905 946466.7967224332 83787.8936055441 646591.0337922381 -175109.19243354647 -888956.6319228524 1092980.5452598596
-1628348.6415071934 328346.3050349234 -3541261.476173366 -709464.3435356745 -150657.16065937906 207397.98534693627 2747328.2676345767 1321838.581933155 -429962.1027028716 1905985.1924021342 1434025.0930479018 1650214.5122770614 4332213.547180191 -1245436.3720770597 -1483898.6015452326 -2122671.1374269417 1160388.1525149185 -2378466.466024747 -1441213.5212269865 -3157763.3223849805 -493801.19016824855 -2333847.127206673 35726339.11161245 3178.9310521737452 1265543.6980291405 4316645.768009333 2190831.0205227123 2674603.41542927 -155592.5952282311 -2339510.753250188 -2336399.2886424554 -752938.2053153387 1947028.3664339604 -294083.68188939017 -1801486.8232567033 -1721467.557929351 1596381.4648644773 -1090754.8612248446 4280602.07470354 -879936.2222728406 3067330.9634474516 867127.0683735912 790095.1693758559 624822.2888368261 3185676.3234576704 3890442.0115156807 2256305.8732730686 569886.6430644445 -1306464.7425708324 386423.3327725928 -1203702.1540747466 -378258.3554907952 -1349412.1342867983 -923505.8518210953 2361063.979179257 -994806.2170101791 2567858.1565350327 -363885.30975790176 2525073.6295425924 -846207.0934046495 -1584923.7516769776 3513990.754908606 1951740.5277796248 -3105447.2159087644 1132309.0430669994 -954053.9463984313 942634.221027482 525101.0864582389 -1680281.7167257345 2397496.176251021 -134657.2582042377 2082318.183356198 -1927941.6982911914 533517.5017988436 2971356.5540544367 291690.8865314015 1468075.2932662007 -197964.8954535379 -172639.93016748762
2411786.834928182 1366096.590515738 1607310.361778005 3256575.887597096 -2613382.933767733 1335089.4503643226 -4273581.591182932 2906862.6439153836 982372.0260086586 -953858.7337539316 205787.10167572362 2620196.337583949 485437.25853543205 1722897.863554832 -3188738.734793693 -213595.8801150547 -1736202.0229689423 -752412.103887664 -337106.2367940021 -3152344.1691786 509817.16908584966 1606515.9007768014 3178.9310521737452 34882897.785948075 3496064.744881458 1257644.677469563 -4247763.056560823 1325617.0675778415 1063212.54253877 -2205980.7324920944 1355181.4986587244 1101146.5435768217 3089570.517050826 734684.8518185564 -321501.56720775185 -1226542.3525880973 -2039307.8794790485 -74516.44078784676 3049988.2179166935 1040750.9664068666 -658983.6557460545 1038210.1901175278 -1052886.832670213 2102522.3234550464 1640137.0791555587 -2669229.0029180013 340886.99603313225 -133437.2789415386 -3114501.769545449 -729213.028518753 -390941.1749603586 -1274838.4579109205 438866.50268956076 -3528366.3362273662 -1643202.94222661 -1946772.287758457 -3608601.7594649745 -699106.9028049776 10429.982927647545 -1653771.7527479918 -1361993.25855026 -1634218.7759630335 4373873.411129333 1543488.1947451453 -1671871.405576338 -2267222.6861436833 3181522.999959367 232459.55121243288 -10208.938386425865 -613563.6153719926 694581.3033986477 4282404.743369313 332194.7256581352 1611414.813445804 -1048391.217459768 2809655.709895266 -449060.13011488854 -1928569.5782335638 -628954.3697195048
-806505.8065840317 1590630.7474791685 1218377.156607546 1621165.673007409 3746746.3895626664 668393.6028392564 -651046.414632671 2765141.1620969665 -94317.20694802322 -277455.6943245007 -2492838.8608445893 -2691199.258232106 1495413.9512553818 2625924.952111389 -2705524.5059136916 -3282936.826512962 1535319.3593543996 -108796.42369558726 -1686976.6039864859 -3477718.8210858386 1510916.8766836082 -1430456.9641991693 1265543.6980291405 3496064.744881458 33107990.376880456 -4392132.326410035 131238.21175706576 1659403.7299831437 2401364.8721066304 393667.23489648453 -307397.3010762068 548141.7119024505 2065668.1419918868 -2541313.112190339 5378652.934540755 -1530342.3020591838 -1483716.0133212316 3398451.9175343686 -962966.4301394302 -3516122.6584486803 373720.0415647479 -925887.0793727139 705629.3782560625 -47071.54060381511 1502307.736646175 -3810002.623501482 1275334.4458006995 3309980.4407720445 -159547.44908077153 383065.1293389743 -4338815.730074764 2194221.517957676 -1164879.3310294065 -963599.7137417495 -3118732.6897790306 1511609.2102340052 -392584.9249641851 -4880484.599698989 960740.358276364 19930.13112091474 -1927889.7585882824 2112067.6413617847 -1805636.1592369825 -702153.8309260737 2019614.864273163 3759435.8002165714 733945.5034653412 -569648.0279464185 -2655955.078071821 -811605.0649309192 578162.4966111985 3965025.849597514 1965186.2911033118 -2192087.5966433063 -2426177.0262107896 2352927.8745275205 1463817.509635089 5014015.761772197 1905935.767540362
3240101.923749345 -3622526.0872111656 -360056.58137693745 -1818200.2535887964 1343777.0292390506 -2711106.611119257 1540510.1510608252 -2415072.1088237516 -1111640.2925085374 -1481792.1776376336 -689006.0606193102 385597.5278533574 1694119.9613928003 412625.50729069026 2495779.9322827775 4213714.990122432 2252082.7683426333 -178020.8898944174 659312.3293012017 680891.1865446857 442544.65612047655 -977103.8071550069 4316645.768009333 1257644.677469563 -4392132.326410035 34221532.26478905 -1282457.8922604567 -2147353.6355601964 3513828.3662761985 769191.5756144145 -180411.22997117235 -1263432.8828158777 -1155686.119856564 3182473.7163648456 493140.69407725567 -2571768.0618187157 3025332.6800462543 -2501057.717307067 964559.0933227336 -889248.205984003 856712.7780129907 -153328.78129871655 -1701981.448438355 1396585.1434760771 400809.97598718683 39497.167679627484 -2638561.1287650173 -483453.75997859216 -1901715.2392852078 -2824548.31073887 1791366.6146936163 2277222.4678330612 1373967.355909641 -632818.0407003921 2350846.789857967 -1080405.1778507177 4334239.25071184 148958.56565446052 114377.74958060258 -703382.7498352652 -1517383.7757840722 -1245459.2271137445 -1513401.4037062314 -2654947.173575737 -325765.55505394505 1012214.751201683 -1571809.8543414278 -2049099.1073702616 664021.1509815903 -1485115.1585312202 1241288.48280776 2936548.9267352773 -1734058.632020589 588584.0350504948 503251.36020146334 1526287.73053469 -3175415.7973540076 -2334273.569185202 -283998.6589511542
