35217432.56685573 -1507901.3550538789 94554.66272562499 846576.8343084255 2253266.846242149 -698189.0419098267 374547.9910076008 2548238.8211662285 -341162.811216912 2312149.6812383137 -97765.94773137149 -1060696.3798713826 -657134.7146567821 -1432609.7066053268 -2513730.0580042372 795524.91775004
-1507901.3550538789 32827049.496066112 242119.35736667423 -3031285.934747468 -907478.3984627428 -734669.6880842667 -869972.455247637 1150833.83751625 -1413916.7928688272 401194.35839330853 22931.559520256462 321857.45857704774 -1120223.9544803894 -20785.372457270496 2117131.6631614217 855838.9698522129
94554.66272562499 242119.35736667423 31947645.414819006 1949469.9004169197 -32348.02521791988 263291.08190064534 1782608.9184005202 -485011.53754729655 -2363039.1363363857 -1098590.9032482998 -1120483.840596366 -228087.90624474475 -582498.7447941456 -2020490.001335336 -294912.0553739594 3834818.432463142
846576.8343084255 -3031285.934747468 1949469.9004169197 34008422.77208993 680745.0784120229 1612341.3636914406 -5137875.5577307325 -353669.5526654501 -670936.5528174306 -803802.6043579197 893195.9397645465 -3484152.024752782 -1044486.769814255 314930.0164065505 -1713464.8977988036 -503388.8895733731
2253266.846242149 -907478.3984627428 -32348.02521791988 680745.0784120229 32538246.985616628 1240532.6309701218 -685690.6877160993 -445340.4696321399 601950.5118321874 -713681.4816265373 -457721.1506768673 -4219798.913099984 733891.9084358263 -1763605.733283707 135721.2718266878 4224166.560257934
-698189.0419098267 -734669.6880842667 263291.08190064534 1612341.3636914406 1240532.6309701218 32360870.03871657 -174814.66015800508 -3366253.551290564 1852581.1198731165 2168141.6793070347 -897794.3655966184 3223322.6516601075 1588931.9828996817 -758383.3129184014 2890476.0181227378 -490212.4431482772
374547.9910076008 -869972.455247637 1782608.9184005202 -5137875.5577307325 -685690.6877160993 -174814.66015800508 35587277.56388289 -176612.81529366 1193166.1720976196 2714489.75137693 1005142.2787301032 693281.8042550448 574869.6717071974 4324687.124621159 -695321.8308601843 2077832.2749520305
2548238.8211662285 1150833.83751625 -485011.53754729655 -353669.5526654501 -445340.4696321399 -3366253.551290564 -176612.81529366 34910231.83221958 -2089608.440942986 -34058.02223199605 2108382.678973301 587573.6505017111 -640595.8624640602 -2509882.4230738403 2609132.8678966574 -89705.21862217535
-341162.811216912 -1413916.7928688272 -2363039.1363363857 -670936.5528174306 601950.5118321874 1852581.1198731165 1193166.1720976196 -2089608.440942986 33780662.633605994 -2509922.015931096 242649.5981670034 -2417614.1717584576 364843.7410659343 1593465.945053615 -1173870.5684540079 -959650.5687870316
2312149.6812383137 401194.35839330853 -1098590.9032482998 -803802.6043579197 -713681.4816265373 2168141.6793070347 2714489.75137693 -34058.02223199605 -2509922.015931096 31698221.40826843 1299896.369351039 1482325.2072214922 -2062507.244333452 683958.8522562485 -362945.656884645 2241893.6313737547
-97765.94773137149 22931.559520256462 -1120483.840596366 893195.9397645465 -457721.1506768673 -897794.3655966184 1005142.2787301032 2108382.678973301 242649.5981670034 1299896.369351039 32450975.26343694 3333765.302596011 -310824.2731111706 1292066.4880980456 155323.2307162545 -938783.7314060814
-1060696.3798713826 321857.45857704774 -228087.90624474475 -3484152.024752782 -4219798.913099984 3223322.6516601075 693281.8042550448 587573.6505017111 -2417614.1717584576 1482325.2072214922 3333765.302596011 36749533.33259904 1940958.3309161663 -297223.99839724833 1035904.573584529 -2065012.2939432657
-657134.7146567821 -1120223.9544803894 -582498.7447941456 -1044486.769814255 733891.9084358263 1588931.9828996817 574869.6717071974 -640595.8624640602 364843.7410659343 -2062507.244333452 -310824.2731111706 1940958.3309161663 32763224.730283145 -2114859.8908706754 -72233.15680940404 1677678.692221078
-1432609.7066053268 -20785.372457270496 -2020490.001335336 314930.0164065505 -1763605.733283707 -758383.3129184014 4324687.124621159 -2509882.4230738403 1593465.945053615 683958.8522562485 1292066.4880980456 -297223.99839724833 -2114859.8908706754 34472897.01037096 -113757.02946861935 -1943594.1134376957
-2513730.0580042372 2117131.6631614217 -294912.0553739594 -1713464.8977988036 135721.2718266878 2890476.0181227378 -695321.8308601843 2609132.8678966574 -1173870.5684540079 -362945.656884645 155323.2307162545 1035904.573584529 -72233.15680940404 -113757.02946861935 35018491.30074832 -850781.7244539328
795524.91775004 855838.9698522129 3834818.432463142 -503388.8895733731 4224166.560257934 -490212.4431482772 2077832.2749520305 -89705.21862217535 -959650.5687870316 2241893.6313737547 -938783.7314060814 -2065012.2939432657 1677678.692221078 -1943594.1134376957 -850781.7244539328 33070459.22707836
