34283180.48847893 6665.210194607961 686100.2326174255 -3631007.6181104984 2690305.601436752 29731.345900908866 3434556.009033071 119410.48636059271 1714193.9017526438 -1050141.1729096726 76723.23441796805 208500.29045408525 -302543.0159402131 -749924.5240267722 -861315.6072871749 394558.6825616527 317564.9177040318 3822408.570212552 4268392.021559174 390526.22789237957 -582525.150339178 -928134.4962189752 2777845.7566282903 -2958429.9352448476 -1642444.6805948084 -1365664.345716279 1550896.5327398365 3321732.1827420956 884374.886096667 1303537.772739111 260041.72343874766 2761376.888090547 -1855272.4705522116 -598134.343125083 -455976.730473676 3611656.4542190107 -557173.7974025513 -914341.8497968868 1927699.3709082298 541377.4542478012 1148021.0768774056 375586.8231452758 -1160800.6605190786 1067630.9483753166 2459924.6104282485 -1968587.7229606232 -121759.01805075332 -4044523.380006559 3103318.1117820344 -648067.7359369133 -3050826.5904029137 370020.21730791393 291443.47027295275 -1051842.1540835379 324793.675158708 1005894.8345142783 2455989.887392458 1586133.0277405158 504752.2090476408 -2325719.8769571926 -1267356.8102271722 -661091.8526922797 1819231.3956102089 -1457319.6290693753 253354.35810226272 -1768554.8465236977 -414143.4139026381 -209424.46385108802 384341.5710790291 975006.8156078359 -408366.786408584 -1881120.3053753646 2690829.0341731682 -2007371.3957221354 323011.69115221605 421690.8685536233 921770.177012351 3244400.681281471 -531499.9775344513 -930026.2198395692 -1674643.6658155099 1462440.3541530566 326119.2227570906 183702.97101974115 -515721.79754912906 333255.01407925633 328416.276390583 -695833.7314335139 -3238392.6518811006 2892867.8301512846 4212207.032610096 3468778.3220496955
6665.210194607961 32005330.058843225 -431782.8761158882 978516.341799483 2425983.790968511 -988929.8506573064 797050.2603106026 -160049.13830088216 -702701.5957357256 -1382197.6178857847 381636.52293038025 -335939.1688048433 789745.8767325557 -1113056.9917539207 -565799.4670135125 197357.40699047493 2115653.55022071 2034585.088075859 -595789.7646894023 -1646762.9017127436 1652305.0506258581 1758656.0778178445 2596225.9554365966 1630190.1633480578 2640367.0775781316 821268.5228055995 536261.865888734 -585861.2349033091 1511677.5319473746 -1823587.8938663974 -566737.4644731582 571890.6489720077 1489597.0551174167 -563157.7224589734 -782834.3675869165 786153.5012500194 -645429.0411608053 13240.750136371815 398573.8061659226 165935.8150258404 3720627.933405985 875800.6155718256 -2507726.243166496 -2431966.283040345 791823.2961029186 -5473775.274147858 2507766.744247039 699329.4207604596 770585.487017928 -33503.9147538998 -808635.1054975305 3619079.1443011835 -798243.1167320613 -608294.8564497317 3279039.8177103847 1160432.2230273902 -272085.4121981569 1039910.920983164 1407148.9776255474 -2969471.572337147 870282.1315412578 -1858538.4772404404 -442945.3366630703 2508686.432404233 3381790.3112500063 -2512246.2823517565 -3015479.0329704396 -1499326.0229664957 -773436.7852837197 2194434.352299497 -740567.7309412068 1941011.6076394464 2560344.7392358026 2689355.4174353234 -332689.23599599337 -1414813.6704060663 1120286.2100657495 -2165033.580771045 -1418195.4583813872 560272.5516053078 -2083601.3301958207 -3847821.9476913325 3192808.5065047545 -599444.0507322154 3857263.203522977 129787.58733212209 -1052503.3439338591 -137350.56986765025 1294863.5118125184 1189760.7244228579 1831614.50722899 3151851.05533832
686100.2326174255 -431782.8761158882 33942231.583499946 2166245.798377152 -1128870.259305834 1120741.8774381743 1031704.9078836273 -820552.3506197423 987569.1332857637 203538.04846169867 3057466.963988133 -116390.36798741746 -1710557.935846914 1507586.745798557 -1104785.5008851518 -209348.31631135198 -34331.26645460098 -2893958.423394685 -3530687.9640720463 944692.0283891577 -165541.3199935987 -4044485.6720646825 -1319941.6393107953 2575937.177278683 -2038256.5054943669 -1785582.5021707842 -1743437.6827386157 -2110890.964944615 -1925261.6649561257 138539.10999599972 2035508.0584741875 -1659699.4977046961 1818309.013364131 305284.92375061655 1304170.558496893 -1404169.400570086 -1748595.9653580568 -1000566.344749721 3117656.3025966017 437834.1863228403 -1216919.740509092 1919564.8055756835 -847563.8497883402 -876042.1260815213 -1354236.6344624665 -1610486.7950567647 1876959.6131884113 -283627.85267144314 3138526.342007772 277866.70501474885 -2046147.4839333799 492048.5142923666 -1892706.5125929236 -3805671.0009695333 882813.6850058733 -1354290.8663859982 -132478.02990401804 1534342.3677323915 307022.92282473255 1090151.4092955096 -1361093.7192912262 1313493.2048488413 365660.1227012539 223900.508759586 2152743.714700546 -488453.05166342465 1463316.302570856 1604369.9158452768 616590.5958021781 1579864.0789605137 762609.6739716021 769766.9278628285 -869159.0190318197 -2220238.6296018227 1006629.0960136616 335144.8345388331 -1185725.5761595923 -2854644.837475144 -1080241.2585038254 -903349.5162951973 -3563566.1411334747 -1605790.0844729778 166250.5677080056 1706344.914885912 -1042076.7485878159 395481.0278110549 -2266681.6003852766 1972286.0808072304 55508.19117525465 713670.2413757015 656820.2621261736 1408923.3964198169
-3631007.6181104984 978516.341799483 2166245.798377152 32787138.344469942 -1186141.550705931 -1381388.7153977107 -2444197.3996913196 1075638.7726558272 -2543154.8482679883 3252713.0559132383 -614174.2633392116 -2183690.0855934066 302865.1541841867 -2561225.482780049 1945124.4371046547 -3766341.13327807 -1043682.648916068 -1974615.2767879057 -2124268.8620819994 -1907330.9141838355 -604729.383120773 -150560.00364925037 -114371.61821442084 -2042545.5938703166 317472.1529611749 -164536.81502451253 -584866.9010986969 -1697256.6187890614 -790954.2997509246 2069258.1913414176 -1901692.2366104205 -760567.9137953579 -2693538.658846813 -934030.5159404554 -4064241.996698515 -680383.4004562079 911359.2964213652 -648361.7672712815 107905.39982474764 3636714.0054800655 1287635.351791886 2023296.340959574 821209.5753798875 268546.80182990694 2244445.414105834 -801011.5563242672 -2432940.548079637 -1211132.2608450393 1096314.1115498487 1455871.0250525528 73236.04508382014 -939852.8886548191 -2128995.7745074662 435590.021607658 2830880.736780728 -4201049.08210991 70274.96953835015 -554456.2607479971 1411667.5440687528 1702893.7973436315 -190365.78405272012 -1618905.3845480953 -2336551.881377413 1804921.3430120756 -2184413.43925665 -1512398.7928732468 476037.8610187098 -382778.5768547157 -665496.6636399167 2467352.6822342724 1834436.6475501612 636712.1817032483 -4093942.5192986983 824511.9164902907 994384.5774833629 -2400738.763814368 -1019761.9441822672 -673202.5924599577 84303.63621881699 1565622.6336532887 -915203.4294216145 1248602.7680060964 2541008.3677713424 -3439476.99204837 1675760.1646146025 907605.6530681907 364942.3968956482 -787860.1030940254 3436455.6465890845 1256198.347666419 -3018921.84459349 -516400.47937713726
2690305.601436752 2425983.790968511 -1128870.259305834 -1186141.550705931 36144360.78133458 152677.82554842788 -156170.94540671314 -896666.925363943 657930.0530306458 1525390.0231586345 2095608.6920444223 -2919084.776508543 5377450.674441896 446375.29272928095 2287179.1562072425 -3345002.035255722 396377.4895667657 -1439831.3423548962 -3383647.2959481673 2058368.0656733068 -1520134.6810664933 -1077606.1304936379 2353352.060401238 -803482.6596437475 -139813.86617428987 15239.39795531633 1405955.202564385 -705785.5963224035 -1733383.7888923471 -1854107.8856175214 1501852.9347095962 -434239.9515566925 122625.16855244807 -242227.28442531714 954231.5185564897 2111661.490388913 1743161.4737510078 -3197494.8748232727 -610413.3881717128 2637864.0872324957 -2239739.5745560927 1462123.9691292844 -298039.7485997022 -2286356.8624282554 -60924.25450271625 -3623740.627060623 -1396046.5757890341 627629.533294672 60793.53423713577 211588.33344999564 -3694224.1210135967 -590285.9272061118 3261096.1261114734 -3304091.5876003527 -570472.676531678 -428227.4802558436 844428.2449670132 3852331.733704399 -1743840.79227446 -395274.1435952762 -396735.9748439788 3018487.199224472 1852894.5830981804 -681633.6421736855 -627045.9586848385 248853.37319132575 -3080229.162650235 -500507.37297580676 -2318593.192900124 -1239238.729561084 196708.11246522583 -2851250.1843223223 541648.1874220587 1183232.0484669297 945905.0010834197 1740915.262048303 1254273.0780989195 5744062.262123584 -882499.074918469 155113.61588532335 2634426.430526845 1042757.1219855767 -666510.2600916758 694589.2179746915 -395773.3216375514 -3279726.8485516673 -142155.76481853813 -238456.48143304672 -457301.8526292974 -706696.7096527676 1711695.686879019 1444270.0225361504
29731.345900908866 -988929.8506573064 1120741.8774381743 -1381388.7153977107 152677.82554842788 33983707.179838106 -848148.9877883669 1678779.874525734 -2316733.397886185 -332262.22953368386 -296042.93568946596 1832423.3261420047 737686.400127563 368449.7124742496 -136129.3052042267 -1503957.214790626 618794.1786011131 -352410.74482685135 -1088934.4462834804 -1191663.559070693 -644148.5388373871 1141949.63176316 -134168.00485128388 -241210.5585065012 1532477.8070644685 39744.43086192871 30525.49697924362 452202.11925098003 -167739.66130169274 231924.535023827 1119846.6647266229 455141.3336348521 3198860.6780137783 -3881299.21393656 -842619.1116435343 -2138439.9681067537 1003083.2036389067 1009603.7316169649 2113220.4760114807 265293.5625295311 -2834032.196592848 46078.31786076202 1272285.934787788 -3745098.9900001483 257745.25215488052 1852383.7546430747 1094278.4777229081 -3397556.549339784 404836.7980441202 828692.7849205312 540039.1367453837 861537.6688439023 -2298705.5079607647 55157.678219792404 -1321549.7671366662 -1580703.4019185323 887647.6072998602 1263943.3198542036 214680.9341812084 -643737.0437341467 2494682.528741479 964620.9042900413 1014807.0022189888 -2502727.5298399623 -2058364.0087185947 1869928.8389300334 -134763.5857209165 529459.1315242298 803261.8350721331 1959235.2126216383 29837.201835941956 -1899531.9775646592 -2135986.652576316 -488318.19737077237 -1795704.8896223146 -1292616.631707269 -1965548.3664025005 -3231057.41497508 3425080.86706837 -4429069.953286431 -1445354.3651464838 1738990.4636420745 2634795.0059217736 1280892.0741261106 -1910702.5924081642 -267141.3309292226 342331.0877046463 -1045753.4368674402 -1205812.311224752 -674857.487968638 636919.6599068496 -1198012.7869525861
3434556.009033071 797050.2603106026 1031704.9078836273 -2444197.3996913196 -156170.94540671314 -848148.9877883669 34981039.76767016 2045624.8060408756 -212919.66336742725 -2046229.505587101 -82874.44613732744 -2167424.3560200655 4086810.5811306243 201897.6881514299 3022611.148888546 77834.27517203573 -240449.69661478855 -867266.5180538779 -693376.2041788091 2144435.8045784933 -1935930.7156607336 -3531606.2758047166 1367824.6533420382 511006.31372208253 -2198406.1284961402 2334749.6434967546 -551375.7534425014 593256.7107352463 -339704.9173334306 1605965.3513120627 -545637.2752011581 -1018221.4245863056 1260042.0604105266 412493.01525872265 -105537.83923817455 1978792.0019508444 -776363.1672638423 -964250.3287691615 1282475.06910089 696849.0260281797 1346413.8918091978 1086123.13380221 3494821.1525033005 694877.7698947955 1940446.3994205534 -915528.0880525793 618187.0118662341 1193301.3296537325 -1357817.862810789 -1948905.5902808183 282328.96248296386 516436.56879918324 2673337.5273184753 -1547476.1038902712 -2199856.610049522 2471280.414126936 1187047.6012712868 239478.25475642603 -182980.1028853036 -1905666.169530314 -211607.4580100723 -3231582.9338023677 2281066.1884812727 535872.8103734681 1288557.7000669746 1978593.8496227409 1549211.3795904403 -193904.0839699819 -1048511.9641561349 932616.8390375542 -551327.7531765257 2149835.8287004107 160110.72751087946 699835.1610291308 -4057217.335170313 884151.5058395782 189016.12381960114 1296166.1166703736 -100487.05026622428 -3282377.1743152984 -1120615.956597248 363919.5486847396 -2206353.3411571532 803212.9063355587 -2118923.4824629095 1788201.5014008158 -1549778.9373969971 -442345.8127603975 -1937341.46335995 -256242.62307433828 135016.19652933066 237581.45359766786
119410.48636059271 -160049.13830088216 -820552.3506197423 1075638.7726558272 -896666.925363943 1678779.874525734 2045624.8060408756 31831845.41910011 3868909.6383568104 2656290.7859839746 303165.63303760573 -151385.09684929255 -108083.99226835035 964815.6863244064 279514.5316594329 294192.4616095956 2016355.736476922 736888.3933076317 -309816.67330417625 -2864622.5473039364 -887231.4331928496 965774.564822943 100193.50333514907 -277116.52559611306 4398820.009196102 -3345013.2566802814 3122813.9047974492 -1899541.3503464009 1146112.174670459 1156021.606230215 -1839820.496717426 789349.6832950012 -1233047.5246510387 498231.08204193844 -4273118.555983853 -1735439.8300565796 -284987.0900338463 1972609.8795992567 -2778850.093671565 -1572020.5285101708 -1780839.5708933426 1556113.1715922237 -2812059.0294807786 -590637.0262375568 1091678.6560406745 1373356.275253884 -2555666.6459280285 87294.73962202566 12725.973509454238 -782236.0051730721 -561585.7582166544 -862335.3413636085 648961.3751435691 2777683.293872453 1831218.356388238 4104344.843545067 3077642.690696695 1450213.4965225612 -2659713.803705905 1994993.088619773 -745195.1103708312 -252318.98498002684 -135397.84819487334 1393324.5031237898 1755357.779781945 -891609.1965324942 138978.7618660202 1438723.8350500818 3135547.3116875757 80293.17938886036 4418770.539157164 -2187924.445647046 -49975.87758581117 734881.5451368263 -3972407.6372795245 546303.1967709847 -2107768.9226471647 -543631.6941779112 386338.0721069342 -79331.35738460347 1545410.5533737831 127025.6555762617 60297.543238449 -1213156.0264359787 -1532040.0385680355 1916526.7225700533 -1157908.510085842 -813379.0387411248 2375284.1547887647 -5059146.161609924 -914241.6838699046 -156038.48590721178
1714193.9017526438 -702701.5957357256 987569.1332857637 -2543154.8482679883 657930.0530306458 -2316733.397886185 -212919.66336742725 3868909.6383568104 30561030.65737122 -2307835.1621197946 308048.56734305393 667676.1906270746 -238394.58656913965 1414012.5743159922 -449358.1766686532 1210829.2884705989 1281214.8793212306 1614162.6364925217 -294260.3015968853 1747399.5590581044 -351124.2756968433 1811371.0450385255 2157453.7520531365 -2351555.127799176 422972.03225445654 -862820.806780285 -679331.0263324126 129117.04607102275 266532.582904783 679913.4772283705 1017549.9243645136 -1696112.947662534 -1823762.2614316489 -152531.46054247237 679190.0480435697 -1457685.7584343893 1263374.425277576 1475647.9499545835 757880.1259096807 -1562511.2030082447 -2214182.758233771 -1828800.0565257955 -246517.69164714598 3903261.4523367137 -786451.860804453 -2587937.7903400343 -1663898.5649134344 1446579.9418777805 1247071.0408309596 -916574.4607299772 -1071181.4189380375 3597645.5054057417 -1837627.980873702 -2580175.731025792 25764.467879488835 -1135877.884354193 -484078.76008847996 -171401.36357636217 -790486.6584994397 1186961.307554534 766579.1467132882 1341593.2479200677 914936.9192545625 -148123.2851558331 3618076.927213761 -2821964.4199675713 650236.828848139 1826285.9361787413 -528297.6061761249 -3585935.841302947 2089414.3775316384 -1947858.6996555575 -1502917.4890552703 -341429.383432571 -3041233.2596300067 -1823887.3371198175 1108244.5673586791 1453079.3012341196 551505.5238766584 1383817.707717071 1023436.9027337251 -2722763.014513342 -938319.9225015952 -777475.448870878 3336555.2655258323 -2494684.1315620556 -2234727.5806885757 1766663.978251637 -260407.17295019355 1622290.1391452297 4237659.230032705 -930686.2932424917
-1050141.1729096726 -1382197.6178857847 203538.04846169867 3252713.0559132383 1525390.0231586345 -332262.22953368386 -2046229.505587101 2656290.7859839746 -2307835.1621197946 31911016.45582533 -939252.0401910933 -968737.0115891355 -165197.07712114457 -456628.4328032745 366327.8288814916 -237799.64434694475 527278.7822098447 2442965.3552888925 2449751.860566381 -389580.3599695863 -168659.40632298865 16472.167747969434 -322455.5529018132 572779.4987799699 3076817.752131917 -1800485.912372702 -1174517.4633670417 1909698.3227193977 -1340562.4844312535 -602060.3717351999 -3142741.407706259 -2835199.035467674 -21617.409294356043 -2272338.2663092166 472912.16343740845 -2674798.986517376 1391454.4512342587 575845.831175675 -2049850.8751074898 439044.2127566904 242943.5656706083 -1157132.3304583977 353863.386562261 -1039173.4915832389 -2687778.2157463827 877300.4398789456 559945.7870835478 -942652.9688460518 2579020.315291322 150134.86329576137 657542.4712955626 -563135.0404230166 -4415820.325252388 217118.02734905967 303772.68671689386 1132668.0062081146 -1776391.5899341686 1847960.607688071 -789358.7292178143 -673289.9836853811 -2039086.1075991606 1248373.8112746696 3622472.748208328 2786534.2589416993 -1175339.9207830816 6963.108674537048 -361866.7398817332 228700.55918318674 187464.00103805363 -296359.8624357828 297025.968933413 2283220.804812175 602886.1142678077 -464787.6016400791 503409.23801852 -10651.708241171293 -1291018.6483104434 -338450.2294912902 2611289.8780416274 -139398.0871041123 -220794.72997148606 -1726566.5584661236 -2347411.0586308828 -185200.99084566807 -1289349.2180482731 -934294.8004957248 646391.0282080579 -1333263.0743318682 17167.369530413926 -1583259.383698087 -1350721.7759341984 -1083401.4466436228
76723.23441796805 381636.52293038025 3057466.963988133 -614174.2633392116 2095608.6920444223 -296042.93568946596 -82874.44613732744 303165.63303760573 308048.56734305393 -939252.0401910933 33088083.90080936 -1970692.4128660231 2113136.721216905 -3079900.583990671 32534.987090715254 1678806.8276402324 -1935148.3785623685 803162.9769655818 2536325.4481295343 1411027.0246577952 -841355.1992438274 -1144755.387020887 -1495174.0442609445 2606814.658862769 -1664689.1146601383 427438.2727308061 -2263139.5324089588 -1875759.5635222143 -210696.88631212394 -1650097.2260509545 -4080796.408482133 -2601739.3125967854 -2840119.8123840326 -653015.4918574604 1169528.7630266235 -667287.9024750957 156852.7289074382 1184361.902945212 2143098.3252317794 -98944.67576779713 -971934.6198355027 1042138.5377184923 868055.6055085543 -1950326.7208305085 114836.71433426427 1107560.8798629942 1833113.7279522163 -606838.8161885116 -2534427.0823315936 -683512.1097297532 1831788.2985688644 2510773.530959632 1199980.4149371963 -221903.36711781108 284364.0723820709 554292.3639333361 -505802.14805518405 2499022.9138246626 -3160250.9524672544 -2455976.628742801 -2489990.418391084 2218396.104365531 2081863.6809484663 647439.3719001143 3182429.9755254476 1036769.8273566067 -492461.41036635067 367044.27214983397 1508379.884801887 -2333126.2939068414 -1338770.14765232 -1289653.2491258255 2218818.7434684285 -1629701.0647668575 1771520.1014249055 2828414.429092547 -860004.4044108945 2129572.899706199 -1359796.3886313355 2257724.78830498 -2726547.492790862 1999235.7626667279 2281878.8099411 4030155.130576338 -1582609.7062816105 -722996.1635404485 2254469.1991188647 1799865.4726348883 948088.2542010224 -548228.5666301276 -360894.8330113619 -1570492.129775151
208500.29045408525 -335939.1688048433 -116390.36798741746 -2183690.0855934066 -2919084.776508543 1832423.3261420047 -2167424.3560200655 -151385.09684929255 667676.1906270746 -968737.0115891355 -1970692.4128660231 36071994.48925306 534399.0830581692 148115.06319427572 -1816583.9800541156 -1196649.7956329412 -461814.3187723959 -2118158.1271367306 808366.3766287109 1080782.165220244 1026007.2438685899 31287.919194363527 317235.34648891084 574025.7588029678 1112679.5412695282 -1357213.7141818434 -1315154.9831554354 1019181.5717852338 1593727.7717916544 -8480.99375362561 -1480988.5961662268 1239437.0172103627 881715.8879071492 231271.16299388342 2171368.0993089564 -4267785.184758583 -2901305.951440435 2528504.0333774644 233513.62627053403 -1489577.1275030265 -1419060.8459953954 -1843790.8824652403 -983919.1102820089 -868006.3614624133 -1593173.1110066248 -362747.2570463887 -254209.94055721714 4499169.012800027 -320096.8152682472 -299231.27886204637 -414066.53022917244 -1302325.1182111553 837597.1906716828 2006437.8453580404 -1863139.7498725906 -621989.4235586852 -1850094.4733111006 -1786776.125739402 1014015.2440173735 91091.82774855703 331654.6841973616 -116083.03635404659 3149446.8478856725 1207403.0614885022 545839.9873649356 -3048449.95680813 -878757.922287143 -2552310.164698116 2485863.0567836217 -1884212.1300705064 -2480013.636561563 911075.0399517639 2138700.780759076 -624647.1014061779 -618860.6158424588 -420530.9848861207 677105.963752317 -1830680.4745044394 2149245.681940187 -2383539.730843533 -199864.38173709283 -911035.72491881 1792342.8593915883 -346209.899950946 204185.0526388009 1153097.39795883 788227.2080881636 1912990.1342416296 -1406969.447807307 1376792.901320329 -507998.6292392822 -1281068.8747199907
-302543.0159402131 789745.8767325557 -1710557.935846914 302865.1541841867 5377450.674441896 737686.400127563 4086810.5811306243 -108083.99226835035 -238394.58656913965 -165197.07712114457 2113136.721216905 534399.0830581692 33189929.24578141 -905553.1119079432 789879.9005868575 1309778.621620418 -2995540.4187472966 242226.2742123249 1015622.0899712167 79682.06095996834 -1598843.0771082926 1454958.4914280328 -1191233.648774355 808575.6469140346 -4778734.916154399 1297947.5163651237 2832541.296935029 -1387429.7940637292 1318456.7138013318 919245.4213738991 1578348.9713083946 -2043465.0209528254 -1755635.9433024798 -1297842.291132835 2066894.3630981867 -245574.96029432208 -1847617.3389972874 -1681809.6511475004 908968.568592772 -525091.1157495354 -457397.2672195178 3927306.525103504 1737845.6203852638 -780906.7041506257 -435853.9229840261 1269466.9338480516 1341326.0043996302 2734784.1793408734 291197.57140012237 -1106585.148546571 36619.49972758683 -260342.79431550816 1923044.1801562472 -229162.40662668383 -2360025.963029191 -939950.5776173979 611906.5642536108 1379874.5000284244 488819.1176334341 382050.25415510975 -1342713.135313101 -1666515.2434578575 894905.3765935106 1948829.765963182 431084.57134951564 -258862.89804588203 -383486.11387241853 -2911662.172098904 1597172.2861106705 -129096.88226095797 -559346.1486350313 267306.128085308 439997.20503489446 239061.19072976056 -403447.42169667804 2020110.7538877728 -389133.86465280753 355087.73978102097 120712.78089641925 425949.25007642957 -300715.29826221283 580675.5060415281 2480759.079728057 1446711.258798972 -1050200.3789057243 1065062.9030524604 -200631.84962249003 1440738.5499912174 1746423.2740401714 1061274.4886391526 -1887101.4575909115 2344784.781524434
-749924.5240267722 -1113056.9917539207 1507586.745798557 -2561225.482780049 446375.29272928095 368449.7124742496 201897.6881514299 964815.6863244064 1414012.5743159922 -456628.4328032745 -3079900.583990671 148115.06319427572 -905553.1119079432 31567986.96275419 1385464.5454370156 683757.5140284413 -388361.803191731 354663.3249954759 -1202045.6199535734 300019.21406533994 1747521.5591282703 1107157.7371183955 -1908585.3685148216 -847945.6564763478 -3881298.8232020037 -568684.8120337281 387392.4445729542 5558116.975660355 412859.2411829321 -2294239.752844032 550480.2447439576 -990909.4332496155 -852441.1781090951 67848.46239190994 -1790493.899600456 2859804.6864734204 452298.69746616366 -98489.72326420675 -701824.9604457505 -837156.8114761829 65280.634941685305 2144137.3116024383 2944576.883381722 223569.73558134586 1902767.1637794066 -2199257.596040858 -914601.3189957931 -952511.7747630756 2897773.6097679045 -391819.3120119005 -2310326.7338271625 1392801.8911157397 5717.746430380574 374677.48905058845 989662.3720276636 2237803.442163904 -2431305.291318799 177919.4975846446 -507381.6088941282 -345027.6485917142 621924.3349348637 -130235.69727040674 -2205283.17659943 -1543870.060953689 -627105.85021294 2820150.2260215464 2372501.850514568 54791.20823600888 -1878164.2758194255 -659967.6786474203 -2618344.362202172 -415592.0669363364 -957291.575690223 1408807.9047304566 -3142340.1095361253 110905.01449900949 -1072989.6881255808 -1976451.68854802 -1358420.7844564198 -321931.64347786503 2539718.007583839 -1278603.634650591 533108.5723471018 -3778688.082404455 421568.1948787042 -3144413.488936509 1177610.228669588 -1118478.8183177179 -593272.2125128208 -1082790.045149034 -2157716.0050261365 3080437.0692044655
-861315.6072871749 -565799.4670135125 -1104785.5008851518 1945124.4371046547 2287179.1562072425 -136129.3052042267 3022611.148888546 279514.5316594329 -449358.1766686532 366327.8288814916 32534.987090715254 -1816583.9800541156 789879.9005868575 1385464.5454370156 33404324.93493683 -2140499.1946736225 -866498.0895640977 -2244130.106271042 -1775535.6019238182 -536885.2748127319 1455375.5527223463 -797421.6575519614 -3242485.396264311 -3915939.850165555 -535032.1062197135 -492837.33262922225 -320607.16325531644 -922558.9956687052 -889419.5839695999 288231.0521246334 -1301445.7202658453 -1538949.144363344 -199626.75823176824 106882.65114246917 -545332.0113809067 621276.8835751406 1589882.9376293495 5868.509797100409 -1784353.259038326 -1774876.9554710828 1123582.3144772376 -1923804.6120512998 -1859504.2721870118 155940.82800574947 181284.60765535975 677276.9867864521 -1974459.1284204656 1927294.1740656344 288980.5737032992 96103.29906324434 1942755.7384876756 206850.70419691116 1351491.7396572244 -557291.7093094646 328132.3678949663 -122019.85623949456 1930696.5879370426 1619982.621217564 1239153.019952235 -1587899.739358324 1375404.2561244492 402259.7483423964 -3649694.1003942164 737066.2362635413 -65234.22150830115 581201.0319827717 818713.6693431549 394931.4649676977 694487.8400050175 765374.7283479345 1395659.6804887434 -2183564.446754307 -725502.771865433 -3363779.460307923 -2262179.320000551 1063461.0211392222 -248528.75816074168 946309.7074429131 -829390.5101565025 640065.6620010136 -2649592.577496685 1927565.7822158444 -149259.6691059387 2113660.677202841 -480893.1820909497 -756635.8410825044 554188.8896847789 -3112777.8067602855 -2358091.9800258167 1605456.7090342534 -2332861.3440804533 -761254.6501362926
394558.6825616527 197357.40699047493 -209348.31631135198 -3766341.13327807 -3345002.035255722 -1503957.214790626 77834.27517203573 294192.4616095956 1210829.2884705989 -237799.64434694475 1678806.8276402324 -1196649.7956329412 1309778.621620418 683757.5140284413 -2140499.1946736225 34643187.229257345 2338738.6365405982 1468201.2613304094 2324468.2450981615 -457934.2648163411 1179374.0556545595 -386097.48802976735 -231057.06413105477 125664.52070181376 -1942222.2316507515 -1409039.494519459 545866.508587575 -3538027.5297483727 285849.53532938496 65407.57296961758 66955.83417791536 108591.54342093512 -166114.33281293212 -1476544.2766667125 672885.1492748379 -1522801.8551298694 2384133.639856231 -4351908.941944821 -586774.5149933451 582153.5327549869 -447651.9836540402 780877.5255460843 -2532455.90750859 -856308.4972087144 236197.14780584973 864352.7499813895 1695736.5134823108 -953565.3594351396 -1460396.564251393 -3096785.460723021 1390249.0552198088 1274450.3806596554 372966.6557157647 3130790.582053855 -58201.77593514128 2415120.1444938416 -2055309.139686663 -773893.265009604 1098464.1386549682 1551075.822341189 -2833564.0500122723 -922794.5300996114 -2832437.264595901 1446122.3142012933 -763386.8091879755 383491.2973287643 -899376.665322031 -1505721.957133407 -682857.3298480195 3630136.5281044664 1564585.4687175902 897116.8654956637 -978395.9994168553 -840902.0328030885 -1364502.3301618635 -984300.3058087517 918446.0180723625 -1745789.0058435888 1022434.248420498 -1472539.937319698 601352.1000909314 -1671901.978689333 1040621.2501112695 -1932650.2900611812 -1582207.6673313966 -603664.8132885604 -365113.1855687664 -2269601.719466628 432552.2604148149 1823320.5941215816 667870.8318233022 622486.6388845296
317564.9177040318 2115653.55022071 -34331.26645460098 -1043682.648916068 396377.4895667657 618794.1786011131 -240449.69661478855 2016355.736476922 1281214.8793212306 527278.7822098447 -1935148.3785623685 -461814.3187723959 -2995540.4187472966 -388361.803191731 -866498.0895640977 2338738.6365405982 30761411.750244312 3654378.9410295943 2125158.910655817 -2339892.575279731 62740.24411458744 1919573.1672877772 -410609.4724891327 841886.1169587998 332008.3918206209 -2244762.3033777736 2128013.743143437 -2352516.114012035 -3046412.350587921 1992116.7606143348 1329910.5554378736 -512338.7447653927 2116508.2358216573 -763911.6536484695 -3394491.676904594 -2525035.4907651325 869896.7332722959 1298906.2529334812 -2079441.6380854566 2701628.064917493 321419.91664078145 -1896342.439725244 -587587.161114999 2870575.7537113703 311392.5400121841 -1232030.0581312762 1614443.3628390275 -833199.4435078253 -2751312.177947824 -373517.81604857004 -1801340.7616450877 1422515.838323442 5099961.579302458 -1931390.419272485 -1170833.3906615148 284927.6112072853 -631958.146490904 -951896.7883307757 -2372059.3390457635 224641.33275017832 -929720.8956650422 -667863.6693140576 991558.1013895982 968049.4914440872 3372156.2187501504 -2818112.3749027965 -3452711.945340613 1834715.5270132094 -173689.27491421055 -2624039.621507058 -663306.1065611395 -2435406.673584385 -335686.26742491784 -281326.76457579795 -135648.92035853968 964910.1613710135 1529516.7643142801 -101579.82625060936 3433192.254417992 -123774.17582282679 -3190230.229492058 -1879420.5102846557 -699217.4697955382 -1151573.350247338 1107736.645785011 301994.6752298294 -1471255.0570462428 -482902.637462534 843905.9045073845 -1115485.9528124325 3231770.496331276 -367430.50543703506
3822408.570212552 2034585.088075859 -2893958.423394685 -1974615.2767879057 -1439831.3423548962 -352410.74482685135 -867266.5180538779 736888.3933076317 1614162.6364925217 2442965.3552888925 803162.9769655818 -2118158.1271367306 242226.2742123249 354663.3249954759 -2244130.106271042 1468201.2613304094 3654378.9410295943 33089185.11591679 1172375.4028052348 -2878763.803151172 -337559.5077281991 -230256.10012868498 -2147617.4155172766 1479008.115150999 -1151051.6253817475 1070264.3412246986 2501201.0564590488 -4026506.4128365107 203812.06449117497 3044107.649040229 821322.2565898431 899495.7694524876 -1848997.0966780004 357952.89995325694 2202517.3207595916 -2595840.2101789485 336810.66569371824 1945700.4091650222 -2700197.072118273 1103176.0906740376 1224947.416486365 1337900.397726335 1424746.471998359 -809090.780516623 207949.2871369269 69185.85815622703 2845868.3631333546 -2227986.877233944 -1322428.384513036 -617096.0367127913 -203954.40732836304 1367624.2462823924 954802.2401465311 -491245.4019840423 2878153.351299715 1166130.3549051804 -79454.36684864927 -1028033.3974091477 -496922.5733825024 -2379965.683065684 -1183309.4516497005 -974204.1163550215 249759.3682623959 640102.561745574 471437.5824001502 -1006132.6027466283 -2291411.9344683075 198041.4228322845 -895430.555270017 -689183.7163363986 -872525.5710838479 -2783095.1650998895 2217333.114350403 -2120524.2191298194 66463.85057209626 -1975290.4452465875 -434256.7672506117 1111151.6546776083 1485394.0747766823 -1074708.2455408755 -981570.132923962 -2306729.1451681685 851183.5052991926 -113095.61098306534 200049.41439588365 2132893.7711674185 1508530.2749355806 636928.0441501106 -750559.014745767 -1957964.8481459725 -53814.914314060465 -3790144.1911114613
4268392.021559174 -595789.7646894023 -3530687.9640720463 -2124268.8620819994 -3383647.2959481673 -1088934.4462834804 -693376.2041788091 -309816.67330417625 -294260.3015968853 2449751.860566381 2536325.4481295343 808366.3766287109 1015622.0899712167 -1202045.6199535734 -1775535.6019238182 2324468.2450981615 2125158.910655817 1172375.4028052348 35331449.71232077 -19918.01904570023 -1263042.9491043005 -459380.77743875695 1359537.7713306905 2687059.071867577 1916042.8453618712 1017952.8277413525 -1525186.3911661543 1921070.0260126372 -2127636.1658386495 -2050674.0326151098 -3079610.844013967 -1942730.8758763643 -1364580.7747359215 -1262030.6801218807 -720054.6336185309 1455569.2358075676 1268548.1725236129 862848.7506503137 2377464.5502993707 1467284.5216356176 2948983.682041029 -2780718.8417693805 1448086.3846344205 -1320483.8353898523 -124229.46183940927 824745.512850282 3232088.028670954 -734314.4144578915 1497629.3633133462 1068082.4296497332 1851879.096598143 -286153.26112397265 1458453.2207083213 3051017.493844404 -1676874.2111477773 -1001825.3358357853 629398.5135714504 3124477.754307553 282151.021278213 -3680835.6379253073 -4255784.205130984 962525.9987118954 270095.8621236234 277283.4782038725 516421.20977367414 824590.4124862804 -1576802.1311157185 620002.4409190695 137336.09923561805 -1008333.2937129622 -1705860.3505861848 1563069.5104581984 1617848.7379668073 -1790857.5610727947 -1391984.4108741137 -747383.3874524727 3157667.3973821243 -1964308.2511226335 -1758257.9738567402 -3604489.3696986563 3429628.3786522113 1081271.9772142544 -2990561.3374156216 325491.60085571517 -1969905.0895307192 -505123.1898048502 467211.9664618624 200274.1955165662 2665613.167167086 4718813.21580791 -548644.3344747127 2232496.4112053504
390526.22789237957 -1646762.9017127436 944692.0283891577 -1907330.9141838355 2058368.0656733068 -1191663.559070693 2144435.8045784933 -2864622.5473039364 1747399.5590581044 -389580.3599695863 1411027.0246577952 1080782.165220244 79682.06095996834 300019.21406533994 -536885.2748127319 -457934.2648163411 -2339892.575279731 -2878763.803151172 -19918.01904570023 32793782.546023574 1182737.1129352814 -1515812.5485647065 2172358.547390794 -1146858.1364359565 730382.43944468 -3229788.049847194 -1672789.084097735 3366543.50278252 -2107700.583415833 -151615.83857688023 831744.3383651552 2004642.9277986842 487886.64457623236 2405686.514633091 1219035.7907003998 1295407.7623746383 -806115.5313322088 2176587.151136025 689353.7868910794 -2022278.7254766237 -1022047.3469997064 -1191441.9136185995 -1699266.0820368466 -310581.8204014606 407753.63682846865 -2877355.215667249 -1777633.2714365155 20561.42364882717 -2737970.3390190955 -699962.9265814251 -2061231.2301498672 1468531.0094961885 -1330163.0922230575 2972697.467341822 1754611.6768873613 466293.2747604204 -460769.8431004241 1695443.2457469415 -533698.2701029286 -1871202.7521951965 1546809.2849824172 2753215.418799812 2259084.771544858 -75683.70824372637 827856.4091532751 -1481131.5198022714 -44438.98630388181 1096948.1666507074 -1493085.140437587 532393.5498494082 -125830.60257740362 -1672091.9108793258 -665231.9817913178 298002.503006607 -1221340.8100774381 15150.181033073326 982104.4813375219 483275.40840083157 -994757.7005096457 -388467.197729126 -1511818.5454125863 306959.7630969227 -975253.550751516 -2575468.172721471 1065559.6059240543 -1230001.887595388 1956972.5112066881 127405.05900144471 -467221.9637808425 -675258.0433358493 2215875.0925233476 970833.5047013448
-582525.150339178 1652305.0506258581 -165541.3199935987 -604729.383120773 -1520134.6810664933 -644148.5388373871 -1935930.7156607336 -887231.4331928496 -351124.2756968433 -168659.40632298865 -841355.1992438274 1026007.2438685899 -1598843.0771082926 1747521.5591282703 1455375.5527223463 1179374.0556545595 62740.24411458744 -337559.5077281991 -1263042.9491043005 1182737.1129352814 31473848.58785095 -1175374.8198531899 -3127222.6452203784 -915268.5230394009 630698.0410624653 843565.4352918431 -690406.0009200184 2459193.553223037 -1506996.0696524628 1069597.7147658365 -2576568.6882077325 2718328.5423901356 -1069398.896748975 -1339254.7569837428 834839.1989449167 1529545.3611781397 368982.34700321703 -1462523.2240347392 -742471.1689151546 391920.2082781992 -2626310.728916191 -892133.5985778358 -2356939.3662153236 -24568.915749875883 -1530602.438916244 586298.3781920688 1668412.0311558482 873907.0218685338 557297.4597323163 860648.237600741 1018194.71152115 1947693.4507361779 -1122282.3333292496 265864.7925127452 501296.7021697557 133148.54969807636 491601.2316127074 -1537250.9253972482 -969763.0672002462 -880785.8252623826 443652.711268421 410315.37796950457 644991.377715984 -786103.3010328099 1007180.9367245666 -271938.53221620095 -895001.3150139335 -2390637.392504907 -3229619.894466045 -3016417.8431207044 -2788343.0396039207 -229565.90802179996 71206.74778393078 -834126.3396874343 -1369546.62813366 -747201.2645439234 152556.71255842817 -1854865.18947666 -3982253.3520685253 3935669.4402228105 -900836.5463841563 -434635.7064263999 -180308.4256380002 -293483.84190825355 1976069.6044459846 -2572536.8116716165 1451951.8086910304 -2930275.770748502 264184.215269523 -3223326.7991515147 -1026056.3079454862 332454.01718916575
-928134.4962189752 1758656.0778178445 -4044485.6720646825 -150560.00364925037 -1077606.1304936379 1141949.63176316 -3531606.2758047166 965774.564822943 1811371.0450385255 16472.167747969434 -1144755.387020887 31287.919194363527 1454958.4914280328 1107157.7371183955 -797421.6575519614 -386097.48802976735 1919573.1672877772 -230256.10012868498 -459380.77743875695 -1515812.5485647065 -1175374.8198531899 31532415.109886963 93643.45857527952 1315294.696004746 2533492.6077057566 -1758671.9499211998 2116028.567966903 -1926293.2502345596 2325835.3819375033 -2349352.4065493396 -871290.0196028141 398804.09402467834 1678524.3299256582 -389486.71580893564 1063792.9708393014 6544.417995747351 235719.35588162052 998029.9547073904 -2388594.9941397873 -1996830.2046274678 736568.5563296451 -249750.01562674792 -1216773.9847603512 3237781.768347843 -1689609.9146401214 -975396.96167657 -1081721.2626916948 -2180782.7237245897 832227.7460501633 -976123.257963196 -166681.66162062078 -153768.4220677211 663595.4375223058 -1856306.5874672218 -2145287.733486687 617761.0731294488 -550975.2238962717 1870705.5460261705 -1869681.2728894826 920328.6035417671 1436015.7449045486 -854615.7397284141 -57041.428977255135 619581.7508620167 -658490.6474501041 -701947.325507309 -2199066.7019539867 -1676324.572295502 1322310.5668805714 -2040038.2284507605 -1967797.1294315201 743514.5508918356 -3607404.110995089 995674.986723893 -2675.0520888121996 -143074.71454810238 -2110985.116562032 531800.3335443165 -1990332.4718439076 1195000.8431802029 -268002.6375971357 -417517.78093807347 1465049.971201267 -717681.2532087559 -27694.750296712158 -926963.089454569 1675918.636449748 -848689.9801267318 921145.6071556349 2430068.8325200556 -2567377.771124656 -1046982.1900619753
