32235393.34581023 1713069.799038886 2804036.516057116 3154611.914671384 -1400476.210141773 1203830.2211731693 921775.2946354452 2962820.516332881 -311922.38307140337 833039.0869636264 183450.3182606337 -3955335.527066948 -1995065.774736914 282852.8986354302 -3120960.2717013783 -953374.8631768735 4100547.679367406 -3356173.394644794
1713069.799038886 34442368.70529174 347052.2556702625 -5211391.01599677 -1531963.2700774395 -1975324.2600337358 -866455.7843594975 1418154.8683213568 -2784604.469187012 1342067.8810211527 -1238272.8995925284 674889.2155568084 114886.4077945573 -845426.1641539721 2086768.6448614397 1580321.0130011332 886374.8344267433 -1678487.4823167196
2804036.516057116 347052.2556702625 33989728.05652456 342526.5874373491 -2004147.8495907148 -713459.0361216817 4672547.301408098 -2846099.6909135426 -124404.82726017809 -1012017.9555327877 -1628379.591579771 -3579331.6368424753 -1539449.4270607764 -1326479.2012506642 2098752.505156684 2299464.072910249 4500533.607431237 1921103.9171762443
3154611.914671384 -5211391.01599677 342526.5874373491 33121000.14412077 -1139495.079351264 -1872258.2191281863 1186120.295958603 566657.5182191883 -83237.4238494317 817633.7197030874 1959319.8299845322 -916239.3713236365 -1160631.1266756486 2381499.7586452463 1524397.3898674482 -466634.51139749464 922716.3739255229 1377473.8866465578
-1400476.210141773 -1531963.2700774395 -2004147.8495907148 -1139495.079351264 33134417.846772112 2159184.307840779 1729543.8420371104 -173331.3109118953 -667010.1841197975 1151040.916562081 919720.997235056 351242.91738551663 -494346.33652650454 971278.3928332364 773527.229149641 4177804.5446057855 -2126302.3798311017 222611.43738782938
1203830.2211731693 -1975324.2600337358 -713459.0361216817 -1872258.2191281863 2159184.307840779 34142484.82247703 -1466040.2927426768 2491527.241979242 -1765652.9969335725 -1525867.4099709056 -562126.4154502013 -2830408.962085872 947562.6610275782 -311533.38430601446 -707823.5475602153 197544.48442778943 -1588381.304856715 2086582.7066058388
921775.2946354452 -866455.7843594975 4672547.301408098 1186120.295958603 1729543.8420371104 -1466040.2927426768 34913726.055417195 -2730233.9361564745 1967221.8621271965 -892432.2814102274 -1740167.3410016533 -3364.723948590827 1843210.054300663 2805264.7374216537 -2522447.7021046556 -1803058.8019922292 2305139.053220007 97830.86900266877
2962820.516332881 1418154.8683213568 -2846099.6909135426 566657.5182191883 -173331.3109118953 2491527.241979242 -2730233.9361564745 33592984.23336278 -1056064.5349409813 173584.26053813467 3596410.6500371713 2615975.35254211 -40579.87874091224 -4046904.109210617 -1104917.3971547275 1163776.9651270807 664228.285418299 -328473.4812462353
-311922.38307140337 -2784604.469187012 -124404.82726017809 -83237.4238494317 -667010.1841197975 -1765652.9969335725 1967221.8621271965 -1056064.5349409813 34352122.63219 388954.8834256611 2217205.8138063573 -873831.4147032897 820271.9754940377 966983.6801902644 2623406.6923289155 6288322.831599055 -707126.7939172151 2579067.23652085
833039.0869636264 1342067.8810211527 -1012017.9555327877 817633.7197030874 1151040.916562081 -1525867.4099709056 -892432.2814102274 173584.26053813467 388954.8834256611 32468879.72798089 -1084418.6488119655 -2133547.106230002 -1176219.9709052644 2558599.5979801915 1413171.8044012522 4446131.373271621 -978934.2819912395 523053.60671167396
183450.3182606337 -1238272.8995925284 -1628379.591579771 1959319.8299845322 919720.997235056 -562126.4154502013 -1740167.3410016533 3596410.6500371713 2217205.8138063573 -1084418.6488119655 30528823.899617758 -455300.92793987703 -2147721.795469505 -1053894.2692805748 -1721224.8887780115 2195026.5675114873 -442515.8781872322 -164597.26287730277
-3955335.527066948 674889.2155568084 -3579331.6368424753 -916239.3713236365 351242.91738551663 -2830408.962085872 -3364.723948590827 2615975.35254211 -873831.4147032897 -2133547.106230002 -455300.92793987703 35220471.00978964 -504807.39926874527 -487375.67749033694 1414904.2524031303 -2911755.0143087655 -3007225.420379674 -777668.559961912
-1995065.774736914 114886.4077945573 -1539449.4270607764 -1160631.1266756486 -494346.33652650454 947562.6610275782 1843210.054300663 -40579.87874091224 820271.9754940377 -1176219.9709052644 -2147721.795469505 -504807.39926874527 32472439.25362636 26286.184701773334 -942199.9601811516 437971.61755719315 -862422.4734131066 171637.17060897726
282852.8986354302 -845426.1641539721 -1326479.2012506642 2381499.7586452463 971278.3928332364 -311533.38430601446 2805264.7374216537 -4046904.109210617 966983.6801902644 2558599.5979801915 -1053894.2692805748 -487375.67749033694 26286.184701773334 32442550.311607838 120363.19334371269 -2999305.216738984 -2600803.100986617 3332779.5679066842
-3120960.2717013783 2086768.6448614397 2098752.505156684 1524397.3898674482 773527.229149641 -707823.5475602153 -2522447.7021046556 -1104917.3971547275 2623406.6923289155 1413171.8044012522 -1721224.8887780115 1414904.2524031303 -942199.9601811516 120363.19334371269 34227964.08255116 426853.09063652926 -1785233.9874257527 -4069.5582572587377
-953374.8631768735 1580321.0130011332 2299464.072910249 -466634.51139749464 4177804.5446057855 197544.48442778943 -1803058.8019922292 1163776.9651270807 6288322.831599055 4446131.373271621 2195026.5675114873 -2911755.0143087655 437971.61755719315 -2999305.216738984 426853.09063652926 31302099.39382124 -241726.1420823877 954550.5916860341
4100547.679367406 886374.8344267433 4500533.607431237 922716.3739255229 -2126302.3798311017 -1588381.304856715 2305139.053220007 664228.285418299 -707126.7939172151 -978934.2819912395 -442515.8781872322 -3007225.420379674 -862422.4734131066 -2600803.100986617 -1785233.9874257527 -241726.1420823877 32663858.96143256 1737898.136224189
-3356173.394644794 -1678487.4823167196 1921103.9171762443 1377473.8866465578 222611.43738782938 2086582.7066058388 97830.86900266877 -328473.4812462353 2579067.23652085 523053.60671167396 -164597.26287730277 -777668.559961912 171637.17060897726 3332779.5679066842 -4069.5582572587377 954550.5916860341 1737898.136224189 36671167.219755836
