32353555.458401304 -1087373.4988134902 1203097.753906434 -3011617.733338176 309085.52908129833 -236809.00148278213 -2163220.8004425038 -2478508.30459048 -2068019.875732725 -567502.3274862132 -637612.9906289451 140341.61731990025 1838296.773307763 -1209772.3482639042 118517.39494137325 829646.3048901845 881436.766171518 -705373.778913645 1356525.2236097094 -961703.9251293254 -870812.8675719113 -1325272.7790599025 1114490.3875146715 3144674.7917756713 404471.1864336332 1311846.1184290166 1467848.102245175 -1049454.0788254796 1920481.7846779146 909634.6430003722 1414528.353173395 -2124998.216038087 -605858.6337725783 7268.56526423138 1780601.6502761364 -1734948.5460793471 -2526908.7732818592 -67647.00934645087 -1031404.9172773189 -1321919.79836898 225500.910552027 1806476.93630363 -842163.3311435394 792441.7579850288 -1034315.5211943145 1590849.82282914 495917.56668119726 470665.53801223094 453213.5299962937 -3744145.7015896975 -261397.64226785523 67178.11162369353 2184550.48272893 -369775.6972226414 -1114564.1341268385 -971163.6701831924 537340.2499922718 -2729174.9811274833 -1444403.4008412363 3787580.959551472 1387356.3703037929 -1434280.5925622585 -1511590.3679198972 419348.8993066145 111553.13991671446 -1413662.8450041583 177024.15911322375 2357290.153223504 179276.6705687622 884666.1712413103 -1525723.7806729267 -80863.22515093005 -1667491.7296391393 2436259.40727683 1105738.0297880236 -470170.28325330664 648614.5834523174 -35767.58569564246 51952.169930112665 -662202.8842049694 -1603209.0558652943 3477854.1715459498 -2543934.0238918024 472595.41194501787 94168.53535335374 1470621.5478426209 -422887.09737204236 -4131135.769363412 -1459108.0237311614 -2085682.64862577 1124433.034109042 54779.95546654669 -2753337.680858295 1084146.329445778 1077646.8211654476 -728584.2499953563 -60884.30058026922 -2186021.503167738 1673297.9721565526 -1411191.005334059 -1596514.9706649475 774892.2220140899 -1721111.816048688 1414845.711398691 612331.7413922383 -1855993.7547154336 1658998.659087019 618631.748868304 2282572.6733212653 -857430.0857075808 -99251.46356359009 -1043430.1189312113 -1626556.772939732 880501.5664987257 98552.81126703988 -1459792.7233958056 1910457.8038765122 1429956.3744200936 -1294155.234513613 -932867.3419639755 463304.0210133737 -1998786.259003889 3733569.6465447284 -2633540.201216057 30238.960663026563 -719198.9921550902 408381.0027073615 1029932.356128039 1666033.7595720843 802159.814212815 -2723753.2577501223 350176.8000214591 -2825604.1787956716 1720764.1040281209 2258353.6667285357 -425737.0499566819 -1593757.495375509 1021319.3394918209 -56526.13684432955 134884.9344956247 -547802.7283112516 -1092629.0168644907 -1517882.925558336 3353896.031292513 -595650.5431369402 -94954.90532873294 -347478.12138612394 201790.35174355903 -823249.061794996 2463194.9073368916 1360751.76493596 1261163.2519198202 358462.6989080058 -1031758.0877841759 -1323258.0321768706 804845.2101376175
-1087373.4988134902 32061994.246499624 -275915.07580204244 988295.4348544177 -146451.74337039146 1011447.9855701696 827342.7420905492 -1458402.0999234596 949799.7142341634 1108322.5571537868 1318681.308243167 845791.2454522979 -321718.7734363651 3279871.6320334715 -951344.9360202779 491724.6854576107 -841334.9504003426 48263.1038110286 2692928.501506064 -193344.73470742904 187340.29224518285 260856.8755565083 -104681.00199370168 -776120.86949927 -2045964.1191229932 -2134828.97540516 -188065.76325044592 694385.3975541842 2354440.7694275747 -2641380.626086749 1182775.4447235237 -957637.8856710324 2337735.8240093403 1817706.1553359164 -1302534.3800608735 1425713.9811753787 678189.5911250586 698691.421610712 -3277735.0811094283 29755.84086082814 1973145.335050011 -945662.728497692 684534.4185832283 -568554.9272634736 607699.552229133 1945743.8670356988 100550.74887425432 -893001.576271374 1201292.3295548088 326628.01726419036 280184.55556059995 -1792810.513682456 -1407582.3295124953 298926.14409825444 317423.01364054874 716603.3852254071 -946390.1189221619 -444936.98100632 -221923.83199434445 1320746.2787918078 -531975.8046843715 887443.7366183576 4205104.935451162 -1018310.7331341257 -197413.16599139044 -683070.7793455224 1204922.819685141 2053271.3997943085 318259.2943157208 -1548833.6280275949 -1355455.341540584 -621948.1694116446 -929770.1517866942 -1990627.2000225731 2492350.7964725816 1207025.2175330762 539449.9144561316 -1171354.8255196034 -662288.7198175832 -549024.2870610663 -2731241.5545684206 -1622133.5305665766 1540540.488035195 4476048.140940624 2029049.9135091305 455238.23776077665 808088.2853066941 1759611.538086379 565384.712339288 -697109.0074119315 351057.2115868498 1572867.5984146043 1470203.2448415325 1295978.0028814836 -1148726.6826693546 3235394.2698659524 2579852.990740861 -77524.21110613183 -1429609.2168394446 -722767.3613562821 -1019885.0912360845 -317419.3144584048 -349250.97124877415 1206834.1004098367 171375.34007672218 1714014.834112407 232029.6793741726 -368337.6340855802 -1330459.4109844489 -1411594.1485775036 696513.5172815906 2499692.1500702226 -1031244.0784943751 -492160.64052691165 352850.62179934705 -2399593.260505753 546063.0170210598 -1687278.5707094397 -456363.9033665294 -2635646.1941248234 -1693712.347394833 -2026427.5476072372 -1653727.923808915 1471836.1023617613 1481052.9619050932 270755.32964120194 -264150.0644338021 -1602625.0794973937 -1971014.2123871879 -230646.22255971847 1268767.821847717 -2536188.5674977703 1018937.6700190133 -1318867.4468177338 -55.97086707003504 1140038.462155063 812335.8335030553 -72192.55466782027 -1334391.4757418898 327328.3333037555 -3367702.4574741824 229594.1583622094 722008.5676391358 2685663.093715596 1190460.6018951256 346263.8181914571 1463062.4335120807 2232491.5775904935 557471.6743045311 -2653722.742396967 3966493.421686069 -980595.999837021 2075407.9121299142 549824.8994071786 -1283216.757126696 -3289587.820890036
1203097.753906434 -275915.07580204244 32609782.61679543 1986650.3356576853 412772.4128993229 -2258.0287401966393 919975.7492036198 -825296.6012981166 -334241.8802793467 -1553537.125046007 1141808.1559276187 -1631410.970546164 -894895.8475154811 1314193.1808031076 397856.5063630139 2494584.9826796693 -484809.93049923965 2863461.7382746954 2823468.1578553612 -1067807.49916468 42970.63510916782 2059415.7996172302 -426541.08458118915 -2560864.207864054 -1062119.298347272 -1050389.4415419437 2158183.503035965 2477623.4584492194 -1153801.9984272183 -1763693.0120197448 639285.6301556714 -3636276.7803456876 -87813.05568527087 -2234326.75899383 -198128.53743493685 31908.53838242954 -1450470.400836977 -549360.6200089164 1601253.3799099687 -2608349.4650826924 -1556346.8994160225 2057411.0559361964 1255744.6589291552 858925.4103458368 -737722.6979261223 -965985.0093478113 2180366.0880075 3048111.9623977398 336572.9902289619 -1621656.5382710912 1563714.6073390187 565855.7430126083 1390178.8683810222 700719.7668941445 2313597.259392628 -295210.2517860909 1579686.2507113647 -1990195.8416015601 -1781067.8322901102 -2876078.8403227893 45652.30954380659 -572376.1001816198 2891094.0984516847 -2242722.501839085 147565.56768568984 -565588.381936651 -507771.93015070463 -303502.2687920298 222049.55575029104 2942458.0015607523 -1062196.7681070883 -623824.5307460431 3866920.7640104117 870664.1985278523 295320.39343248407 -591951.084298602 -1878574.7028251262 1046659.643412895 1905475.0917587825 1984588.5978883912 863948.6364882345 924538.2083514051 347848.24270436267 206504.77537617888 -856716.3703464282 -1976196.7254347974 -630572.549027557 1152670.4212949555 -930599.1665909649 1039103.9507234594 36692.51724491657 2707281.87038455 1930742.0400426732 -2566593.835151451 -1793364.6259370379 -1596079.6525593156 -569397.4380771617 -3251304.4619763913 1660139.5818461583 180736.3470920996 -919034.8987567245 -415998.7539228521 769176.3040773635 -1170463.1917957133 -249479.22596139973 2428805.8299359353 544718.0934738718 -3096213.681326163 2159236.8632843704 -1394801.8483128077 -1664769.1918814732 -1924252.8706133466 -116451.8176875398 1228411.762494911 2839645.6936620427 1513491.0758125912 240709.60234927406 -371763.4795160268 -1967948.2202656043 -2537480.297385429 -820320.0379150978 -323485.04830622824 2638493.9972311654 -1846855.382987963 183586.2682086421 -136995.30840379585 -2949760.5718431403 -380396.4142193619 431852.1591576851 -826363.2253655537 -2242565.5482552974 -142972.82325666546 2819928.6714173746 -1986511.9937738879 -1896933.2211465659 936589.3139538007 -1694378.9484922406 -1249751.7415073323 1879300.4484378768 92124.62391778694 -60904.55542290325 -2126893.29278658 1564041.809347799 545791.3635844212 -2813549.0192192504 826159.9684171347 587401.9181242568 -129406.31646428282 884121.1923073627 3324967.0176152806 -1352340.0113738645 -309676.4453303562 -3341951.108592306 1646544.4010594436 -2558920.5943123056 2770486.2479557004
-3011617.733338176 988295.4348544177 1986650.3356576853 33335937.98740053 223498.86918556815 -1841581.2685967083 -2076647.9365618154 -2373437.97734701 -1283638.052330804 -1114908.9789199373 1842884.3854845408 -2191227.6473727524 -1185238.1474926698 -1167092.9102961859 2677178.4696135744 1450590.1924519062 -184412.85939529014 821248.3512784059 -1802183.1394594023 1610166.5863563146 -1240276.5257657194 990373.4582748462 -279448.73400524724 402105.8145780038 909169.980694732 1940956.2339655024 1798111.176573168 1135517.3410627975 -526015.6439464373 855608.1238123092 1034832.6313212673 -1679965.610999678 -1806929.3519721562 4175101.393290759 2313899.1223062393 2526504.598829742 2288051.3595408774 -588785.6781173027 -112106.23513844589 2440751.3118873867 -2344328.174135654 2625225.562387456 720580.0861464054 2260317.814624402 2385439.027995482 -1677015.9202501888 -275485.66799826844 -717537.4607225077 -332707.79159617296 1353072.1409922922 1055265.0695721356 -1519880.673731286 -539623.6715115003 -539994.2598909469 -1567898.9383944443 9341.667694167183 75301.09212434568 2181657.4963878305 -675976.6809809353 -666139.3442886353 2591461.3502428364 294794.94949369197 1426594.3098699409 -1466412.723506486 -862356.2615664479 774232.3071528951 -1584263.307517235 -1694321.4115460094 899939.6723052611 26706.12167733814 306227.33782687696 3604697.115914839 1639786.8773372243 211822.83598431977 -1359096.8571288206 -661661.438174869 557308.1950328171 -1220093.1336099876 -1040237.4404299172 -818919.038284031 -1607552.4454440349 806523.9157565435 -1108960.1928473124 1390865.0154197905 936262.059244543 5891875.090377309 663926.9294000647 2645377.0726847025 -990324.700918871 2026016.574158799 -649140.2719039181 1199490.0167167569 305389.15467805864 1082831.9268027763 -2340710.5124144643 141713.79693727542 -1689304.1615642768 -952639.0070198362 3221109.9326731265 1221257.0422086343 1008320.6545988983 -823241.515444325 65734.78968071059 -512242.72225712583 -1490866.0903467874 -482627.77916708036 1204947.0073407418 523552.2580629413 232301.31627911885 -2645862.7748444155 407169.28299253894 -1891114.196185009 -1235305.3727546087 3177399.7540345653 -3561399.006064327 -2251157.8288336317 1569925.285690465 -965365.2839427411 -2421513.3936980744 385948.0333620341 -570446.8147441046 -962587.5384074558 -2393755.583454156 1759570.9029948572 990138.1178516856 2852326.6595519 -619264.8931857287 2677975.3411951135 900750.6007987303 -1225315.965124281 2667388.744184477 -1496855.1184434819 -160252.13425357567 877439.5513905498 789625.7748258398 -56841.45908192062 1556969.8209049047 -1834144.7416402295 -545664.8476494757 178645.26161273348 -582865.055905629 -561542.8456547315 -778997.7696487608 1290093.820736073 479460.1751169374 4218755.363115336 1895639.5132735893 -703807.8355742184 -2680.668335172175 -182597.93957215207 -479725.36547502177 2294564.2977677067 654933.7017901196 -1694347.7461015352 -193746.00986333712 464040.16436171747
309085.52908129833 -146451.74337039146 412772.4128993229 223498.86918556815 33313329.51881092 -948240.7252857952 2096216.4164617187 -1964972.0806970792 -3231265.0696607106 -501994.5912955336 583532.1568566099 467202.80723781313 2490809.41891662 -1786033.453437006 -956693.5384648788 1822227.6512042158 -2648107.8391129654 108487.31236369874 -701462.7303925926 993891.4384541778 -193201.47121433198 680014.1320221988 -1036237.0771089982 -173070.02066517802 -2103706.474650597 725825.5281974082 -971506.8638176064 -1492937.3153588441 -326548.7824495208 878718.2541873695 922284.3460006332 -556697.1599066431 -2133924.348080633 -807249.1665973192 -1486775.9561462982 -2141557.419343639 840137.8208849756 -1852407.136096651 2525039.933498152 226756.16938355874 -690943.0362837838 -3089177.654308141 365632.78775271017 -3486288.2030042135 -1285803.2540367998 -1282954.205139774 -1861696.5226671943 -2103018.347383519 -957100.1499425793 -321064.2176689579 -1441731.358122265 1490040.0889636844 -2240154.3570098556 3836845.218726439 -2194586.606513437 -692691.3265326187 -2448535.356137157 -587334.1823131413 -826119.5392618639 1109388.5538017326 -321357.15246470127 -821106.1539925005 -1618261.490387178 -1671617.0137497182 527861.0890167919 192548.38510434979 -2101799.7921264647 1196058.51736004 943597.7301795876 -858644.7001837142 -2812074.1164024426 1678420.6178982563 222636.0153557004 1649815.8829007398 2199702.7965962635 -2745005.393425464 -593950.7445461084 -368701.75156994927 960289.6773220671 -2678497.294857328 1886880.6475620186 1153443.3267647596 -999928.3503374002 122488.46059247923 -2318276.873246823 -821118.1597934096 -769171.9361995816 503740.51684048836 -171167.03674289936 432998.825518027 -2598821.37084499 -102037.67251097778 -2436319.7455440946 2037540.697524431 -3819794.0370355113 154891.46243168745 -366491.0687580228 1119660.5173808956 -16035.537974205326 -2752323.0728244437 2646723.485397941 1776449.3658663295 443939.50310796156 296444.08242536825 690589.9307034315 -367474.01394300436 -680337.0717454627 -2104373.1547376364 -1943690.4242454274 -116733.54219034099 908244.8917348637 -614938.3106105459 3005502.861265843 -237672.63850869625 1466895.7319074722 623839.8367286514 -2069940.170282291 -3732942.8247900396 844085.4035380766 196118.80917282336 2132833.7328645885 228579.74246585133 -295226.629139173 2316286.0719667585 3122836.3007074073 844740.2015283869 -1287093.157791521 -719895.9333428524 -15751.279608875531 -955981.4807949006 -1523555.5664495956 686982.9280881346 1126533.1513904268 214962.7793503311 -4371228.855442283 887572.1951774212 588064.4863422158 -1303610.9490049551 547740.04436172 -1639537.6694746218 922972.5829737129 999392.6953371038 4229529.9532487355 386583.982987034 582840.232543906 214497.56658816658 1061253.2047656951 -20569.24619143293 2963670.063335032 1260776.4289205002 -156359.01606604015 -1041054.346079723 -257073.1477912783 226265.95561203218 -2390785.8722810047 2946912.0246433467
-236809.00148278213 1011447.9855701696 -2258.0287401966393 -1841581.2685967083 -948240.7252857952 33394004.620764997 1643564.8840998635 -545966.5339738069 1353605.7895582088 1084354.856401385 449313.7630977034 1197396.5292259138 -242325.92717014518 366925.21561806905 -1134393.9289629476 2703727.0260840454 -1436349.5087639275 890706.2397787981 -279005.2920823748 65691.84651972092 -1364958.2430654527 -1145894.6676688853 -266134.9508009764 -883212.7025180251 1506533.4250020725 -1558700.0216830592 -2609900.5687564504 770507.1407148102 739310.8477142713 1368143.8953853867 -255538.812712797 -1718993.0095815817 944857.975313871 -1257436.7004368855 1382476.9829792683 -527124.4843353216 1838032.5583436904 -1819326.6542516467 -483088.1931860902 -776425.3419784846 428962.0230097856 2476915.8732457985 430876.27230959415 1399465.2014069604 -1240441.0052879488 -827573.3839778294 -1658513.920743051 -1724434.2904214861 -1042467.9204672717 2506521.847890984 -568569.3267956929 989636.4920192988 1279509.5342505665 -707546.2809137591 -1256968.3193043317 1096776.7238280557 1353378.4272436367 -748986.5461425448 -397622.6810221573 -2443673.5259382436 -1048187.3273185182 3594845.015069859 163293.9734705622 -2398222.7649955843 1263046.4313227918 2945512.067227544 1247900.8312634537 120214.77206280942 -1058495.6303069983 -2195046.3503288613 1027473.4444229783 3313710.328249308 -5713287.882062307 -3028752.7074580817 -1921851.0984541476 1499167.3003424946 229496.55185847447 886148.3474948072 -428846.4650818853 -137368.92403746632 32626.24918374262 -1000607.6411841102 -3593835.1133553 -1859816.887095911 -2510213.7688680314 -2972128.1922502485 228770.77793602366 -3077279.109071022 79873.80873191463 -881166.0825559163 961732.9541680261 -25549.016077356493 2663802.9609900992 -1025944.4784540575 2306731.1332100513 -3386981.3641356123 -3906059.2582672345 -1125168.4022528066 -2101578.518383025 689333.0113293901 -796137.3468172441 2212366.984348865 -503388.21088134346 -518683.4220147133 1606225.227468341 1095609.7835218858 2214597.858806327 -2421099.542113185 -2161523.8215072746 151709.30504650972 -96574.61036979377 3174263.8510201573 1374748.644777272 -383678.80564475944 1657548.2225427101 -286227.1916786278 1922261.4150247416 -1071671.485356773 -663575.5207402195 -658089.6306806412 56654.98771113132 -1154042.9915863469 -1908302.3370668816 -238131.23616113677 233756.40597042616 2676366.399114076 -681430.512764404 -1567581.2448580181 2452232.1884033526 -3523618.5882037394 -2985172.6612577755 -265814.2174035046 -1394280.3916989916 914953.7754460585 136966.3356525483 -2059964.9489098815 -282077.5182985226 652337.1432940224 1977965.1339143626 586850.0978299871 -3497902.3166251006 311781.93572944106 -924410.669472921 2065597.0990707441 1251261.191705521 -1330541.3628694466 -1725700.5537143643 1322427.5222648405 1991546.0506034293 -2218185.204383616 621952.9078455426 1604690.3011118434 2083338.027521518 123073.40635183892 1180111.2959739421 -580990.2844616581
-2163220.8004425038 827342.7420905492 919975.7492036198 -2076647.9365618154 2096216.4164617187 1643564.8840998635 34678212.81340412 -801926.8882743401 -540187.4907690005 -549294.2821342279 -518398.56166586006 1750789.3861144746 -2400891.353835689 1990753.17388759 2055264.834354439 845120.3072974662 -6444.643324950288 334895.32363589987 15657.924051941052 -525351.7420014715 -2500537.5957740005 -4618089.0817990685 1487092.5499448164 385936.1151507868 1523939.1996495684 539399.7614144358 -1674633.546939833 -994895.4895712584 187510.99137296338 453630.18060502165 3499378.619956326 45079.534143893965 -3900500.9257664476 -1713062.8907191362 -431876.06533135514 594499.7463923959 -1022490.4504850355 -298627.93120037694 -1414005.4445819298 1783067.3918707846 -1655050.4489743898 -671200.9073454752 1311539.9497904263 -2447392.5817521056 -2992073.785535078 447866.7952738242 211534.58653621856 591527.2907837842 2556195.276765186 -700608.7788351172 -1371406.2486954879 2625854.124156735 -825936.9062862087 -2706564.912882835 15309.860132766336 1166275.5132356284 -1901633.6900319585 -405396.39290147106 -868975.3345523803 1711372.6764141154 -406289.38378696045 -782175.4150502732 -1191167.2854569587 139268.7084131752 576994.6892339077 -84331.58139502183 -527731.531785975 -407180.23158264643 -2637776.380081113 391483.61154680187 86737.3001322356 -861085.2304550058 -2673828.230809428 2049342.4957155504 372636.1189288922 441800.4171190581 -301227.2230970321 291205.2173205601 742037.4891629278 890420.5969148168 363640.33342603594 1365286.0184295636 -2518200.715022904 -1700510.111820236 2360881.906857972 -128937.44531638989 891991.8797710792 -1298888.410914727 -706997.1623195005 2593327.063573412 -1340605.8312801193 1292517.9127870437 -755935.7664788858 -1624705.0741335754 652068.4749248103 216407.59067318914 -216112.35138027093 468824.12993002794 118828.40693568783 308704.845230371 1451041.9649621334 -142367.46889608426 -1243489.6539851017 2343699.089475918 -1246906.2594656977 1089340.4606197167 337398.7800022991 -173889.98171309015 -423062.5789510636 883760.3073229275 1407402.7485289846 2330556.248841971 174794.03071421993 1954861.773757345 2307682.9534686795 148555.5488680291 -257152.43911886247 10101.089031186844 2031692.1303928276 -750314.2210457681 1700949.4069035086 1279783.999291505 -1481369.1834067877 -1538440.599279925 2009080.515493155 1091560.4154779771 -699278.688317601 -746733.7017673418 1188279.855182886 1028127.1355722612 153806.3350951118 -2709378.4252697225 2177771.6016395506 -339432.28413367673 -3319429.625736136 -3779610.174278881 -771377.5457275318 871654.2302681584 687194.8984210632 -688059.9829368864 167720.41916717376 2136893.957336634 1300138.441759536 -191184.78710130852 -1008413.0146067769 -2059568.41394653 -2176083.319035361 -1507306.1346537755 -89473.77938008402 3845060.6337077664 2207423.3316181567 303790.8742074906 511413.3332329149 217096.631935681 -2700358.320592276 1717326.3824263138
-2478508.30459048 -1458402.0999234596 -825296.6012981166 -2373437.97734701 -1964972.0806970792 -545966.5339738069 -801926.8882743401 32237564.196364768 67841.72028200627 1114956.011362308 -2408581.7876052116 -2075226.610122021 -827792.5939776426 1794624.8693442324 1948821.0385454586 87074.37921790716 807592.4626600153 1528676.0131952926 473144.09525149333 1180870.6662411252 -2473510.1688484517 651550.0926328166 1447700.9262974937 594825.3668039227 825794.6059595128 978924.5528192779 -1203116.5891698194 -3229636.1824843786 -1188094.9307874688 -676087.6814322465 2704738.408394816 -306964.03479918436 -72332.9970639433 5273.714899856468 2504356.857472603 -519701.6671093623 2900176.1546525103 2671384.4016365535 456843.256087573 1302634.8175100756 3101403.3187469975 124324.37746250835 2345388.199254992 476749.3164826036 1381908.9407107667 1225296.5033072284 878005.5164806771 2528841.6136012822 1092244.1724537695 524035.5622585795 2364239.6413646745 1096358.5314860104 -838721.1651628264 -345918.53857564257 1233982.3277961253 2309082.9221580354 1079139.8840822442 2176258.424328962 1432410.3759377 1465728.7318139086 -1222550.0067709526 -190897.633537978 303778.45882270933 -1348072.9435032217 777337.7218518688 1997846.3890893692 1862935.64704567 -221254.1587112978 1100174.415482581 -1834650.9450843001 -233579.10010380295 -1769491.8164449576 2044953.3663242776 425980.3071202481 -2182584.692955749 2418011.097025722 259418.44484911003 -544772.3890735236 -1139101.954782545 -287334.0382743597 -1856634.805491633 976350.6650912073 2629323.24233804 -839602.3970989302 -1093803.2290011689 -1998861.6899399385 2412704.978942274 2473351.3231414547 293289.97428148193 1056059.2351947965 -2012027.801893213 -2172647.9279886163 -3524518.281537976 -575994.7644823322 1300935.2295658845 -232856.19881710073 2004313.9964143604 1168858.115199755 1000057.5192958572 2804791.599619244 466372.47116816137 579165.2125639127 -1212672.358688728 -683600.7331551883 -1753644.7962192565 674949.9375462804 1142676.9093974906 -93734.80370649816 235390.9233546755 -1151567.5832787503 1371249.184206213 2979726.3440010375 -3105797.017101251 659572.221853795 -700872.9547584559 -3325157.970547433 -1871938.7953804953 -303318.85123878584 402010.2724822403 -1654228.3090072894 -1952414.9298883304 -1571844.6452577154 -495283.26949148264 1262648.2691041601 -325117.92508860404 787308.5768993472 3772193.8947548023 1391124.558216937 1016508.2975053925 -361791.93158189487 -130565.78683733287 106074.13595282193 -2942143.405152454 1511694.5682883759 975345.1948080995 1035762.3911427354 -2051396.3282802654 1636944.7715183492 -467027.51969229284 932600.9106590049 2659316.616109522 -796520.2622110462 851448.2459533929 619751.7107501052 -1497471.7878520773 -526763.743391162 2261223.7964684167 1065553.4486520113 -365691.0224602122 -397484.5978422032 1054817.3459429012 -1950554.2744551217 -1663922.2899029206 -956423.6785116219 -719336.3858282014 -2213334.0355651407
-2068019.875732725 949799.7142341634 -334241.8802793467 -1283638.052330804 -3231265.0696607106 1353605.7895582088 -540187.4907690005 67841.72028200627 31858110.21610256 1869388.207273169 2101374.191917853 2195947.5733255595 1497555.2669334828 1183351.3783182148 87093.9038838521 883811.0000596798 -460219.7094825695 -2815162.1275082575 128331.68082729065 -630791.3711343817 -2187799.9879630352 775435.1231095445 -773875.6399046718 -113016.492690485 881419.8421632063 -1462547.7493114523 -1175951.5118065036 -60595.84952582906 -1161485.2219740187 34852.83308406047 -1799086.8010240814 2908528.399196194 -1201217.00627685 1659892.2906363544 -533185.5259403569 325373.5680619419 723123.9722422197 18907.219000986483 -1709268.0524634148 -1018549.2730068587 -698090.5586270666 -2164898.8810459157 134312.04623467702 -29471.18005961303 1022936.7715985888 1684976.99672955 1238729.3992051173 2284616.914567396 3408872.843819427 -396338.81398649834 -580798.1417473581 495955.7880731486 -982715.3058690107 -1684349.3593736605 -837655.8319984064 646402.7022985192 163561.87560926023 -444190.43792673637 451699.73421025963 -1153880.494177835 -976659.0770145537 271329.3009621462 1244821.5521329353 1788601.1590441633 -1509201.5396269872 290101.3698266577 709669.1545363811 -678216.4112788875 1168306.9043278168 -223730.13214168607 -257487.20888159898 2198001.902285721 -1576590.1474959368 -684655.3010514562 -673421.5106279384 1052460.442437957 2292411.9957106076 351047.0962200989 -2338436.5275046215 -1929156.5779857892 -1628477.877721095 -864598.1978806123 602297.8036308879 -918735.8744885068 148645.2021454473 -932564.7324014299 -1961438.7015013606 669231.6498505283 1292152.9352840816 -1002598.9935224549 349627.33844577346 869809.8035643832 -1062765.05404353 -749819.7741936003 -992383.6360727546 322680.93758174626 3822067.719150229 -1095876.7211949416 -2619766.930151061 41596.1829260967 -640724.4793506681 -1167348.9360176988 1329192.7873939485 -1317091.0051690307 241011.9659396402 2551521.153407159 2959176.8218096583 1879429.0185289136 809088.4348695574 2146067.3085160367 521128.0352731583 213036.66794096743 -1770843.4829657634 -2358049.1523881047 -911224.8949458171 -2737951.754412388 -1700963.6501871536 1960576.3182495595 -861458.2552149052 1676669.9339896652 -3090128.260826339 -1021946.3280594198 198193.05038542242 -783827.0045750791 -1222856.8553725719 -1675683.9783021875 -3566344.4036020664 -563421.9221976985 -2006105.0462543177 -1677724.228037386 -21687.974251298077 2535908.992943039 -3082442.183612046 -2003792.6381276543 -880204.7555001257 1344977.0114159705 1454856.727879432 -1701159.9943995306 -134422.08811617835 203939.09790607178 -1159732.42928924 2488112.5470381975 1747853.0559077286 -1382364.5296357994 -2497746.1674619676 -2095745.8163445895 374065.6334675627 -844704.2153150119 -467479.11896794353 -1713358.4280663598 471526.53969946346 -556458.732436976 2352987.9454974793 1012628.5280452364 2053419.9266221079 -1119282.700972918
-567502.3274862132 1108322.5571537868 -1553537.125046007 -1114908.9789199373 -501994.5912955336 1084354.856401385 -549294.2821342279 1114956.011362308 1869388.207273169 30689797.100304298 553627.2702010457 -180965.70621761898 -2110904.1902102767 464712.12487802276 -954404.5556311995 -585694.3965960415 2075834.646032978 -2185364.4885783577 -2073842.5892368022 1705098.9116523815 338070.2013318071 -1405571.395217119 -353143.4265418304 710048.6676687088 1096691.0229636333 -2026523.9380319566 -420434.1757743119 174832.84242362517 10881.992724302734 -1203363.383567221 -3014471.651485462 1595079.0895682422 1453140.358686087 1486005.501775401 222277.5462351781 -849051.3253015376 -201493.64714726823 810259.010785888 -1084704.6022779108 -862825.6741131706 2857379.409567946 -2808991.8032754827 -539361.5009461332 836402.2727974362 3007554.9839397133 -493387.326741818 899860.3634496687 -136425.53994328994 1103526.3909309867 -2456460.6308550877 -1155183.1774434107 -78098.71125864 -838163.6845194792 -1622467.3726668558 1119643.3153497162 715995.701310929 -737742.963617101 978597.274626869 3213930.246836473 2069004.8683779475 5515930.738416165 2195068.5909212516 -303291.9319907709 -311126.61138284043 1083126.121905187 2405636.3178016506 2296975.572719084 1972390.1301648053 376049.974381395 -191891.37683345797 -603131.4391040549 927571.4509462223 243777.2123178309 60832.5500302958 -758842.6043156476 775065.920010459 -1898609.0972128161 828276.6365530272 -1124460.5281018163 -1426910.1303626297 -3242790.9001195338 -1676400.4951538865 -88161.52431134605 -3093145.813109723 -687197.3369852448 -1827812.8802393037 2573231.095389359 1392271.0888784316 -119860.222607698 2458568.2058807826 1709972.4765495625 994615.64727033 -3377820.5826964183 1547133.2801380996 967119.688427152 -563823.3164465576 -1113495.0943171023 247091.58694368412 -1754501.7978180465 3756820.238862375 3882721.651169942 1607102.0741035012 -1270071.767893801 482445.21320926474 -1771040.624755331 -2984927.4688277612 3156108.894331946 371761.92158557184 -1118715.1354875378 3361257.7846187023 -81208.79328482643 -519183.6193047927 -909805.175021053 1573182.9705939218 17418.763723582713 -49514.70297550382 2135814.2221308784 -566441.1228711855 608781.8089792932 -1864526.4145252912 464387.375166125 1962457.1069976813 2171447.5927739483 646108.4026262745 -1250197.467330178 -858305.9147649482 1209122.48147326 625528.0286721672 -1417262.7988597022 -1717324.1928955244 1241161.045823102 2940760.008420532 1950962.9037172308 381247.6022576062 -368099.02542389504 -1070690.9764163597 -181187.45222094274 3593154.6884579924 1612092.204876554 2352966.0360571593 -375755.3862532848 139433.30893856077 1524842.0791156387 2851450.183468274 94933.39251237446 636512.6635004038 -991949.6299122496 3085699.847358419 148261.9051919282 2128609.1040217807 -46869.8419356222 -409315.2325434276 797411.8492615378 -2634837.7652933532 1875519.9351510545 -786069.4560011387
-637612.9906289451 1318681.308243167 1141808.1559276187 1842884.3854845408 583532.1568566099 449313.7630977034 -518398.56166586006 -2408581.7876052116 2101374.191917853 553627.2702010457 30364478.484883726 329298.60166377004 1199832.3908825768 2764567.0962546323 -196426.8907220196 -123710.57018087141 443625.6790517749 848104.0147024468 1173693.234243585 -328364.0521514849 -689083.2753584952 -2477723.507459734 523092.7994433429 -203186.0474780933 -2730554.339455666 280702.9745725518 -1989066.485407998 3326307.3182371394 -1780275.9110619968 -4464142.1015116535 -75731.16876813401 2063494.373372717 4915251.007138648 3180127.0588021884 29729.86410442641 877031.9040449297 -1456603.5420993306 49979.477343150706 -1258680.3400847658 2167453.9319984615 -2458935.535576655 1283011.5514208728 -1201329.472718814 2797285.724428309 971993.4926354453 1207306.0284700964 -284712.4127501259 607606.922619586 1170980.0496756027 1461788.5127524075 -5121839.761110602 -1640819.1349719134 -38098.81420783388 -88322.15148649948 -2057360.8640843444 -1131671.4723815054 653002.7251858691 715859.5672905472 1270602.1705226232 -200740.05585606585 1705606.5654001683 1388922.850329425 481950.94178030826 -1793212.8545232043 1394655.7631423133 -3368023.7186204107 -1383651.735454356 299800.808974571 418326.3385150936 326988.6796426878 -1565373.4292734575 478932.8499308804 118030.27905481307 -1247050.9473881663 -1034688.6638823362 -1867047.4334199838 -1720854.653876548 -268549.71035901207 -3488796.1622864837 1607443.113102909 -1272265.8394886062 972180.1832480571 820425.0282126487 -1847962.8220922544 1832567.4491693706 959362.5069407616 754882.1618995419 1728552.6165453934 -1572057.9255027873 473997.5263769394 26203.019390045898 -388019.1954422891 421622.8178300109 -159132.61655446506 -493258.1164280014 -1958058.8934947941 1320055.7927462682 1264029.453488735 -308378.80446418753 -1538786.6421003807 2036586.6914356595 -221038.94700708796 -1242041.8954691652 -1721914.788137206 -79047.84134561103 -2107058.7011012565 -683646.8950188908 944523.6611387273 2681012.517371694 -1763079.9424959254 170946.27136781876 525416.9659219107 559219.5572984559 -1271779.6845997327 -1129541.1966218736 2625173.2632813696 1455565.5096873855 -1787210.2310561666 993865.4437319186 -693357.6656026174 1467402.430179552 -1429006.5841886883 805568.0865744229 3136548.8253726126 2107002.161512704 -1649084.1505245434 -184566.86275133325 1210266.3746939786 -2696056.395317204 1753422.141706744 -1186779.3571155574 1577092.1625494142 1470019.4514544674 595400.0837557045 -3566349.491631312 -2263093.5927935867 -1361931.0979294884 -781858.9986182309 -2664487.597369466 -955049.0840049355 -1256210.4854800466 1525493.62134735 1882052.439864234 1965234.307644493 -932913.0700199722 311441.0326511947 -918494.5086677893 -3331342.675737528 -431428.4492020551 -2145530.587044619 -1839691.7296037283 1899296.6810393913 -2831413.6845258935 -1255037.3098474117 756186.787837173 2761935.384721151
140341.61731990025 845791.2454522979 -1631410.970546164 -2191227.6473727524 467202.80723781313 1197396.5292259138 1750789.3861144746 -2075226.610122021 2195947.5733255595 -180965.70621761898 329298.60166377004 33804660.50277724 130237.77088229812 1542195.5884180581 -2329597.645653224 711295.3127070986 2244523.7999902167 -742041.264698646 -1801503.777459673 2416087.9506768137 1281672.807986614 2521049.1241048467 1875525.6075520995 2556448.2137654983 50903.33633108337 159608.10770644678 1255005.252752629 2019899.532165527 -525092.5621087058 -1786846.1236183115 2053117.2918325257 533767.6875023647 112597.87920824286 -803051.5697945205 -1747007.5069917885 -2026106.2353021814 -2540960.0500018476 -1021312.1345647222 1198576.782743874 -245696.43785713756 -1115078.6091103896 22825.31379931149 53920.67427983956 -367239.72149796586 374922.094486765 648066.0348445851 -2515367.9691657266 -900082.4813769232 -2614125.4204344475 -875402.3435064602 1802688.0000817392 -993691.1878721233 338738.0612231872 562777.6703313442 -1703206.749843842 -558707.0842769181 469792.757381152 1012581.0248766203 -2547058.609709404 -3023535.5551621816 -1463925.9173919677 546353.8521251556 1089819.3411994542 1774264.2641671505 3304460.0691479556 270458.77034618525 1168596.3945687877 2866600.7389431875 1222522.3324141332 -2570561.2277362254 -1805058.9766555766 544240.0235315693 989379.5764518663 111456.80639081889 -552827.9124993655 529177.6400001127 -483224.5951720918 525579.1646080298 2799436.017927054 -3399633.4616805864 450824.83880693465 -1278374.0118062375 -691560.4896023046 697959.0380664443 -1978630.9609843087 3067581.1988450517 -1821078.892580916 -1481856.252433219 -1387870.8019431715 -2268323.9149402143 3136617.3242514967 -1418904.4695907796 -21232.369371717145 119276.490707392 348171.60016233794 513984.04729845986 -1974116.692197728 239669.30476970968 733572.2727875218 -865973.6849096247 443434.1771054376 -2001531.8771576062 130254.08620076512 -1005206.9694872068 -479666.4139602799 2674406.6532305516 916314.5326809508 -2364006.514805396 -921578.2058076988 -575493.9011333844 -198448.54719485925 2246719.828320495 1663361.9023060321 -1274385.3651206633 1271965.9547104302 -3025439.3223406523 1346089.0328466806 -921019.2154167775 -780739.5290334924 2687143.5562665123 803321.6022724323 1540549.794399104 -1078724.9296717148 2466991.510087619 2965413.6829085867 90176.7481300636 -1343178.602989858 -411703.9163309327 -575374.4319706484 -1966932.376284167 3349250.1634926675 -881359.1153337669 31880.931402692917 -1526037.8843342166 1346297.3695945044 -1279736.3023151981 3415810.785813762 -647682.4259477649 854690.5937621417 -506676.43140959536 -1762565.9130023718 270375.5909448106 -779846.5988002316 -1004196.6931503211 3182883.4234344205 685232.1013922187 -2426478.372800442 -1806980.245327932 1841475.6918541228 -1803220.8650050396 1724307.1377086001 -2143876.4847454294 1202962.6474451318 145129.79909127386 -1232421.680097818 -623898.9327033698
1838296.773307763 -321718.7734363651 -894895.8475154811 -1185238.1474926698 2490809.41891662 -242325.92717014518 -2400891.353835689 -827792.5939776426 1497555.2669334828 -2110904.1902102767 1199832.3908825768 130237.77088229812 31523862.09082074 -1077693.365787416 -567071.7862977607 1165557.698742632 282132.8364949135 -2175843.635033617 -1613477.9831472521 -1764319.5139126803 414479.0456504271 1588378.8295318394 -924624.3296676154 695115.4603890235 2406702.946929785 264379.7868198028 2318252.8922264003 -708077.3492411023 139384.1156790316 254894.47825911146 -3414770.6763945245 -1351676.4531130192 1124149.7036465888 -1141060.469501119 1400353.7433576975 1733871.4438851553 -769001.8193185157 -2141969.3774910136 1680151.9564946191 -1963126.173499062 898804.4368021254 -863053.3011134076 -119796.1717899202 -1295373.7876684584 -1687199.1397436415 -629669.070097385 -1608000.0609338107 -1759881.8408811274 922368.0442911099 -2289397.3418172565 -1533828.1440139178 -2072299.625846176 1025482.2055437249 -957323.0532177754 -2173303.044275469 -487145.5009838374 536644.3092139577 -329615.2363336333 -149733.72436084846 788831.9037251951 469988.79703219596 -505488.89675739 524669.0221881556 -649462.802105093 -915516.7505552435 -2035257.4220141398 -1523504.1704438394 1632589.1463779618 2939660.8299643495 1338658.2139360495 1243104.7287708982 -2303765.8649825016 -2267617.6398115056 321092.45914145064 -1572843.033435152 -899543.0927296786 10934.164619353063 1154808.1402159452 62269.46039665973 2205831.5005515143 1607709.952665899 -422467.7351431675 -555513.6090258989 -3045717.5468861265 843748.0102769203 2697340.95840591 -581477.1289107548 57926.17598538146 -633322.0657148433 -3544826.4539981685 2225122.471867416 -974281.1405130964 1816688.2671568755 -420086.3223491329 -3470730.738371347 1080197.521812354 923042.4632943178 -1796865.95315829 -434390.6364197861 -2195941.3731522537 -291176.1600680576 -1944246.7835194422 2218043.5870658364 -2138919.2178807203 -555833.5782427355 1279987.5777083754 1477852.6507436822 1169648.7734014944 1252253.8755661373 827910.8836282735 -2636204.2891136245 -1183585.1955306358 -1775255.948474372 -2168657.9940603077 -503104.6018737598 720552.0968179981 -1447446.4162745045 -356443.600234483 989978.6189319978 -1981289.6941896875 -1483168.7024942941 1226042.1152559917 801716.2505933597 1211865.874663559 1610023.4167249557 -2748499.3983238847 -4394685.90078724 -856848.831471715 715661.1107501746 1376774.1984540818 -557026.5250738489 -247766.02046479305 1649634.065755285 -71968.65252153297 -1329225.7899027187 654548.4605910562 1277632.6528990045 -1260788.1106475724 1060046.371133611 -2067173.2772395622 -1952497.5520500205 -2310170.981267989 -228138.7614193001 -1686723.8257208243 1788519.6590923185 1255573.2933082674 -1895190.9771960294 -1913526.7614147796 -1245050.2094706823 1435677.1199923505 -1166913.3386520508 -1650992.4150254505 1056887.3190166305 -1452693.7078284372 -222461.3780645585 3160528.954895121
