32007640.811443523 -1055323.8131738927 2960795.6987551292 -759287.3978027499 -1571471.773957985 1542433.1766931259 -2789841.9331358313 -1736527.9501160274 1896297.5652532293 -1788581.9884707262 -6376416.684884979 -1217672.7296823312 2504147.9058288177 -1467928.910472363 -4144221.654003793 63884.043389827966 243773.632528189 3432659.4894336476 -523104.3993512149 4335250.443159542 -1166816.7963842948 2249819.2560379263 2846995.092029538 -2467889.2455091663 1363105.9684060155 3212016.4140049303 480125.1171152554 -2302565.332465624 1317146.2248239499 -952068.4760974791 2710214.02036679 1621707.1706441718 1798485.6870818536 1244027.750581769 -840404.3967018952 -3136941.1282366775 1218189.2887643157 2785541.993465615
-1055323.8131738927 31295580.960755873 -139871.12837618057 -2444921.335443166 -1469587.5015357186 -772285.7510862615 -3883673.9914684775 577785.9487947342 -1687629.1883742495 -924273.3134337811 -331040.45845005393 -728704.5443280602 -6536529.389788497 2085624.016938605 1997512.3851662711 -1392349.0104841907 -603044.5962071259 3418017.8146051685 980857.8119547731 2329635.590032904 -1300544.509138333 -2350745.6882297588 353907.8292938543 241515.6599482277 377838.4490995953 3359576.845799932 -3511414.6855040523 -521720.67806110857 -3627821.231876616 -4062791.5422941204 1012403.6866090529 -2100835.0247758166 -478091.3517432838 1019311.039750549 -2843152.007828998 4791888.526491664 1928567.6073811606 4023509.814537327
2960795.6987551292 -139871.12837618057 32843992.712179966 -149942.87693497378 2233555.386486554 -1543469.9807206253 -633294.0133939524 401290.3652218378 1542667.1791987545 889217.229955802 61828.13959419202 -829713.4738737333 13125.930724841186 2890718.1632328345 4201609.715610536 2103689.425440152 1667190.6096501537 -459984.22840596247 1418951.0452797918 833554.5292392465 4335958.694480768 85768.76111885787 326293.8288590505 -257707.86366441075 1524868.6001199512 -1248130.406636363 -2537683.861075391 -9062077.51581506 1179895.8159728285 2131342.956499348 -3023597.9847092237 785585.0258962553 -1029790.9562018171 5111718.8843553355 -192921.85893256517 -316008.2324255233 -1225635.1801875583 5593785.520224869
-759287.3978027499 -2444921.335443166 -149942.87693497378 29881108.426479857 -5546116.5313221915 -781327.1717222286 -2459769.149497139 1260828.5372184527 1969982.4999956577 4583965.891333085 -2070671.1119790946 3125253.0462870095 1529297.7162510487 4561494.331186637 -2304115.3397590914 1432888.1405533557 5184606.511815005 -1533962.0276529896 3558451.1336626606 1712101.6003554845 4403892.972768973 -181533.98997695386 4964042.382559701 5235011.072277178 268077.6980646077 1088834.9637827345 3726849.132954055 4061714.4235730763 -374938.895863846 1575872.0310562458 2095867.770330117 -554086.9952214055 -3012379.8018764798 -3513470.3782822615 -421059.98817845114 947472.2490115698 57653.39824459794 -3116323.6506308755
-1571471.773957985 -1469587.5015357186 2233555.386486554 -5546116.5313221915 34566021.48239716 -3573479.7910330044 -3256809.643499271 1954313.6931150327 -2831457.319746728 -4924276.458831826 3514359.512713113 501309.54430395004 -1528756.667984935 -3580798.81491977 537639.6350311909 4549555.314180484 245264.56520441535 -1042319.7783738461 2047292.0621209105 2540991.357335968 -5713746.494390042 5227707.658103491 -3559561.898026564 -2765937.2253655223 3071386.201502575 -280753.79598038486 -1139984.1844397744 -2915301.2256486267 -2763973.238241723 2497784.1545321215 -3110593.8176926184 -1637607.5646974281 197760.19416327545 1472476.6402228256 -1225113.5767351899 -8003676.300724707 -1968467.9599566036 2249095.358699026
1542433.1766931259 -772285.7510862615 -1543469.9807206253 -781327.1717222286 -3573479.7910330044 32741505.518751837 7847905.537087358 756515.3920637522 -263338.48615712486 5475552.370688024 1899640.173327376 -105752.86876434297 -4403979.530346917 285468.66315312125 -1662285.680253412 -1317539.8039693213 1695733.817475823 3934295.441534537 -598001.1953466382 -177666.875427919 2121452.3216622346 2438948.8635797 2422676.204676147 1417148.3819407048 -6833226.2457898725 -1951685.0076472943 -202728.0104067861 644618.7405618383 -1917348.5607436944 -3282132.3667076062 -3858371.3059520945 3375647.6275320025 -2786723.643702483 494784.60248619696 5012184.951948909 -5741620.814798596 -1215314.1249894833 1974497.1533610648
-2789841.9331358313 -3883673.9914684775 -633294.0133939524 -2459769.149497139 -3256809.643499271 7847905.537087358 36463058.253889225 -2268320.027687644 1666968.1837535924 4372886.055686622 3031610.9023821694 -1907532.377474106 -4978629.32113572 -387219.36471671035 -740428.3538014417 6494433.419987013 -1951814.9077113771 2060486.2633714948 -652694.1142235948 863501.264599596 1019352.2657931123 -1879625.0853545154 -5928741.562092636 -3506008.630724459 -5692361.12345675 -2901439.6866094125 -5392042.948892257 -556947.550459757 91520.1266249047 1272240.3955130589 -1089427.8137833632 -3695513.2382839783 -892058.863436717 528182.2029299916 8233005.514696737 -3175974.17946771 1030145.8941755431 -1069736.3933023675
-1736527.9501160274 577785.9487947342 401290.3652218378 1260828.5372184527 1954313.6931150327 756515.3920637522 -2268320.027687644 30721773.789173547 3492305.1959257536 -550748.4838573788 -3352279.9549923725 -3384193.4689520155 -688986.7418839171 1533206.7359638158 3291594.3682160494 -2988154.8260720335 -1147894.5438142775 -3379618.592505834 3687688.476024171 -829217.7988715468 1240114.2703792723 -1461280.825447234 -720439.2615871937 -188432.2070314458 156732.6192444425 -3389539.114710394 2969383.7737740367 1133007.678667422 -6026028.698614596 -441806.7976667923 1476989.0399902987 -331485.69828840246 -3310656.9920471995 -1598468.8827666875 -1420114.5790113944 412110.7737742275 -2343273.737780385 -1078810.914391034
1896297.5652532293 -1687629.1883742495 1542667.1791987545 1969982.4999956577 -2831457.319746728 -263338.48615712486 1666968.1837535924 3492305.1959257536 33812822.06959266 -951593.9059778586 -568821.534870333 -3836762.668102318 4038639.0956945196 1718379.751911837 -484812.5633791411 -536483.7388892976 -1047727.9290937581 -4258587.143327524 789087.8935783734 2283390.2178084184 -372356.7433734337 5064046.821172706 4352264.733500637 3267004.7620955585 78543.90610745379 817070.4396634408 -226826.97051103113 -639196.4074019577 2501223.4896730483 1368489.8027794778 -2307009.726611805 4930245.144653439 -8467507.192067083 1477058.9122071571 7195870.5120078875 948258.9509187235 4602919.660388866 -1478781.498371252
-1788581.9884707262 -924273.3134337811 889217.229955802 4583965.891333085 -4924276.458831826 5475552.370688024 4372886.055686622 -550748.4838573788 -951593.9059778586 32547644.941441882 -903414.1665483733 -3018507.690079063 -1901983.9227108944 2799601.9548307294 -2745412.5809670114 -1109655.6621977624 175585.55929382934 -4793637.338458811 2359179.913891093 192474.2902029689 7461982.467429438 3459290.825732426 -427414.3944132081 -4092034.688827174 -837287.0979513162 1870698.4094579497 -868554.0961949987 2029275.8093859302 -1130817.9492317438 1165309.4142749265 2241386.8985613543 1063638.5755026632 516409.3395408186 1514644.2808093373 1061012.051976941 -349997.53873500647 2032457.3981150337 -672107.5082373538
-6376416.684884979 -331040.45845005393 61828.13959419202 -2070671.1119790946 3514359.512713113 1899640.173327376 3031610.9023821694 -3352279.9549923725 -568821.534870333 -903414.1665483733 30053655.68974363 2523999.5877088043 -2676297.1252586315 872746.5251095894 638333.2777242658 1839304.3111395368 -618980.0849407071 627488.3832503882 4275620.609689647 -996425.3671485531 -422645.71384205035 -2939648.704680249 -4080885.5613697288 -2633376.390304117 -1916530.8379789668 -28555.846485927526 1568396.3991515199 -389176.9739320594 3556296.590951202 -3250133.6405291227 -4636077.41101122 -1462103.8345240052 2089227.8972662867 -776658.3510160552 5942136.189758795 -3135575.954241086 2055375.4230020014 38808.089213214764
-1217672.7296823312 -728704.5443280602 -829713.4738737333 3125253.0462870095 501309.54430395004 -105752.86876434297 -1907532.377474106 -3384193.4689520155 -3836762.668102318 -3018507.690079063 2523999.5877088043 33271691.774034705 262158.31774289097 -775198.3314974541 733228.010354263 2503688.8090347107 -4037787.456888191 -94758.97346876137 1230079.5743636375 78948.9918885271 2684021.3712883503 2254816.035709953 157884.4494831589 366707.4117802585 -3104308.1853192174 1205471.7155215456 -2128455.057499597 -197687.67311540953 -636278.7386921344 -3343931.9045584644 -2184160.468593468 688788.2735988935 -831154.9083836464 3328977.0805063816 3911167.7201058855 1230282.520752002 108756.9214928773 553472.0129171186
2504147.9058288177 -6536529.389788497 13125.930724841186 1529297.7162510487 -1528756.667984935 -4403979.530346917 -4978629.32113572 -688986.7418839171 4038639.0956945196 -1901983.9227108944 -2676297.1252586315 262158.31774289097 35161731.92351951 1660183.9620281244 -2052524.7601014064 -2002628.9329061524 -1266517.2079792926 2174788.5707815494 966750.537856619 1833229.8345838017 4228790.69447619 -1759266.0296005302 4922681.105041912 212302.1346928639 -1208716.7595022945 -1587158.668900235 4103323.811843754 1156194.5519751103 5700152.418698105 1378747.3547899392 -242380.20363933602 -1225971.0974688504 -473296.5553049293 -1831294.0728004775 2450889.1109522423 1002312.3050542552 -2361317.2003245424 -8928820.012069173
-1467928.910472363 2085624.016938605 2890718.1632328345 4561494.331186637 -3580798.81491977 285468.66315312125 -387219.36471671035 1533206.7359638158 1718379.751911837 2799601.9548307294 872746.5251095894 -775198.3314974541 1660183.9620281244 34965834.685756676 3857536.980589177 1838463.2258570902 -3199268.152744643 2036309.4173826424 -114096.31113252103 3213478.4955410273 4282280.554586078 -1857106.759130195 -670647.8490840575 -1306080.4057824125 -2913864.978629125 293720.8080329869 4839029.829728189 508008.1224484172 3267957.222946575 1186187.4162491085 -379475.36726555816 2789562.1874357034 -577161.6912725827 3138634.2271800083 3925161.3007077416 2910790.97670484 -2174329.308162388 2462644.968497535
-4144221.654003793 1997512.3851662711 4201609.715610536 -2304115.3397590914 537639.6350311909 -1662285.680253412 -740428.3538014417 3291594.3682160494 -484812.5633791411 -2745412.5809670114 638333.2777242658 733228.010354263 -2052524.7601014064 3857536.980589177 35479025.47559664 -3983417.681036057 1951598.8878776336 -1671103.220647671 1632129.1925111162 -1609471.1576852973 -2101062.313767429 1424451.5241672865 -4218233.140067051 -1184331.091238583 -1877676.4380165902 -4009724.9524515257 4713364.254357063 -3412379.3299170393 2582996.0491191763 852406.8539130407 -2287483.22157034 -60431.53949422732 -572660.6401713019 652684.2261332279 -1515670.5031328336 5160589.328423986 -6866764.231853989 3821287.8792902566
63884.043389827966 -1392349.0104841907 2103689.425440152 1432888.1405533557 4549555.314180484 -1317539.8039693213 6494433.419987013 -2988154.8260720335 -536483.7388892976 -1109655.6621977624 1839304.3111395368 2503688.8090347107 -2002628.9329061524 1838463.2258570902 -3983417.681036057 32610664.08012794 4625320.081538198 5235669.3412456 3504217.83118315 -1943102.266268216 2625296.766623981 -98233.4736693959 -4658465.6814643 -5537577.877107516 2918339.267812834 -1333172.340508534 -1500407.6471801016 -3380714.8293005014 -891783.0544656861 2396485.547011402 -2314878.257465782 -4209573.21105199 1317498.5617407921 472393.1400871009 8604790.726325078 -1806145.288572787 -1370138.0092476213 2120460.1616053907
243773.632528189 -603044.5962071259 1667190.6096501537 5184606.511815005 245264.56520441535 1695733.817475823 -1951814.9077113771 -1147894.5438142775 -1047727.9290937581 175585.55929382934 -618980.0849407071 -4037787.456888191 -1266517.2079792926 -3199268.152744643 1951598.8878776336 4625320.081538198 35316738.94079192 2466455.3440784286 -385087.7282786141 -2282326.4640467167 3351221.8991022827 1672198.9932185297 -1519256.1620224847 962660.7102560872 1018979.1372124102 -2540736.1242657765 1765034.2691327478 -199642.6114462961 -2365552.9357609684 5043501.933603699 2233920.960074222 1410188.0100371547 897497.4887466964 -2013981.5502619303 -1135263.461339299 366591.81277322175 -3762806.9654521756 672161.1479964294
3432659.4894336476 3418017.8146051685 -459984.22840596247 -1533962.0276529896 -1042319.7783738461 3934295.441534537 2060486.2633714948 -3379618.592505834 -4258587.143327524 -4793637.338458811 627488.3832503882 -94758.97346876137 2174788.5707815494 2036309.4173826424 -1671103.220647671 5235669.3412456 2466455.3440784286 31744670.774754204 468882.02165835514 2715409.4696086165 449051.4042238214 1580993.1882247403 -1216568.3649404864 -2454491.6863127947 -5796616.997186517 2722646.9372191867 1741758.6698992588 -398610.4318957254 1985586.2528979483 -385959.8778834497 -3598364.108502604 1453545.2588142692 2903320.4484444666 1444382.857225121 4967065.20852935 -31927.862116177068 -427762.4665611804 3319168.971507496
-523104.3993512149 980857.8119547731 1418951.0452797918 3558451.1336626606 2047292.0621209105 -598001.1953466382 -652694.1142235948 3687688.476024171 789087.8935783734 2359179.913891093 4275620.609689647 1230079.5743636375 966750.537856619 -114096.31113252103 1632129.1925111162 3504217.83118315 -385087.7282786141 468882.02165835514 36911662.125526175 556473.1684352325 2937627.1367539135 -4494005.072430187 -5636294.148721368 -5617778.743370109 -904967.1188460664 5347043.616236903 -892780.8552806342 3629778.9549315553 3802015.467706837 -3843464.8219662346 514488.57732754276 -2038092.6935050008 -4841199.499049531 497639.19820566924 448415.16475841025 130592.95870693157 2342395.5077989707 2883678.0927092275
4335250.443159542 2329635.590032904 833554.5292392465 1712101.6003554845 2540991.357335968 -177666.875427919 863501.264599596 -829217.7988715468 2283390.2178084184 192474.2902029689 -996425.3671485531 78948.9918885271 1833229.8345838017 3213478.4955410273 -1609471.1576852973 -1943102.266268216 -2282326.4640467167 2715409.4696086165 556473.1684352325 35275132.626532525 -106319.11926958153 -921694.7342489314 2763717.7523908657 -952632.770899967 -2359741.5256041386 -1894374.3042727136 -4347745.20132926 124389.65159191996 1517294.6564189852 -3069067.9268758786 5519344.982082733 943386.3406073159 -3946757.011248659 -1828068.4692919087 -4052234.0698142573 -1998603.2757882348 -3282867.3555771913 -2330016.799649802
-1166816.7963842948 -1300544.509138333 4335958.694480768 4403892.972768973 -5713746.494390042 2121452.3216622346 1019352.2657931123 1240114.2703792723 -372356.7433734337 7461982.467429438 -422645.71384205035 2684021.3712883503 4228790.69447619 4282280.554586078 -2101062.313767429 2625296.766623981 3351221.8991022827 449051.4042238214 2937627.1367539135 -106319.11926958153 32886929.2092251 -2195915.898143097 -1075344.7199572714 -1442340.2944522917 -2571154.38288728 -2205593.4208983206 4981840.744333856 -258036.8607537688 -1682509.28059483 2819754.088450822 1823198.2736862334 1407965.72558655 -214193.25666404614 934111.3790385453 -719753.6476430268 -167647.43984424352 2217178.8007838232 -3729806.4844457144
2249819.2560379263 -2350745.6882297588 85768.76111885787 -181533.98997695386 5227707.658103491 2438948.8635797 -1879625.0853545154 -1461280.825447234 5064046.821172706 3459290.825732426 -2939648.704680249 2254816.035709953 -1759266.0296005302 -1857106.759130195 1424451.5241672865 -98233.4736693959 1672198.9932185297 1580993.1882247403 -4494005.072430187 -921694.7342489314 -2195915.898143097 33479426.667631097 -2218652.6928300364 2316590.9009835357 26472.18886982371 2099354.881181384 -1274051.938512052 493083.8832205409 2481099.810867282 871014.018524949 -83507.38956046652 7755249.341033898 -5257299.173142933 4686745.307665448 -622911.2224669142 -1531976.796776867 -2638155.1802716325 861088.5578009511
2846995.092029538 353907.8292938543 326293.8288590505 4964042.382559701 -3559561.898026564 2422676.204676147 -5928741.562092636 -720439.2615871937 4352264.733500637 -427414.3944132081 -4080885.5613697288 157884.4494831589 4922681.105041912 -670647.8490840575 -4218233.140067051 -4658465.6814643 -1519256.1620224847 -1216568.3649404864 -5636294.148721368 2763717.7523908657 -1075344.7199572714 -2218652.6928300364 33645927.82076216 7661403.141909956 -5055920.847323083 1412277.3430733362 1603666.336257557 220684.0796406843 450113.8420856773 880900.7869988388 530359.4684607256 749939.3716396539 898562.8764687085 -2297261.898207335 867050.8446030184 4261654.607888207 1755828.9747227866 -2088024.2770748122
-2467889.2455091663 241515.6599482277 -257707.86366441075 5235011.072277178 -2765937.2253655223 1417148.3819407048 -3506008.630724459 -188432.2070314458 3267004.7620955585 -4092034.688827174 -2633376.390304117 366707.4117802585 212302.1346928639 -1306080.4057824125 -1184331.091238583 -5537577.877107516 962660.7102560872 -2454491.6863127947 -5617778.743370109 -952632.770899967 -1442340.2944522917 2316590.9009835357 7661403.141909956 35718652.77183613 2067505.5431214531 1521320.2325737185 1914564.2277353422 3293953.191334986 -1997977.0113825342 -608360.2427605203 1131188.801080292 6130199.969360079 -2121836.4088655836 -1777438.0894804117 -5324834.081272841 1989280.6622703455 2085108.577711963 -1456163.1668489603
1363105.9684060155 377838.4490995953 1524868.6001199512 268077.6980646077 3071386.201502575 -6833226.2457898725 -5692361.12345675 156732.6192444425 78543.90610745379 -837287.0979513162 -1916530.8379789668 -3104308.1853192174 -1208716.7595022945 -2913864.978629125 -1877676.4380165902 2918339.267812834 1018979.1372124102 -5796616.997186517 -904967.1188460664 -2359741.5256041386 -2571154.38288728 26472.18886982371 -5055920.847323083 2067505.5431214531 33983698.035600744 1824508.1528118108 -3901589.820283837 -2754895.2961958745 -660429.6073319282 548915.3447030705 2530172.8537956323 2180712.299242304 -664908.8631755264 -1251954.6703339124 -2022328.3062991337 -2852254.443990878 1943051.3077034294 2649422.7505486123
3212016.4140049303 3359576.845799932 -1248130.406636363 1088834.9637827345 -280753.79598038486 -1951685.0076472943 -2901439.6866094125 -3389539.114710394 817070.4396634408 1870698.4094579497 -28555.846485927526 1205471.7155215456 -1587158.668900235 293720.8080329869 -4009724.9524515257 -1333172.340508534 -2540736.1242657765 2722646.9372191867 5347043.616236903 -1894374.3042727136 -2205593.4208983206 2099354.881181384 1412277.3430733362 1521320.2325737185 1824508.1528118108 32251308.608877763 113252.43670593032 5270369.785772111 1102506.3793373334 1963659.8608204927 -1528842.7486287798 3557870.7579645724 -5102358.071011193 792042.5279821062 2403247.845111305 106215.21711686501 -379663.7435301706 3343416.069428339
480125.1171152554 -3511414.6855040523 -2537683.861075391 3726849.132954055 -1139984.1844397744 -202728.0104067861 -5392042.948892257 2969383.7737740367 -226826.97051103113 -868554.0961949987 1568396.3991515199 -2128455.057499597 4103323.811843754 4839029.829728189 4713364.254357063 -1500407.6471801016 1765034.2691327478 1741758.6698992588 -892780.8552806342 -4347745.20132926 4981840.744333856 -1274051.938512052 1603666.336257557 1914564.2277353422 -3901589.820283837 113252.43670593032 31582536.15261184 -1478002.716750968 124896.6661846506 2914952.719860023 -2047183.89120495 1623425.7716924897 2185415.55458654 -554085.2470296182 3503458.814133485 2495368.6260473398 1117.6541328633755 -3108995.163728409
-2302565.332465624 -521720.67806110857 -9062077.51581506 4061714.4235730763 -2915301.2256486267 644618.7405618383 -556947.550459757 1133007.678667422 -639196.4074019577 2029275.8093859302 -389176.9739320594 -197687.67311540953 1156194.5519751103 508008.1224484172 -3412379.3299170393 -3380714.8293005014 -199642.6114462961 -398610.4318957254 3629778.9549315553 124389.65159191996 -258036.8607537688 493083.8832205409 220684.0796406843 3293953.191334986 -2754895.2961958745 5270369.785772111 -1478002.716750968 31581357.33725078 -843593.5547542576 -499242.3936205378 2081124.0353953699 83319.16352072408 -15530.85697518129 -308564.1926874127 -1120277.8326249456 2407270.989556287 1742471.4920062968 -4243067.765459089
1317146.2248239499 -3627821.231876616 1179895.8159728285 -374938.895863846 -2763973.238241723 -1917348.5607436944 91520.1266249047 -6026028.698614596 2501223.4896730483 -1130817.9492317438 3556296.590951202 -636278.7386921344 5700152.418698105 3267957.222946575 2582996.0491191763 -891783.0544656861 -2365552.9357609684 1985586.2528979483 3802015.467706837 1517294.6564189852 -1682509.28059483 2481099.810867282 450113.8420856773 -1997977.0113825342 -660429.6073319282 1102506.3793373334 124896.6661846506 -843593.5547542576 35607806.10510521 4405183.576665785 3094933.868650935 4718299.005412667 -6660137.000255798 -246774.21351524506 -1214191.6960266693 -2726852.5148957777 -3547181.7257116847 -1954659.7021370574
-952068.4760974791 -4062791.5422941204 2131342.956499348 1575872.0310562458 2497784.1545321215 -3282132.3667076062 1272240.3955130589 -441806.7976667923 1368489.8027794778 1165309.4142749265 -3250133.6405291227 -3343931.9045584644 1378747.3547899392 1186187.4162491085 852406.8539130407 2396485.547011402 5043501.933603699 -385959.8778834497 -3843464.8219662346 -3069067.9268758786 2819754.088450822 871014.018524949 880900.7869988388 -608360.2427605203 548915.3447030705 1963659.8608204927 2914952.719860023 -499242.3936205378 4405183.576665785 37619630.50113383 1656586.9561595137 3921312.915159527 3424185.765007452 -153311.16172709136 5412028.975077138 -1969447.2867645528 3537077.4717796557 4304399.130719006
2710214.02036679 1012403.6866090529 -3023597.9847092237 2095867.770330117 -3110593.8176926184 -3858371.3059520945 -1089427.8137833632 1476989.0399902987 -2307009.726611805 2241386.8985613543 -4636077.41101122 -2184160.468593468 -242380.20363933602 -379475.36726555816 -2287483.22157034 -2314878.257465782 2233920.960074222 -3598364.108502604 514488.57732754276 5519344.982082733 1823198.2736862334 -83507.38956046652 530359.4684607256 1131188.801080292 2530172.8537956323 -1528842.7486287798 -2047183.89120495 2081124.0353953699 3094933.868650935 1656586.9561595137 32711334.297288842 -890871.939252577 4443021.142878904 -4930565.187782955 -6438700.659788767 2942470.5174680953 1773566.2543956246 -3685564.0665830974
1621707.1706441718 -2100835.0247758166 785585.0258962553 -554086.9952214055 -1637607.5646974281 3375647.6275320025 -3695513.2382839783 -331485.69828840246 4930245.144653439 1063638.5755026632 -1462103.8345240052 688788.2735988935 -1225971.0974688504 2789562.1874357034 -60431.53949422732 -4209573.21105199 1410188.0100371547 1453545.2588142692 -2038092.6935050008 943386.3406073159 1407965.72558655 7755249.341033898 749939.3716396539 6130199.969360079 2180712.299242304 3557870.7579645724 1623425.7716924897 83319.16352072408 4718299.005412667 3921312.915159527 -890871.939252577 31898568.636254016 -5914728.881838021 1760982.113872119 438379.32618149585 1438456.9558558157 -4113075.1422446053 515957.34693714976
1798485.6870818536 -478091.3517432838 -1029790.9562018171 -3012379.8018764798 197760.19416327545 -2786723.643702483 -892058.863436717 -3310656.9920471995 -8467507.192067083 516409.3395408186 2089227.8972662867 -831154.9083836464 -473296.5553049293 -577161.6912725827 -572660.6401713019 1317498.5617407921 897497.4887466964 2903320.4484444666 -4841199.499049531 -3946757.011248659 -214193.25666404614 -5257299.173142933 898562.8764687085 -2121836.4088655836 -664908.8631755264 -5102358.071011193 2185415.55458654 -15530.85697518129 -6660137.000255798 3424185.765007452 4443021.142878904 -5914728.881838021 31766285.664995454 -3901.4813311820626 860475.1426774308 -2001144.4676998537 6365824.393725064 -666927.4130207474
1244027.750581769 1019311.039750549 5111718.8843553355 -3513470.3782822615 1472476.6402228256 494784.60248619696 528182.2029299916 -1598468.8827666875 1477058.9122071571 1514644.2808093373 -776658.3510160552 3328977.0805063816 -1831294.0728004775 3138634.2271800083 652684.2261332279 472393.1400871009 -2013981.5502619303 1444382.857225121 497639.19820566924 -1828068.4692919087 934111.3790385453 4686745.307665448 -2297261.898207335 -1777438.0894804117 -1251954.6703339124 792042.5279821062 -554085.2470296182 -308564.1926874127 -246774.21351524506 -153311.16172709136 -4930565.187782955 1760982.113872119 -3901.4813311820626 28703873.35799443 6439361.431255068 1123658.2252688643 1141789.6543610033 2850321.3941337224
-840404.3967018952 -2843152.007828998 -192921.85893256517 -421059.98817845114 -1225113.5767351899 5012184.951948909 8233005.514696737 -1420114.5790113944 7195870.5120078875 1061012.051976941 5942136.189758795 3911167.7201058855 2450889.1109522423 3925161.3007077416 -1515670.5031328336 8604790.726325078 -1135263.461339299 4967065.20852935 448415.16475841025 -4052234.0698142573 -719753.6476430268 -622911.2224669142 867050.8446030184 -5324834.081272841 -2022328.3062991337 2403247.845111305 3503458.814133485 -1120277.8326249456 -1214191.6960266693 5412028.975077138 -6438700.659788767 438379.32618149585 860475.1426774308 6439361.431255068 36566358.59266745 2726896.8413384324 666696.976955593 2853396.029368188
-3136941.1282366775 4791888.526491664 -316008.2324255233 947472.2490115698 -8003676.300724707 -5741620.814798596 -3175974.17946771 412110.7737742275 948258.9509187235 -349997.53873500647 -3135575.954241086 1230282.520752002 1002312.3050542552 2910790.97670484 5160589.328423986 -1806145.288572787 366591.81277322175 -31927.862116177068 130592.95870693157 -1998603.2757882348 -167647.43984424352 -1531976.796776867 4261654.607888207 1989280.6622703455 -2852254.443990878 106215.21711686501 2495368.6260473398 2407270.989556287 -2726852.5148957777 -1969447.2867645528 2942470.5174680953 1438456.9558558157 -2001144.4676998537 1123658.2252688643 2726896.8413384324 32619635.90876671 1607190.3569081542 3926918.143489266
1218189.2887643157 1928567.6073811606 -1225635.1801875583 57653.39824459794 -1968467.9599566036 -1215314.1249894833 1030145.8941755431 -2343273.737780385 4602919.660388866 2032457.3981150337 2055375.4230020014 108756.9214928773 -2361317.2003245424 -2174329.308162388 -6866764.231853989 -1370138.0092476213 -3762806.9654521756 -427762.4665611804 2342395.5077989707 -3282867.3555771913 2217178.8007838232 -2638155.1802716325 1755828.9747227866 2085108.577711963 1943051.3077034294 -379663.7435301706 1117.6541328633755 1742471.4920062968 -3547181.7257116847 3537077.4717796557 1773566.2543956246 -4113075.1422446053 6365824.393725064 1141789.6543610033 666696.976955593 1607190.3569081542 32650038.870430928 1170711.8537704116
2785541.993465615 4023509.814537327 5593785.520224869 -3116323.6506308755 2249095.358699026 1974497.1533610648 -1069736.3933023675 -1078810.914391034 -1478781.498371252 -672107.5082373538 38808.089213214764 553472.0129171186 -8928820.012069173 2462644.968497535 3821287.8792902566 2120460.1616053907 672161.1479964294 3319168.971507496 2883678.0927092275 -2330016.799649802 -3729806.4844457144 861088.5578009511 -2088024.2770748122 -1456163.1668489603 2649422.7505486123 3343416.069428339 -3108995.163728409 -4243067.765459089 -1954659.7021370574 4304399.130719006 -3685564.0665830974 515957.34693714976 -666927.4130207474 2850321.3941337224 2853396.029368188 3926918.143489266 1170711.8537704116 33089039.629930906
