33894160.48140385 813327.4188187373 -3715456.45004096 3853675.880061969 1104295.841299396 -4289168.730205107 -1554408.8375551791 2904622.662589758 580167.9024123425
813327.4188187373 33408847.25292473 -4969682.3645855 -8889559.487880843 1006411.7178828033 1071718.0066384608 -572954.4437897872 -1419963.8204795374 -592883.9237415853
-3715456.45004096 -4969682.3645855 32902902.7711357 2064110.094322276 3480697.654340294 953160.2471665681 152109.1451939438 884819.9333618421 1635862.779033046
3853675.880061969 -8889559.487880843 2064110.094322276 30958786.87547423 30356.422504086644 -5735414.189852444 -2667434.109626723 1785593.108126007 3994364.3393409555
1104295.841299396 1006411.7178828033 3480697.654340294 30356.422504086644 33679202.5334735 -1311289.5626285865 -1248328.5413193614 -1339654.1997677723 3540580.898446433
-4289168.730205107 1071718.0066384608 953160.2471665681 -5735414.189852444 -1311289.5626285865 37661670.16231152 -1738177.676816764 -227108.45066283102 1764434.6037456102
-1554408.8375551791 -572954.4437897872 152109.1451939438 -2667434.109626723 -1248328.5413193614 -1738177.676816764 31995938.70755821 -2737312.3099431563 952301.1861226294
2904622.662589758 -1419963.8204795374 884819.9333618421 1785593.108126007 -1339654.1997677723 -227108.45066283102 -2737312.3099431563 28914987.3677142 3525736.3888928704
580167.9024123425 -592883.9237415853 1635862.779033046 3994364.3393409555 3540580.898446433 1764434.6037456102 952301.1861226294 3525736.3888928704 31432493.299373817
