33145995.907057527 2525648.3638691045 -1561808.8951219684 -1352286.418262079 3202067.4894973524 1395477.3351692723 -2419607.4052354903 -4342930.489557295 -2292433.1754005463 438972.04467659944 -1753575.4649661868 856345.1781259767 -641827.4990142523 4054611.2402503095 188430.45031616202 -4515031.593241522 3509712.396113549 1036062.5191403873 -802702.6657894751 -1680969.70630488 -983858.5255968233 -2752437.0709803593 -1368302.847747707 266878.12621722196 -1254432.7107356482 524939.5094258076 -1349994.6587499976 -1022148.6508888825 2184437.6496329983 -2966888.3362914943 -1380770.6327094107 466926.0569908655 1291298.2435866836 460335.33457240846 -958941.92180985 -2502389.094372258 3932066.139312712 308572.9415498145 257603.7983928444 -1972714.4525528704 -3597036.5168243106 1510015.547653302 -234102.09132634653 3739353.901280284 -1822663.1636201835 -1851794.977016675 -2277678.5059699123 -1424695.1906963421 3078040.944739575 -1368896.5632581622 1913783.0122509573 -498188.98610116495 -58382.23444190142 -3228968.3081609965 -2097201.5439112573 -2645707.1369247762 2429066.3275680086 -4759278.695005276 4027811.599713635 -4751488.817652455 -2895485.5186148803 2587744.304241029 -2620976.5852318695 -1929713.4890420747 1449328.8137537548 1983955.8862611228 -262866.2002659422 -736995.110388855 -1601328.678910999 2577558.6878974983 -3449118.717794491 1492370.1301368147 2737904.1826853845 2747626.7318184925 -896428.5114268247 2925582.4281908064 -1149361.8962319975 -2405003.4244890762 -1045005.5205849725 -1324847.9117761948 3894788.3000889616 670077.4418039394 2019424.8337851819 -2403420.6516708103 -312410.84184721136 206238.15521229527 3654362.7184277596 822352.1848521025
2525648.3638691045 37074118.66918772 -567656.9828918742 3811034.826832018 517128.44443524146 3441756.6053867717 3699760.703622439 -1323219.5792377791 675477.1127766458 391419.10444841674 3646929.265464516 889013.0160380279 656849.0444642205 3403123.57728206 -2538000.268266613 1261548.9111719131 -1343439.3070302885 -1528142.5930789742 1431004.8148810973 3232006.5901689413 -111552.39599157452 -1245490.8360181195 3363390.9547552452 -918302.4269854638 4122754.5889994856 -2928610.9011734533 1606885.9977967162 2164778.3530144924 1867728.0853065816 470797.82414521865 965601.3173172895 668341.2217215974 -1620517.3812029278 1331850.9118456563 1709546.9411022747 788747.6853726569 -2735810.59164754 -2694402.093897981 -36245.98924598165 3047483.92244931 -487138.4053261834 1970021.3634041955 886858.9694766207 -100523.09966455576 5695294.776110638 2115287.5793428645 934387.830251852 -3301377.779920227 -1776678.4395116316 1094920.5234003898 3039984.302846363 3584493.073380782 977044.3658413652 12462.39409680071 1654980.7259875182 1287740.7316241928 -2593025.3796562506 -1617566.4759229154 1310234.9012897792 575331.9211275973 -1742450.2045127135 1440603.3467029014 -738515.962277214 5734153.814372707 281103.2885692262 -4206608.78999661 4093897.0568183246 17961.36363662107 1960279.658223805 -3172396.1816606387 -909431.2471103627 2841053.5532869706 6220718.023591832 6671045.971850694 1518332.969279827 2136501.362801333 -543696.85826632 -851920.7967678439 1468983.3991726232 1590432.6095433475 -2237915.372605798 424498.0570204613 193362.3521924512 -6201359.98187637 -533776.5438190371 3680556.135940633 -153633.03533665062 -79703.23091773539
-1561808.8951219684 -567656.9828918742 32211931.89933447 -1258291.4492404785 -906405.6938071286 2392404.87314965 -3094441.9136534883 82526.83773384815 -1354893.5521601469 -1620104.175710605 2641898.3154686135 -2012156.820891866 -449300.6252722463 1077626.3932394013 1404620.1495800065 -2808527.3312140955 -375297.0623756107 -7983191.31766704 -1794256.9243529018 1023295.8871856467 1405501.2860307803 14882.528804752323 -2446613.414659245 2038424.9512980697 1037691.5299209853 -3107485.8834952745 -4037892.3467798196 -1109175.651488295 -432724.69602001517 -2730521.8981590774 -3037748.4679780216 -322072.19978561834 779531.9168960792 447262.0159558617 -3768886.213903847 -1444050.3793724831 3825322.2671575244 1032987.6209390817 -1553329.840025555 -472794.9443900433 1755741.0644814156 5145130.282718023 -985028.2085665471 1855060.7072961258 -2095636.808823477 2702783.0427013347 -978049.8824927177 -313942.58202705346 -2439743.927795391 678824.8869757601 -1756303.909917949 -5626317.783316153 794396.1548828057 -113226.95658049028 3220543.270409923 -4771766.509028262 -4142326.255242945 -1206918.5587944714 -1583500.0901216033 122449.44811223655 1165875.7512477492 -2118695.3755460833 2993060.448690674 756888.0732351607 2077748.8076489496 -212971.50857275803 4583867.46578514 -1003669.8706551504 -703712.3295909836 -2395910.473763572 -133643.0039306937 3153116.177392422 383511.4683270682 2161754.612882606 -920385.8819689887 901926.1429086014 -1202270.6169796693 -1801270.1646647677 -1633706.351725872 -508085.77191427676 790719.7287306074 -2687746.356484406 -3858863.3019330204 208179.19436823073 38723.79919818767 -158391.28203145455 2160365.9800969176 -1411469.858070315
-1352286.418262079 3811034.826832018 -1258291.4492404785 34243636.30520081 -1310.7377047714763 -4162584.178830229 -2425231.2226838325 4535829.3767851675 1498145.9695608667 271036.54901460937 -809095.1174283918 -1186000.7759181825 2683945.5939419474 -2892574.06694399 -1665344.357836764 4343708.837478808 -138341.39843867117 -555980.9237922429 2669826.2758729854 -48760.61089892996 2109463.67974029 4266912.57083599 3355330.7401238764 2100610.790154972 642341.0356158788 1744084.4395219956 1530478.8970717788 1350607.7253236668 885384.8154078884 -1925911.1856801545 901270.8195215211 -3183749.1110598086 -4799654.738752264 1529618.2660038506 3109441.829234607 -51852.02233449341 -3498361.7408662415 583257.7135523113 582103.4863244898 -5698461.205388606 -208401.24107445776 327318.28431110346 -2438024.5546715693 919424.9919367613 433608.3881888381 198719.15408303845 873282.3942137304 -1423236.8377293975 -3324250.0284423647 2363578.702412962 -2050120.668228006 1405476.2035165164 5299984.048924768 284586.9418638873 1330550.34740361 -1681006.0279996218 1219764.141810301 -2017533.077576336 3324312.171511546 -576588.1277120826 -3481799.675588835 2376674.8735484257 2155106.764996265 4981585.042818485 883427.1645478377 769007.5872270886 153304.4859003236 3054551.5922678397 4391469.762643382 -2085396.0735882642 -680910.7753277092 1285083.1011687082 -211621.1683823129 1315114.9846188112 -696568.2636461239 -3700556.1291907737 1085526.0778649736 -1309297.3820301823 -181969.9206621425 -2591974.598632507 -733320.6340564312 1729856.4625837207 1995205.8845955483 -503143.505288579 -1026800.7128302508 1591000.3048243048 196917.92718488272 552867.8318175164
3202067.4894973524 517128.44443524146 -906405.6938071286 -1310.7377047714763 36688034.88515219 -1139839.6848512513 -908726.8064222713 -2814180.608035038 -1299422.0212820966 -1430429.314066901 1518052.061851245 -5678478.333611835 -456634.5169545574 5727980.370032154 -2140682.7181806527 -639512.3715229376 669953.2535016625 585689.2308557853 742287.1862688564 -2970911.9550522645 -816313.714750504 -2460852.435373774 -4321754.236296623 -370031.1073685713 1436155.9103540569 2906516.121715551 -1933861.4713138253 1190690.1925813542 3832508.0455863844 754149.355889521 1156926.5822658224 -2743750.7789439685 3969252.3233707566 -1662907.8266468395 -1145937.6491832724 991411.357254637 -3304921.796314424 -2235064.25810021 4078936.647324672 1842070.838318539 -945488.9152248207 -2418667.4651113492 -1699288.389638148 -2322850.6000171336 -1319063.0796224046 -844279.0645404203 -1577291.6752373104 -338164.76516029745 2397879.965930587 1226026.0206346062 1877342.7407601152 4741922.719036369 -1016278.4031573407 -662619.0627290312 2645858.057254031 -1453475.5922743198 1839686.7207023073 4483814.393283307 -2963452.420557744 376382.7023741006 1848598.0386405112 -1657875.743048827 -3468340.163793 1415481.3737035168 6675711.192740932 2311667.71200254 -891946.8712776797 -1748345.066139834 -4837489.323334378 1913857.9224436996 -1162255.823388688 -404189.8237416439 1065521.558876767 -786869.0514823246 1963820.7707471983 215238.67849464467 -3789115.567830308 -2732140.2378303376 -2213000.2405310865 -1699821.047515155 2282059.436457852 -451723.04291996296 257363.47354543142 -2448629.2210734766 -3173574.087365902 -3905369.8958799015 -1884169.9812534056 1678011.80414066
1395477.3351692723 3441756.6053867717 2392404.87314965 -4162584.178830229 -1139839.6848512513 32068674.363883443 3756247.791797118 372069.2850985828 -555557.8837472124 -300187.31838572 -295910.19669236516 322433.7019071964 2189252.444987982 -203386.49503454677 -4003016.4097415395 -374744.3666326851 2553941.422087517 -2759551.182691504 504075.5734869319 311360.2902383021 -1607132.664863691 -2413420.957840636 -9131.423908263552 -6460542.512546922 -782316.2228548668 -5377427.056565244 -1643548.1085928185 1254554.9052076826 -844772.1894392655 1196810.71084104 3065723.292880336 3372023.4623145866 1370230.386144072 506671.42375090555 -1432226.492721013 6042556.577228201 4084359.272135823 -1736468.7406932546 -172266.14453557236 3466280.207597231 513333.81109478034 1248630.4945129063 3242482.984635495 1085208.9697531753 55750.42493001959 -197149.60777247947 -714058.141939555 -1803836.1578292148 -3381464.5046545365 -3998782.9461704344 2579271.9423883986 -3531757.81979595 -465212.38893353526 754964.6200766634 -81905.1176544587 2176878.065690481 382682.5163329268 -254306.39815744205 -2723773.9524422134 1597053.1380328832 -1656646.7121299726 399270.0789797448 -27277.592958312558 838369.3054443342 -265096.01723834523 -499275.98198825686 356968.17974782083 -1338109.449234646 394860.71659142204 -2588446.4902039836 -3306909.548839965 450880.7506723007 916565.1356540092 -725640.6672599424 608053.6769526324 -732445.30318952 1942067.9716674278 1106512.7548417356 550670.1034654299 1032965.3550710089 -4624660.359107703 399195.8531346747 818996.8713315674 233449.2689035729 -563631.4968153229 1000382.880198433 -1649105.6170030264 2335338.7315299385
-2419607.4052354903 3699760.703622439 -3094441.9136534883 -2425231.2226838325 -908726.8064222713 3756247.791797118 37203679.48908235 -655204.1124807448 909202.5305729231 2750422.6303858785 236373.72622789658 2094283.0925853662 3354017.1703589307 -1552369.0011885308 -1611851.1521777108 -1596510.8984352383 -533433.7689771206 -750569.1445934711 2759792.821941174 -198619.77673602087 -6918504.981057002 5593975.216725588 2264734.5402902467 -2943950.324340732 462042.55210547807 -1518259.2416613926 1165288.7621847333 2691369.246667797 976182.2376653166 1232123.9558348584 -1956456.0923467353 1491076.2928574032 -850784.9526498854 -623890.0879258213 -2320493.74840017 -675407.4746931437 4139563.026537445 621.9433696975475 -3961449.8148543835 664331.5973122435 724938.2189929166 -3157024.38820406 1377550.1551376604 -313035.69699270907 3188203.629891907 -3384808.53795646 -2581182.848801199 1503431.2924069606 1890187.041660521 -1736827.861123732 4164395.0468352973 -1428422.736752456 -4013921.473675157 -438792.35640485893 -2430710.4466772852 3947409.5915513984 -2996217.067879416 -1963281.2494653577 -3006977.589124267 941985.7822123106 -691270.9413083452 750911.8801974264 -3469836.1181584504 576269.8679764854 -2930824.3905511303 -3001827.6687732227 -2171456.947373206 -462623.38101545826 1421558.9354613135 -3966185.7210736917 -857875.0339694045 2379923.5378063107 -4966920.525301571 -46015.30783426826 182306.7475346571 1525975.7155596172 3843192.8251871425 755676.3845123164 1843732.9209173275 -1970529.230396363 1010786.276194596 465114.72963396925 -574291.8041118381 -3969414.8389556343 -3765515.0964769493 2386291.300326189 2177180.9307998973 -202404.89225910886
-4342930.489557295 -1323219.5792377791 82526.83773384815 4535829.3767851675 -2814180.608035038 372069.2850985828 -655204.1124807448 35921889.91292571 -2779777.5335289943 1777256.1407301126 478408.7144823116 2044328.8667487195 -383859.68844392913 -228275.47922166743 -2929789.741160705 4135005.1892600874 3822548.2144736075 -4840154.733588244 3501266.62037634 -298276.86753349344 -1771053.703247462 -4489169.703926061 -505276.92724565574 4012783.415524609 -1268092.465171247 -2028835.339126529 -2805341.1193775395 187121.9337875249 -3702413.8084333534 325884.14633720496 3921258.815475816 -2272743.220990599 -8299453.613886785 2202869.552742093 2747190.165167589 3428785.007391951 -133496.7261709583 -6457742.304056497 -2011369.3899229765 -88131.46917501243 2816461.811167688 -1246372.6901463657 -606611.4257007038 -2739365.51955 -1715925.33798466 2310463.8945856383 1684815.3735340624 -493129.0211470988 -1094382.3624472774 -6292814.093517489 438535.54856016824 -556528.8785815125 3097651.8823408703 3682490.108125966 -2100215.6428127876 -2734804.9598658103 -145262.2553885485 2783447.045357083 2698982.695205957 4551377.4384636525 -4195066.433813305 1607633.6712874945 5674217.381318491 4179663.1947609847 -2153220.363556443 4430050.57510934 -3061041.4728727406 773806.4358494321 364116.9535778434 -2509816.3689250126 273978.6266594254 2256145.790607364 108867.8800136806 6848762.154627588 -5086345.564039693 -2833859.7015672657 6248854.697824538 -117246.84657790262 2081207.9006177324 -1785634.8293404223 -5512774.608596569 -3104090.952464875 -2062538.1508506886 619545.904444503 3289333.251079011 1688663.605029864 -1662006.8774560336 -1603183.9898079839
-2292433.1754005463 675477.1127766458 -1354893.5521601469 1498145.9695608667 -1299422.0212820966 -555557.8837472124 909202.5305729231 -2779777.5335289943 31320143.432076212 817516.9984701438 1181552.6868508528 -360049.9977623477 543881.359685739 -1940370.6007590445 2341191.0411377563 2133533.3027666435 -4298052.810164551 2333818.9974655216 -4115362.131754417 1762997.1804082433 -1858946.4925764175 5691933.968057719 -288980.9729974411 709848.7678514449 -1180791.5120755187 -989345.0717607307 -476136.04968307883 2110412.32193794 2532285.7737828605 -3266532.428889214 -4928385.7581029665 -1077370.530617066 -1755545.9467204555 641972.8329779401 549705.9700858679 -4209963.723959579 198593.820425255 3021972.106235756 -3460226.585766094 3021283.4862135034 750233.3933557749 -3064861.2200389886 721292.8989943687 330590.100884678 603862.0120958873 -2437564.3132310687 693623.5881343022 1288428.1766901172 747478.1245220039 575464.1760870335 -3067826.847277453 2012345.024552934 -3428434.418267764 2881871.5595011087 -2202853.2595375795 -4521947.427378854 1751552.775643317 -2913406.5023655165 -283250.8251393483 2526564.818231499 459238.03412078327 274606.23388388124 2673023.952932778 3246161.5380001734 1717745.8608536117 -1361075.7707736287 1692203.2062507903 -2473390.847925776 1661341.802893663 573658.6892963942 -2370213.729254028 2156511.867626769 601943.5769345405 136034.9491617024 -1351673.0716629936 -1978678.6853662187 296432.519725922 -116996.33600155165 -462612.4836537739 693900.3857945589 867576.5855878338 -474612.2013509612 1674177.8593581924 -2578298.511174239 -5633035.416494488 1732968.5936693032 4840935.324513955 2601650.993188803
438972.04467659944 391419.10444841674 -1620104.175710605 271036.54901460937 -1430429.314066901 -300187.31838572 2750422.6303858785 1777256.1407301126 817516.9984701438 29831920.363476895 -1714289.5503031507 -2437952.937463825 2813408.605017511 -1125376.5600262536 -344536.0003219695 -1056408.9834663607 2060346.3322918245 1695891.2948187005 2255562.7453552485 2840013.217536558 -5852002.764865797 -1354559.9556741475 -2289294.106128046 2967760.020444003 -1752107.150959325 -145720.73859161275 3102017.4347121627 -730597.9158716724 -560627.0911499505 -1628827.2174016484 -510603.4340101573 -968166.4434309875 807477.1040969777 -398184.9180742325 -3412632.527390589 -2353792.4241346335 -2173384.6004105997 -3201368.7398407403 1547950.0220224853 463026.74523541133 1763600.3778450647 -1148306.0649194655 1404488.6583216402 838305.4919164017 -2133215.030199388 3290730.9889127184 1084225.6928645289 1105188.5166411106 2326333.356138817 506088.41781617486 901887.1595074733 27203.668752556336 -241255.3678989189 1203554.7190624538 -892370.0638230384 1573514.8492713955 939816.5115262643 993452.309205689 588289.2331541585 -3497482.217387202 793164.1692781805 2705889.452496783 148116.14924306446 -246093.20329761205 -3020701.529528095 2337136.7913992153 203193.0855811708 -3702356.9602638893 1196756.9964594021 1400187.876391879 -2018497.0507390304 361702.4761618741 1399848.8769347095 -147267.7116025295 909009.5562478841 1950687.5452940275 3024575.845260229 3962196.106621803 -1426944.0830404088 -3324867.5381935057 2811866.7489911057 -235600.3547111286 -1026721.2440978215 -3012030.7532717893 1588469.6838425372 860514.9405171814 1291897.4342667272 -276316.2138636368
-1753575.4649661868 3646929.265464516 2641898.3154686135 -809095.1174283918 1518052.061851245 -295910.19669236516 236373.72622789658 478408.7144823116 1181552.6868508528 -1714289.5503031507 33896290.32046675 1442732.8127302737 -1656699.5362469165 -327842.0304593663 -1057941.957995155 1309682.7092786103 -1349747.9349403945 -1166478.7461082505 -1174393.5472248748 2850808.559460233 469265.2780056008 -707899.1209463911 -262084.89384477655 1207006.9429559424 15980.807693074137 3877500.9049746804 -1372260.4676883249 758770.5242460031 -2768572.574084309 3771385.8935108962 -182013.8231807046 1058725.8870701648 353003.9937165222 52802.724958932435 7566743.145784408 -2125979.6689635096 707348.6029714551 1196583.334536947 -136800.05869084332 2017727.6936777444 -2070094.730458708 2496195.028915051 600564.6912667964 -1933197.9834846663 -2120028.9869592953 -1638331.2584466427 -2098126.1404232373 409019.80434174935 -1131019.9518601315 -179601.90805624903 4968198.120533313 887406.3416060064 649883.3900479049 -493465.1113832595 3389404.3267003247 -791417.8448676876 1696164.136738424 2816087.8767602174 -2785314.3489876455 -2744539.6960385786 -712404.5782009974 -387295.14093510614 840645.0023619231 1594984.5129574966 2234559.9573395825 484263.58758214995 269261.00217951095 2196591.9082461083 314386.12340388284 2726189.013126562 -350324.3477865361 -2771659.245359783 -1338883.4739708332 4116466.90719687 -1649064.0317749497 1268218.0778320092 -1583367.6730298053 -4336110.868485738 2229923.4307934064 341918.2457492945 1761988.5487738713 -63745.45568839965 -373226.7612606669 602644.8610497429 522137.4491938611 680341.7266212433 941115.8669742385 3534552.7610630402
856345.1781259767 889013.0160380279 -2012156.820891866 -1186000.7759181825 -5678478.333611835 322433.7019071964 2094283.0925853662 2044328.8667487195 -360049.9977623477 -2437952.937463825 1442732.8127302737 34001686.245274626 1629405.2963170803 600445.101276026 -1547885.6612977854 1211883.610694999 1518237.982773347 -3392235.8794086156 940326.509659512 796883.7667754132 -2486550.334341702 -475678.66875849594 2344280.6193524445 506361.28659209 1300326.6791596229 -561921.3504315469 -2989663.804079694 -390143.87781849934 -3425252.610448085 1487928.135592221 306867.4481809462 1003783.5477920676 -881968.551289132 -1347279.3020287289 898514.5490926071 3142554.8280327874 -1731811.1419788925 -1136157.1644433115 66011.06705492262 116906.85597314184 -1883801.6157578193 629924.7693069138 -1966427.7803237927 -809848.2144368909 -4753806.278951365 -2002196.6192443492 2603503.7958349786 -516241.5620065201 1377959.606259331 -3371531.727484273 2086387.3892740146 -1838944.3261309315 -2379995.8768284824 -2658835.5208868496 -4795948.285984552 -271713.13263773045 3072476.724514055 972442.6455807019 2604143.6056401273 5086708.141500924 -1648116.9407443965 -1565017.6844484138 428941.45663403725 1109523.0141194733 -84505.3485835543 -1777770.0587313417 -441797.92386431876 1663291.9492808522 -388422.5203945053 -2306020.4970034766 1557534.9501466989 616000.5394484933 -799521.0871902229 2286670.8483988973 3347.552883635109 3520222.202478351 -987870.8646057026 -1730420.6121898487 2234672.90461849 -1073846.4781504467 -3086296.1655719457 329517.06558271946 -1141123.0392361286 2018730.5845000902 -2059291.7539918663 1257299.6106040645 -1656746.5517889296 1824052.7546869237
-641827.4990142523 656849.0444642205 -449300.6252722463 2683945.5939419474 -456634.5169545574 2189252.444987982 3354017.1703589307 -383859.68844392913 543881.359685739 2813408.605017511 -1656699.5362469165 1629405.2963170803 36606712.96378281 -206233.68341057736 -366113.17791490635 -3395501.796149611 2115600.2979911994 2436099.757623784 -2131021.7298363787 194755.62426210387 2011712.1016616672 -977032.0917996597 505938.5513929072 -4253596.571637813 -697200.4553902542 1004482.9665455761 772589.0307316778 3899070.3771609543 -136433.06342081385 -605936.4682652693 -1764372.4909885142 1454033.9566971557 -1878333.1213670243 154240.08790238205 -3693861.031388256 72531.32637635223 -2030943.6872224922 -1107919.6594076294 -811519.0068568232 -112009.29346655529 1256099.384652761 -402838.73410040763 -1303641.8385492433 -169032.21437353335 -924325.7601782539 4758820.361664606 1584090.6453135707 2666396.2901357007 -1490176.512533984 -1023208.618345982 -780655.5291166173 -2203930.471419268 -809062.0676260503 -3089226.9653306482 -1507875.5776310451 28307.34828594624 294536.2150941082 -1456299.3451801816 -4028669.7564659663 -324746.81425994256 -2200817.6286226474 -152556.50794339794 -355422.2999286829 1250173.946427828 -1672375.5923063406 -378122.07966348715 192514.87652376833 992320.7304546417 -866051.8507174283 903405.5316249747 1484363.797586621 -1466690.4125081787 1395643.881435824 342035.28045316663 1511016.2227491755 -1422604.4899117653 941584.7570535033 -3945947.924511686 -826799.310460527 -2539470.584389983 3089469.017921624 4043727.847853885 -2077152.5427975543 -1606412.4272125657 701952.0094398925 749468.4498187262 -3604331.6496705343 -36520.75300832139
4054611.2402503095 3403123.57728206 1077626.3932394013 -2892574.06694399 5727980.370032154 -203386.49503454677 -1552369.0011885308 -228275.47922166743 -1940370.6007590445 -1125376.5600262536 -327842.0304593663 600445.101276026 -206233.68341057736 34486443.49671054 -1451353.5534362616 -860707.5021181878 -2415674.32342533 -2126341.0925161736 -309401.06294405955 292222.25501471374 -1302702.5890776168 -3552840.878790216 6494.327187552538 1182818.5823316555 2228730.534979716 1749157.041517831 -1875384.45508353 601026.9351970793 -3616602.623300001 131231.06653168512 -2647557.928914658 -244194.08340610567 -1666755.2978315856 2762746.624853281 274511.1716875157 -350763.78194329405 -2664714.114462439 -867965.9975219765 98333.20955471967 1760699.4191225793 -1546432.0203321022 1779685.0893538704 -953361.7044840974 -1715529.6674522536 1449337.6009188294 632336.9251714819 -3890351.3808189505 -101656.78412354177 3864390.5099010263 -230898.0125780506 1939615.8753892279 2449395.357366183 -1520178.8596357324 -1120121.051865183 -2910146.8786057555 104830.02895169219 -1185084.6605694327 -194507.94096806998 -319487.286070139 -2310252.7929446925 7681419.607370728 1386757.7562496134 3224394.1712030084 1375761.3719707257 1693740.908095337 2848467.756697321 -2427348.264252034 -2460685.127180297 -4658085.923561187 -2576416.9193251044 -1622828.5966853832 -1172308.5677296994 1347430.1304419867 2117276.5503985533 -844771.3633440088 1778358.7802171814 -1640120.8240185583 -3379294.182512649 -2181951.6521772463 3451179.597889307 4019286.23284437 -1381965.8459862033 707943.4968944922 -1533225.95255969 -1417490.1652869063 -1249521.3312839244 -211735.597119994 -675903.7287494566
188430.45031616202 -2538000.268266613 1404620.1495800065 -1665344.357836764 -2140682.7181806527 -4003016.4097415395 -1611851.1521777108 -2929789.741160705 2341191.0411377563 -344536.0003219695 -1057941.957995155 -1547885.6612977854 -366113.17791490635 -1451353.5534362616 30353498.549760956 223347.71543137607 1295949.4147695191 1016574.1989059813 -254545.2218039682 4669260.476395242 3146799.482599479 3193978.557038453 -1012142.6488110938 -4123440.6924625146 -3764848.840925464 941278.4601095112 -341200.51208477124 2199331.6791908354 1267919.4196130768 332047.81311336334 -2540403.093510466 -2088312.2758108384 -2730597.2518380936 -473194.4538806371 -2280127.9711514288 -1547397.9193502045 2503058.215613585 43345.08948273545 219257.07727009864 -39068.616767083775 -1866039.765600039 731605.2332490756 -2615157.2416368704 2325672.030585262 948144.0569136637 1204383.1387595423 1268510.9955018384 401450.99194662017 -2889378.2656650897 6269751.891899532 -3141667.5861476604 663406.8528178154 1778770.891738965 2686149.9114959864 -2219258.8462311467 -551441.9758962689 1260896.8494814474 912924.2321969008 -1067928.9904810644 -4628900.514563162 -96649.54296733666 1955671.6503687063 535847.6847978821 -1941572.3034519043 1887274.8577703843 -2160690.3491996503 -1892403.2777059583 -3174659.7745040124 1721839.0485278054 -1038330.2639843428 3247081.302861585 -1501288.8492859758 -2128333.1351712183 -191827.66300523942 2090172.3057006635 -2272218.8788264925 -1755458.5888484956 -76535.15477767869 378104.0726813467 -895293.6775162249 -794520.2050649715 -2432834.047456353 2410526.821532525 1756563.8278241318 1003112.9918867592 -2961215.6991731175 748157.5829092395 666169.2799427182
-4515031.593241522 1261548.9111719131 -2808527.3312140955 4343708.837478808 -639512.3715229376 -374744.3666326851 -1596510.8984352383 4135005.1892600874 2133533.3027666435 -1056408.9834663607 1309682.7092786103 1211883.610694999 -3395501.796149611 -860707.5021181878 223347.71543137607 37116721.15532148 -3284455.3925665314 -1520176.1338867866 265207.6524376285 564112.7445793567 -1481810.5453318022 2022483.5888973344 -3921415.317342772 -3072075.123053008 -395271.6983737528 -288771.64373962476 -1593790.1195927276 -2199475.4532828797 -1533786.4549229012 887278.0113843421 720243.21439336 461134.138962587 -541074.9313161169 -3648359.543554121 4845698.468118334 1310325.0654811366 -423967.78759461443 4868276.830997056 4252791.562997092 849263.8353453584 -121794.36004162153 -2848870.8870741464 126871.26861471633 2699020.7938127974 3014076.8784786314 -3474969.1844307366 240729.62494840665 -169097.58067888 -2753777.884350833 -1685204.7734258494 -1532247.5858076676 -42285.775378510414 1848593.0458591313 5035415.509627681 1137476.9264539396 4308382.217927968 1866095.4656175335 1781964.7315602081 -4076426.719408712 1799.482390597509 -362467.27684839733 -450302.424714028 -245587.3494837951 1122768.9156535454 952937.4416679925 3756223.7605398293 -3887164.6014935104 1331779.1049099183 -1290159.3499209408 306494.50984796195 1564578.9162512356 2574133.1001778273 -1273188.6396592762 -323018.8370723666 2533620.2422746434 -1128787.1375291892 -4233207.375674491 841123.5472396025 831626.3123128394 -2656856.0594017827 1831343.0843454087 -3074450.16255419 -2023084.631274581 -2873723.9538674955 -637554.6640594901 -58659.500916899706 -361175.2975675434 -1798014.4107350342
3509712.396113549 -1343439.3070302885 -375297.0623756107 -138341.39843867117 669953.2535016625 2553941.422087517 -533433.7689771206 3822548.2144736075 -4298052.810164551 2060346.3322918245 -1349747.9349403945 1518237.982773347 2115600.2979911994 -2415674.32342533 1295949.4147695191 -3284455.3925665314 32366975.280818198 2591393.4104245864 1167657.6279155454 1981659.4865769537 -3768790.4658530247 -4986840.943804459 -2815040.4456540346 507835.80187393894 -373181.1407157315 -227930.31305928342 333724.5221090687 -993388.3476279072 5244744.107998344 392319.6401008734 -265646.73294220684 -697693.0166286469 1415566.0518090737 -2833828.1828184314 1987839.179146051 2098979.200385559 -1269377.0999990706 -4977053.745933743 -336730.87881900236 -5591255.980073186 -1709222.9038467647 -3230982.8519380824 -1274569.5353946837 2067999.309123231 -246819.24680481444 1534305.1109257506 3739175.89747994 -609485.3171674622 -294404.0883868031 -2108678.673768515 1431152.9068688478 -2910421.1639395086 -4010735.6690140935 1431016.335255543 3100551.0538976486 -2835963.662423966 -873163.7010302687 -92170.66899443044 108954.33339503 3575317.3735046973 -476507.35865849716 1834820.2320724314 -530604.595921865 -2886693.1689296993 -294195.6181548108 -1201804.0598712573 -2654518.346147735 -971939.63872153 -86054.99090258231 1273719.8940469897 -928613.1058484149 321892.6470268558 2032768.7748596314 -83867.61695107815 1147962.8361465412 -1191561.3550679677 703385.1648153155 -199994.56474669097 3621630.0674178605 -3565027.8031977112 -4233942.806816305 -1170483.171930115 1906235.279750729 -2051035.9453207783 -71498.62599998598 -2016252.0488693463 -2497576.638231586 -2788777.9301762655
1036062.5191403873 -1528142.5930789742 -7983191.31766704 -555980.9237922429 585689.2308557853 -2759551.182691504 -750569.1445934711 -4840154.733588244 2333818.9974655216 1695891.2948187005 -1166478.7461082505 -3392235.8794086156 2436099.757623784 -2126341.0925161736 1016574.1989059813 -1520176.1338867866 2591393.4104245864 35022656.857124954 90880.15915481428 106228.96537445702 -1304082.284813981 1135247.1550353 805252.7164017716 72973.68043777482 -1895377.2557240862 2104421.6845917874 5683959.638451424 2650333.253924786 3460439.4509924906 2007686.8223405404 78228.69174671557 -5920529.886500379 235374.39000201088 -1456675.6855663923 3479074.914084372 3291057.393659783 775680.3135562256 -1881171.5588473876 -334940.5373767747 -2457710.9584985105 627696.3400147673 -3322499.5999154705 -1459340.9934654243 -1292147.8992100449 1282226.6592797227 -4568254.282978763 272119.2503461119 2669664.58203679 -248448.8084008216 1862413.1051096548 -3377864.6790368645 3042122.8541757376 -2880370.2062243805 -3063533.650984176 -3081220.9764256254 2418493.1338148485 -3678832.8228260013 -1048918.806605981 2203496.028674814 -1550773.2355335075 1353288.071302708 2596243.91495991 -1743153.909069277 -1249804.2516147988 2732177.22999033 3242996.5316607067 -209511.66071112468 1306118.4272590594 511565.617829327 3050720.939108989 1135089.332944575 -1407848.8506754446 -966951.1605087953 -2542431.454594149 382977.21919574763 -998337.3304420735 2299736.604426177 -730534.4705995409 -3149010.772418425 -973001.0311055876 -4400651.088176558 1756473.5437340413 2623604.679498027 2138835.3281816705 2374186.348770305 428740.83288037655 1663680.0159151545 901972.5885849256
-802702.6657894751 1431004.8148810973 -1794256.9243529018 2669826.2758729854 742287.1862688564 504075.5734869319 2759792.821941174 3501266.62037634 -4115362.131754417 2255562.7453552485 -1174393.5472248748 940326.509659512 -2131021.7298363787 -309401.06294405955 -254545.2218039682 265207.6524376285 1167657.6279155454 90880.15915481428 32263283.352026876 -1199931.5979347422 -2602805.653018124 -342058.09086972085 4290523.767984609 420228.70243302843 -985799.6466752745 -1165319.0907637568 -2983850.2983855945 816474.7849829991 658572.7088434143 -1818427.973236354 1723233.1176538877 378661.3841012809 2230266.8514448176 2633447.8866121154 645549.2333641452 2097928.0418671155 -528262.0600857113 -1524792.507009282 557354.6482770514 1370553.3742225948 2383427.609293636 -4534993.140697855 -1428994.297251803 1386867.4590474593 -244462.49250751443 -485853.5782231181 860827.3565112009 -376664.84182104305 -221727.77094100066 -494942.1012111625 862298.3362893937 392947.0502867112 2552178.8714138186 -1644820.5330655943 1605320.6263071997 1615148.460893268 -181557.9172912283 49588.27645537055 -1042091.9536390421 -2771130.5841429057 -2174298.299190124 -2816642.817754566 1714721.3963898034 1841637.6592662067 -37493.75149133246 2332344.9425484017 -1175247.8767370237 2241826.6643922743 4123793.63492455 -733063.9531724397 -787167.1796732611 -1498411.6939937456 -1519948.9428043645 1301319.38466877 1981237.6021246053 -3360255.445221582 164725.10239745176 1267347.211868163 957578.1550632751 1719563.505823151 -4349745.147412682 -2280108.2934414074 -893592.6673932098 3607976.584417509 498283.4211726787 -760138.1485974601 -2809290.619573195 1307819.0797889447
-1680969.70630488 3232006.5901689413 1023295.8871856467 -48760.61089892996 -2970911.9550522645 311360.2902383021 -198619.77673602087 -298276.86753349344 1762997.1804082433 2840013.217536558 2850808.559460233 796883.7667754132 194755.62426210387 292222.25501471374 4669260.476395242 564112.7445793567 1981659.4865769537 106228.96537445702 -1199931.5979347422 30069268.326977532 -730878.7921216135 107578.31371695276 -1417905.175855488 375444.08504721697 -2861620.4299800145 3254048.489534723 -1168075.5675998386 370285.369863379 -904184.2664023294 171029.53341411785 2329748.8030792926 -1159017.8387899192 3464807.2212098166 1077674.4633801405 3470278.0995111936 -4027177.5324312593 -1574986.1557516917 1753023.2586737166 348753.091070421 -2592614.037959531 -1537436.9030639324 -3307057.2222501645 770216.3881950898 -3091709.804908366 -1330351.496855417 788240.9775283197 -1005661.456838198 -1789840.1238130676 -3217384.814614227 1914214.7389307516 -59981.40943155836 731116.5504918614 1889364.5575720237 489152.19817966357 3380893.5297352835 2618286.3154989425 3313671.277906073 337856.3312730303 1605229.5354560749 -2720110.4219458313 148681.91605797756 1557617.2873822916 3152964.8182489164 23777.302680724708 -2669504.15234839 1603609.3441137716 -6082408.844195617 -2264095.6411228143 -1039296.8643762425 -4631694.3521771 1205632.5297847323 -401681.7048119538 131757.42626202668 3019570.9388361718 -446250.3242496142 3893514.4985785037 -477672.7915413716 814282.1044705609 1761464.3176634596 -1285475.0258790362 153580.4018937042 2798664.129570146 581843.4900716627 177816.1797052397 -2968208.1738291113 2304127.77620911 709254.3495553972 -683192.5824423281
-983858.5255968233 -111552.39599157452 1405501.2860307803 2109463.67974029 -816313.714750504 -1607132.664863691 -6918504.981057002 -1771053.703247462 -1858946.4925764175 -5852002.764865797 469265.2780056008 -2486550.334341702 2011712.1016616672 -1302702.5890776168 3146799.482599479 -1481810.5453318022 -3768790.4658530247 -1304082.284813981 -2602805.653018124 -730878.7921216135 33833852.22948441 -1839752.9820058418 888877.0898508441 212281.7096496981 -367993.2449880573 5387981.8769710455 1168954.243213231 -967914.0464263054 -1988132.6058183433 655595.6814887082 -3929517.147581473 1442407.7858259291 -3245336.2255013776 2313231.698450317 -1008229.6735440707 1094648.7676501682 -577121.1587144238 -33444.32648924796 490554.20377237815 2000746.9989603073 -815605.3837398633 850037.6611638552 -313679.31302471884 187500.7923017319 1202427.5304058783 1952663.8816325262 2432031.4484868958 -1639328.4517793113 -4394575.479245763 569004.1225289217 -3188907.894914897 3857049.438526052 2058208.3340682157 631007.9052335413 -435993.76792585646 341361.81060920574 5421368.231227669 81863.8129655096 2492296.427379991 -2452238.804902207 2947115.4436064805 -805053.722472643 3452504.091101811 1180382.9277601447 558432.6760735818 -2128423.65730978 -1409473.5947761184 243114.9621710157 -516296.36994751863 419246.7853592066 1304090.6021534668 -2862434.777354134 2066265.0487989949 469836.7399646761 -61309.46116561522 1070957.4425802913 -3242990.643675309 -3477347.382007033 -1209443.6702122993 -396555.5192996941 -171687.79700689673 -138340.4408869021 2797784.618000176 2866722.2862724327 -2707662.691499382 -1422990.3376001783 -1084439.8261824057 245098.2769223555
-2752437.0709803593 -1245490.8360181195 14882.528804752323 4266912.57083599 -2460852.435373774 -2413420.957840636 5593975.216725588 -4489169.703926061 5691933.968057719 -1354559.9556741475 -707899.1209463911 -475678.66875849594 -977032.0917996597 -3552840.878790216 3193978.557038453 2022483.5888973344 -4986840.943804459 1135247.1550353 -342058.09086972085 107578.31371695276 -1839752.9820058418 33246491.44698692 3376079.6217534794 1049210.2473997655 -73397.26601526115 2940790.6178421467 4424339.677152548 3286376.758292867 1868543.510500423 1693032.7197816079 -2009790.4346096911 143443.14416888225 -411099.4534839068 -105527.21174114861 444136.64404547657 -6405733.8035330195 2786420.5298949797 216211.8070263799 712382.3197805503 -2082591.943825466 -2822285.7940872055 2050478.1575199072 268523.47938649217 -532033.9560944558 -2119546.6735594254 -3536597.2191663487 643022.6174646914 714371.9827914198 -1620855.555087082 2668848.034059579 2037980.557981635 -1343675.6210465266 -141242.9730598956 -1043005.7543546663 -797656.0491957637 2719471.7267990215 -147228.73560986068 -1593765.5459921502 4670.665677834789 -1932212.2223261395 -1396317.2919714844 61449.63555346165 -1110624.4302970252 565730.6989414849 2459685.6953359866 -1051614.4398614105 1723638.072110847 4094793.704280878 3333655.676297163 -546664.2225127914 2433954.322483697 3118782.3621993847 -2393192.4144402505 856219.211837589 144088.16670068595 -1065218.870118121 137160.0937691564 -1594822.0523326902 2781184.8996273926 -362702.6030985257 -1175655.7000025786 -2747887.0178640755 1729827.0180326828 1467962.272303908 -593609.6151849135 1345426.9380856475 821685.7890833833 -973464.332956757
-1368302.847747707 3363390.9547552452 -2446613.414659245 3355330.7401238764 -4321754.236296623 -9131.423908263552 2264734.5402902467 -505276.92724565574 -288980.9729974411 -2289294.106128046 -262084.89384477655 2344280.6193524445 505938.5513929072 6494.327187552538 -1012142.6488110938 -3921415.317342772 -2815040.4456540346 805252.7164017716 4290523.767984609 -1417905.175855488 888877.0898508441 3376079.6217534794 31622632.83878159 -23886.491906178642 763986.8503138822 3357969.656907521 5290218.713461751 -3508106.728006392 2440012.7290203683 -238591.06880714715 -2816838.8482627715 2008759.8719043748 -2405701.889519285 -2332493.549081096 408551.155715947 668288.9139431218 -660345.6269425487 -598194.8862349287 624684.2962445504 4193925.786337329 -814972.7139829306 164714.90950108905 27925.180074007185 -1660243.566879188 -2345272.3296823245 4111541.5300729335 -815545.2732872758 -1448184.33095601 -742681.8569258145 1544977.3043991756 115429.23884487285 481529.47774686775 1304519.659830913 -1885116.98382117 796025.1206510535 3074285.2016954455 1106981.690334825 -3723912.407729419 3670941.0708202757 211023.86196150273 -807861.733546509 -3348944.0347317653 -2883334.1104297503 1293948.533692989 -2001751.111164693 -286753.2571635733 2008942.7312770102 2763668.999595626 851755.6872784981 1634833.5511318773 1353081.6575369919 1789020.3809946023 -1742398.7240287724 879165.9121924951 2561785.489843787 1377601.8394264793 83240.49196213509 -1608543.198416957 3062415.734903601 1844063.8236492027 -134538.2125926489 -833468.9084886843 3097406.95264209 1140881.0887849962 -3132266.086517669 -546092.0864703838 537683.3807140162 86036.46797691537
266878.12621722196 -918302.4269854638 2038424.9512980697 2100610.790154972 -370031.1073685713 -6460542.512546922 -2943950.324340732 4012783.415524609 709848.7678514449 2967760.020444003 1207006.9429559424 506361.28659209 -4253596.571637813 1182818.5823316555 -4123440.6924625146 -3072075.123053008 507835.80187393894 72973.68043777482 420228.70243302843 375444.08504721697 212281.7096496981 1049210.2473997655 -23886.491906178642 35286145.365923226 290156.39224123047 1908026.9349161473 -5719345.5175136 384086.52595323237 -1757907.291133651 -1002682.2260738488 -1016569.1626010938 -1798168.7554909047 4255193.761473715 2949907.044977181 1388148.9311584171 578158.5253966124 -653379.635583911 5963981.917786888 -1067326.496407551 -2569197.404083797 960277.5101287167 4180096.53761703 -2203136.114420887 -1861298.2238870654 804336.8774382491 -532056.3193756393 -1992169.9125037077 419152.8210685451 2040510.1720002892 -2543311.0378373205 -302647.6128269312 1600458.6507423809 1519158.841606105 293671.5652619422 2434313.099826386 -3375259.492471284 2947313.0658955937 -1431504.623677251 -1638329.2114438622 -1463475.3615470552 1263999.9746241667 -217652.30333143927 2422062.4923161813 2609587.9514358127 -637378.2539305917 849648.7112976362 -1395128.029389043 801085.0200631102 285900.011842543 -846912.8099674721 1089697.0906029486 6397594.478969988 -864351.6228522063 -2874437.005783861 -2701871.5575761967 805967.8491197897 3568143.3831720045 451740.77938426065 -2885570.7880573273 261667.29454763624 1713771.327845299 -2720521.8629389983 3205945.4679335686 -1248023.9457388646 1256196.6844704805 2793826.5771191763 1890987.7218697432 -3568062.041621816
