33064367.169802465 1118270.8864886155 -1719303.85011569 2587293.2879830794 387681.5580663086 -1543951.205484759 3151641.9042242216 -1251439.2663556344 580486.907439253 -1188745.3841882807 1206057.0471938758 1267696.6152400966 1480159.6560624 2448195.234478926 -743952.8383930839 -796423.0907397915 -2920306.9980373303 1618907.2001467654 -1101899.197373181 -831729.876527858 -59801.976609749814 -2538808.1315625394 466206.8059493227 1089332.4472784877 -2970727.897472883 -3316517.1631154693 -1444526.2524902374 -478968.2377698677 1139666.7358879743 -976486.011398471 -530975.0828901541 1096660.530975478 3008032.715062563 1813942.473889965 -4322932.4224369405 4471287.016886255
1118270.8864886155 33506409.52332184 -719416.8407170202 -4059382.852878498 1257671.9524713543 -5598871.515769163 1420450.5504935388 -971485.9504556034 4738557.247798501 -1679741.9838093733 1134649.8814776363 1744462.882162432 191959.26347498657 1472078.4817095115 2204970.435547237 647958.0482804573 486465.7105678305 -119963.91799734517 3738330.1635638317 -3114041.7289105225 -1712330.2055815924 4336753.309375251 1955562.2981958033 -852040.1136647857 -1413407.033961824 1879384.4470138804 543392.7431972757 225246.61540905022 -2020831.5049647852 -2408010.98257138 -72651.18846656742 1517064.1546205205 -2827563.917328108 1094902.2998057473 1608996.1824048664 3234267.737021872
-1719303.85011569 -719416.8407170202 33386478.503819197 -4314907.2034178665 -2164251.8227545484 -903171.3761388849 284683.1492694237 1501022.779732123 2332046.5751486807 4504314.214886848 2027362.009860149 -1560368.5239284672 1448693.8448361515 2854277.981793381 1532568.3600876092 -1553650.4061255646 1311162.0125752867 -715043.7612680559 -630333.1873792119 -1056977.3459023798 523483.83295368456 -2619509.3648153604 -2583832.2357242364 -34798.229211681115 -355442.31239998183 -568290.1615292698 58376.05528171476 1973887.4304680608 2912716.050021345 -97011.8886302252 -361216.7507086733 -3333017.5252354206 3406370.3784437384 1222019.5919214806 1134726.8468387497 -4488803.904212961
2587293.2879830794 -4059382.852878498 -4314907.2034178665 31957786.2335496 6018364.699229884 -1589029.5289398402 -638611.3190192108 1482581.8004906334 -191402.98567524835 -100665.8697683973 -6903534.2627785 2272207.3193932176 1922732.8731557752 -107080.6653588411 128015.0739201513 2909884.683490258 -1448915.6106686888 -1531595.414418796 6160043.044764149 -509175.2271880545 -4229317.01962827 -3726341.8366747564 865114.916597562 1426690.2958902246 2005440.5943543874 -1327922.2895179272 -3898196.728115038 -919797.1913211895 1328970.3321317192 3714107.786578417 -350306.13490540907 -3085551.6548103043 -2879035.033033389 3138519.5520024975 -2433779.437788196 -2636565.757325267
387681.5580663086 1257671.9524713543 -2164251.8227545484 6018364.699229884 31848432.38643038 882843.3961759774 -2659517.9542157254 4409734.079276975 -49438.007323671896 327449.8218804261 -3521249.9127220884 2372091.5826771935 4367769.912049743 103988.47935172045 -188308.5927772 -60188.646101562495 1178344.7836799645 1052520.7654770515 3905376.937880117 1105829.4702369585 -3037341.74112644 -230450.64179864273 -4451992.517357156 3116330.9225969957 1636054.9321609284 -2927232.346349607 -4357894.280242799 -3726675.0987030957 -3134502.9237504103 1064670.542240738 -225543.82394502766 2186169.7975002537 -6230334.977317789 -544006.4649666122 3716740.5338309784 -4584980.217355727
-1543951.205484759 -5598871.515769163 -903171.3761388849 -1589029.5289398402 882843.3961759774 34985665.26349981 3884604.791985807 -3107954.5719665 -41245.66980264412 -4423694.860326126 285670.4779290491 122338.42509074208 648033.9433077839 3180538.8817030615 -1504071.1119740382 -4938715.068845613 -3196267.7488691625 -977477.2805882235 -602402.7337831815 6118108.056606399 4367029.5064369105 -2736075.4403582388 261237.56223472016 -114992.71740111457 404289.79922660923 -2260690.5473475195 -2350440.4951112554 722259.8331297012 818699.5743473483 -2487321.752294229 4882867.702584273 -2242351.3074516365 -2375383.644961721 -1708269.9945112115 777357.9396288086 1322696.2494460633
3151641.9042242216 1420450.5504935388 284683.1492694237 -638611.3190192108 -2659517.9542157254 3884604.791985807 31512772.686897624 -2910021.8982537864 1412838.2890523656 -301059.7219584681 190707.00080529455 1389317.582427162 -2401977.335651818 1697642.436436353 -1326489.6032901113 4568827.432246499 -1080985.8400396784 -2064696.365451144 -3973076.094070957 2025269.879845773 -443811.28688801045 -2094288.204799031 3006010.9787550066 -2995004.719928284 -1026710.365835318 -540917.4979432486 2147254.5119864377 -79727.03063398757 432934.0565910038 -1764066.001333642 1167166.3424720445 2264851.1754620336 -1015479.6223570601 -1000837.8314122024 -231019.14879794404 2214219.1977464217
-1251439.2663556344 -971485.9504556034 1501022.779732123 1482581.8004906334 4409734.079276975 -3107954.5719665 -2910021.8982537864 32384329.269407917 -1001078.7179120505 -1842039.1846647356 -2822879.686647616 1574791.1081364637 3249511.024205517 -2299767.5823086225 1885816.034214848 -3172409.4590634047 777028.4852376385 2245469.1632113373 380137.27643316763 1200858.1607887847 -2056046.897007183 -1680640.1478788904 2848871.386611145 -2554929.819112405 64301.73941627483 -1835465.2763661598 235449.68224841502 -1320548.4374213007 1046590.5111575963 958511.756836001 2029639.3633133278 740877.9081230713 -2735526.2177212983 -2364809.603825856 4190753.7870777086 2265969.0545159644
580486.907439253 4738557.247798501 2332046.5751486807 -191402.98567524835 -49438.007323671896 -41245.66980264412 1412838.2890523656 -1001078.7179120505 30286255.113141324 -998398.5022120316 -1724504.1955524848 269648.62683121994 -3602801.4988710196 -1318099.1296652 2480035.3709018137 1991718.4490614326 1956800.3110580838 -763738.2158933613 3249907.3102175514 -700819.6551705853 493559.1071611236 -1843084.482521751 -871874.9724997117 -1018168.514772502 2192768.528211516 -1227650.003949967 -439137.56397245463 -638766.846788561 1004476.3688216269 -1522281.7682230452 262357.41340057645 -345791.9487668259 -775081.1651322026 -574170.0679241011 111690.69688426 -364883.5607859552
-1188745.3841882807 -1679741.9838093733 4504314.214886848 -100665.8697683973 327449.8218804261 -4423694.860326126 -301059.7219584681 -1842039.1846647356 -998398.5022120316 37867399.094514765 1621278.5562626978 -395763.33388279675 -2409413.5353715373 -724821.6855157537 -806244.0034917706 -277018.6591393092 -414831.4436761619 -1480900.0391876162 2490770.4622696675 -3422030.5978316837 128916.56367488277 6135769.465412598 1065114.5134181345 -3079061.0557914837 1366639.9481863838 62629.84086754118 3773661.8832808966 -2515042.9341179696 -1271808.0758462746 481749.4632913356 2566030.6953170546 1695032.4977142245 5150230.557228474 -3216734.944802636 -4688674.234243227 -2618953.1691024504
1206057.0471938758 1134649.8814776363 2027362.009860149 -6903534.2627785 -3521249.9127220884 285670.4779290491 190707.00080529455 -2822879.686647616 -1724504.1955524848 1621278.5562626978 35107649.01777272 -1437588.0300135228 340340.6868992913 -1494786.2020923193 -1755676.0939425074 1741724.2346987661 -1157877.0460827486 -3024272.4665853274 612541.7828580497 -120916.9277562072 3227613.3317705058 -5408753.2520844145 2783974.2352540875 -4259384.10451999 -2519101.9170968006 3570585.084696238 -28631.955398079524 1453576.2748502067 -634250.1134701886 -651161.7683717576 -2642638.201829897 1345970.2302928672 3155626.623403025 -1113690.5930046707 3597113.676370623 1817226.882477475
1267696.6152400966 1744462.882162432 -1560368.5239284672 2272207.3193932176 2372091.5826771935 122338.42509074208 1389317.582427162 1574791.1081364637 269648.62683121994 -395763.33388279675 -1437588.0300135228 34488155.29397324 385219.6463108457 564684.319211815 677407.3017990703 -1269506.1598708709 -3854478.58669136 132790.76582878688 -630532.7592938514 707401.5008783321 -1292438.6987962308 -322157.0709811968 257554.36000715502 -50593.23728018431 878179.0613119414 1836071.7894071434 983779.9599647701 -944938.3149367583 4222076.3911686605 5618.204478431519 -8181.079311379084 2837735.563992945 2297023.194163746 5791261.333638849 -601264.6529484151 -967305.0568628163
1480159.6560624 191959.26347498657 1448693.8448361515 1922732.8731557752 4367769.912049743 648033.9433077839 -2401977.335651818 3249511.024205517 -3602801.4988710196 -2409413.5353715373 340340.6868992913 385219.6463108457 34279044.175918035 2092400.666807059 2081357.1280617185 -3297749.6280690376 3312233.720267743 457457.78974176315 3171568.561331124 1541070.983022947 -2731522.075645253 -2842789.9545682855 -1150466.5075018762 917549.0422227401 -356751.5307570207 347885.27130346623 -1446041.96875322 962738.3994541815 2910030.848520664 -261639.54354155244 -223049.1963662344 -339544.4941865067 -4483778.777639276 2024094.2206143432 5206994.700118204 -56473.733995186914
2448195.234478926 1472078.4817095115 2854277.981793381 -107080.6653588411 103988.47935172045 3180538.8817030615 1697642.436436353 -2299767.5823086225 -1318099.1296652 -724821.6855157537 -1494786.2020923193 564684.319211815 2092400.666807059 35790663.15793196 2476107.1721657836 -2222341.015545837 -427810.92354527593 4275015.166128527 -3357332.09410431 -1697068.3682531489 886437.8298035979 3886972.456603316 260798.4983568489 3114610.129626265 2668365.633460937 -1538036.874174947 1043870.1195841561 6849146.112748739 1558051.0399662438 1772706.1741526842 -1175013.7119894428 1636977.454610737 -1320283.9879076304 1405225.6581974782 -1125536.6187540826 241153.86686699986
-743952.8383930839 2204970.435547237 1532568.3600876092 128015.0739201513 -188308.5927772 -1504071.1119740382 -1326489.6032901113 1885816.034214848 2480035.3709018137 -806244.0034917706 -1755676.0939425074 677407.3017990703 2081357.1280617185 2476107.1721657836 31733918.05784929 -3266291.0480617597 3021154.691119365 1112869.9912414914 1061800.8425203196 -2130986.8923866823 42012.61435212698 206633.28002876128 3661950.693154305 5085066.270849322 -2430660.1462478642 224579.8452429809 -591363.3783022751 4940879.48068179 -1563299.0910374133 2800238.9277269384 1864307.6914541104 2035120.1974348817 -256283.30280527883 -1801430.89926258 2170341.6609220933 3621213.41879225
-796423.0907397915 647958.0482804573 -1553650.4061255646 2909884.683490258 -60188.646101562495 -4938715.068845613 4568827.432246499 -3172409.4590634047 1991718.4490614326 -277018.6591393092 1741724.2346987661 -1269506.1598708709 -3297749.6280690376 -2222341.015545837 -3266291.0480617597 33910626.08322686 -406724.5511957753 -2986942.32492476 -1812911.369536207 -3546110.328742058 -323029.0964411808 -4974326.904555258 -502989.58666327817 -2450849.006958296 -1075233.8662470616 2918340.299870443 2497334.7010984262 -3393251.3376582703 -400093.39609508653 265278.4624900745 -3083730.635447683 -4077812.923880654 -3522935.733651695 1724314.3757363888 651067.92950593 -211768.21198469147
-2920306.9980373303 486465.7105678305 1311162.0125752867 -1448915.6106686888 1178344.7836799645 -3196267.7488691625 -1080985.8400396784 777028.4852376385 1956800.3110580838 -414831.4436761619 -1157877.0460827486 -3854478.58669136 3312233.720267743 -427810.92354527593 3021154.691119365 -406724.5511957753 30421930.483024154 -2356851.6301911683 1510708.7070993236 -1245856.8474146372 -2567217.950691124 -187741.95397629935 -2048001.3003596268 3915052.5835367204 420033.651642041 434991.29794347566 -2891162.1567711327 4300854.591179694 1080718.9847122529 -1715436.7586129121 -15623.185505168432 872025.1323455464 -1116665.530703012 -3663293.162137587 4808291.097132085 -3889254.154750326
1618907.2001467654 -119963.91799734517 -715043.7612680559 -1531595.414418796 1052520.7654770515 -977477.2805882235 -2064696.365451144 2245469.1632113373 -763738.2158933613 -1480900.0391876162 -3024272.4665853274 132790.76582878688 457457.78974176315 4275015.166128527 1112869.9912414914 -2986942.32492476 -2356851.6301911683 32927175.052529972 3672697.5738009717 255456.87367091078 1888880.3453220353 541457.8637712263 -1125548.976063529 1915506.0750093039 1491762.0785171043 -1447140.0327953682 834774.1265161445 -1580456.5829358206 -1689578.144656266 -3723960.066871506 5255131.496165242 1932675.7022398233 -388530.6554044789 2775574.9583605407 3098350.892290694 2795446.2081586756
-1101899.197373181 3738330.1635638317 -630333.1873792119 6160043.044764149 3905376.937880117 -602402.7337831815 -3973076.094070957 380137.27643316763 3249907.3102175514 2490770.4622696675 612541.7828580497 -630532.7592938514 3171568.561331124 -3357332.09410431 1061800.8425203196 -1812911.369536207 1510708.7070993236 3672697.5738009717 34561486.04278546 4335326.06211899 2018599.3233674774 1686783.8295445847 -526301.8514201964 646819.7584317499 322076.10996310343 1270123.123456898 727112.3630561117 -2144899.888553058 5522906.266947619 -1965755.1733601196 4177482.5827902537 -2940589.7684837664 -329295.43315370544 -4477244.363650357 2371869.216590156 209407.08911905298
-831729.876527858 -3114041.7289105225 -1056977.3459023798 -509175.2271880545 1105829.4702369585 6118108.056606399 2025269.879845773 1200858.1607887847 -700819.6551705853 -3422030.5978316837 -120916.9277562072 707401.5008783321 1541070.983022947 -1697068.3682531489 -2130986.8923866823 -3546110.328742058 -1245856.8474146372 255456.87367091078 4335326.06211899 32627599.96896655 190454.3668329311 1043808.4889564634 80765.24756502642 1265776.9726715314 2182975.893610789 2047015.4399071175 -379961.05921218824 -1350525.221532909 821709.2786099128 631880.3173574968 2318904.2997723385 905627.88658192 -3785866.2545660096 -1013571.7125532347 -875994.176580548 -932640.0694109404
-59801.976609749814 -1712330.2055815924 523483.83295368456 -4229317.01962827 -3037341.74112644 4367029.5064369105 -443811.28688801045 -2056046.897007183 493559.1071611236 128916.56367488277 3227613.3317705058 -1292438.6987962308 -2731522.075645253 886437.8298035979 42012.61435212698 -323029.0964411808 -2567217.950691124 1888880.3453220353 2018599.3233674774 190454.3668329311 33277845.59600136 -1058994.7802202627 -3435617.8433190105 -1970940.5935882244 -2897047.88099219 148358.30598514018 -1765950.3530404728 482243.3402839296 -116062.93966085193 -1101210.518391007 3582015.4096411094 1103851.7729214362 707234.6044337086 -4085973.8335895403 527245.2589710569 2694500.539535277
-2538808.1315625394 4336753.309375251 -2619509.3648153604 -3726341.8366747564 -230450.64179864273 -2736075.4403582388 -2094288.204799031 -1680640.1478788904 -1843084.482521751 6135769.465412598 -5408753.2520844145 -322157.0709811968 -2842789.9545682855 3886972.456603316 206633.28002876128 -4974326.904555258 -187741.95397629935 541457.8637712263 1686783.8295445847 1043808.4889564634 -1058994.7802202627 32468684.056160603 1752592.4718099162 -678358.1948257452 1571150.7567600748 1663980.74832896 408884.53952723544 1193483.0074512754 -164784.8204978766 5659511.801955526 1122272.8213133642 2113798.3240258866 -14859.551453191956 3786922.835966699 -2243894.6180846053 1696610.8042093734
466206.8059493227 1955562.2981958033 -2583832.2357242364 865114.916597562 -4451992.517357156 261237.56223472016 3006010.9787550066 2848871.386611145 -871874.9724997117 1065114.5134181345 2783974.2352540875 257554.36000715502 -1150466.5075018762 260798.4983568489 3661950.693154305 -502989.58666327817 -2048001.3003596268 -1125548.976063529 -526301.8514201964 80765.24756502642 -3435617.8433190105 1752592.4718099162 35280831.39553043 -385351.404458563 -1938323.6219876267 5279122.58760294 1244312.5449656209 -1143564.9330147002 3443948.4266437213 -1016021.0973509944 -1519185.795853114 1651395.5903833443 868617.4493351624 2405504.9838267425 1034614.7339313887 5148609.433050147
1089332.4472784877 -852040.1136647857 -34798.229211681115 1426690.2958902246 3116330.9225969957 -114992.71740111457 -2995004.719928284 -2554929.819112405 -1018168.514772502 -3079061.0557914837 -4259384.10451999 -50593.23728018431 917549.0422227401 3114610.129626265 5085066.270849322 -2450849.006958296 3915052.5835367204 1915506.0750093039 646819.7584317499 1265776.9726715314 -1970940.5935882244 -678358.1948257452 -385351.404458563 32240662.942842286 327677.9322336895 1683467.157415379 -3271126.5561783323 1535214.4663917257 1480310.577463911 3243946.765819801 -1191265.5160627947 1608871.863062356 -175338.41724662296 821394.7718636438 2682785.1754944003 3011416.811901664
-2970727.897472883 -1413407.033961824 -355442.31239998183 2005440.5943543874 1636054.9321609284 404289.79922660923 -1026710.365835318 64301.73941627483 2192768.528211516 1366639.9481863838 -2519101.9170968006 878179.0613119414 -356751.5307570207 2668365.633460937 -2430660.1462478642 -1075233.8662470616 420033.651642041 1491762.0785171043 322076.10996310343 2182975.893610789 -2897047.88099219 1571150.7567600748 -1938323.6219876267 327677.9322336895 34000865.20957968 -4689518.467741585 1535274.151175048 -4045886.9100296954 -3559128.2499911967 -1101053.0275392397 418671.4299976883 731797.0031402563 -4081920.76197131 -1461212.8048770116 1704964.5912601717 -1307427.992273719
-3316517.1631154693 1879384.4470138804 -568290.1615292698 -1327922.2895179272 -2927232.346349607 -2260690.5473475195 -540917.4979432486 -1835465.2763661598 -1227650.003949967 62629.84086754118 3570585.084696238 1836071.7894071434 347885.27130346623 -1538036.874174947 224579.8452429809 2918340.299870443 434991.29794347566 -1447140.0327953682 1270123.123456898 2047015.4399071175 148358.30598514018 1663980.74832896 5279122.58760294 1683467.157415379 -4689518.467741585 36582967.56127318 3959270.167039988 3432102.6419535656 2867980.569855185 -2163168.422905858 464465.44290895096 -4283796.79170091 4464272.290480555 4044686.675845083 1675546.042429913 4744199.959237643
-1444526.2524902374 543392.7431972757 58376.05528171476 -3898196.728115038 -4357894.280242799 -2350440.4951112554 2147254.5119864377 235449.68224841502 -439137.56397245463 3773661.8832808966 -28631.955398079524 983779.9599647701 -1446041.96875322 1043870.1195841561 -591363.3783022751 2497334.7010984262 -2891162.1567711327 834774.1265161445 727112.3630561117 -379961.05921218824 -1765950.3530404728 408884.53952723544 1244312.5449656209 -3271126.5561783323 1535274.151175048 3959270.167039988 32268677.019340582 3649703.438666699 820787.4716249915 -3747610.665699026 115347.70832493078 -96951.11141711698 565050.4974421917 -2977934.449816997 -23129.868559579063 3648921.3868631
-478968.2377698677 225246.61540905022 1973887.4304680608 -919797.1913211895 -3726675.0987030957 722259.8331297012 -79727.03063398757 -1320548.4374213007 -638766.846788561 -2515042.9341179696 1453576.2748502067 -944938.3149367583 962738.3994541815 6849146.112748739 4940879.48068179 -3393251.3376582703 4300854.591179694 -1580456.5829358206 -2144899.888553058 -1350525.221532909 482243.3402839296 1193483.0074512754 -1143564.9330147002 1535214.4663917257 -4045886.9100296954 3432102.6419535656 3649703.438666699 39027326.21920255 9420.245496969046 1165882.4269870613 829563.7207018131 473419.1442614945 991925.7823391774 1398615.0329502893 337011.8162408182 -794046.0461872931
1139666.7358879743 -2020831.5049647852 2912716.050021345 1328970.3321317192 -3134502.9237504103 818699.5743473483 432934.0565910038 1046590.5111575963 1004476.3688216269 -1271808.0758462746 -634250.1134701886 4222076.3911686605 2910030.848520664 1558051.0399662438 -1563299.0910374133 -400093.39609508653 1080718.9847122529 -1689578.144656266 5522906.266947619 821709.2786099128 -116062.93966085193 -164784.8204978766 3443948.4266437213 1480310.577463911 -3559128.2499911967 2867980.569855185 820787.4716249915 9420.245496969046 32149977.511969667 -319209.8979539446 -1290842.1906266669 -685338.747524914 -1475106.761760218 442168.8015711519 -3713317.970852287 1654815.0828016186
-976486.011398471 -2408010.98257138 -97011.8886302252 3714107.786578417 1064670.542240738 -2487321.752294229 -1764066.001333642 958511.756836001 -1522281.7682230452 481749.4632913356 -651161.7683717576 5618.204478431519 -261639.54354155244 1772706.1741526842 2800238.9277269384 265278.4624900745 -1715436.7586129121 -3723960.066871506 -1965755.1733601196 631880.3173574968 -1101210.518391007 5659511.801955526 -1016021.0973509944 3243946.765819801 -1101053.0275392397 -2163168.422905858 -3747610.665699026 1165882.4269870613 -319209.8979539446 32865363.09444235 857555.9011628685 651809.4263059222 -2037613.9075808718 1837179.7398666749 591144.5934043528 -561843.0052236666
-530975.0828901541 -72651.18846656742 -361216.7507086733 -350306.13490540907 -225543.82394502766 4882867.702584273 1167166.3424720445 2029639.3633133278 262357.41340057645 2566030.6953170546 -2642638.201829897 -8181.079311379084 -223049.1963662344 -1175013.7119894428 1864307.6914541104 -3083730.635447683 -15623.185505168432 5255131.496165242 4177482.5827902537 2318904.2997723385 3582015.4096411094 1122272.8213133642 -1519185.795853114 -1191265.5160627947 418671.4299976883 464465.44290895096 115347.70832493078 829563.7207018131 -1290842.1906266669 857555.9011628685 30663599.04485676 879531.7398443253 -734842.0670570261 -1257417.4523757782 -649901.2923820892 205288.33395488898
1096660.530975478 1517064.1546205205 -3333017.5252354206 -3085551.6548103043 2186169.7975002537 -2242351.3074516365 2264851.1754620336 740877.9081230713 -345791.9487668259 1695032.4977142245 1345970.2302928672 2837735.563992945 -339544.4941865067 1636977.454610737 2035120.1974348817 -4077812.923880654 872025.1323455464 1932675.7022398233 -2940589.7684837664 905627.88658192 1103851.7729214362 2113798.3240258866 1651395.5903833443 1608871.863062356 731797.0031402563 -4283796.79170091 -96951.11141711698 473419.1442614945 -685338.747524914 651809.4263059222 879531.7398443253 32574061.80504896 -774223.1468154745 -3339005.8703293893 -32097.895207705682 -4337178.315889036
3008032.715062563 -2827563.917328108 3406370.3784437384 -2879035.033033389 -6230334.977317789 -2375383.644961721 -1015479.6223570601 -2735526.2177212983 -775081.1651322026 5150230.557228474 3155626.623403025 2297023.194163746 -4483778.777639276 -1320283.9879076304 -256283.30280527883 -3522935.733651695 -1116665.530703012 -388530.6554044789 -329295.43315370544 -3785866.2545660096 707234.6044337086 -14859.551453191956 868617.4493351624 -175338.41724662296 -4081920.76197131 4464272.290480555 565050.4974421917 991925.7823391774 -1475106.761760218 -2037613.9075808718 -734842.0670570261 -774223.1468154745 30480849.184743945 -787707.3865119162 824708.8855236672 3939281.746232891
1813942.473889965 1094902.2998057473 1222019.5919214806 3138519.5520024975 -544006.4649666122 -1708269.9945112115 -1000837.8314122024 -2364809.603825856 -574170.0679241011 -3216734.944802636 -1113690.5930046707 5791261.333638849 2024094.2206143432 1405225.6581974782 -1801430.89926258 1724314.3757363888 -3663293.162137587 2775574.9583605407 -4477244.363650357 -1013571.7125532347 -4085973.8335895403 3786922.835966699 2405504.9838267425 821394.7718636438 -1461212.8048770116 4044686.675845083 -2977934.449816997 1398615.0329502893 442168.8015711519 1837179.7398666749 -1257417.4523757782 -3339005.8703293893 -787707.3865119162 34496212.33877441 -1834763.3904225144 404475.10396772856
-4322932.4224369405 1608996.1824048664 1134726.8468387497 -2433779.437788196 3716740.5338309784 777357.9396288086 -231019.14879794404 4190753.7870777086 111690.69688426 -4688674.234243227 3597113.676370623 -601264.6529484151 5206994.700118204 -1125536.6187540826 2170341.6609220933 651067.92950593 4808291.097132085 3098350.892290694 2371869.216590156 -875994.176580548 527245.2589710569 -2243894.6180846053 1034614.7339313887 2682785.1754944003 1704964.5912601717 1675546.042429913 -23129.868559579063 337011.8162408182 -3713317.970852287 591144.5934043528 -649901.2923820892 -32097.895207705682 824708.8855236672 -1834763.3904225144 30853584.578183178 1324083.5454214553
4471287.016886255 3234267.737021872 -4488803.904212961 -2636565.757325267 -4584980.217355727 1322696.2494460633 2214219.1977464217 2265969.0545159644 -364883.5607859552 -2618953.1691024504 1817226.882477475 -967305.0568628163 -56473.733995186914 241153.86686699986 3621213.41879225 -211768.21198469147 -3889254.154750326 2795446.2081586756 209407.08911905298 -932640.0694109404 2694500.539535277 1696610.8042093734 5148609.433050147 3011416.811901664 -1307427.992273719 4744199.959237643 3648921.3868631 -794046.0461872931 1654815.0828016186 -561843.0052236666 205288.33395488898 -4337178.315889036 3939281.746232891 404475.10396772856 1324083.5454214553 35572614.06328949
