36941190.012464754 -5425049.792348053 -550502.700871007 3316629.4926535045 143704.96705285908 -2760030.84890806 597012.3862439042 5739626.565484392 -6339210.805375313 3054651.977662538 1695866.3479211659 1068164.7210291212 -11395.643355564647 346946.00267873396 -2127399.997035917 4040467.6138598095 -3562297.864333322 -3742192.7319594612 3098040.7757946486 -2564639.647244681 5972016.099728936 452004.14313917496 1135401.6601930389 5055700.179527284 -1434348.3604839137 -696979.5416434106 1239893.0561173672 -4110863.737867483 -3000972.4380638604 -2875935.2388828835 -1922788.7754684149 57176.35657488579 -326176.3044717012 -2394661.189113251 -3698600.962621814 -3247808.5446515693 958184.2913109302 -3751340.7500848444 -71575.05161432328 1466604.4756917942 -1093883.9959148145 3428577.372674382 -2019956.8804791379 -3968071.0230398146 339593.7434145474 -1120413.7465358677 -3407328.9827805245 -363176.32327961735 -3594743.929595894
-5425049.792348053 31573358.605149373 1692796.918539601 -3407498.1295918096 745693.401007506 3826023.5188260404 3141789.1180447605 2418976.9480511816 2236142.8209247477 963184.1307753614 142504.88107556492 2610981.615920906 -682218.7434181634 1424311.9684632446 -1765308.4723485713 -380759.262644098 -1223259.4342932624 4718272.2523222035 -375201.3440582489 2452855.0606743786 -6137158.373387733 -3953335.916872629 57143.95016359404 -3511357.784475912 2265937.917928854 -109175.93049893659 292193.48838106793 -852011.4274161534 -1650543.1970098026 -767859.5652737714 2724650.2906679977 -5640672.772915068 400378.1673420532 -3139849.8598299664 3251486.71899434 -82998.44524759467 -1765898.5214543506 -779430.6898609389 -6132569.428920248 2108841.5100541795 2133321.826927126 -514083.02664717333 3710243.902484868 800481.520285473 1632596.0162452927 -864347.6714281103 2165046.1629931936 2347269.923073953 -2520779.5093091396
-550502.700871007 1692796.918539601 34229529.7202027 -1017872.8803706953 1628009.416178274 -3030200.376161016 -3161614.600658547 402673.1036051176 103835.0724695732 4449034.933802516 -5397217.494834032 -7629099.033971675 -111948.61192555215 -569741.8333962618 2974096.4359670253 3012570.8013291913 -21227.724694541685 -344441.3185735316 42969.45498215785 1728502.8131368554 -1490305.8904197868 -1403741.6626061955 226267.87955670513 768130.5173169237 3120191.473534539 -4628618.137163823 -1059538.6576157047 -2429433.9320950233 512150.8760895613 705546.8472850828 1973960.2961739784 1777282.8790307886 -1821335.520385472 -2648211.196346876 4303833.876053105 1085543.9581661785 2237679.109782429 2965158.0941172633 -2033892.1605933737 874903.1224535636 -182371.24041054543 -1059418.2419865367 1438672.757905986 708619.8221095345 -3530238.6538108634 -4796511.241974399 1733620.0534003857 -3440557.3156451997 1563526.6829513086
3316629.4926535045 -3407498.1295918096 -1017872.8803706953 28415864.422558952 2446177.791341403 -1268221.9565558217 4371287.700000189 -2127738.4384608357 -1028736.4783658752 1879214.5149043284 3281608.8797643376 -538820.8530625519 2299381.9844301045 -2990097.8558996585 190997.90189024966 -1537335.0100736292 600923.253555651 -6060727.232159171 4076116.7031192817 8435487.494845496 501151.27665435633 5109766.54495625 2732774.462583451 -1743087.9317537346 -246895.09195830903 -534867.3808204677 -2691029.016106189 -1433677.4958940204 -2324989.117694667 3982672.525498648 -828322.2986620822 2857775.3984585623 3160906.709416356 439161.71162479016 2204143.2603339707 1570033.3007026883 -1332915.0765572942 -763674.5953429918 1914631.891559944 2551951.220519358 -132489.13857774984 -3538417.8747880063 -3018220.875457651 -1033768.6272539076 2625898.860844464 -4967816.453967936 5289050.562487278 2028000.222266325 928778.7085260191
143704.96705285908 745693.401007506 1628009.416178274 2446177.791341403 29211861.019128688 -195643.4477097977 1418721.2422162783 -1105346.9072683745 -649614.4471575057 -2807237.5143849654 1382612.8234091431 -147465.05911781438 -148848.0564240298 1371187.9574852816 -2263129.102089739 -148359.73290634147 422186.23422952346 2452655.2393816677 1559153.7173820948 4514964.80230319 -3922788.044970864 -2745168.0349983578 -1054734.8701529168 -3794144.674393054 -395482.6143077929 -1920521.9501411451 429498.7964928812 -103202.55495018045 -1495494.9377337338 -2024549.1980694053 1915612.211537673 -833875.9863046969 4713043.623384146 -5647226.771300642 -502800.59708487825 21507.246734150875 -4371336.623701993 -2130331.8373483066 2190016.8011453357 2248221.5053908117 1983797.6488932401 -6748400.316558067 357488.7106918147 -2482504.977926144 1124541.0857061762 4591931.688771864 100538.86965472541 -2410307.1927096006 5754939.010426209
-2760030.84890806 3826023.5188260404 -3030200.376161016 -1268221.9565558217 -195643.4477097977 30756409.431057956 1771422.6672276247 -3398988.0072402307 5516158.200818051 -420947.4201024604 -1368005.442958285 5951433.354345948 3459473.5941865137 3348242.9169669794 1215482.1450423887 1409237.727585769 -6683837.214096701 1449482.3260786773 778284.6857645104 -2449006.3247299823 178485.22698667747 -2633846.76524504 -5597033.610120734 2537064.336143275 -4206399.05773784 -1378418.69205136 978952.0489401147 2278116.4485429195 775102.2130428692 -339916.0027338974 -433846.954758404 -5527457.273526349 5239893.137711532 3595952.2523688055 2504269.7003786825 -2696378.1840283433 3564660.79821916 2205766.07990388 -575165.9312703476 -1272538.5464699732 1003029.7593255822 952366.3415779951 753735.4267854303 3222839.2845262345 -481261.46203570155 -12427.606580407764 2640283.0921790903 1291493.1046075698 550666.9010774659
597012.3862439042 3141789.1180447605 -3161614.600658547 4371287.700000189 1418721.2422162783 1771422.6672276247 26526267.84957223 -1119125.6557302938 1366733.8734887266 -1340658.3930231435 -470736.2660786084 674737.3320982127 -752998.8775039183 -2406015.0873188647 2379303.5673127514 -361550.3678256984 -6173.427180455839 -540339.9147359127 1214163.6118450894 -163237.65989459437 -1227527.1239698527 -1333169.9824027035 5684886.71130261 -600408.1535784324 1566781.538737001 2295797.8903105557 -585928.1370972065 1703504.54118861 1589945.4250274969 683954.5788416087 -6166647.094007461 -392458.0518384662 3091040.4658085397 -107452.74401061471 1105293.7518122564 -2063074.7124875824 1073459.0587171887 -1938445.938169833 -1929075.2538547372 -1862444.945991295 391960.4393600105 -1788505.933373825 -260237.93790070576 -1737551.372667292 1396795.3203360476 1908330.3301067832 -105572.5191392592 3065965.886478658 4486424.939546186
5739626.565484392 2418976.9480511816 402673.1036051176 -2127738.4384608357 -1105346.9072683745 -3398988.0072402307 -1119125.6557302938 34821573.89287281 -1160059.1854352367 1906905.1351967447 4580522.661641209 -1069055.019391115 608982.5614035985 -1187862.8068382863 -481514.86798159534 -893154.8955215286 -936073.9960283507 5624695.268873188 -885567.5359234124 -4170657.188818868 500003.0042258763 2960010.522711209 4518876.896398873 -2655577.0027011884 -828343.1054416731 2105524.853999692 1994059.2819860582 -739101.7217363361 383231.1826494232 -5325464.90425902 -491860.86623232777 5105560.637087684 -2951892.941727609 -3819124.910574083 -2297897.4936919245 -3682753.6020540395 -1347987.1173966299 3097753.1483308305 -4266608.761007785 -4868477.944780923 451814.11468578153 -4240805.663854592 2038646.1247424756 -3659873.908375422 -2612864.9683386604 96239.85276016798 -979869.3149474238 1209315.8077258891 1901418.0220824208
-6339210.805375313 2236142.8209247477 103835.0724695732 -1028736.4783658752 -649614.4471575057 5516158.200818051 1366733.8734887266 -1160059.1854352367 34662584.27993608 -1338210.1352147649 -677612.3185487294 -3152265.196769166 -1771043.2849010257 1225292.3856656959 2779965.246227114 -581990.9406004798 -757.2653587912848 -1459572.301067777 -2059892.5486198664 1088666.3611708034 -2404558.609941059 1068758.643829922 879626.5640470788 -4141953.533232907 -1012942.5596521954 2448014.58836932 5340899.538607524 -450919.55495583697 -2252568.1057890723 3611629.6288046073 998507.1232594945 -629750.3946685357 1055224.116162051 -5763897.240580281 -2383435.95420881 -804146.4617672467 -1340253.5936086548 1642339.3755880862 -3046227.2777698464 -1307806.044981678 -4558192.13862117 -4248863.117401335 2748522.4490097165 -1964562.478104251 -305992.26298425184 1218158.5941526447 2683892.722782314 -3706306.0958340345 -2998386.290545306
3054651.977662538 963184.1307753614 4449034.933802516 1879214.5149043284 -2807237.5143849654 -420947.4201024604 -1340658.3930231435 1906905.1351967447 -1338210.1352147649 36793903.76816044 -4493652.676520361 -2927921.923682966 5816699.434658236 199695.43448482535 2514619.236251297 -182175.6867747455 -93639.0091348739 4052879.4124074643 4119475.6754280864 1477367.8100662087 -2585709.3271370325 4357871.844900654 -5101469.151963332 310206.77376651723 -6472623.44183998 -890085.4263150762 -1243557.9472626008 -687298.0611607885 -583983.1743125401 -4292553.368818276 -4110970.9002545946 1993640.1054020084 1620186.192322787 6587132.120432987 2316054.300662761 -4281640.059022009 -2074039.8936076206 -2714415.850969085 768604.6339782999 -2286874.8287165845 1132713.9803429265 -1760658.7023903292 194320.70417042426 2236973.5830601477 -1204861.2593712525 -1674081.8721338583 -5117455.735006549 -2209958.4065024722 797767.3085165657
1695866.3479211659 142504.88107556492 -5397217.494834032 3281608.8797643376 1382612.8234091431 -1368005.442958285 -470736.2660786084 4580522.661641209 -677612.3185487294 -4493652.676520361 33238155.795149423 2810386.7183591602 -1514040.295329794 2173225.2426514756 -247826.94029102844 1018270.575691981 886816.8579527204 -576899.5775264122 580530.6033971389 -2800798.5658229133 -2779635.169797375 -4731721.00902719 -310326.06248657213 -1409997.9580245195 1768133.9285094957 2210480.0650828946 2711.660499526857 328387.19840657816 -196222.22367946303 6127277.286085124 -980016.4419179767 2277070.852630685 242644.92060365385 4502178.994124408 -3041974.84618692 -183185.667847866 2094541.9592613333 1441301.4104561866 -2603252.8107901886 192287.1125946798 -2898133.7270402666 -1551669.087120849 4180096.008546755 691674.6957897936 2867635.3654866475 882239.3598835573 -2366594.6434105407 -392095.4679302493 -7257048.634998529
1068164.7210291212 2610981.615920906 -7629099.033971675 -538820.8530625519 -147465.05911781438 5951433.354345948 674737.3320982127 -1069055.019391115 -3152265.196769166 -2927921.923682966 2810386.7183591602 32490007.731677897 456171.476052015 -1991171.3712945506 1413082.0450264532 -4062283.9826540854 -987085.5824970609 1862631.0926953044 -1985092.6845590298 739027.2770842839 1780349.7288690922 -3003648.1288523637 -484421.93233610847 -799076.9087658298 -2237659.343767452 1830741.6808244337 -6015970.147091244 711356.1113529425 1615662.9428745476 1794751.6208540353 453215.72937917546 -1596673.2076503218 -1539570.395835622 2493255.7541584494 -4497571.518744501 1437281.1314182656 -2684436.626392376 2271744.102348196 2361095.641600016 264574.6346447532 -2807651.446500945 -485313.7260489078 4706982.03716611 4380077.449542327 5435522.598479661 342031.3338019807 600682.3749679289 -3719713.5729406676 -4656876.339830182
-11395.643355564647 -682218.7434181634 -111948.61192555215 2299381.9844301045 -148848.0564240298 3459473.5941865137 -752998.8775039183 608982.5614035985 -1771043.2849010257 5816699.434658236 -1514040.295329794 456171.476052015 31017919.72323804 -4097378.155949389 -886724.3818360791 -837124.2613370349 -1356543.5400688727 -1513095.3885586094 -970393.7336796896 -2794422.5717524514 -629302.1896742843 604628.1250060177 -764907.9177051976 2248134.828282981 2207696.983891889 -5755470.249094204 2358429.494922931 -117450.79828134252 2827916.2655434012 -2450717.9794301298 -1916723.9396065434 264180.2758099613 4017772.897453876 112997.72592637528 1646166.709026129 -225344.33434767797 1497388.1669730267 -3891373.9427735144 -1014097.9740101334 2645092.169847771 3647746.9174422305 -4385141.742103394 -435831.2309001337 1694570.964946076 -4166261.155025914 1392369.7181807412 -3722295.336480172 -1648542.9015341788 2502737.8410170493
346946.00267873396 1424311.9684632446 -569741.8333962618 -2990097.8558996585 1371187.9574852816 3348242.9169669794 -2406015.0873188647 -1187862.8068382863 1225292.3856656959 199695.43448482535 2173225.2426514756 -1991171.3712945506 -4097378.155949389 37830571.41743091 1794453.170009724 1670701.65651859 3532158.9659378896 -2949892.954024623 2229929.229656639 1414171.8645174322 -3364241.6063817274 -1651608.268571013 -721394.8947985881 799166.2626212934 -2646756.4536080565 321743.2251295518 -717614.7250442249 2305641.0451071183 4236754.719914425 2646211.055776017 -2736450.2795148552 1283196.0609265193 3435081.263910944 -2688968.977385006 -3611604.934195096 1492638.7225966344 -3067133.8999788947 3504214.677702576 -1839890.5339937275 -94323.29472318856 -3907974.074385587 3127484.386279951 2877256.30023007 265788.61026900343 -1108193.459325544 1347177.3510883362 -2611115.207593323 1114032.3476542197 -320890.53086091974
-2127399.997035917 -1765308.4723485713 2974096.4359670253 190997.90189024966 -2263129.102089739 1215482.1450423887 2379303.5673127514 -481514.86798159534 2779965.246227114 2514619.236251297 -247826.94029102844 1413082.0450264532 -886724.3818360791 1794453.170009724 29535373.141569145 2674558.619478526 -720669.8145361003 -1792832.1438174625 732158.5658707113 273960.1230365151 -2751178.2419782323 -1769936.9320474989 -1198548.5980355588 5236843.425415859 -211954.74747797588 -1608851.2848151205 2682166.074281882 -1934118.868547271 2408999.235423874 2922972.9828810003 -6565679.240776461 -2377713.2117600883 699839.4793209732 2821094.776854706 2046768.0946415265 -1364125.575518961 479066.62747824495 2423838.8532366655 95845.52111282862 791730.5536539434 -187212.39202008554 3747039.7951640063 2494782.9745088923 -2100451.2756983945 6564857.248025005 261630.58768025352 -3112053.6854913635 3663448.8170488584 3617873.111398152
4040467.6138598095 -380759.262644098 3012570.8013291913 -1537335.0100736292 -148359.73290634147 1409237.727585769 -361550.3678256984 -893154.8955215286 -581990.9406004798 -182175.6867747455 1018270.575691981 -4062283.9826540854 -837124.2613370349 1670701.65651859 2674558.619478526 29577895.256046053 -929186.4654545179 258097.3507742632 572487.3827340209 -1311726.6346608757 -7301975.10362818 -1094123.598887266 -1527410.6771773638 2290484.5795642966 131522.0115750837 -5736479.631927512 532079.3527149241 -1894724.3364650954 -1945932.6048635077 -1334334.8388180886 -3277163.753621889 -885288.6684589105 -4388204.466148942 -1070644.176914983 6365.33054321028 -769744.5796072708 -1198265.9383386893 875260.5754766102 1821154.3875457316 3700337.0109361964 -1337338.2873522253 7435596.299735878 347763.6516517917 -348103.70159196167 -2573099.4553876454 2197535.406241946 -5002121.516838665 -2886971.8873777874 1828047.8719300372
-3562297.864333322 -1223259.4342932624 -21227.724694541685 600923.253555651 422186.23422952346 -6683837.214096701 -6173.427180455839 -936073.9960283507 -757.2653587912848 -93639.0091348739 886816.8579527204 -987085.5824970609 -1356543.5400688727 3532158.9659378896 -720669.8145361003 -929186.4654545179 37403716.01523924 -1337343.1557559073 634818.734458457 1238632.21306748 -689903.0389365264 3062079.1160561875 1502127.526007029 942791.4121312452 -769316.8770637109 2446599.611756508 -3008307.2722666627 956516.4902157369 11527.056075751489 5015338.568763976 3257986.2397906207 1795854.811667403 -2679453.846137649 106123.03559508851 1138219.4279270011 2005294.538528977 -1055612.712678544 -4516322.136020283 -2826031.4314696593 -666257.696647353 -1295357.9474898193 -1942209.086024707 -4998482.490014835 -2441078.6113790916 2944184.8364315974 2530939.397243907 -1686876.440444301 -6942631.320686989 -1992227.1270458132
-3742192.7319594612 4718272.2523222035 -344441.3185735316 -6060727.232159171 2452655.2393816677 1449482.3260786773 -540339.9147359127 5624695.268873188 -1459572.301067777 4052879.4124074643 -576899.5775264122 1862631.0926953044 -1513095.3885586094 -2949892.954024623 -1792832.1438174625 258097.3507742632 -1337343.1557559073 32097296.648027502 2508892.3337378944 -3024611.0832260633 -1053433.6425762645 -2265626.2483556755 1626301.5796999796 906042.5310194804 -920901.1565206501 251775.86195389694 567262.2293501731 1083132.4546841318 -844598.3530903141 -4268137.197093921 5735718.44916703 -1649801.3334630735 -3088936.4129619086 -2694111.0689782696 -557343.6627227265 -774950.7540764359 2796531.7975233183 -2121112.407978226 -1643797.2981930468 -7005991.55245174 1462537.494880811 -146.5351039023964 19478.9691484776 532551.9428720224 472443.6360689322 -43969.41308837516 -2779921.9637386226 -2407183.74510879 2599797.07360294
3098040.7757946486 -375201.3440582489 42969.45498215785 4076116.7031192817 1559153.7173820948 778284.6857645104 1214163.6118450894 -885567.5359234124 -2059892.5486198664 4119475.6754280864 580530.6033971389 -1985092.6845590298 -970393.7336796896 2229929.229656639 732158.5658707113 572487.3827340209 634818.734458457 2508892.3337378944 31078994.64751239 133126.60039718 1883919.825700324 -949766.6986000203 73095.05264301153 712000.3523972842 -2908728.5051591587 2423339.739387318 -3699041.7778239646 2061837.2325716945 -387033.4265565281 -283906.9067197708 -4270757.275798541 -1340399.8955082933 1231061.28796217 2267217.133433154 759198.0083272149 -2306525.259244064 2623646.1492395075 -5653693.093820054 -4607351.152516161 2022456.3830198413 -4919713.730846673 2785989.229877795 1750577.9828806005 249984.06018806488 1240856.1957433945 -525744.6903651571 -877105.8662488096 447797.3678529633 1001508.5250548759
-2564639.647244681 2452855.0606743786 1728502.8131368554 8435487.494845496 4514964.80230319 -2449006.3247299823 -163237.65989459437 -4170657.188818868 1088666.3611708034 1477367.8100662087 -2800798.5658229133 739027.2770842839 -2794422.5717524514 1414171.8645174322 273960.1230365151 -1311726.6346608757 1238632.21306748 -3024611.0832260633 133126.60039718 32565130.721001506 -2307804.233929278 -126276.26199894822 -2425155.424747969 2732398.0086176675 2770702.7453223513 -3550966.8030263647 -5228003.524490913 1799817.2807675304 -4119102.4264127957 920965.0238569856 1300401.2526365465 3473844.947581825 2237844.1155809974 -2685438.41162001 3017182.516434067 612353.8961874334 2911983.05435552 -2427002.470943572 6530689.548422836 1543892.721743024 1325099.4990195613 -2096514.6578057713 -1963508.1267413886 899066.5615645972 2452101.6004761825 390981.97160394676 3098730.2183876787 1767794.617000311 -2957080.833084963
5972016.099728936 -6137158.373387733 -1490305.8904197868 501151.27665435633 -3922788.044970864 178485.22698667747 -1227527.1239698527 500003.0042258763 -2404558.609941059 -2585709.3271370325 -2779635.169797375 1780349.7288690922 -629302.1896742843 -3364241.6063817274 -2751178.2419782323 -7301975.10362818 -689903.0389365264 -1053433.6425762645 1883919.825700324 -2307804.233929278 35080998.81778065 1661496.3627456564 -1568442.0711679403 -382476.4095333648 3136255.2522799573 3585849.034397412 -18638.160376293257 -2186810.5436391146 2881369.738265373 -2607874.84182104 5377376.973727548 5471817.583171468 -304844.5528333301 3007907.4158954676 951234.8104263744 -327799.1884843536 -299092.49995399377 -1320941.795144977 -1811835.804132171 -2701399.3614182747 1892267.5003760955 -2582080.6269087987 307901.1869303377 2368465.2595951897 57152.838664589246 -3505491.493676814 -234327.82168617164 2365708.5362211266 4689.520271588044
452004.14313917496 -3953335.916872629 -1403741.6626061955 5109766.54495625 -2745168.0349983578 -2633846.76524504 -1333169.9824027035 2960010.522711209 1068758.643829922 4357871.844900654 -4731721.00902719 -3003648.1288523637 604628.1250060177 -1651608.268571013 -1769936.9320474989 -1094123.598887266 3062079.1160561875 -2265626.2483556755 -949766.6986000203 -126276.26199894822 1661496.3627456564 29769427.256956942 769316.5039132114 -1377283.4252773814 -1477200.4100932435 -1801451.9629219284 -141037.92312921325 3456642.476718634 1684155.9789519857 -1000298.999996884 4314744.571315497 3134051.81725509 -1414865.3183886867 -1956772.5520325801 -1016761.8058545054 -1286544.789535659 -2495432.8875072887 190349.37257182627 1442486.3442170464 -2739837.418060094 -3064941.2805034406 -4465540.646780694 -2329104.6792145213 1568706.3558085908 -3651621.9227099386 3934032.8582361126 2256279.9658354344 159234.24956038175 -405376.39914887265
1135401.6601930389 57143.95016359404 226267.87955670513 2732774.462583451 -1054734.8701529168 -5597033.610120734 5684886.71130261 4518876.896398873 879626.5640470788 -5101469.151963332 -310326.06248657213 -484421.93233610847 -764907.9177051976 -721394.8947985881 -1198548.5980355588 -1527410.6771773638 1502127.526007029 1626301.5796999796 73095.05264301153 -2425155.424747969 -1568442.0711679403 769316.5039132114 32155607.55883578 -2114183.0087164096 -651160.1764598619 -3596277.570211415 -693405.7431898915 -2239090.6861791406 2528745.181762468 1082512.6476787322 -1058267.9232772137 3551435.1324491813 -2890109.912691865 -2962420.4595727427 -1372193.719719705 3110734.8302935343 637814.6960436597 -2115094.0098827216 -682991.8781911926 -2097367.6661266033 -607163.6310019951 -4935630.147300571 -2194818.113127249 -5089445.348713496 2978979.6142671765 -4662188.516006687 4726272.237282029 81764.98770226656 863081.3091151783
5055700.179527284 -3511357.784475912 768130.5173169237 -1743087.9317537346 -3794144.674393054 2537064.336143275 -600408.1535784324 -2655577.0027011884 -4141953.533232907 310206.77376651723 -1409997.9580245195 -799076.9087658298 2248134.828282981 799166.2626212934 5236843.425415859 2290484.5795642966 942791.4121312452 906042.5310194804 712000.3523972842 2732398.0086176675 -382476.4095333648 -1377283.4252773814 -2114183.0087164096 32498414.285927784 2806552.1755004167 -1396057.1155293062 3966152.048808891 1747512.8945043986 -51355.31750678104 -1680811.656371379 -3538118.188349276 -1087716.09462756 92554.27591326527 2664704.9411815987 -2122881.584241793 -939505.8881214401 3188877.8437160146 -5176778.107408716 -1136833.3403252496 105794.82600474553 -1329653.436726464 7750077.789522488 -3617684.329877238 475386.79705662566 2655382.7343328726 -223772.21424426718 -3692812.3453416233 2196241.9718883946 -268980.6270207231
-1434348.3604839137 2265937.917928854 3120191.473534539 -246895.09195830903 -395482.6143077929 -4206399.05773784 1566781.538737001 -828343.1054416731 -1012942.5596521954 -6472623.44183998 1768133.9285094957 -2237659.343767452 2207696.983891889 -2646756.4536080565 -211954.74747797588 131522.0115750837 -769316.8770637109 -920901.1565206501 -2908728.5051591587 2770702.7453223513 3136255.2522799573 -1477200.4100932435 -651160.1764598619 2806552.1755004167 31062293.044933483 -1212444.8428632936 2280990.74679466 -1560722.949454218 -3839498.1805714383 -613963.1058996167 -2974490.526041555 -2551853.889379654 927503.1877585166 652152.0746328334 713691.2632776857 898279.4386577065 -754371.0678315251 -2022437.6755413916 -1755265.4198590582 827514.5924196133 4115229.576552458 -1317044.379021603 2791038.691742791 -804725.8830011976 429415.3506480891 3671255.119860846 6555890.8713510875 5013677.501963847 628580.8883398786
-696979.5416434106 -109175.93049893659 -4628618.137163823 -534867.3808204677 -1920521.9501411451 -1378418.69205136 2295797.8903105557 2105524.853999692 2448014.58836932 -890085.4263150762 2210480.0650828946 1830741.6808244337 -5755470.249094204 321743.2251295518 -1608851.2848151205 -5736479.631927512 2446599.611756508 251775.86195389694 2423339.739387318 -3550966.8030263647 3585849.034397412 -1801451.9629219284 -3596277.570211415 -1396057.1155293062 -1212444.8428632936 31045209.20786716 -5954.070896580523 726036.9159679009 -3775512.1767695392 4062756.889445326 -999458.8174069325 477802.3540883876 -2121937.3693813975 3214775.121923262 517377.28735127853 -1301025.0614231662 44534.73401785705 2850173.4875931977 -1300146.7286195783 1853506.2631350702 -357416.9439618964 1945575.172520006 612478.7369557086 -1580708.6052434084 2370447.1756609734 -756528.9482196495 -1196617.008836166 -620312.1214595726 2620183.2809273796
1239893.0561173672 292193.48838106793 -1059538.6576157047 -2691029.016106189 429498.7964928812 978952.0489401147 -585928.1370972065 1994059.2819860582 5340899.538607524 -1243557.9472626008 2711.660499526857 -6015970.147091244 2358429.494922931 -717614.7250442249 2682166.074281882 532079.3527149241 -3008307.2722666627 567262.2293501731 -3699041.7778239646 -5228003.524490913 -18638.160376293257 -141037.92312921325 -693405.7431898915 3966152.048808891 2280990.74679466 -5954.070896580523 32792268.917787153 -1620368.7048905347 2301556.2036008867 -2839161.167262441 -4143100.6688665915 -6843481.715141944 992599.6014309693 -2481530.294712924 -4193813.8126552426 -4312537.937450155 2609239.399807416 -2137239.789369099 -1828335.6288191213 -4215032.987871619 4598768.908977223 -1760458.3068982952 4973830.963388731 -7361167.160241863 640329.4929690473 -814984.4706246165 -1832884.2347575033 -411457.30284334335 4659509.270220311
-4110863.737867483 -852011.4274161534 -2429433.9320950233 -1433677.4958940204 -103202.55495018045 2278116.4485429195 1703504.54118861 -739101.7217363361 -450919.55495583697 -687298.0611607885 328387.19840657816 711356.1113529425 -117450.79828134252 2305641.0451071183 -1934118.868547271 -1894724.3364650954 956516.4902157369 1083132.4546841318 2061837.2325716945 1799817.2807675304 -2186810.5436391146 3456642.476718634 -2239090.6861791406 1747512.8945043986 -1560722.949454218 726036.9159679009 -1620368.7048905347 31654743.910999842 262101.45926664956 1019044.7472106479 364308.5474955909 -1448699.151430426 1259668.3970930057 -2020990.881141199 -1184540.703849204 -1803941.2216206929 -1688489.843565273 1997789.4898181898 150491.22241210355 -1897069.2551352507 -2014950.3420470173 -2136222.8860671315 3408406.302427347 5503610.759839863 -4678479.458927739 3597571.2157648318 -2858465.035183021 411128.97214748804 -7454881.885343139
-3000972.4380638604 -1650543.1970098026 512150.8760895613 -2324989.117694667 -1495494.9377337338 775102.2130428692 1589945.4250274969 383231.1826494232 -2252568.1057890723 -583983.1743125401 -196222.22367946303 1615662.9428745476 2827916.2655434012 4236754.719914425 2408999.235423874 -1945932.6048635077 11527.056075751489 -844598.3530903141 -387033.4265565281 -4119102.4264127957 2881369.738265373 1684155.9789519857 2528745.181762468 -51355.31750678104 -3839498.1805714383 -3775512.1767695392 2301556.2036008867 262101.45926664956 37319962.50885171 149078.51802159206 52295.394846296265 3833366.193549148 1078033.1154264787 -7234598.431881701 -311924.07930613594 4021149.226084604 -565802.1040124494 2324762.3981464817 -230676.8793406657 1718560.2251142245 -2915771.9884738503 -1951151.4630053784 6798904.675606362 4617930.7387585305 1220519.3409352924 -1576649.2695032635 780236.6307924741 2353718.011297349 1254140.6038287503
-2875935.2388828835 -767859.5652737714 705546.8472850828 3982672.525498648 -2024549.1980694053 -339916.0027338974 683954.5788416087 -5325464.90425902 3611629.6288046073 -4292553.368818276 6127277.286085124 1794751.6208540353 -2450717.9794301298 2646211.055776017 2922972.9828810003 -1334334.8388180886 5015338.568763976 -4268137.197093921 -283906.9067197708 920965.0238569856 -2607874.84182104 -1000298.999996884 1082512.6476787322 -1680811.656371379 -613963.1058996167 4062756.889445326 -2839161.167262441 1019044.7472106479 149078.51802159206 33981900.49233705 3867580.83747114 -1633255.7422298922 3075064.1007661573 -1245671.7588420257 -3568994.2476285235 -457747.66794463544 -847135.2048599167 5489996.02951597 -1932035.2791156785 1241284.490958877 -4588114.910129008 3214884.7355088503 -1061658.7521492674 4595888.737511971 -664871.7702939849 -4716867.126837432 462394.0207006601 3020082.3947743047 -2291148.087247182
-1922788.7754684149 2724650.2906679977 1973960.2961739784 -828322.2986620822 1915612.211537673 -433846.954758404 -6166647.094007461 -491860.86623232777 998507.1232594945 -4110970.9002545946 -980016.4419179767 453215.72937917546 -1916723.9396065434 -2736450.2795148552 -6565679.240776461 -3277163.753621889 3257986.2397906207 5735718.44916703 -4270757.275798541 1300401.2526365465 5377376.973727548 4314744.571315497 -1058267.9232772137 -3538118.188349276 -2974490.526041555 -999458.8174069325 -4143100.6688665915 364308.5474955909 52295.394846296265 3867580.83747114 36589777.47948499 2889695.398113873 5547534.367494329 -4894478.437565545 3927776.96627136 1397827.1642051674 92447.68557385106 3047073.494282563 -563557.1303491978 -1742389.2393971195 553143.6689086178 -4250919.925560024 -2202563.5923638325 4310846.424887484 -1275833.8165937979 -3265405.6583526745 99431.46883709184 -2571232.720315227 -6103092.209252918
57176.35657488579 -5640672.772915068 1777282.8790307886 2857775.3984585623 -833875.9863046969 -5527457.273526349 -392458.0518384662 5105560.637087684 -629750.3946685357 1993640.1054020084 2277070.852630685 -1596673.2076503218 264180.2758099613 1283196.0609265193 -2377713.2117600883 -885288.6684589105 1795854.811667403 -1649801.3334630735 -1340399.8955082933 3473844.947581825 5471817.583171468 3134051.81725509 3551435.1324491813 -1087716.09462756 -2551853.889379654 477802.3540883876 -6843481.715141944 -1448699.151430426 3833366.193549148 -1633255.7422298922 2889695.398113873 32297585.14105222 856644.9424385694 2108514.3625938357 2848944.22412761 862194.7030246616 -4548887.039911118 1734107.619519239 3216093.0127333174 51071.25243625653 962598.6838539547 -7781612.617898865 1257835.4741754304 2194460.2217268012 -235419.9601802878 -3281742.855882349 284.1796967952567 -2207975.208087334 -415582.2130176948
-326176.3044717012 400378.1673420532 -1821335.520385472 3160906.709416356 4713043.623384146 5239893.137711532 3091040.4658085397 -2951892.941727609 1055224.116162051 1620186.192322787 242644.92060365385 -1539570.395835622 4017772.897453876 3435081.263910944 699839.4793209732 -4388204.466148942 -2679453.846137649 -3088936.4129619086 1231061.28796217 2237844.1155809974 -304844.5528333301 -1414865.3183886867 -2890109.912691865 92554.27591326527 927503.1877585166 -2121937.3693813975 992599.6014309693 1259668.3970930057 1078033.1154264787 3075064.1007661573 5547534.367494329 856644.9424385694 35085993.89225061 -1331304.5748911756 -606277.6533608115 2670749.2016472504 2896793.1409130776 -567360.9532601376 -3267568.1361542526 3448347.0904888534 -1378256.491831295 -798522.4973904021 -2832988.6174016204 -36722.33661844591 -172877.12452962226 -712808.6754104361 2528229.833490376 1747860.329334141 738521.3480882351
-2394661.189113251 -3139849.8598299664 -2648211.196346876 439161.71162479016 -5647226.771300642 3595952.2523688055 -107452.74401061471 -3819124.910574083 -5763897.240580281 6587132.120432987 4502178.994124408 2493255.7541584494 112997.72592637528 -2688968.977385006 2821094.776854706 -1070644.176914983 106123.03559508851 -2694111.0689782696 2267217.133433154 -2685438.41162001 3007907.4158954676 -1956772.5520325801 -2962420.4595727427 2664704.9411815987 652152.0746328334 3214775.121923262 -2481530.294712924 -2020990.881141199 -7234598.431881701 -1245671.7588420257 -4894478.437565545 2108514.3625938357 -1331304.5748911756 32264237.35239037 1032835.5288496825 -1150434.263028826 3177322.3348486735 -2824969.3034047866 260447.637537817 918122.182370113 3676400.0286171613 -1770244.9798498072 -349695.3773428413 -236218.27065648508 1249620.3599767606 651690.9099278382 1598859.0117364954 -169078.7118140556 1875872.1497585536
-3698600.962621814 3251486.71899434 4303833.876053105 2204143.2603339707 -502800.59708487825 2504269.7003786825 1105293.7518122564 -2297897.4936919245 -2383435.95420881 2316054.300662761 -3041974.84618692 -4497571.518744501 1646166.709026129 -3611604.934195096 2046768.0946415265 6365.33054321028 1138219.4279270011 -557343.6627227265 759198.0083272149 3017182.516434067 951234.8104263744 -1016761.8058545054 -1372193.719719705 -2122881.584241793 713691.2632776857 517377.28735127853 -4193813.8126552426 -1184540.703849204 -311924.07930613594 -3568994.2476285235 3927776.96627136 2848944.22412761 -606277.6533608115 1032835.5288496825 30851380.711597417 -849854.8610622212 1175710.3083524338 2459809.07098228 -2216096.9214752587 -1381695.2826690692 2277972.9279760458 1035142.499790203 228861.5403237186 3140602.860066257 -803299.6303668773 1283477.014996454 -887598.9080862359 1578051.1271662696 274233.59625472
-3247808.5446515693 -82998.44524759467 1085543.9581661785 1570033.3007026883 21507.246734150875 -2696378.1840283433 -2063074.7124875824 -3682753.6020540395 -804146.4617672467 -4281640.059022009 -183185.667847866 1437281.1314182656 -225344.33434767797 1492638.7225966344 -1364125.575518961 -769744.5796072708 2005294.538528977 -774950.7540764359 -2306525.259244064 612353.8961874334 -327799.1884843536 -1286544.789535659 3110734.8302935343 -939505.8881214401 898279.4386577065 -1301025.0614231662 -4312537.937450155 -1803941.2216206929 4021149.226084604 -457747.66794463544 1397827.1642051674 862194.7030246616 2670749.2016472504 -1150434.263028826 -849854.8610622212 30107256.810339365 -3303753.0724149025 -1316562.8489414211 -177269.02872611486 -288619.7092145138 464896.940775613 3056179.419329592 1884765.398771117 2789467.443432496 -558253.3562933633 -2707525.2425833647 219994.0631321814 1669301.682295767 -173065.63873444925
958184.2913109302 -1765898.5214543506 2237679.109782429 -1332915.0765572942 -4371336.623701993 3564660.79821916 1073459.0587171887 -1347987.1173966299 -1340253.5936086548 -2074039.8936076206 2094541.9592613333 -2684436.626392376 1497388.1669730267 -3067133.8999788947 479066.62747824495 -1198265.9383386893 -1055612.712678544 2796531.7975233183 2623646.1492395075 2911983.05435552 -299092.49995399377 -2495432.8875072887 637814.6960436597 3188877.8437160146 -754371.0678315251 44534.73401785705 2609239.399807416 -1688489.843565273 -565802.1040124494 -847135.2048599167 92447.68557385106 -4548887.039911118 2896793.1409130776 3177322.3348486735 1175710.3083524338 -3303753.0724149025 31519907.505448237 -3429344.64294954 961244.9074883763 -348567.69395355904 -2475207.5458168695 250755.92306131637 1205637.3786356347 -5021409.237839122 -2044998.0180426592 -3012264.9889058303 -2361327.9442618405 -1304383.6022742144 2205532.063332244
-3751340.7500848444 -779430.6898609389 2965158.0941172633 -763674.5953429918 -2130331.8373483066 2205766.07990388 -1938445.938169833 3097753.1483308305 1642339.3755880862 -2714415.850969085 1441301.4104561866 2271744.102348196 -3891373.9427735144 3504214.677702576 2423838.8532366655 875260.5754766102 -4516322.136020283 -2121112.407978226 -5653693.093820054 -2427002.470943572 -1320941.795144977 190349.37257182627 -2115094.0098827216 -5176778.107408716 -2022437.6755413916 2850173.4875931977 -2137239.789369099 1997789.4898181898 2324762.3981464817 5489996.02951597 3047073.494282563 1734107.619519239 -567360.9532601376 -2824969.3034047866 2459809.07098228 -1316562.8489414211 -3429344.64294954 32811073.110574335 2259532.345119692 -3805753.715775993 1352300.8163684248 4300972.482467897 1630687.6710359345 1703153.410707293 -2383601.352225879 1869561.1081152137 1224603.3199280577 4289039.612005923 -1285168.0959540003
-71575.05161432328 -6132569.428920248 -2033892.1605933737 1914631.891559944 2190016.8011453357 -575165.9312703476 -1929075.2538547372 -4266608.761007785 -3046227.2777698464 768604.6339782999 -2603252.8107901886 2361095.641600016 -1014097.9740101334 -1839890.5339937275 95845.52111282862 1821154.3875457316 -2826031.4314696593 -1643797.2981930468 -4607351.152516161 6530689.548422836 -1811835.804132171 1442486.3442170464 -682991.8781911926 -1136833.3403252496 -1755265.4198590582 -1300146.7286195783 -1828335.6288191213 150491.22241210355 -230676.8793406657 -1932035.2791156785 -563557.1303491978 3216093.0127333174 -3267568.1361542526 260447.637537817 -2216096.9214752587 -177269.02872611486 961244.9074883763 2259532.345119692 32454493.746651705 328903.2738724293 3139551.733232765 -2416723.8777168104 3277865.193512619 5831570.709022436 1343429.8443703656 971419.8563114845 2391499.9434083975 -2565222.295356576 4444599.178676255
1466604.4756917942 2108841.5100541795 874903.1224535636 2551951.220519358 2248221.5053908117 -1272538.5464699732 -1862444.945991295 -4868477.944780923 -1307806.044981678 -2286874.8287165845 192287.1125946798 264574.6346447532 2645092.169847771 -94323.29472318856 791730.5536539434 3700337.0109361964 -666257.696647353 -7005991.55245174 2022456.3830198413 1543892.721743024 -2701399.3614182747 -2739837.418060094 -2097367.6661266033 105794.82600474553 827514.5924196133 1853506.2631350702 -4215032.987871619 -1897069.2551352507 1718560.2251142245 1241284.490958877 -1742389.2393971195 51071.25243625653 3448347.0904888534 918122.182370113 -1381695.2826690692 -288619.7092145138 -348567.69395355904 -3805753.715775993 328903.2738724293 30117498.4861034 -566288.2599549663 -701833.0980231153 2777135.9478068096 -2200235.1457785843 -2280937.1100281514 1678451.7838892078 515231.3844933436 -4984679.763724896 -679663.141209308
-1093883.9959148145 2133321.826927126 -182371.24041054543 -132489.13857774984 1983797.6488932401 1003029.7593255822 391960.4393600105 451814.11468578153 -4558192.13862117 1132713.9803429265 -2898133.7270402666 -2807651.446500945 3647746.9174422305 -3907974.074385587 -187212.39202008554 -1337338.2873522253 -1295357.9474898193 1462537.494880811 -4919713.730846673 1325099.4990195613 1892267.5003760955 -3064941.2805034406 -607163.6310019951 -1329653.436726464 4115229.576552458 -357416.9439618964 4598768.908977223 -2014950.3420470173 -2915771.9884738503 -4588114.910129008 553143.6689086178 962598.6838539547 -1378256.491831295 3676400.0286171613 2277972.9279760458 464896.940775613 -2475207.5458168695 1352300.8163684248 3139551.733232765 -566288.2599549663 32445970.767866433 -8096344.493060743 -2284754.5384908426 -75081.35387454138 -804672.1253304797 -1065832.483992114 -306856.9561575354 2164545.147840486 4117212.0641603144
3428577.372674382 -514083.02664717333 -1059418.2419865367 -3538417.8747880063 -6748400.316558067 952366.3415779951 -1788505.933373825 -4240805.663854592 -4248863.117401335 -1760658.7023903292 -1551669.087120849 -485313.7260489078 -4385141.742103394 3127484.386279951 3747039.7951640063 7435596.299735878 -1942209.086024707 -146.5351039023964 2785989.229877795 -2096514.6578057713 -2582080.6269087987 -4465540.646780694 -4935630.147300571 7750077.789522488 -1317044.379021603 1945575.172520006 -1760458.3068982952 -2136222.8860671315 -1951151.4630053784 3214884.7355088503 -4250919.925560024 -7781612.617898865 -798522.4973904021 -1770244.9798498072 1035142.499790203 3056179.419329592 250755.92306131637 4300972.482467897 -2416723.8777168104 -701833.0980231153 -8096344.493060743 33474023.43557776 -5079678.882341688 -815125.3331361583 -2857556.3585852957 -2638280.6923785093 989908.453715542 494887.8392074555 2631646.116610508
-2019956.8804791379 3710243.902484868 1438672.757905986 -3018220.875457651 357488.7106918147 753735.4267854303 -260237.93790070576 2038646.1247424756 2748522.4490097165 194320.70417042426 4180096.008546755 4706982.03716611 -435831.2309001337 2877256.30023007 2494782.9745088923 347763.6516517917 -4998482.490014835 19478.9691484776 1750577.9828806005 -1963508.1267413886 307901.1869303377 -2329104.6792145213 -2194818.113127249 -3617684.329877238 2791038.691742791 612478.7369557086 4973830.963388731 3408406.302427347 6798904.675606362 -1061658.7521492674 -2202563.5923638325 1257835.4741754304 -2832988.6174016204 -349695.3773428413 228861.5403237186 1884765.398771117 1205637.3786356347 1630687.6710359345 3277865.193512619 2777135.9478068096 -2284754.5384908426 -5079678.882341688 32743881.902924184 -891583.9747617433 122500.12957129118 862515.2075784039 -500361.45899898757 2290032.2231939742 -2075090.0812994845
