32357548.73948178 -2367371.6496262406 -2298005.950782539 -847288.3521383732 -1361336.1293686556 -214600.58034271054 2251399.7670852686 -57480.92879273891 -1125160.707142085 1138567.4071652363 1273161.338082092 2398135.096842093 550604.1391234994 1303101.932277159 2329133.7746236883 229335.59605651858 978385.4788193718 471552.06340643374 -104849.04034582162 1903036.1723825182 -545341.4118525366 1414408.8479478175 -2699242.0946361884 1735812.866855892 -1024639.4078440701 1351038.1311730947 -2362973.764298715 275904.39229331445 -430052.9885859575 -80212.97712196546 2576877.746643017 -384308.3668861678 1148942.1875740923 -2289964.1462312154 -724604.4409020552 -333639.0891212164 -1183865.1080072804 417126.4844801744 196960.72906522398 2090284.7215859974 1240324.6333775988 -1762657.4557687135 -472416.46707839664 560693.9484895029 -769500.5927924732 112353.67016915849 -1283980.6304593994 1152273.52468453 609269.4524273614 -103177.67050778234 1351139.4412227576 -1933129.6605790844 2252433.0632007592 213242.92686959548 2591351.5798068373 678370.257263883 2582583.3923356803
-2367371.6496262406 34003436.20788481 188413.40478660457 854540.593398525 -1030977.1598775419 929094.60418264 315936.3642940035 -1223310.7617294136 1932703.7890285968 -2759231.327829797 2184601.2300226637 520471.4254707144 -2787956.1863752557 3152292.4267261787 168033.9723639322 -908669.962844804 369036.8704707851 -1461083.5410447542 203040.53787329252 335898.06772200175 -2078423.8238677634 1317403.0909561003 773717.2932227243 -48382.44678111953 -783215.71609926 -985297.1920307967 -3753193.6064311755 424122.7707083722 1922117.206199066 567662.2380223038 -2682897.6900457344 1453280.204730143 -2287542.739329975 1830966.2556594133 2524656.6337222005 1193634.070060574 -1385643.7433022752 733343.5044127901 -1566466.2450963764 323536.7822112629 1373943.388655481 -477661.04745471757 1381457.4507294304 216753.1012794066 -3710584.79927892 837227.3567282053 -465056.7193304337 -4429817.243049582 -2646644.543762833 -1032704.6977273405 56303.539254999836 273255.23718898906 -1351152.1012537247 -2746702.5551744183 -952182.6685291945 -1362230.414179826 -415961.3861564748
-2298005.950782539 188413.40478660457 34285539.83291769 -3504284.7094228324 1629645.9048809416 815445.3692404943 2476016.868252656 1099400.9431541294 -2254615.007965964 -3810316.799467478 460904.39889469795 1462613.7848208765 -2336082.8928489927 -870497.7673652967 -527185.3188240613 560786.8050922736 -3134344.321667637 -240563.8629033428 -362226.53664234723 366188.54994507955 -2430769.68837849 -836535.5252025019 1283181.7979208436 591384.2561635006 1261549.9831840766 311239.88537245133 1775187.3353441244 2814983.406341039 282544.06919777126 580631.5641357013 -344085.9622537646 -1125433.678099285 2348041.3766306993 -154803.4941331776 1643194.457188759 -251337.66047722253 -1069539.8869981687 -1870926.1965833644 869162.5016129975 1405467.077469142 2119607.752628937 -2125986.638925184 32582.325467353097 1221081.7419458681 2172747.4683810677 -3340445.9089816236 -2107233.534061478 -1134732.237951076 -1746599.636951863 -1493517.607979294 -1776983.0633522337 587510.3748750481 719219.2446370124 1738626.9065212102 2124550.6931450376 -1686453.650477448 -1229220.9300384312
-847288.3521383732 854540.593398525 -3504284.7094228324 33902900.641126275 1493825.2567455792 2440011.3694738597 -358660.6887484888 1085124.5676566462 -1649398.327774425 -783731.3930977894 -3318373.7633294766 1947994.115140269 -498746.9432387443 637241.0052565571 3031163.7575999824 -423123.98186988407 2732143.5094836997 974726.2746529849 -1322963.7362438994 -986328.041648512 456015.077435183 3940214.6061914708 -81400.39640787117 -2134259.8450285047 1463777.930779282 -519455.1811771745 -5185398.377908046 -478266.9698601772 72342.29568956883 2716029.962171079 -858282.0555475891 -831035.3343022522 -1222094.7428196073 -446241.9615078705 171613.5090174487 -3126696.567726908 -1473920.5715129506 -1516667.809376037 -904490.6555356559 964959.6182808109 -128481.62454109787 -363307.020620283 -769412.2369608342 -2429802.8367159483 -2818026.941940935 1554679.8162450562 -1486467.8446321064 -1499415.5711849988 -31668.36093054083 -825042.9060106224 -254389.79644322957 2479763.556846039 -1839333.3342541722 -2217612.2277550134 56517.87198982324 -1655676.2227600939 412727.5160204877
-1361336.1293686556 -1030977.1598775419 1629645.9048809416 1493825.2567455792 35951495.0475853 -3962194.623384744 -862857.2705263797 3904485.348225822 415184.0287100147 -1503581.563485891 -953232.2437457467 -477805.9371612993 -4675694.653326331 438970.69903455616 524022.9205485185 1735595.9041750543 -2216192.679715799 -474821.4764467518 -2054957.43922522 -1696672.2041255494 1773780.9578376617 -174683.07102216594 1324911.9675084203 662628.9107958517 492042.09457408387 -412927.94164963695 -2364917.4109817278 -1197614.1628443988 74218.12058826255 2586714.9694520407 2094236.735838486 -3900845.1484999773 70607.3140259977 399013.8418074059 -1172085.107545117 151463.89590194574 -4191294.433992811 1002470.4689151382 2414648.5257969187 962582.3246008753 -3114713.5907554682 1059535.8708488364 -2575387.3268830245 2838167.578911377 -1197180.0236942032 -1387088.6846175608 2211727.1786917998 1137449.0116438817 1412788.8291266412 -2324670.3458978906 -3284443.8572279904 -338766.3313670211 -1698473.1393013273 1274869.4798273456 -324931.67709543044 527090.4737534677 329026.6731566345
-214600.58034271054 929094.60418264 815445.3692404943 2440011.3694738597 -3962194.623384744 31429571.04699934 2780604.6372965337 770475.9947305658 859190.9274984371 63495.574873504585 -1021635.5552704477 2561444.784354746 -1561107.0315894948 14532.070055030084 -1437608.173448253 -178944.52851978372 -802183.7927144407 -959452.177517082 486239.55441028246 -4479534.683060476 -421696.1285370984 -1393454.9905264063 -1485119.4991231114 -1270907.8331302048 -554322.3451669029 804211.1268530331 -1355946.3182849365 2736526.896001766 -1340224.0898736045 1025383.3757395493 -208266.64594141534 1211151.029477284 772271.5761022539 695723.1011611808 -2536683.7559356587 555529.0997707074 1200763.0470203508 2162985.267062258 1056398.0119494612 -607587.7104058543 3075006.0418615267 -1357502.5995734178 -43363.59311578674 -1643805.7025409671 -4040571.798484904 1836593.0566854344 15210.46290056569 -750730.2762337497 256614.77813802703 32152.99269813506 -2315452.8972371733 3967245.6571126487 -889073.9813354983 27007.93979709884 980093.2686500052 -1818296.5055420236 -659888.5211625344
2251399.7670852686 315936.3642940035 2476016.868252656 -358660.6887484888 -862857.2705263797 2780604.6372965337 33193002.994139403 -842774.4322042058 -2486611.9232642585 -1291266.3243639965 854093.4031562164 -2611688.5044350103 3179079.23294772 -215336.90472652062 2423049.495078904 -5082.787764351768 -1628423.0639594232 1176746.5806958894 1652861.7705712803 1407620.3713613714 1637471.5509488147 -1627907.8548083303 -286547.21688315866 -3386780.1778761894 1998345.9107003845 140635.6513545933 3501025.3782083066 1875508.73555408 -336766.26847983437 1504892.1026114547 441133.69239911524 475803.25331291277 2134732.773728612 1718874.0846002004 57047.1887265833 -2891605.82406283 -2614441.2306025163 -875759.676243881 -338041.2666585623 117554.24839284638 1181989.0153446533 714586.0581412306 1522900.2771197334 -2727355.3303588675 806693.8893526403 -1505289.2544178048 111434.24733982455 1876359.915171671 1201042.5427088893 -359071.6179767412 -648250.8599490211 90187.08338611861 527417.1495893584 -787183.5060608636 30189.963332781383 740171.0346335119 -503666.97909380024
-57480.92879273891 -1223310.7617294136 1099400.9431541294 1085124.5676566462 3904485.348225822 770475.9947305658 -842774.4322042058 36566315.856078036 474324.43058219424 1282571.7569006435 1841018.3821630501 861967.8566292423 1333093.4893948205 1749511.219769795 -919867.8775939537 102349.51582091062 -2005845.8124899114 -187202.48942216742 -998124.2035375283 909499.7548774141 -695365.4612960443 629363.2015052909 -1100799.4661371724 -964356.0532222635 -897661.2275717243 -897712.6201025748 -4165766.433464687 -577308.4347008491 -2463577.9159602206 385370.1664256206 1734723.3502266062 1237965.0330982641 -1119084.460662942 -840573.599137851 -257931.00072072918 -1852744.053961098 -949908.4944108967 2836617.923022356 -1210480.502908503 -828365.8308900945 -801420.4522744232 -891784.2268856294 -1267161.3982342053 487038.7312078553 -2263508.3501922013 892041.8021669078 -675931.0510300173 -976864.3533279579 1354983.3439073283 310404.24665216595 -4930123.920542414 -428822.1123319562 2584774.1628468474 -149479.12630742785 -1376782.041116945 -2868627.3650493254 -436066.9086818672
-1125160.707142085 1932703.7890285968 -2254615.007965964 -1649398.327774425 415184.0287100147 859190.9274984371 -2486611.9232642585 474324.43058219424 30757529.66481051 534065.0019835739 4095401.522953993 682185.6793366118 -1171282.630617867 -749054.8870552644 488292.71243500686 -883910.5851964862 969909.2140240378 -2232.9641868199565 1126808.203847161 -3121005.4836548213 247745.8730551244 1398971.3276461083 -1139029.6072013122 -1662607.9598546154 1530088.0453759145 -1977980.3989950188 -102446.14555136526 -154356.31737130892 2069013.6575298512 4202146.138599264 3087567.5207487615 1385328.3296630965 -958905.1114174472 -1510352.8438202783 -198054.31116786538 1381316.4853056853 320820.92401078873 1725813.3738634826 -2310768.0473136934 -879114.2248972604 535154.6135876604 -1645067.3818172282 -1699876.3989660875 412583.4373155305 -1290372.6960646084 1398963.1459440382 1237081.7749299875 -2111114.3413856835 2819429.0180949993 -1339630.266647073 360536.1228519952 1063713.7418654836 -2708217.352538073 -655082.1615034532 -899437.083964207 -1029802.948392226 615664.3207655691
1138567.4071652363 -2759231.327829797 -3810316.799467478 -783731.3930977894 -1503581.563485891 63495.574873504585 -1291266.3243639965 1282571.7569006435 534065.0019835739 35005874.8332644 1224651.2847282751 1121362.814767295 -555775.2171735583 1138376.338403648 -63581.17363668845 -1585420.474839725 -282835.95868816983 -1953557.1257152387 -2473751.869694971 2963341.9888182012 -1901938.3038947878 1333107.8521369381 -2125824.7630420285 -453274.9261930536 1064983.7731604513 3212981.2240373013 120160.30597601633 -179316.33922217804 -2405495.6144784223 4371767.546491799 1237201.324899522 3313231.4908468537 1387966.5685955423 1697911.6514679287 -524826.4236725435 -2201430.3078303616 895788.125809106 -369994.8397019 3341535.727485239 -1662379.6210500696 16759.221115866185 893086.5991499316 -211055.02153763777 3663134.1528938683 1110446.657352281 -1262921.2205975389 -14361.859738942087 -2994998.645633878 -858783.2437555133 -1922660.6271959678 -684625.7276987784 1406780.4963358466 65670.07237664942 2827631.519163518 -1300869.3229140525 2607333.4949597446 -2353935.6658395217
1273161.338082092 2184601.2300226637 460904.39889469795 -3318373.7633294766 -953232.2437457467 -1021635.5552704477 854093.4031562164 1841018.3821630501 4095401.522953993 1224651.2847282751 30211082.51594926 -1205255.3788810477 338495.2189846523 427119.40394333616 -2755675.8477045903 -2388597.632245698 508929.61770213733 1329761.8131193996 385254.2739654865 -647140.9377723305 1444188.5542879067 -1690030.0916574206 -5081799.8211513385 1560816.3646248514 3560077.718721498 -1856409.6187216009 643138.0860550902 -1262520.6987249611 -677561.670112695 -1195149.3346488199 802673.960954975 -1201067.0547132161 -1232270.5645215432 -943823.7411862634 1117217.1308107206 -2549246.2855561953 -589450.3798180739 942983.7293975889 -2974500.8973285016 -1275005.9296831582 856794.807554267 -3031270.4318140615 -650979.7399277737 1103980.0890336488 1290688.9144424708 328297.85301877785 1040710.5177850896 4734102.840448716 2011215.36291857 564735.3041477898 2134513.6146176276 -218407.21008138396 139749.22811287368 -507848.67573109304 -1274623.5216123909 1294429.3822313086 112687.32730287025
2398135.096842093 520471.4254707144 1462613.7848208765 1947994.115140269 -477805.9371612993 2561444.784354746 -2611688.5044350103 861967.8566292423 682185.6793366118 1121362.814767295 -1205255.3788810477 36380321.41186851 -3219444.4423250435 272640.8957731981 664823.9406116263 -1045184.1047265291 1194008.1842063342 325154.459605475 -2795495.1471492057 705411.390463294 -2245743.208385971 1670613.675487037 -730433.1157202594 1324469.235681968 781046.3398662303 -2268177.5098979594 -967222.1682428209 1289637.2327829362 1744296.4427527247 -1165878.4650589102 -634353.9143916997 -2459175.8760694973 -1919071.5844392832 -2067629.600562649 4280488.400488951 -1031362.4037184424 -979149.6595888926 154871.51915080627 1774678.1031521496 -3656199.8360896213 1674332.910176974 -3678516.4315413325 -459825.01436420035 -1199655.9330690652 -652631.2782447534 489126.5888559975 -3708548.602727649 -789896.1428418345 -2986160.6137083694 -803110.4485120052 -2146515.3332134597 883856.0828697394 893622.2740277883 1357005.079017503 -430399.79441471375 1497468.5526426882 -2873105.2593855155
550604.1391234994 -2787956.1863752557 -2336082.8928489927 -498746.9432387443 -4675694.653326331 -1561107.0315894948 3179079.23294772 1333093.4893948205 -1171282.630617867 -555775.2171735583 338495.2189846523 -3219444.4423250435 31619945.153102875 -324023.0738412056 -25164.389667267023 -798569.9521191026 -893242.5231545718 -631977.0374342065 -75170.51220600907 1622858.784079443 -497566.78178446175 -996855.155470808 1412681.4651622958 -1253224.8540894736 -1640397.3172167323 1926626.3309512273 298638.00529314147 -1470900.9729547298 4262362.393555722 -671021.2691275033 157483.88866780253 -413319.12812629185 2317363.7940221354 -531987.3506449773 631957.3270194993 -2364917.4045692612 905291.20585961 -188553.10199499707 -3092431.6077515464 2900685.424438469 -1668463.2594782575 1862659.0696468619 -3227724.1187133323 -1808141.044944989 1338912.150981266 -1737866.7358908907 -815788.3195614268 691992.4790564493 526247.2725378936 717605.3291451475 156508.73441501815 -261411.59844604565 -801905.2963930541 -2342888.9482281012 -520825.87062172464 584103.5970381774 2796081.712400509
1303101.932277159 3152292.4267261787 -870497.7673652967 637241.0052565571 438970.69903455616 14532.070055030084 -215336.90472652062 1749511.219769795 -749054.8870552644 1138376.338403648 427119.40394333616 272640.8957731981 -324023.0738412056 34004401.1772605 132858.71683333153 -3227135.680350601 309124.7640176759 -3187912.1679274137 264859.868986129 1612999.5730538461 -902343.8003020791 -1573612.705282231 326829.821640168 -5414307.989124968 351191.87431521766 839325.7267409655 544378.4483591046 1586041.3600440798 -265352.23248751834 2224418.333012348 -1424482.5484135805 -1117679.383928777 -300558.7208785388 1321611.9203946244 763852.1946566307 -691075.5582355161 173149.84506589692 2726328.5800369675 442663.41863321175 -1466590.3186086256 -1735054.5055456802 -357670.41860894504 876751.0563227728 2729624.820328521 1786780.7988839198 -635153.8214959139 67869.6454704192 -151131.4231330404 -2886033.376226429 -955047.7016110421 -9809.086853398405 2046710.8166382844 -799029.598586583 -40504.76360516266 -1371135.064021426 1523292.1064719595 -1022043.6460139612
2329133.7746236883 168033.9723639322 -527185.3188240613 3031163.7575999824 524022.9205485185 -1437608.173448253 2423049.495078904 -919867.8775939537 488292.71243500686 -63581.17363668845 -2755675.8477045903 664823.9406116263 -25164.389667267023 132858.71683333153 31976381.76901583 -640097.33858493 -56420.71013460339 549782.6023450679 -1113816.6156618856 -2592849.3946910696 3506934.9083554996 134933.61065316177 1099606.439912669 -904450.6449358505 855130.7000141416 -1231668.5687775968 438317.33965368127 -4360438.529857581 65430.7947847431 -672500.2791572341 2192982.459413794 -3823413.7423033584 588517.3335480491 -704372.5596277405 -654123.2516729978 874185.8642158771 -817822.1988779474 -2491184.302754995 982026.4741125832 1646651.33274018 3166649.8551046834 -515977.7389329735 699130.2479192974 4059264.1940159486 -1729341.1512605485 -182909.27175555823 -1672544.735759567 -1863287.6587363817 -2293832.8867321536 -3084551.7449865635 1104890.9136648092 324877.48103990516 -884392.550808828 -773357.3819297722 847872.1871054102 -456410.3150005416 -1256047.0961911732
229335.59605651858 -908669.962844804 560786.8050922736 -423123.98186988407 1735595.9041750543 -178944.52851978372 -5082.787764351768 102349.51582091062 -883910.5851964862 -1585420.474839725 -2388597.632245698 -1045184.1047265291 -798569.9521191026 -3227135.680350601 -640097.33858493 32857020.152588405 978166.7696228878 1734853.006028669 997886.2983919425 130891.83455074622 1425951.3119455779 1010023.3333758884 2238958.152923315 909357.9226061081 -2523984.400796611 3271614.603374662 1239113.2763758136 3195816.5381712243 -1508761.9826695556 958070.29351242 -2183997.439618191 581682.5683528341 -1647765.4759875094 1598414.1340779979 806045.4491461045 203605.9947848263 353221.44525434077 -788298.8155334472 3283582.8053150945 -819582.3772494992 -1931396.2673549026 -1220025.3332207392 45862.43611612144 1563169.9935952167 -133190.8990865941 987846.1352916704 -1875879.6542632256 -84134.35180298878 2328413.904149986 5018718.988639594 -1059627.1771138117 3032997.497367094 659151.4498085805 -2905490.955119407 -790365.2468254371 780631.2648365125 856575.6360030624
978385.4788193718 369036.8704707851 -3134344.321667637 2732143.5094836997 -2216192.679715799 -802183.7927144407 -1628423.0639594232 -2005845.8124899114 969909.2140240378 -282835.95868816983 508929.61770213733 1194008.1842063342 -893242.5231545718 309124.7640176759 -56420.71013460339 978166.7696228878 34033158.90231507 87141.87747813789 -1720296.2070605557 1552943.1619688543 1692939.3205782063 -1954778.2113649803 74819.93903380228 -3572814.8217787957 1444910.2426064769 1735310.9861377282 146329.36811821788 -1857861.8746850211 404850.6475636319 -2344554.4349408406 170869.60939382965 1659088.8713857362 -2680530.780373017 509747.3771933703 -1026321.7940206047 -1473994.4994040607 -1602954.3976738418 1621192.6261004454 -645647.2822727773 345996.82552202174 -3095830.5034165652 -288111.5501874274 -201793.70888769897 1243863.6971777945 -3839705.554617133 -391119.89855496644 3410295.746112027 3998755.433722447 -816172.8479910928 3205817.894038052 2121030.6497176215 -1048732.2347790455 -1646000.4523062455 -741007.7238674538 1776658.9132074558 -1015490.8950819437 611432.6548479114
471552.06340643374 -1461083.5410447542 -240563.8629033428 974726.2746529849 -474821.4764467518 -959452.177517082 1176746.5806958894 -187202.48942216742 -2232.9641868199565 -1953557.1257152387 1329761.8131193996 325154.459605475 -631977.0374342065 -3187912.1679274137 549782.6023450679 1734853.006028669 87141.87747813789 30135298.639631823 -385701.291127278 2138819.894894779 -2027991.4185510573 110087.64644304471 2326092.061245962 1229847.6591944485 -1993773.3812068456 1921816.1908928077 498442.566714707 582030.9947963185 -453905.87733583275 -359100.19524152944 684924.3887408848 510337.34700830723 1646913.7474584733 -2688667.6654264294 1315461.2418070775 -436826.2485855928 -1582427.6739419543 -2223854.985406928 -1397856.522007142 -464167.6991389434 348305.85267830984 -2360005.712521398 2357403.3351823557 -103587.1892179717 1551861.3804784678 528493.1794159889 -368804.8056479843 1573148.102442909 666431.036338064 -907702.5304420233 703749.4648075991 -3073720.9461454297 3173493.7043237346 1753952.4096625193 -1270911.5969995374 -4635574.004613054 -154703.5686763134
-104849.04034582162 203040.53787329252 -362226.53664234723 -1322963.7362438994 -2054957.43922522 486239.55441028246 1652861.7705712803 -998124.2035375283 1126808.203847161 -2473751.869694971 385254.2739654865 -2795495.1471492057 -75170.51220600907 264859.868986129 -1113816.6156618856 997886.2983919425 -1720296.2070605557 -385701.291127278 31402368.751357235 -1084801.7739357173 1551212.0243870195 -143701.93965020785 2718950.5631793016 -1372717.0297596133 1813480.9358218564 1823717.0136312603 1327527.6887084485 -346704.13976782263 -631918.4298902762 226711.43680526578 -1124695.8592290145 -328461.06411469803 584161.2785285456 1886975.9281943447 -1544786.8644469946 547741.7883730286 1429580.878816166 1925230.3858339319 -2623828.0294057084 -275071.3863181406 -2305462.021902425 258591.91309575317 2132711.3522250312 -3557461.966560514 470414.0040894975 -1726481.1223433109 -149391.3490678304 669987.9297084103 712680.7531257122 672808.8262957435 1415534.869190371 2395756.5977678485 -93699.68273297258 -638394.5810087498 -315756.8742920918 -866787.1697756095 -798606.402001695
1903036.1723825182 335898.06772200175 366188.54994507955 -986328.041648512 -1696672.2041255494 -4479534.683060476 1407620.3713613714 909499.7548774141 -3121005.4836548213 2963341.9888182012 -647140.9377723305 705411.390463294 1622858.784079443 1612999.5730538461 -2592849.3946910696 130891.83455074622 1552943.1619688543 2138819.894894779 -1084801.7739357173 32732718.794024296 -2439975.3561985623 546089.2420313279 1151216.6603909729 -110187.00292167926 3256861.9010831034 -341792.01746456086 3234824.9714807887 27445.965801902596 3624831.521657142 -4126640.349480702 1115301.687472066 632046.3964156382 767629.7114758294 -698333.5790247198 2506049.235727282 1764160.9276161215 -787372.4809389679 -461346.46619040926 -739468.4643576045 1708967.8379898428 -1050868.406390788 1657545.1992909221 1206346.405449846 2027848.2789437755 -434147.0258092554 758752.390793193 -1293603.1761463399 310835.9353447431 -1421079.6589723337 1177165.7547552576 -253392.6583660196 1324100.4919913434 2593780.976117582 862957.4913211163 -4848819.4782771515 -1603456.640045066 -127562.27217385883
-545341.4118525366 -2078423.8238677634 -2430769.68837849 456015.077435183 1773780.9578376617 -421696.1285370984 1637471.5509488147 -695365.4612960443 247745.8730551244 -1901938.3038947878 1444188.5542879067 -2245743.208385971 -497566.78178446175 -902343.8003020791 3506934.9083554996 1425951.3119455779 1692939.3205782063 -2027991.4185510573 1551212.0243870195 -2439975.3561985623 34675820.12911305 -460342.79652781045 -1047216.9442245115 140711.53148230104 893374.1544236868 -3420229.687565123 -2322525.392747946 1119009.43765222 -1587499.2840296095 -332215.347926046 2066662.8012636697 -3942952.2587682935 -2899245.048062062 1793613.0046194913 -1025579.0152462794 -2489082.866192189 -341396.59816191194 -210007.01476241244 -126347.50052929009 2336118.7069919547 -3935497.776902164 274189.5801345991 -2150288.4103880096 -1120202.898121656 -2878131.077970272 233297.01369386973 3145860.199484246 837900.301791325 1894918.5309942707 -2251420.197302036 923194.4691118563 2074508.3464057222 -1655485.3169845266 -1154304.62698471 1067268.615626126 1775116.837776438 -1869144.3986694545
1414408.8479478175 1317403.0909561003 -836535.5252025019 3940214.6061914708 -174683.07102216594 -1393454.9905264063 -1627907.8548083303 629363.2015052909 1398971.3276461083 1333107.8521369381 -1690030.0916574206 1670613.675487037 -996855.155470808 -1573612.705282231 134933.61065316177 1010023.3333758884 -1954778.2113649803 110087.64644304471 -143701.93965020785 546089.2420313279 -460342.79652781045 34614609.683745176 724809.8114311452 -2509188.8878125832 -3102519.649186965 600501.0399044929 -3472092.416750629 1460520.2750554255 -586434.9564250998 -1296081.367511335 -940693.976683564 -1818775.501003414 -2782176.068645897 -257289.86124073216 1319286.4437796972 2702405.1272925697 682357.171999175 374534.6712899212 1681818.3674431108 -5583015.527324651 3152997.6954524955 -666319.8522962693 -533535.7299648302 1201210.7438223313 618013.5164841154 610864.705509808 -1491653.8117350058 -1732727.7605319521 -393825.8490590842 2217357.4645177657 955783.9974840108 1251307.9624774188 -2455672.7580574355 -1937636.7744992864 693397.5241571984 -853931.9294895754 3997609.299381963
-2699242.0946361884 773717.2932227243 1283181.7979208436 -81400.39640787117 1324911.9675084203 -1485119.4991231114 -286547.21688315866 -1100799.4661371724 -1139029.6072013122 -2125824.7630420285 -5081799.8211513385 -730433.1157202594 1412681.4651622958 326829.821640168 1099606.439912669 2238958.152923315 74819.93903380228 2326092.061245962 2718950.5631793016 1151216.6603909729 -1047216.9442245115 724809.8114311452 32474181.673178203 355765.16639386193 -2667667.4304297073 -739053.9393157215 2036645.4311017273 -1840722.7062128817 -2577317.307507506 -583165.6787606861 848557.1382653257 2184547.356298026 772911.5531961325 842436.4752026955 -1345420.986424443 -2680226.468872804 -2707210.0832149438 -839569.2917818849 5660733.551435872 -1028683.7563827077 -2378340.8184350627 1062901.5878775148 1765480.9435531355 -2862441.669563479 -381221.55622909445 -902031.5578735457 438643.5329928435 -1156210.6623333227 -998708.6628546027 -802759.9342195671 -1890319.3288785305 -1676351.730916695 1867001.043675028 -460967.05284408684 -1068990.9375505855 2665346.0021216855 -407621.1672339482
1735812.866855892 -48382.44678111953 591384.2561635006 -2134259.8450285047 662628.9107958517 -1270907.8331302048 -3386780.1778761894 -964356.0532222635 -1662607.9598546154 -453274.9261930536 1560816.3646248514 1324469.235681968 -1253224.8540894736 -5414307.989124968 -904450.6449358505 909357.9226061081 -3572814.8217787957 1229847.6591944485 -1372717.0297596133 -110187.00292167926 140711.53148230104 -2509188.8878125832 355765.16639386193 34406160.67960064 -2096206.5818428223 423562.3671170885 -1033700.088075931 544513.1899393504 3097729.4306708896 482512.3727692045 -2179041.23263548 -3097967.7857898897 620109.4141771428 1822153.9228140092 2282228.5929717096 228014.0875858803 58627.83652062717 1202818.5029734427 728362.6995216015 1020124.9477827132 591498.5191618239 -1124884.311049167 -1434301.6833506369 -2130993.210227845 1745181.7003750997 -2006919.373395085 1777429.434759218 1469496.9625842285 1809712.7733372452 -309211.3834581574 -624582.5598408902 -5170601.186564118 -758159.3184554304 -2140432.209870865 43948.356646730164 1707020.4749691486 1873924.6426258893
-1024639.4078440701 -783215.71609926 1261549.9831840766 1463777.930779282 492042.09457408387 -554322.3451669029 1998345.9107003845 -897661.2275717243 1530088.0453759145 1064983.7731604513 3560077.718721498 781046.3398662303 -1640397.3172167323 351191.87431521766 855130.7000141416 -2523984.400796611 1444910.2426064769 -1993773.3812068456 1813480.9358218564 3256861.9010831034 893374.1544236868 -3102519.649186965 -2667667.4304297073 -2096206.5818428223 32703631.516398452 -2055754.2793021104 1389581.9856246666 -2548906.9460705067 -3013657.7659375854 1204499.181009828 1476286.354415919 -871315.0125004271 1067378.957158979 -991711.2753732386 1433056.4211143265 -1540202.3711863246 1818779.7159207198 1780746.672982097 -2861496.56924199 206395.00416244147 -4122632.0578831825 914093.9493206051 -747351.6505760278 -398041.5106292157 1955794.5879245314 4309981.549803369 -1629147.7156393947 -291963.5778654884 -1184324.82488295 -1657361.5532649532 2208603.6328627807 2308226.5730042937 1644859.9620359307 -3286153.230304498 321499.88428670156 -316463.27214047895 580820.0952193694
1351038.1311730947 -985297.1920307967 311239.88537245133 -519455.1811771745 -412927.94164963695 804211.1268530331 140635.6513545933 -897712.6201025748 -1977980.3989950188 3212981.2240373013 -1856409.6187216009 -2268177.5098979594 1926626.3309512273 839325.7267409655 -1231668.5687775968 3271614.603374662 1735310.9861377282 1921816.1908928077 1823717.0136312603 -341792.01746456086 -3420229.687565123 600501.0399044929 -739053.9393157215 423562.3671170885 -2055754.2793021104 33554698.554019645 86596.18917922124 104073.66737596686 456066.68457844487 1867008.4469488868 -3503345.3165077013 -2072104.511794016 -1312863.4028516447 2143905.0976665067 -1398908.380785899 -601103.3383898987 -1197811.6575850372 48118.17662661222 -538486.3179768586 1858903.7731652267 -1154182.0004797718 -233846.39698913807 663864.185116477 2816311.1630205116 2612097.2676087697 -110981.98375974924 2083870.0404962413 3422830.1846134 2776948.0898155384 1942064.5223080423 -680824.6307754626 -2268726.4861036427 1956771.2561746358 -1997380.0169780038 -737682.506679134 383394.5043258683 236348.07927832592
-2362973.764298715 -3753193.6064311755 1775187.3353441244 -5185398.377908046 -2364917.4109817278 -1355946.3182849365 3501025.3782083066 -4165766.433464687 -102446.14555136526 120160.30597601633 643138.0860550902 -967222.1682428209 298638.00529314147 544378.4483591046 438317.33965368127 1239113.2763758136 146329.36811821788 498442.566714707 1327527.6887084485 3234824.9714807887 -2322525.392747946 -3472092.416750629 2036645.4311017273 -1033700.088075931 1389581.9856246666 86596.18917922124 34816181.663119175 589371.7219757437 1391022.781513731 -2351479.536246823 666089.4851971599 918533.395721622 4283865.7881463105 -232687.87073959943 -1538749.6763860988 -412738.6158612853 690040.1898442715 2419997.3720235014 -1767944.0241275032 236303.27135327307 -22431.972986837583 -167296.437888457 1589361.4252008074 431720.18876281875 3566083.02900085 -450062.90092915716 -931994.5680056436 1819682.0796306012 -1698442.6654617682 -405672.6640507188 -1362229.4634202975 1209301.4342814335 2969014.876562832 2363688.164589665 -1476431.272019334 -1709553.6019714915 -759147.7426096847
275904.39229331445 424122.7707083722 2814983.406341039 -478266.9698601772 -1197614.1628443988 2736526.896001766 1875508.73555408 -577308.4347008491 -154356.31737130892 -179316.33922217804 -1262520.6987249611 1289637.2327829362 -1470900.9729547298 1586041.3600440798 -4360438.529857581 3195816.5381712243 -1857861.8746850211 582030.9947963185 -346704.13976782263 27445.965801902596 1119009.43765222 1460520.2750554255 -1840722.7062128817 544513.1899393504 -2548906.9460705067 104073.66737596686 589371.7219757437 34561317.231017575 34483.70231303919 -427755.16891235276 139735.0196087755 -1296671.7725329786 1035832.7253225677 -93825.08915826716 -2330121.8113610866 -1331248.799421473 1237779.601835351 1101899.0349498284 942714.6449168748 394900.46749813895 -2339192.6073828945 -1579722.067740181 -3137220.086202906 -1245551.1639270363 1152114.978770889 1165171.702107129 -1960811.7226985188 563293.9777642508 313177.2320037768 -4097478.9234774713 -3860550.999197423 1246090.7313372397 4219432.08736193 2443639.6824190356 -3144253.0880119926 1401287.7859818044 -161408.3146582964
-430052.9885859575 1922117.206199066 282544.06919777126 72342.29568956883 74218.12058826255 -1340224.0898736045 -336766.26847983437 -2463577.9159602206 2069013.6575298512 -2405495.6144784223 -677561.670112695 1744296.4427527247 4262362.393555722 -265352.23248751834 65430.7947847431 -1508761.9826695556 404850.6475636319 -453905.87733583275 -631918.4298902762 3624831.521657142 -1587499.2840296095 -586434.9564250998 -2577317.307507506 3097729.4306708896 -3013657.7659375854 456066.68457844487 1391022.781513731 34483.70231303919 32849512.19341377 -2660073.9774211785 -542647.793342047 -2008196.291503001 1220444.8156772759 -1476292.6723024247 1702799.7187095815 1294037.3992772582 -147601.61805471647 69055.43515617076 -1088094.2656649058 2846116.9707706464 -2796214.364161673 -2830256.4599701148 1460199.4530661064 1007968.088226698 489219.61734636326 -1004092.7298077076 -1899034.8429769718 721481.7970356722 -499756.1191967745 2804299.007085409 -835884.9291802342 -1001159.4840122436 -1382751.791207751 -94840.12294151323 939967.3539745258 -569459.9280259766 3596475.6892703157
-80212.97712196546 567662.2380223038 580631.5641357013 2716029.962171079 2586714.9694520407 1025383.3757395493 1504892.1026114547 385370.1664256206 4202146.138599264 4371767.546491799 -1195149.3346488199 -1165878.4650589102 -671021.2691275033 2224418.333012348 -672500.2791572341 958070.29351242 -2344554.4349408406 -359100.19524152944 226711.43680526578 -4126640.349480702 -332215.347926046 -1296081.367511335 -583165.6787606861 482512.3727692045 1204499.181009828 1867008.4469488868 -2351479.536246823 -427755.16891235276 -2660073.9774211785 34912855.86613505 -4393843.294742949 1472020.1630099176 -571244.1350668552 641487.8790288551 -107285.42659225305 -948527.1906444196 -3343920.8393928767 1054646.9694363852 1352411.267311116 -1822684.4006725429 -3884544.037097774 2093868.6857661246 150892.9887369384 -2232847.9652342 -1000180.1340397564 -1048202.3690182577 1918058.4621978852 -675502.1697373643 -1172903.7380647056 -402964.04206195613 1250426.2228385336 -2225655.2078281827 -1360300.7215678352 425582.8454731012 402773.27188153745 4952973.800987533 969076.9386464786
2576877.746643017 -2682897.6900457344 -344085.9622537646 -858282.0555475891 2094236.735838486 -208266.64594141534 441133.69239911524 1734723.3502266062 3087567.5207487615 1237201.324899522 802673.960954975 -634353.9143916997 157483.88866780253 -1424482.5484135805 2192982.459413794 -2183997.439618191 170869.60939382965 684924.3887408848 -1124695.8592290145 1115301.687472066 2066662.8012636697 -940693.976683564 848557.1382653257 -2179041.23263548 1476286.354415919 -3503345.3165077013 666089.4851971599 139735.0196087755 -542647.793342047 -4393843.294742949 33103681.73732172 1660039.8017454925 -42839.91787335943 -2215568.6013398794 1685888.6406589556 -401547.00382235594 -984080.1026562582 -1058970.336753645 -185358.85590759965 1563981.8757465146 -561149.5905380915 -1951320.3896128726 -339862.9356433142 223959.3797787448 -2582388.4129404738 -1993651.892586027 321739.5078242134 -566277.4372621803 109985.84681026665 -4215552.077796854 -331426.86241536547 -855375.974018455 2408082.4063966866 3424149.2959958296 -1703487.2370377858 -4607767.000634208 -733123.8074961761
-384308.3668861678 1453280.204730143 -1125433.678099285 -831035.3343022522 -3900845.1484999773 1211151.029477284 475803.25331291277 1237965.0330982641 1385328.3296630965 3313231.4908468537 -1201067.0547132161 -2459175.8760694973 -413319.12812629185 -1117679.383928777 -3823413.7423033584 581682.5683528341 1659088.8713857362 510337.34700830723 -328461.06411469803 632046.3964156382 -3942952.2587682935 -1818775.501003414 2184547.356298026 -3097967.7857898897 -871315.0125004271 -2072104.511794016 918533.395721622 -1296671.7725329786 -2008196.291503001 1472020.1630099176 1660039.8017454925 34442939.23171102 2536585.933676301 -1426914.312863888 125787.87615274274 2324961.8907813244 1385198.6001911722 -4013059.1184935006 31049.61214006987 -1865768.7656938036 1542675.9966439025 2476541.5766224437 358962.37215066643 -248700.73856621404 -1193990.0269879461 464120.8061805136 257590.47724897688 -2929870.456655413 -50720.7265165601 1656446.6451282601 -1559676.6501316223 671064.0958031368 4962166.797593243 2359613.230720408 848057.1981749125 -1844486.7188293177 -3917545.652141647
1148942.1875740923 -2287542.739329975 2348041.3766306993 -1222094.7428196073 70607.3140259977 772271.5761022539 2134732.773728612 -1119084.460662942 -958905.1114174472 1387966.5685955423 -1232270.5645215432 -1919071.5844392832 2317363.7940221354 -300558.7208785388 588517.3335480491 -1647765.4759875094 -2680530.780373017 1646913.7474584733 584161.2785285456 767629.7114758294 -2899245.048062062 -2782176.068645897 772911.5531961325 620109.4141771428 1067378.957158979 -1312863.4028516447 4283865.7881463105 1035832.7253225677 1220444.8156772759 -571244.1350668552 -42839.91787335943 2536585.933676301 32053620.806556016 1694704.5601126158 1572311.7153065042 -1570410.1492587412 -146502.61584571013 -1211070.4521336672 2946318.6541374647 2719616.3645056435 2963162.113167428 -265647.5110244246 -826924.965242674 1499036.5338317018 1255516.949061325 -259692.07031803392 512674.3986908295 901225.1027119865 -1143186.6346831024 -4348689.825533092 -1421794.3298230215 2432907.1158282612 2731932.200399196 -1450570.5501890173 3801349.6003315873 -582466.6463986796 2867957.62884316
-2289964.1462312154 1830966.2556594133 -154803.4941331776 -446241.9615078705 399013.8418074059 695723.1011611808 1718874.0846002004 -840573.599137851 -1510352.8438202783 1697911.6514679287 -943823.7411862634 -2067629.600562649 -531987.3506449773 1321611.9203946244 -704372.5596277405 1598414.1340779979 509747.3771933703 -2688667.6654264294 1886975.9281943447 -698333.5790247198 1793613.0046194913 -257289.86124073216 842436.4752026955 1822153.9228140092 -991711.2753732386 2143905.0976665067 -232687.87073959943 -93825.08915826716 -1476292.6723024247 641487.8790288551 -2215568.6013398794 -1426914.312863888 1694704.5601126158 32035955.37214251 1908396.366902519 -453009.8818867361 -2277433.5532362163 -598259.6854505624 361615.67083939625 1176371.7726697258 382474.46930614556 -1529170.206040724 -2142516.5448733172 1556692.3465418175 1678823.4786480085 -2115605.651322735 -622788.902913191 -1519921.705003082 751257.1843682892 351047.11877611966 -991635.4568369664 -2684829.8510799054 -47316.37861312958 2064995.8733643398 1211816.5852362905 1492767.5573802378 2280948.132591448
-724604.4409020552 2524656.6337222005 1643194.457188759 171613.5090174487 -1172085.107545117 -2536683.7559356587 57047.1887265833 -257931.00072072918 -198054.31116786538 -524826.4236725435 1117217.1308107206 4280488.400488951 631957.3270194993 763852.1946566307 -654123.2516729978 806045.4491461045 -1026321.7940206047 1315461.2418070775 -1544786.8644469946 2506049.235727282 -1025579.0152462794 1319286.4437796972 -1345420.986424443 2282228.5929717096 1433056.4211143265 -1398908.380785899 -1538749.6763860988 -2330121.8113610866 1702799.7187095815 -107285.42659225305 1685888.6406589556 125787.87615274274 1572311.7153065042 1908396.366902519 34278959.80976546 -182739.16598977192 -2673865.5753735285 904952.0466090161 -493216.9008724713 -1812034.4498725904 1130094.4818819682 -270461.1513604073 4908116.027792914 -1169062.2995869725 872827.5337864824 637437.3693756117 -14025.318489488673 -727939.9096454605 1504098.220713415 301688.5705139867 -968234.2475606821 246577.74128608746 1529672.3598144918 1750905.9240758077 -303740.47420385893 -41871.2490755393 2143713.620335516
-333639.0891212164 1193634.070060574 -251337.66047722253 -3126696.567726908 151463.89590194574 555529.0997707074 -2891605.82406283 -1852744.053961098 1381316.4853056853 -2201430.3078303616 -2549246.2855561953 -1031362.4037184424 -2364917.4045692612 -691075.5582355161 874185.8642158771 203605.9947848263 -1473994.4994040607 -436826.2485855928 547741.7883730286 1764160.9276161215 -2489082.866192189 2702405.1272925697 -2680226.468872804 228014.0875858803 -1540202.3711863246 -601103.3383898987 -412738.6158612853 -1331248.799421473 1294037.3992772582 -948527.1906444196 -401547.00382235594 2324961.8907813244 -1570410.1492587412 -453009.8818867361 -182739.16598977192 33512537.43159138 2546930.1086437604 1714610.5190562487 -354714.23860596155 -4013565.9046689565 2799473.5348396404 -699726.8781686345 -1264616.2410417877 -431458.50670852297 282720.00275088113 -1505956.578859349 -1591557.8382682267 896669.3218731908 -1426840.725773266 -1883561.5670377656 2938554.718171601 -82840.60865898918 1173951.492275876 1824770.718325382 -425034.65925044136 -1505120.8293503672 1318402.1984345133
-1183865.1080072804 -1385643.7433022752 -1069539.8869981687 -1473920.5715129506 -4191294.433992811 1200763.0470203508 -2614441.2306025163 -949908.4944108967 320820.92401078873 895788.125809106 -589450.3798180739 -979149.6595888926 905291.20585961 173149.84506589692 -817822.1988779474 353221.44525434077 -1602954.3976738418 -1582427.6739419543 1429580.878816166 -787372.4809389679 -341396.59816191194 682357.171999175 -2707210.0832149438 58627.83652062717 1818779.7159207198 -1197811.6575850372 690040.1898442715 1237779.601835351 -147601.61805471647 -3343920.8393928767 -984080.1026562582 1385198.6001911722 -146502.61584571013 -2277433.5532362163 -2673865.5753735285 2546930.1086437604 29312262.804789726 1834435.6939257227 207667.64908174612 1958802.8869376672 1591012.6064618498 642747.250278058 -729201.3600497338 1368044.0549888413 1968776.2982547893 877284.4061670727 -854833.5386539294 -2270232.0615822556 -28236.08132506069 1234465.205851479 -3046489.7956226924 2889190.7080879444 610604.999011721 -1832055.6242992035 -223766.8969864677 -1094100.0065363427 3057476.3416193584
