32939851.999340635 2814786.2912314576 903223.3097707592 -500779.6697357867 592665.5092145471 1728011.5252361957 -2008317.9635956741 -473255.5814207511 7755549.287665631 -4262605.292563236 -5345138.281638254 -7925471.01830179 3515931.04204651 -94302.81801033964 9957059.297487272 14352.946491522478 1488592.7692142501 4399311.7473910265 -8578229.689036475 2978863.679637428 1068659.818600662 5572406.291740294 9775567.838880973 -3398196.495015117 3662671.896394468 4055931.5263460926 -1734623.4793491168 8370773.225253189 -1745269.4852981374 -2027062.8008397468 929169.5479329417 1214956.9309752253 -2540325.717615706 -330151.46765140054 4372133.762950697 3063993.599311938 1039454.5602818343 5678362.483304814 -51334.66165689536 -5598075.758730441 -3397735.766574188 -5286085.5406828765 998423.6079699253 2721052.6199392183 2115322.3239388918 -4951603.188804323 1782365.8665460101 1789089.5829575874 -3996006.453818543 3674320.5183211393 -3328635.041491177 -1184502.231580421 2599786.386291456 1993158.92021485 2513557.8657250353 3315472.807508726 4825346.461648712 1569452.2698927084 -5531950.402062731 -3483024.7533397363 -7197257.940739193 -787002.6070277608 -3770610.597584929 -4358873.455772438 -4182036.705241496 2730216.004814609 -3225121.3898149994 -3625177.907994517 5966855.007244525 -10916136.5239418 1966216.3468510848 3664793.28891948 -2769442.230841783 2074604.2821366556 -1894303.7921099328 9305929.829824347 3964547.8558869185 -3612235.794551129 387167.61883135646 -1836867.0394845826 5583683.679018489 6533738.033181403 -218333.82447282717 -18731.555881242653 6939655.162095324 5478368.194302041 -3746769.955297634 -5203838.0261350265 -6622607.347187207
2814786.2912314576 33461419.873641632 1247872.7467149475 6656651.832223229 -149636.84154005826 3480311.7424910762 980132.4164248726 5487369.930378913 -5973386.675696502 275413.71566123347 4460360.108608968 -3539061.2292371155 1520553.2194135631 -9931769.92718422 3500219.759950706 -359014.5106540601 788793.0064734726 1613161.637213478 -779497.9541918507 -9602681.074823763 2661721.745309275 -5116841.291659979 810251.4580825808 -7983474.440123843 -3418677.259491862 -1913017.300043734 7181990.818677236 199300.64147728492 2773718.462795669 -4967195.775502173 3375678.3932375177 -10571351.283931201 1629470.43909599 1153264.939217943 -4776731.095013658 1372261.8416239568 4190379.0398610127 7542956.309743196 2680021.386628683 2820326.0854682964 -1310705.819585802 7496039.249689648 -3079002.761179584 2085173.7542104449 1707450.9459543698 1876112.0111663823 -3030319.4524393925 2181331.014201398 -1633599.2693728893 745108.7800023825 4689052.570776792 -1494878.6499724349 -2960350.0922081275 -159705.5769082286 1176503.5670383368 1178181.4824982474 1924980.7757178277 3385591.437704096 -2407692.166825701 3393550.7857917766 -4983652.592266062 -4350584.132970214 3941973.079718635 -1499018.0570797862 2953049.7885851115 -5408238.413850614 -1221094.7529009224 -2385532.341796838 4427219.571382909 1213420.1346100764 -6605829.250014562 -7567304.095504648 -2494315.640203969 -1593647.4211950041 -1780159.2922977777 -2267579.3067858554 1330339.7982618927 -579603.067454999 1499723.5507667125 -5953179.295625118 3421163.689426322 -118017.46862266934 8073675.158066302 1070597.2240771744 -1722529.1938444532 1918973.089071602 313199.8014714654 20174.141181525643 -1294442.002530294
903223.3097707592 1247872.7467149475 26159941.67665374 3326850.0389222885 3247758.202916265 -3250722.135300057 -5517722.167303819 2368641.242141942 -3684134.0411756863 525400.0281973839 -790726.1542754859 541740.1044746292 278948.1957182228 -5334324.789753524 1464520.5329525266 -3533308.5399166755 -3675041.0427448684 -5138357.27371037 -1602828.8333222403 1886687.6760823913 -296299.2085917051 -1059346.106324099 -1294400.9159683727 -4636933.184177963 -2507227.625682108 -1284945.2372429941 2693463.811843965 -644769.297649118 4210125.962453805 -1418388.5709180397 -1312713.9017190416 -6141895.65143546 -2662343.337177183 5339768.079082578 1893370.5130432358 199916.91243223826 -1166680.1798296105 -3994531.5021948554 -5014076.81750005 -4136058.696967318 -2379740.0669414424 -2664810.030710972 -3296013.566792205 -3648292.7355137477 3391068.3163880166 -2412633.0371366395 3167707.8346674517 -3002316.516307444 1431111.0359214551 -2304531.197078863 1068916.4487768977 1620594.285183961 3851226.7882640874 11365949.292772084 -5429921.749116149 2837189.0698813605 1472052.1927433913 3083576.6530320197 1887336.72036602 -812979.6408669178 2825620.9343902813 426894.9144089699 798699.0753184292 1731191.6339866528 -3969650.5038384385 2702400.436350856 5666597.342630433 2111263.45076129 -5071378.017468125 48223.98544450176 -4139144.235519123 -5711564.207093926 1435257.837799277 1897901.380563507 -3485051.495408267 -3194434.7273610258 -3603096.0061079925 478330.5728884742 6684851.971535431 -12502.43350156554 -1428627.189117465 -1467480.293054424 -426970.3893681656 -2977005.5055465586 8257.955688596348 3436534.129010081 -1876143.6059091445 1823991.2953109161 4142024.8986372007
-500779.6697357867 6656651.832223229 3326850.0389222885 36136383.75134162 -3211433.665060793 3966405.14973074 5316574.063954584 -1521384.3459258173 -5271894.503299164 -408197.99655997346 -3106983.4576007924 -3741935.3983008103 1377265.5976217766 1057941.254214769 -2381809.6009085197 -2414325.073733457 -6157755.379666969 -9466625.921091883 2263986.6011677496 -13606377.621795695 5137767.360809569 -4156315.850437061 4379835.708725312 -6412908.546169579 -695335.1857063338 9506161.483411236 2961454.667357506 9339911.818948653 -7087372.471269073 -1627199.9118931298 7055101.163738142 -7597506.2983709285 2538961.9128772006 -3899831.014969923 2538025.249578027 -1796649.6855161984 2971251.234096593 -1197472.1078086698 -3925025.3960288856 2856432.9054182433 481685.43825892307 282067.50907455536 356859.355138974 -824592.076226552 -448971.0843610271 -866020.8886888936 -1268961.7001095314 6060476.222129059 -3419748.5831853375 -5400937.903372329 1636110.2323278466 -2526126.6584231397 6553110.046274253 2922089.13643017 2813626.0734237344 8298878.85009204 -2910733.393129349 115347.91778329792 -4293301.902597625 -3004149.5897616423 2124944.109995704 -12893101.833920158 -1232930.7564675768 -3184711.454125435 1963704.799032025 -1735648.934197652 -5545088.1181359235 2299001.186819713 -2564077.8303571073 -888894.2528088172 -5953368.280137558 -601248.0767450782 -5521148.210316875 -8175122.040862681 6341401.614406953 -4969677.53427655 4438449.592042184 -2981083.307799984 5883784.779461739 -711642.5708809686 993298.315682892 68645.7312870835 3862893.9579715747 -703896.9638172436 1883411.0529604338 -206373.1958606527 -680130.6824722508 2038244.004317544 4493298.886338945
592665.5092145471 -149636.84154005826 3247758.202916265 -3211433.665060793 29304885.622621994 2743063.79490638 -2926645.906451403 214372.84356577726 1959291.125874521 -595028.8982261957 -5076358.680434034 -3999610.3692967556 322014.7209725937 -929149.6330039322 4589043.557785025 3009252.8988754856 -1470047.648614231 -2803307.3179063452 7158566.692748417 1334407.2457617268 -1777760.0778235013 3212503.1077384716 6103843.155093746 -2479215.842152449 -934084.1931912317 -10413195.548402011 -1226077.28349193 5558113.838311004 -3005779.0970781376 1854135.126444599 -4700743.97179265 -4098720.567377855 -278255.39333139814 2578925.9190877457 -5457930.034413273 426052.71212073497 2208078.274248446 -3797061.7672275365 -2225634.506807446 3928697.822115235 2799254.748327788 321039.3625667038 -4342750.804546402 -2538137.811024426 922656.1346612589 -1831718.1970037126 -401451.31364501617 777586.9835952907 -1919983.5200896452 3006871.85565038 -2072850.9081470298 6328073.527476884 1522743.2753926532 -906092.2328346095 -323513.21103092754 6059040.013038675 -3822232.1435257383 6438473.774135706 4662303.327495972 -2056157.4694865115 -3648896.2771237222 1190248.4252415488 -5477803.819533556 -1751283.9894857635 -771381.3390985113 3091095.7625571624 1906183.3692273032 -7854022.828482507 6751925.444635503 1746703.8013930568 3486857.0068091266 247223.3542758097 -4163470.6729832687 3469849.1177216116 -641334.8989270737 3074849.969520777 910349.870103375 -3834929.0840281225 2127856.1347468277 5420890.833964053 -2008417.8673342492 8040978.122068125 2660846.988396898 1810262.5124913654 3196686.96372924 -2899515.5412914166 583961.2934568789 4053596.065660052 -7127322.049241618
1728011.5252361957 3480311.7424910762 -3250722.135300057 3966405.14973074 2743063.79490638 35772690.43356674 4125563.849976359 1290342.5997649655 -419659.23126694036 5316008.19676919 -4313640.969279208 -1131205.814614962 -175589.15025324043 -10419046.930829061 -4853040.643128936 9820703.6973256 948293.6628821412 2817472.3591563 2149333.3987533585 -1640834.970568949 897117.9759596968 2953171.561838686 4600700.356776677 -2574009.7346689226 -9040245.367050413 143082.19511950895 4383521.8238269305 -4585907.920983605 -8098053.003108173 -4585094.070087037 -658100.0282929078 -6864087.69716619 1666349.7849897493 1263272.9825899592 -1330986.904197942 -4792134.318076941 1917695.5117148077 2367647.544099193 -7378627.56644455 -1150550.446762304 -196615.04941563826 8942749.423329674 -5585394.569676826 1771728.6001994684 -8941608.153795954 9696050.200397165 -8755113.583595408 -4050458.253268649 -1229478.1248431716 4999209.12591247 -1943517.2964603766 1747043.986459018 1373215.1794943884 -2918780.9862559633 -5159734.34732087 3066042.5433030776 172472.20809968826 9050649.694267306 2039409.0607252629 -637912.2941390075 3538268.81735269 -804934.3314255954 -2972642.630639043 3311671.315694888 2151401.688280475 4484624.935294296 -1646174.8000134728 -2770815.397694238 7500250.422695949 -20141.139223931226 896000.1109685 3784319.846399905 -2734931.0005698106 -1866447.0238202736 -57734.65439584662 -1208970.3359680143 -2042295.7529726494 5280352.137785586 -2727171.4609996793 -1508340.6077856065 -487966.4347877582 766729.8055145885 4506147.331433372 483882.27057292714 -11268680.260334432 -3206595.944257202 925884.7199638064 2625616.8034188836 -7451349.43327285
-2008317.9635956741 980132.4164248726 -5517722.167303819 5316574.063954584 -2926645.906451403 4125563.849976359 38593456.802592106 342978.69908636407 -1808039.2126141586 -4221847.135052909 -463943.4752314911 5173752.686209271 -3777249.9594888627 10200743.331936443 -1042250.6856786005 4815917.2132424405 -3516742.3485731105 1799489.200045684 -3073658.0775880977 -2784339.091784642 7980099.425503187 2449075.2881444828 5540786.85153657 9812818.600021612 3810917.167763198 6774417.821870102 -3201422.250378588 -1436077.183626359 -4322873.027019648 -1170383.1691893104 -195676.65367959504 3483856.814302685 3649560.3353372314 -1726804.0525627513 -3797710.1132724737 215532.30433674235 -5441352.204851682 -3490432.675331078 1276126.4099685936 -1399574.3918182158 -573943.3077910799 1485194.676165107 1624720.1986650988 -516489.2136162032 -4375877.403661652 930246.0555119794 -7450958.14734421 5911272.338264816 -1534363.4653583437 -3343687.7805619175 8625041.84103819 -2379726.1486585443 -7812157.31456632 -2415216.7872163597 2362794.965937262 -823952.650005812 968454.3801433133 -33176.92631067139 -423697.1572732258 1971495.6115060078 5225048.674212243 310601.3003203401 -824570.2997171442 -5290498.442937785 -1447288.769934039 2811501.4969085217 -787713.6552252626 -1340267.9358253495 1789644.8832711123 7430175.077365885 -3320029.772042002 -7712492.9547078 -4048673.5842411914 4462296.741718995 6756659.529662043 -14553748.768587941 6637621.521648103 -1543348.9652031837 3260987.4915357037 4132496.557164395 2149864.0112569993 -278708.0644678611 -1636255.408998111 -2716801.2215236537 3797865.8111113664 -1730570.3336541825 300378.9728308647 -1698713.9957317656 1978959.535635565
-473255.5814207511 5487369.930378913 2368641.242141942 -1521384.3459258173 214372.84356577726 1290342.5997649655 342978.69908636407 29396866.189064894 -197203.9959272552 -1671059.6069394636 -4774142.459129703 -1058361.7189861662 -2188810.4726307145 -5031887.645552057 -1240994.948082795 -2297068.3507136893 -5961045.340015249 5098396.124266466 -3814043.24508542 5876804.382922958 2482289.9676959156 2134157.135458216 7663576.675081908 -1715450.472345351 -4631741.463164594 -1092311.1940164512 552942.2435665065 5762958.125885218 2836938.0249528876 -1337078.042949868 5202193.601036483 1490502.4646976138 -491955.59002559306 -1302076.4080173294 -3298104.65676807 -1764841.838735718 -3126706.7265956723 -3934761.55141733 6959253.839424955 838704.6501798515 -2116087.987620122 3625057.5740274633 -2117100.222868997 2272472.8498071027 -2823164.994915527 1927001.958989434 948130.3806239589 -1550000.6998349016 3638786.077316187 -4269801.7541854335 -817372.9069168818 3397828.627895088 -4811827.368578987 -1873948.816730538 3198501.6639200514 -349764.64961330406 -2824149.7323085903 3176995.046271259 -697848.3636292424 -7355860.976163256 1115656.7113841265 -3017818.916682186 1882292.7346564343 8451058.853447529 2761233.2363619865 -3175396.4914045637 -184926.89864608314 2558826.5784355705 -459767.9033676778 2396056.7765156846 -6257998.487747743 -3645506.4230532865 -689491.7373990621 3755343.2271400285 -4316497.143334701 -2753934.186732731 -3127596.86351111 -4152916.6600186103 -2606090.63959488 1919858.6096473134 -1049774.8795892624 651569.5652267828 1265603.8599218528 2401307.052067762 -5266990.392091778 -3915818.9757723683 374365.5145036521 -1217462.0884916077 -5866957.280684621
7755549.287665631 -5973386.675696502 -3684134.0411756863 -5271894.503299164 1959291.125874521 -419659.23126694036 -1808039.2126141586 -197203.9959272552 30060794.195639454 -2955707.667410885 -2136057.6312611885 -2439343.432866374 12018709.433394969 -1859090.7824522643 2112953.89650559 6703918.72772358 5349967.833789949 339315.05370535515 1042893.1404039855 5187544.619332761 -3599319.4739254196 5031269.33912301 4356436.19619596 3373463.199921412 4652996.218516455 -2761923.0206972226 -2710810.4426493 -2680796.8874933603 -2705352.21339624 -71497.39921420041 -4184926.0000325534 8076401.085501422 -219965.2217706614 -4181204.7694020565 2991553.869718074 -1210317.1625384314 -5839065.568460346 506277.55015348486 2666114.1168875718 2383172.4487536973 -1671321.9012035618 742975.412770683 2958092.310320554 -583423.9239021057 -2965875.7278109225 -4330248.963089334 -5289715.852207258 -2078222.505002332 7742710.110181097 -4587304.2118254695 -5629053.016252789 4523342.496069357 -4866124.56643126 -5131720.113117056 2390103.8178553516 -1175539.7332774145 2283200.6232086485 -4407543.8351072 5247958.616256709 -562440.2264785139 -867173.7709745008 4714755.010924981 1029359.8880322787 -9595839.228340743 75082.01356717818 1518165.3486839517 1416743.3047811422 -3523643.4959786483 4652705.054408221 -1616859.3267971647 -1817602.838300979 8075326.603308854 5735952.384452508 -1535221.8813327884 2180296.111274634 3536537.536548822 -1128955.0926325694 1942818.1353762737 1009195.2347451465 3859917.3687293436 -1342105.8892516901 3253917.0969685353 -5168184.607397597 239697.98404577994 2646810.2332279617 2274270.100773614 138059.20540060187 -4502470.250767916 -4721268.647969403
-4262605.292563236 275413.71566123347 525400.0281973839 -408197.99655997346 -595028.8982261957 5316008.19676919 -4221847.135052909 -1671059.6069394636 -2955707.667410885 33034903.533760983 5772527.577049951 8869412.81688301 -2918312.785351679 -3304941.666212684 -1357441.4617238839 220627.88081613267 879465.5827116017 3808045.5505569535 4262579.495615267 -1191743.5623912832 -1060338.6790496185 -3937740.7091846527 7017408.936472722 -6098349.170328282 -1122524.6459085867 -6153172.88311811 5591587.130214661 -498018.7521917883 -2190863.021134385 -1588220.5998452615 -1796015.511668946 -4772941.125523359 -1973212.620024566 -611675.8685377223 7709572.087705233 -3695302.9242968024 1129222.6162120511 -2731892.491464814 -24368.0322240951 7025978.271893467 249001.59820631042 2487843.033744163 909441.3380460767 -3510343.585320419 -3348528.005491838 3110307.9487037524 -6315297.1218074765 4873043.621851678 -5464070.9088567505 -3042385.47214979 6647173.041815017 -2219774.8228489286 -3617865.863176751 534384.5746353699 -3414484.2115462376 -3681896.3381647062 -2262084.2089281753 -4265004.02877541 -403374.1054225093 -1402739.4587415636 -3347143.645791322 1838474.8145226743 -6361457.441152581 1992058.6532467746 -3117434.364414462 -3815128.070654866 5223742.429380546 2425670.4694804708 -1762765.5190038558 4133908.305808556 -2674531.025436191 -864714.4629201086 3537461.306736794 -4746089.6496242285 -1227741.1528501206 1962034.8302886335 57185.143944560645 121935.92558177172 -4521722.363771519 5404328.316147175 -1955308.4613652914 -6357354.566821813 1938957.9714937462 3525528.4364526505 -6040387.71716355 -593645.6010311932 -4874754.716012402 -2954186.2848088876 -7419513.625165511
-5345138.281638254 4460360.108608968 -790726.1542754859 -3106983.4576007924 -5076358.680434034 -4313640.969279208 -463943.4752314911 -4774142.459129703 -2136057.6312611885 5772527.577049951 33715170.24490352 4637240.131934708 6241978.506303896 689941.8684626397 -1711439.4924498878 3833989.0438539814 6512808.491053862 -451465.3826328074 -1580347.7850174299 -81966.64209820346 -6599567.686278907 -4333082.505197528 -5697372.365158472 -3591720.002485512 -2786610.587167369 -7510203.255949979 1723095.5403997547 -4016461.406535711 4320811.178797927 3056994.828787983 -2448676.643843464 2324228.754715115 9276527.520677047 5583013.073407715 1405343.7100110897 -6088383.416000572 4314448.743920848 2482264.563777446 2121182.2403782625 -1720303.6717050395 -1383439.3252744132 603689.071719002 -1027578.6137174852 -3883299.4182120925 3229115.9095804547 3054621.0221934603 -4157002.5817110008 -479644.3140852547 -2398578.8113961127 5391857.492142914 4311479.628775954 -5514141.042629553 -3455057.765296559 3888010.368592625 -3210765.8999481206 -3835220.0362605816 691874.6510601871 -5709339.721261316 5144862.776886925 7523140.4964173455 -1669086.6185954951 -2124985.7402778696 6480714.834605015 -7614869.336648845 -134682.8161543169 -881758.6110404956 5993135.4285145365 142186.58469969642 517031.3167078466 -1250657.3581005712 -22797.491681331336 -2742921.326540788 3298211.1587702525 3207206.2772225915 951517.5280068472 -3484741.196072209 3316187.17991885 1445607.15669973 -3526303.65439528 -1040756.2017834575 -140236.47458055845 2054695.3230178487 1759695.3704905582 4119143.2694800715 -3239207.839574956 -2699865.3337281053 -4112236.983482752 -7163757.830618753 6122584.179150521
-7925471.01830179 -3539061.2292371155 541740.1044746292 -3741935.3983008103 -3999610.3692967556 -1131205.814614962 5173752.686209271 -1058361.7189861662 -2439343.432866374 8869412.81688301 4637240.131934708 38734974.10708778 -5341600.057294253 -512015.11733722687 -4739764.559554247 -5111542.259502077 2807872.7746894346 6167097.391136184 6723504.960124101 520404.4202851036 -5350531.917969581 -1017152.7866308078 -462028.74318994663 -197817.27802142646 5874514.241438026 -4701425.668974057 5547768.23879419 -5275354.780304643 -3931488.6526660323 -4917065.001680198 -2096113.7900636918 9181043.056670045 -1509106.2604407344 -74229.64305962311 2101495.7299493896 -1323327.7756121026 -3501422.926050101 -2390925.0393299707 4652317.153884543 -583425.9489352105 7753205.8421037095 -236359.20340024293 2172641.560201445 -3247909.232873437 2322663.9284879905 2009313.8915902239 -9172726.423988748 2726237.3906555357 4270486.206846361 -4509290.686349268 2865831.66342945 3015379.2398076896 -3139773.8830388947 -2334396.857524832 1328657.386067433 -5099089.2297862 -350665.67840926483 -10753324.238226846 17260.41017028957 1041632.5165439732 6772269.066976969 511380.37774718803 -2362475.6945478045 -5477816.089531891 -2211226.079185017 3314400.078444183 2860660.8176427465 -3619428.685249269 -4719225.492626454 992449.1730520041 -5336675.130663252 -1831141.1475615022 -1953943.386112783 -6205336.1184667535 3193771.7446717727 -2145640.9366826 -2218138.2874007537 1112080.1372375807 -1772777.3216622183 3172523.5962456083 1108610.610854636 -912738.2998553003 -2494204.641161942 3797397.186470146 -2862076.642445783 -7665851.7586679645 3608855.2820581654 -1850450.5578122851 571280.156394678
3515931.04204651 1520553.2194135631 278948.1957182228 1377265.5976217766 322014.7209725937 -175589.15025324043 -3777249.9594888627 -2188810.4726307145 12018709.433394969 -2918312.785351679 6241978.506303896 -5341600.057294253 39746936.34615905 4382195.748999283 7657436.563055861 -634717.4330275041 8881766.272307046 -5300147.470069455 -2504701.929636404 -309450.72171810956 -3001503.5625213184 -7202678.076444729 -642612.6997827978 3753465.0283086933 -4410595.715411601 439652.1921405364 -4573524.253177302 -8931350.785004104 -3274054.4644060326 1837292.450987982 1263337.7006140132 -6621397.6225601835 -2898107.7711236887 1855255.0166473433 2130201.921603313 -3594732.5176413096 2208663.156816697 1130455.8996541589 4625347.364652674 507291.9620833273 -7366613.295477477 5232365.706084335 3134997.010449284 2172266.1389411013 -2372564.7834083596 2088421.2734305938 -5827389.381205748 -1241837.7280019913 1498008.9147286294 7288073.366536565 -1575472.426702694 -8617287.764385656 6064913.732674236 -3517938.751572275 841938.5516861837 -4791653.618598518 -2950725.677494416 3284889.66343979 2268176.0799377663 5577008.802091045 6582459.424968497 -6321633.714642344 382157.0913836726 -6505088.714351012 4453313.039613215 7331890.750483091 -2470322.7658282327 -6703810.153344503 112466.31251143863 2236.7543175563637 168336.814530711 6400306.670591196 -929739.4286567762 4236207.010873529 4636567.171178969 -1175972.1095302016 -2345012.193356617 1099752.7831848224 2276090.654882389 -2992891.000775237 -4008105.8202184974 -4133916.455662874 -13283965.193129618 -2859730.9584181416 7847887.06670969 -5520469.954439476 9031889.655991768 2765133.781194774 -335310.52507262066
-94302.81801033964 -9931769.92718422 -5334324.789753524 1057941.254214769 -929149.6330039322 -10419046.930829061 10200743.331936443 -5031887.645552057 -1859090.7824522643 -3304941.666212684 689941.8684626397 -512015.11733722687 4382195.748999283 38096877.680286005 4806394.291552707 -1930365.7476143737 -4814022.06568169 -4014072.3793637687 -5141052.481472532 -1371826.0234301044 -41015.08774839318 4741540.079140425 -2379316.3557035476 8480212.30532177 2779716.969523793 3370977.180591608 -4523499.290347859 -4734760.52130999 -5440205.403902509 13396910.713144261 5243944.138669711 2423794.41426935 -9665513.549529646 203601.37757876108 -1323843.4074945152 965238.0748333018 -114689.35371869407 -4674589.952131556 9027567.956498504 6249597.416044096 -1272230.1906652737 -3935179.208065424 3755074.277752062 -5234848.59185514 1001566.8369003719 789953.9979682389 6234299.012242668 1290231.864578369 1585600.829079794 3071014.166611501 1573408.8520681744 -7764613.339169507 3429812.3959764335 -3965027.247878908 3827143.478941694 -3151396.627912814 403366.05931396503 4291331.530550663 3358641.7260635127 487040.9647990099 4338602.553320701 -6090351.1585741285 -4841896.545383709 -13377314.056254555 -2727958.061378052 6689938.569939515 -231509.32791188543 624693.4490148394 -4485170.196444986 3226925.2753210207 2914303.5232992196 2263903.704293694 6102445.192601712 1951047.3570906927 8946229.382475872 -3964913.998007478 -860317.8919248931 -5821534.763001348 522244.4173167816 -1964242.8798215175 -848652.3602246856 1552721.4776686311 2144539.209267763 -1190980.6328353246 3167241.2754750825 -5272646.443958563 3951699.7419096846 -5425718.792759523 1242478.9382920563
9957059.297487272 3500219.759950706 1464520.5329525266 -2381809.6009085197 4589043.557785025 -4853040.643128936 -1042250.6856786005 -1240994.948082795 2112953.89650559 -1357441.4617238839 -1711439.4924498878 -4739764.559554247 7657436.563055861 4806394.291552707 27290292.605203435 -4792517.442366872 4024931.5569272377 1348917.8089348641 2750746.697013873 -3300652.4213017463 2198009.0133091947 -4310209.889797751 1429459.642270232 -647690.291018165 -1206927.1767286202 -262709.2402019514 -5644147.936755511 2423084.693315457 -97843.15565177138 -1562288.911162941 -271848.65900889086 -2143012.8220381225 -1688011.7520730516 -362273.26847807236 -431868.9518549947 -5141376.714730537 1035649.6805575218 524602.1899264617 567464.7583951816 422643.6846916694 411562.55904488557 2924837.2143286434 1941159.9657012182 -2425351.6113694995 108503.61197684254 2732097.1178486305 144425.5505727519 -1696987.5871371536 -3150073.9443990113 5776330.133598953 2449871.5224182755 -6219533.290416133 2852716.0206321054 -774092.3580200633 -3351450.489428484 -1118871.2201373922 2012647.8633629852 -3093221.148421179 -3460082.6594570726 6128260.70896898 -4698536.793886438 -1787501.3926465134 -2313498.38114116 -10774585.47412509 1689227.3883317201 1040356.7666779411 1534004.1110507094 -3944654.9113783273 -186931.4661812949 -9941398.553431766 251264.38292620782 -1583011.7220756505 4104545.568516792 4520498.162169008 174768.19279257805 2536655.26661022 -2829763.194104341 129253.15709388834 1399489.1580927765 -3928191.451524737 -648616.038395255 1824209.318770357 -3527106.6081805206 2514748.257894267 5058107.209869908 -1101922.4568442833 2536742.7847083127 -2423421.076695612 -3660521.6131019956
14352.946491522478 -359014.5106540601 -3533308.5399166755 -2414325.073733457 3009252.8988754856 9820703.6973256 4815917.2132424405 -2297068.3507136893 6703918.72772358 220627.88081613267 3833989.0438539814 -5111542.259502077 -634717.4330275041 -1930365.7476143737 -4792517.442366872 35283580.955711804 -1971947.9311645166 -448576.21204070724 -682063.4661459932 2146680.4287669715 -63607.48529458236 -392790.8350901434 607811.1971875891 4200460.739631696 -1976147.1550660017 1502604.729574224 -5804787.622845451 -8055063.263973176 -2608766.637901175 4308575.047344431 -273674.794717784 2826054.827178855 534380.1366238027 208080.3733801294 -3240175.1003481485 -679922.0273110085 4417839.110650825 -1599936.9598653154 -124234.2111696179 3590572.5923608094 -1613535.494976651 6748011.710713811 -619964.3476811412 -539804.365899659 -4285534.2723487625 1329969.618950456 2556304.9118802524 2106052.0603697714 -2029168.8580801836 4595389.568920411 -2361542.1023225575 -4541455.99919313 -4172923.2470055684 8468166.412256299 1759536.2236237484 2340252.7914264444 636796.3593610463 2139624.7729935627 3125987.293643325 -7636683.921775113 -602439.532702511 1114134.6505219664 4269180.367070228 -333198.5109383836 -6852761.789817486 -6613085.412404651 3053254.263395963 -1208305.3769727063 7202732.344847306 -136987.19766870447 869677.5222133716 1973789.224773422 -1168894.263144517 3501912.5500150933 2328170.645411766 -1756115.4921628563 4332324.456791231 910222.2631834634 -5700446.960976225 -1170974.8284553108 3394915.8739747447 5570868.057828399 4460396.7504848195 -1732812.6037969112 -6390750.284662321 -421437.76508312236 5379549.279180129 -1059916.9572994187 270942.74595159735
1488592.7692142501 788793.0064734726 -3675041.0427448684 -6157755.379666969 -1470047.648614231 948293.6628821412 -3516742.3485731105 -5961045.340015249 5349967.833789949 879465.5827116017 6512808.491053862 2807872.7746894346 8881766.272307046 -4814022.06568169 4024931.5569272377 -1971947.9311645166 33163727.865312904 3053484.519958575 5230370.0532105835 1463266.7387697522 -676419.9702446073 -7412166.358229572 -3647895.0138343032 -5630862.391248303 3740698.3249067343 -7788376.986100245 -509657.2116991974 -720158.5788648222 204835.7640781726 3426794.768338673 -5601671.493945344 1374970.9364769177 -201857.1501106205 -4489991.124890239 -16632.524702496696 3650379.322713253 -2471600.8638503104 5264385.896589857 673772.6746784793 -3291271.2424301207 -834965.986176059 422731.0710436517 -4293212.699879015 489084.9774195315 906103.3673065237 -506154.55310756684 -1909851.2813142051 -1431184.9101300458 1326460.3902114204 -1731765.2584361178 914822.3057534274 -5448674.12907924 2243217.6750561586 1042908.7675485467 -4504173.60217923 1648714.5552877877 -3743795.8981848406 1559624.335508595 -1660726.2662171188 8174205.245062157 -5847272.554727234 2413965.158426872 2588305.510186132 -2009489.4445218283 1316492.6912614345 594070.1156065586 2770045.4562724605 -6918667.671964641 1725558.359963397 -2329111.1792437625 11638366.950565895 9346462.993087705 -209327.30488640626 -620382.6667359427 1820801.986514585 7303698.034439608 3405920.2624791753 3528291.422524927 7008395.813925688 5579527.774778352 581364.5292249027 -2112494.32466183 -2541287.3838474066 751764.6240219634 3579379.0733191236 -1188982.8740599153 879096.5528966964 3602206.595338815 4756887.581795097
4399311.7473910265 1613161.637213478 -5138357.27371037 -9466625.921091883 -2803307.3179063452 2817472.3591563 1799489.200045684 5098396.124266466 339315.05370535515 3808045.5505569535 -451465.3826328074 6167097.391136184 -5300147.470069455 -4014072.3793637687 1348917.8089348641 -448576.21204070724 3053484.519958575 34822444.19467064 -4409826.730577868 8166051.134211851 -377683.81824507046 510541.8008261686 10257444.686959947 -269053.1703347723 3269629.573509535 -3568957.3744265432 1092519.7343674365 -2866319.4109836086 2651488.484864318 -6707432.191585321 1306325.9284687138 1556853.936423113 -4000022.9895350784 -1396797.8437600944 1089583.9274243815 -1956665.7700907458 -2348722.4917945974 1426748.7359807848 3376655.8330755965 -2410107.659747309 1405967.2961194639 5052159.667609915 -2684832.48763619 1111265.3894646033 -665182.5418743906 9398778.491998896 -5712143.182962952 736977.5271728815 -2936797.3275951426 3258492.4862279 749564.145942545 -2859178.45476421 -6578436.142886885 -5953466.016216777 4279205.401034257 -2261936.5538116125 8047991.759429825 2178939.493081927 -4882862.231505874 2419013.6355767655 -2504573.334543502 9905522.888951484 -365799.4522316817 633390.1817737253 -3705533.0229746127 6341144.667390737 864687.7439629228 634818.7323665833 5173493.661226926 -1378929.346025857 -2124904.121970147 5585508.638692462 -2044175.9711896786 5876179.602252585 -9354812.197230425 1339906.854915662 1014046.7550238721 1622050.5213133716 1925582.1119470356 995396.9728368563 1037829.3079815423 -5234404.925555899 -832250.9536810027 -2132796.809185594 -4514693.385526122 -6808716.215061227 4380282.372220231 -1159438.9544397367 -2287937.3855085843
-8578229.689036475 -779497.9541918507 -1602828.8333222403 2263986.6011677496 7158566.692748417 2149333.3987533585 -3073658.0775880977 -3814043.24508542 1042893.1404039855 4262579.495615267 -1580347.7850174299 6723504.960124101 -2504701.929636404 -5141052.481472532 2750746.697013873 -682063.4661459932 5230370.0532105835 -4409826.730577868 40356640.32303 -5752095.571869064 1764874.4644886013 -1238953.8598620896 4021597.6846172926 -8548303.644840827 -894368.5627613786 -4946025.977965463 -1708493.916690967 2381677.542074223 -5503933.050115023 -4796930.920249118 -6987313.169874092 2077970.170009707 6804429.575352392 1374474.2201641835 -4412926.350104422 -1936164.8768732543 2666570.459783942 2227565.967367443 425187.9822892515 6153120.909234833 52253.040950730865 669616.3044994944 3545642.3405963136 -5519363.234245331 -1222099.9582532253 852053.2810795269 -4347303.849819685 5572071.934665254 -4072210.3949201712 -5597291.140995958 6496786.089387407 4822353.537115357 9148173.835482337 -6965534.928658866 564514.2452366606 -2845059.8785347473 -16003307.420723602 -3387506.735805842 -1679378.5175695927 4294009.040925396 -1331510.0944295204 6998372.835696625 -2705004.6122961706 -2143725.4448550576 6618468.228006797 -455203.6003272437 -2709875.476757707 -2619337.2155400985 -5032947.727348974 3831336.767550339 4113115.6471977537 3894772.6119076037 -937931.6315188401 -5151806.244835745 10310415.543560108 -981372.5865300321 -7834191.860265146 -2337408.243608808 -1644108.3394245494 8062973.000512811 -4485276.377213316 4247657.085057813 153357.25594017492 10087595.233702874 -8699709.50430732 1614172.1594621497 1232635.9818086922 5687214.375365404 4675661.73315551
2978863.679637428 -9602681.074823763 1886687.6760823913 -13606377.621795695 1334407.2457617268 -1640834.970568949 -2784339.091784642 5876804.382922958 5187544.619332761 -1191743.5623912832 -81966.64209820346 520404.4202851036 -309450.72171810956 -1371826.0234301044 -3300652.4213017463 2146680.4287669715 1463266.7387697522 8166051.134211851 -5752095.571869064 31680850.90201611 -2587445.432378388 -1748210.3859594096 1549647.9970526411 4843775.096173586 3273555.367871768 -7421351.994889835 -30813.582198997854 -356800.3564961698 2372391.351575738 3222166.2725886316 -3251437.5614280105 7039898.626247911 -1422636.3124052645 2531638.4471133347 33225.54374726599 1379441.7586455822 -3038895.7802154697 -866300.2106205032 9228908.178276803 1474038.7097125477 -1167574.8556213644 1929873.6834427782 89816.70605253287 -1811058.727824791 -4075271.391433438 2924716.887172633 2789615.257668496 2270003.5405073105 3906468.698739077 3917607.594602181 -5006190.136184342 -323596.7302678102 -3200888.076220722 201990.06436928682 3038611.737630004 721636.60449687 4561436.87425573 291981.59101737884 4032175.784292347 422574.16749865504 2751171.241402981 4291787.81993486 280749.4944404359 4552845.648656979 -2675392.7977713714 -3553443.8023176077 4440332.331175749 671087.3570065951 2204618.9867624934 -2282597.1568613723 9522882.758382408 333863.1595725116 4311583.556063922 5706257.859224869 -12024965.070742683 2203028.4039632683 3683002.9046440455 -24406.038329044804 750826.0745377748 388752.44595411245 3821200.84371734 -1857026.1862824317 -1544574.6771168208 -446975.3269140816 -2873690.501785145 1359215.605992138 -2759477.393498274 -844360.4203036997 225825.795890447
1068659.818600662 2661721.745309275 -296299.2085917051 5137767.360809569 -1777760.0778235013 897117.9759596968 7980099.425503187 2482289.9676959156 -3599319.4739254196 -1060338.6790496185 -6599567.686278907 -5350531.917969581 -3001503.5625213184 -41015.08774839318 2198009.0133091947 -63607.48529458236 -676419.9702446073 -377683.81824507046 1764874.4644886013 -2587445.432378388 23250680.9495095 501252.1537545522 -2697553.504066357 3430348.0405155304 4060450.6876190547 4753994.610575865 -68741.52721615692 816467.2265006211 -747040.4211615799 -2153295.5294692772 -295767.19561072584 -1988916.6496255319 2139564.3042070675 -1638574.6083472543 -442593.15161815233 -21062.444513358794 -2978034.5424026055 -1161649.9717319969 -788680.552443139 2180466.2697400544 1350542.0841415583 -214933.550572285 -2657696.3037406527 2459505.042558391 -4048909.0877391687 -2920521.659559453 2231205.385056537 680187.5419360611 -1745984.621743448 -4827863.900095209 4785952.356450858 -3836365.756149997 -1321590.021511698 2738490.780905449 2984886.013161757 3730663.7300902605 -299434.5260423811 4804438.315768623 -2257537.379218374 4116892.8839269346 -1657545.2928989625 -1436252.2021724824 229569.531670433 -506590.32395043835 3736590.593256326 -1518095.3132325148 -495794.8860729227 2366295.134493967 2161541.7328252434 4957926.89118186 5311309.151656046 -2741131.5749728275 -1413173.1174056204 -903559.0171972831 7160920.920640456 -780816.1527591852 2983359.5514401263 -3296278.9956318885 464592.44927646563 -2899552.18480223 4012409.233063133 436299.62443099776 -5430013.252442939 -6358377.878745696 3067671.438392393 2371798.9297911664 -3635683.213900286 1387343.33476032 756179.582335131
5572406.291740294 -5116841.291659979 -1059346.106324099 -4156315.850437061 3212503.1077384716 2953171.561838686 2449075.2881444828 2134157.135458216 5031269.33912301 -3937740.7091846527 -4333082.505197528 -1017152.7866308078 -7202678.076444729 4741540.079140425 -4310209.889797751 -392790.8350901434 -7412166.358229572 510541.8008261686 -1238953.8598620896 -1748210.3859594096 501252.1537545522 35052459.83675091 326484.89936784445 7279860.938412172 -2180623.2529328777 1868329.7641634478 2356362.3503446425 5188874.918406502 -992303.4684221222 3200515.2369485353 -7838794.673097632 3083625.6020753896 -1233453.0031968579 3816199.124628993 -156518.32279859253 -1122337.6567803568 -4128331.37286518 -4417132.025508521 2203356.881018397 -5043615.036024367 10101735.571868917 2576041.366235443 -580414.5260858043 -3033769.9375243126 6081244.321054359 -1842276.6640300874 3314223.501085124 -4628304.059748865 7213211.057569278 525057.4132437112 -4976673.014459687 8077752.961770694 -4851194.38482006 -7204070.741185661 -1784972.9011349347 4816978.411595173 -4445313.35222873 2530187.156044955 6743019.081044763 -6360672.917343695 -5969815.830249341 5426681.991570911 -2486343.095728408 -1154190.177412286 -3455993.782072895 7842956.936588383 -3966718.437669777 2655381.865854779 2209518.0659926985 6315479.189465024 -4441080.254974059 3994966.648599752 -2552846.552136367 222888.2762875505 3249273.289978215 -2372790.026810823 -3279456.398960811 -283116.416723824 -531989.6878375503 4174840.005788713 -3379491.0728290197 7725629.624108422 -1563788.987746568 -5684238.071025241 -1909627.053054468 835117.488986184 -4035568.236006405 3815764.7987104813 -4784354.843507899
9775567.838880973 810251.4580825808 -1294400.9159683727 4379835.708725312 6103843.155093746 4600700.356776677 5540786.85153657 7663576.675081908 4356436.19619596 7017408.936472722 -5697372.365158472 -462028.74318994663 -642612.6997827978 -2379316.3557035476 1429459.642270232 607811.1971875891 -3647895.0138343032 10257444.686959947 4021597.6846172926 1549647.9970526411 -2697553.504066357 326484.89936784445 35828331.64292932 -1248978.7447136045 3430644.962557908 -842291.467022734 -1656584.610005716 4401731.458667208 -4392808.917638585 380481.4100284886 2995332.910204972 2911110.844385971 -2055016.7202443574 151473.87112389551 746845.2843534076 1980841.4967948333 -1592733.3822227856 5586931.790446053 2400351.251885915 1213549.9490010117 -2252503.440389738 2891184.4385194606 1274909.5585077384 -564232.93550978 -6081535.035627238 -906035.8478817784 -5214502.686873537 -265800.8367420017 -4894551.182362921 -1708438.5859882685 -1325179.901021181 1493118.850650823 -6125162.530434127 -6378607.462010612 3527036.089775446 -2106263.082619957 -3001041.608419696 -4215243.420728251 518208.6502728737 -5818343.986389937 -903163.6095220143 3973628.4312004554 929808.9330605557 854405.3533148941 -1792384.924389915 -1804378.1631455475 -1492814.6915506523 -3492318.132552477 7921960.802235758 6614790.608359319 -3062805.4936149456 3306999.765035487 -1425403.6275149793 -3352051.903265956 4116565.039506402 -3820992.823888584 -2910692.598508774 -610183.1588188888 1189931.4192533556 6276893.408838602 -2492953.451933 2379442.3795507206 2706903.40183627 4040853.2283846317 -596716.0962565155 610921.9242548922 -7469664.181981768 -1521842.1170514734 -8808095.30997257
