32795553.104222193 1080998.6266602236 2338713.217739307 -4367854.3379708035 1374817.420024688 3541277.914623168 -2667762.633582133 -1024337.3534825062 -482048.11838495656 1214772.2171294484 7652281.145669815 1276691.6844458396 -1011963.0535267445
1080998.6266602236 36847571.19503829 2890806.211678091 285090.96081699047 -1107534.6248299333 -551061.63917424 -594292.4117317453 1068478.0381599963 757362.9933109641 2437004.0627801474 -4570547.500936603 1841813.807881103 -4273435.7861089045
2338713.217739307 2890806.211678091 31283284.633431274 1876817.9459188874 2823820.41595797 -266254.3122464319 -123590.57895205959 2778214.2692128117 756201.9683652542 3828916.26502874 904312.1182532073 -1105969.5266987476 -1019189.4154102383
-4367854.3379708035 285090.96081699047 1876817.9459188874 34367037.03372001 2574094.7204822027 -1214657.6354999933 -3385569.673192403 114189.63837526104 2468617.3367582895 -711330.8581987276 -859536.8163186411 1695700.7115958722 -1389895.1718591717
1374817.420024688 -1107534.6248299333 2823820.41595797 2574094.7204822027 35395215.73107932 -1098335.2407238386 -56545.183520443374 2042152.7095282006 3017043.21915005 -1592442.6660196956 1844417.976997745 4832287.080958621 3476220.158535189
3541277.914623168 -551061.63917424 -266254.3122464319 -1214657.6354999933 -1098335.2407238386 34261028.95656219 -2451225.2360508926 2227411.9426874896 -2221552.1329926215 -2591679.21301727 2547848.8118775804 -328481.453252885 -1945192.861947823
-2667762.633582133 -594292.4117317453 -123590.57895205959 -3385569.673192403 -56545.183520443374 -2451225.2360508926 34857311.86218588 -863264.1482083737 2566834.3944051974 2350753.028475955 1079237.864100325 924112.3492984539 3605268.060946327
-1024337.3534825062 1068478.0381599963 2778214.2692128117 114189.63837526104 2042152.7095282006 2227411.9426874896 -863264.1482083737 31434883.608610142 -2772140.8657917706 1815640.0361084451 -1713585.9382500472 452317.91434732056 -1393338.7451285324
-482048.11838495656 757362.9933109641 756201.9683652542 2468617.3367582895 3017043.21915005 -2221552.1329926215 2566834.3944051974 -2772140.8657917706 30596950.07818399 -2405095.8576699086 1223151.815631071 1014261.0622503359 -981990.3554342599
1214772.2171294484 2437004.0627801474 3828916.26502874 -711330.8581987276 -1592442.6660196956 -2591679.21301727 2350753.028475955 1815640.0361084451 -2405095.8576699086 32614742.790263135 1197942.1421566408 -2198908.6048148675 -1419640.229697124
7652281.145669815 -4570547.500936603 904312.1182532073 -859536.8163186411 1844417.976997745 2547848.8118775804 1079237.864100325 -1713585.9382500472 1223151.815631071 1197942.1421566408 33467898.098262116 -4359303.003288214 1326106.3886093204
1276691.6844458396 1841813.807881103 -1105969.5266987476 1695700.7115958722 4832287.080958621 -328481.453252885 924112.3492984539 452317.91434732056 1014261.0622503359 -2198908.6048148675 -4359303.003288214 32740577.242969543 -111741.0304333806
-1011963.0535267445 -4273435.7861089045 -1019189.4154102383 -1389895.1718591717 3476220.158535189 -1945192.861947823 3605268.060946327 -1393338.7451285324 -981990.3554342599 -1419640.229697124 1326106.3886093204 -111741.0304333806 32332165.795555566
