32331033.543380108 -3154862.4778587483 4016343.103281808 -1291154.9106771979 -468739.77317651827 2728066.3667217195 1177926.332952712 -463301.6546496395 -1200879.0097081787 -1238558.3307883109 1491907.66246313 240852.2937706837 -2038250.0632661425 -3743854.766640342 533632.1184147445 450057.4921944832 631619.4278691307 -2253634.00782568 555630.1185120341 388073.9212502534 -897446.5584464895 2084202.8714693426 -669824.1508143883 -1839936.0258488324 -905744.7530784326 -2697468.5332599343 -2988365.851905435 802799.5601263635 -61127.829712106824 -494440.19592022075 -525029.2903112001 -812703.1555254175 1122221.3279576919 1567453.3806552088 -266857.32854933036 -1594320.0190926378 -1177681.9932291515 1654986.5762208896 2454320.6470731003 2328554.463036766 1748193.497245669 12573.41034788956 2443185.722752096 1453990.6679221482 -2015048.9957653664 437893.9688286919 2266468.896927181 -3820716.000260661 2265303.609343885 -435677.7577311874 1024994.0983799007 -351131.00202434446 1557484.7752343374 -1335741.3280096762 832816.3898579711 1291097.6429862774 -218221.26441217883 -83360.23363231139 919387.5032533918 1217134.480364195 -2049800.9438621223 1145470.6302403493 859988.0862929936 -950700.0270042879 2513964.300954201 -1249328.3782101322 -914517.5245812624 1564894.999866673 -438504.9428749331 -3626698.5814927034 -1768231.972930211 3099013.253512183 -1032254.6053098772 2068972.4477974274 479841.5205365794 1485381.500839995 482704.7065914948 575459.8358205752 -1641116.2935424156 -434669.61311743676 -1218175.1656001918 1897648.2195688556 -211124.56510779558 606494.4290431915 842763.9610948731 -1294913.0150921103 -805281.9738556683 -134521.76818677384 1667356.54758388 1559093.3493977457 17715.75821838129 -361780.402993644 -567809.8591830487 -278811.24745355477 22624.958620340803 808007.8643699717 947119.0600015908 -1091945.2993816459 1726375.5391466608 -1167644.3041449483 1010013.5713472978 729985.8413868801 -264162.91051312606 1500090.4115562467 338577.0498896159 -656242.6053337656 -636354.4614290363 267515.1238285445 1775606.2401491099 -1691662.4533583573 877623.9581259923 164691.7907961313 -815591.5783583029 105025.82551478942 -124894.77885555418 -2099354.698446847 -78815.85302316373 -561528.5418247419 110860.9669071466 -574296.3347098699
-3154862.4778587483 34023463.83318992 -765202.1927676017 428393.85036758386 2765897.102801929 88722.02848978687 -2132042.3751785043 -1317525.1844447402 1565704.3625509683 -312780.1636543667 3184161.280710893 1890170.527930844 -361586.6744040719 1741745.5842917624 23475.419705394947 -71683.65633965441 612142.6654632338 -1177281.580394028 270395.7839906055 -2400789.0799422236 580838.693288092 2802950.1724840105 -90089.5078122471 -1336579.3575378368 -12286.569046008515 -2021747.3860682382 990439.9202721133 2574824.855168658 -5129.965891842979 596996.582300598 -2979887.2783817346 -161006.76872731085 -843640.6893146498 1197497.7835219714 744966.5410587409 -1115845.728495049 79154.76814406939 -356240.36510217265 255400.16597904073 -1204396.865511023 -734247.8360963475 426470.32217624004 723989.4779417234 707442.3023602128 -647883.7293602623 -445131.24444200314 -577378.1214489869 1567969.3315372737 -2640846.247828344 -1220224.1252159937 -13997.778657413244 -887245.6561605799 -651228.7702471289 -1132485.1307400789 -2477703.0949577196 -879477.9671492024 -174984.75861573018 1153031.8037709217 1081566.1695612234 1368130.296975904 -57068.1608077797 1165911.201942294 -406758.7365887716 -73620.03359709868 -755220.588229508 95339.11314818663 1471664.804889315 3110849.548056444 -2811184.0013814587 -288084.186317052 -1788020.7325684654 287575.1058269635 -155798.8645171745 -632.4077195190782 1440329.1191256405 414876.44055006455 -2256663.701880495 -1061838.871688653 -45189.13625035147 -1283864.9228898615 -1605968.4504933378 1586126.9871765124 -1931399.4033721916 1554337.4163649015 288312.1287005622 -744913.7465278773 -2306916.4274576455 -560049.2331741956 -1682885.340853289 -1101410.3182385187 -826380.6709780985 1639795.3245363745 1066463.6048034544 44809.68959451158 -1193456.2337545694 -1472094.4901639367 2016326.4400750587 -146105.25076170632 192832.3433762408 -214178.57381483816 339500.42426792416 2553052.3444076106 -148696.57756564638 971957.3657891132 -333406.1785955399 1571748.6742019206 77155.85198115125 -380244.77960973256 -151330.9875582392 266084.81585417053 -2003830.9138117281 -466235.65878523444 395411.75317236065 -1233010.529597643 2243099.211690341 683541.6693967775 -417680.33090109617 -230355.15318124875 1851622.9159968111 1745970.4578913318
4016343.103281808 -765202.1927676017 36280552.768973276 -2131398.9177178266 2678894.3635377274 587195.0255263402 -2234501.79542808 403193.97097221034 -1428420.6647997692 -607907.0737745547 -502568.65620033286 -1538611.2387881195 1886981.2511303658 -2997655.608515261 -2038452.7354614877 -1114633.565346602 -1541757.2228715084 -1399021.119612464 -1699692.6951548776 1478239.9164307907 2099058.0251403362 -1536632.2740180471 -1446877.9254451867 -705347.9522377952 1158859.0819874571 -918360.062567915 -2940015.0645375764 -455612.1646153672 -776127.4134485803 -111066.29144927338 -3059464.644327595 349979.9169654246 -2932639.699152079 476908.18763894733 -575209.8546159766 1596626.0800069878 1706168.5949937103 1442750.3411898983 -1674000.928890418 967588.5262266386 2870715.7495019687 -702755.7236193636 1032340.6120003681 263144.50113362324 -2659931.4642753284 1711186.844222622 -1352910.037571643 68312.18753140591 1203458.9399959263 -234108.4560564984 -979869.4484786927 -1179406.0510258644 -2039595.6696447034 2133468.041061446 106199.21819714182 1891036.443221244 -1279725.1710562026 1555443.2447497046 11364.131638221725 -998800.992805359 -2109500.234125589 816278.9341848529 1605569.686573023 1389555.2440968382 -384328.3237824942 3004930.310393953 570515.4364938837 -520401.65847290005 -742948.404739117 -1753572.684561281 -592246.9599736342 -413211.09138256917 -2681672.2160313874 2563286.2647930263 407215.3612743019 693377.7201390035 1834230.8543523871 -448745.45963656576 -801041.3725316491 -817406.9368204804 2056522.829772679 538811.8673660106 -676885.3964313009 813216.6292059021 421859.4998876262 -779312.2779739624 -2753353.795627687 -1271993.469111435 -229974.3815036998 913466.2076352669 -476190.0818645759 -214784.7600405156 3222265.0231976216 1921679.7841375107 -192434.69046924196 311541.9003649644 1546489.341196379 -1521054.5469630205 -2570043.236074634 -1747686.764401195 2482688.926964731 -1315244.370802058 -340827.09032138635 2206828.194421581 -469061.75582603796 -888663.775561221 -270255.5784545358 858427.7361037084 3054786.3478993243 544870.5604626742 1781488.968988397 2634797.418677219 1494728.0076607591 1069234.4489829133 -959574.4899238562 1917669.6814185 -1006789.0825585112 -2305459.783288025 -2744191.718473522 -816297.5797706689
-1291154.9106771979 428393.85036758386 -2131398.9177178266 34510191.665250614 -1687224.1246015672 -978422.4303781072 785384.2251448487 -1329144.2132110808 795881.9911431059 1729855.8070068532 -855711.7220701212 1691614.758671046 -690232.230215514 -850977.5618194041 -2054202.4035163363 2278748.4006085577 196708.11796276062 -304579.45333146164 -734609.1042672581 -1229915.1370156906 -1253793.4569991683 -200046.99340013842 -388553.7678354158 -1788856.1278931366 723792.3294135209 -1148619.638833147 253325.4620497365 1775823.071345208 -45511.50596469991 1308269.2196184378 2004069.1555475653 270046.96400009695 2195884.551861706 -1751285.3194681962 47138.96240191387 452512.90740089444 -259259.06151116503 -1539497.7074474923 -642786.0690043898 -1767077.382780882 2220740.477833985 1504488.3859419893 -318843.00595277874 927540.8715121268 -1679040.8887836328 669993.1401815452 -269073.19637709163 2265065.483577868 1487540.8486781488 -319280.0596516808 -2102858.2776861684 132299.93278956992 -1047795.1229907082 -4018607.6159738596 1202830.6738127235 -1445613.2974059293 2610681.9194413996 -2191081.749694403 413695.6631855943 1887112.2883275896 1819335.2628867456 -849356.8059289727 -839234.7317223509 -1543429.297106568 1424091.7460931586 642415.2593919111 -936396.3415977987 -499346.3323131714 -453336.76259081013 2062065.5901137732 2505648.987255785 3066059.670568981 -226964.43496836728 -1038228.2941972966 -1317014.925924074 40567.15226568253 260948.1563821802 2513160.567648643 598456.5203062444 -661934.5585442801 1650110.6288483515 -391700.974971746 447388.6222590019 62421.209577629656 -1219707.0630901996 -2551154.2869922677 -2543990.963067307 -1382186.455304996 1427346.5736174865 -2031882.1485110307 1754699.1610769434 1674666.0440448865 -484353.4490139676 127536.54172283625 -1760343.288768753 1619943.1856237373 -1682993.6459558555 -1343923.1556923941 -1679085.8066115102 1370121.7258249973 536128.7491772049 138334.70819415344 -324455.1489381161 1855052.164732203 1330539.0179847104 1112939.624972028 315691.38481108675 -2314514.920993393 47416.985738486146 777569.9643440692 875451.5420114355 -53747.636738106405 2353119.5343704643 1594554.3147708005 -71604.19554734431 -201812.83433832717 1358565.220632118 383139.76434095704 -437345.9193725155 -1024475.9326619819
-468739.77317651827 2765897.102801929 2678894.3635377274 -1687224.1246015672 31092030.319319714 697343.8980824249 -270544.05207656015 -1096264.901573325 1162082.0354921157 791315.6435278518 1607976.9795211654 -1589760.9229834143 -41107.44153553064 2852001.590917414 -118640.74665064477 -83652.40312391384 -1153429.1022825837 1307408.4573772692 -626708.0785059452 -843041.8116368538 4093921.749412054 -779495.3325539336 2447763.889176017 -522836.4293570853 -190863.66413171074 -981825.4054264735 -957620.3157610559 1006773.228533229 -857813.7991851631 2060797.945253877 -2571460.5908208857 63908.38771942637 1088366.2825021967 570415.2915396875 -1897413.6222416651 -2259321.137783911 1979924.2059177668 851504.4563714464 1815417.324452403 -73469.71199288552 1620240.910258371 -621925.9586639953 1119630.3993824115 -128662.47277952395 639132.9249757334 1429979.9079405817 -1397546.3971600255 921224.3763773148 -1808850.61263671 -2653894.091386434 -1786434.8477628583 1423017.14777262 2065058.9034530374 -690898.3986314398 450175.1635927737 -331004.100209414 -2488447.984423322 150219.83875691023 -1525820.7036727518 -1591162.7586091787 -359772.95505786786 3003691.6842722883 -70145.20756362319 1279693.604369844 -176015.40609030152 -2325205.4412065246 1149522.0504892438 245910.98882404968 1805484.568770756 -3622528.4871810833 -1751572.622387139 31436.685011283014 -1970218.8267761911 1802788.5963985994 -34223.12203741044 1214892.6817643107 -805986.0305471289 -1139227.3204399643 83602.8535712134 1074886.9722768401 971870.4097710632 2104492.359440387 2089633.54603477 3554516.172646505 -1333684.9504350352 1144518.76829078 872764.228800348 2270901.501342647 183611.32702098254 288207.67854832194 -972553.2286751504 -1359429.5466080965 3634501.9457834507 -280169.28057984903 205496.442684502 1745198.3208336844 -1370176.245610067 -360998.84517804766 390574.4226479703 -247613.471051113 1228946.393774952 -303077.45640675793 -823038.6035207477 488691.9810230788 -169017.73714009282 245024.38173618322 -1080594.8114686303 -49896.35815083204 807076.6315663238 2728976.6407521507 1532041.3335133456 -1809689.9160882833 -2062053.7234856205 -460333.673400666 2545376.506306689 2680439.667257568 1970259.4677276672 -684174.0866451692 1079217.957780637 -456627.04888571386
2728066.3667217195 88722.02848978687 587195.0255263402 -978422.4303781072 697343.8980824249 33394122.595879246 -4211.170187024671 -360708.99436547334 180261.32263786395 656682.5757779226 237333.52418545666 -196623.78746102218 820169.510319039 702365.7363068208 -1114827.0753233002 -218009.43347432525 -204061.41076723288 61824.688935735 -1363254.8704409748 1492926.855977084 433581.00948159024 660640.4930369183 -3063682.8122397494 -1070177.0592735442 1429479.3971095486 1162119.8560225863 1941568.1475774203 -721268.5439701333 570509.9656671382 -3471904.0203854493 1095932.481325621 2904890.2123311237 249131.7745094521 -203310.18763974085 2268530.425133809 -1697205.109457809 1835528.6268916405 -1534614.852606972 -46255.82326843771 -1229750.8870901263 2548442.0529375058 -443057.88168610935 -2305588.176339836 -2887835.3932018504 -445742.5846147338 -65689.78679379588 -2285441.2084513376 943813.5447240043 234926.86491368542 -1057120.4417272205 -1930967.1378902432 -1112087.4512612587 1081667.9291725294 -63948.94136348637 -407974.9731152452 -876370.1734898761 338481.44158774626 -2491221.177114351 -472734.6850555276 -2547147.6260153847 1706548.3017584432 1449943.5538393734 836180.8377455492 -461772.28918246884 -2407884.394893739 -680339.9432967652 -1969129.890500703 295177.3920848107 -1583612.652011299 -487697.819065415 1244418.3562649218 -2154638.3061458305 401773.8061244709 -1525528.0637185012 -3425933.4586143875 3971515.1295905756 164766.6555028573 -4348124.599645452 -2154690.3412048835 273484.7291807097 -498051.3839915843 2979630.3717282475 -1978386.885500106 1720004.8396386604 -1117789.3130951328 1587655.5253042604 -2392263.9459793502 203816.1936119306 187811.4265629085 -631705.4393642129 800767.717044453 -1403831.0440289336 249811.40363739742 -21150.84176470238 1122841.3812276109 -1239464.0579254404 -76781.09878775921 -2058386.880467137 -3642829.0387874334 -1087063.5497285086 105015.7924018627 460867.23612508894 455100.3916677156 -1598247.163240576 -1687841.0089360545 979166.4286286335 1417731.8731276796 1422553.074545059 -2359053.6498269862 -3419274.8052913626 1231561.524192905 -621158.4460979396 1568360.738978536 91767.94925277062 1345573.1799489567 692882.1184372181 -703043.354077205 -2209183.2381597506 38073.87034817852 -503874.3172377411
1177926.332952712 -2132042.3751785043 -2234501.79542808 785384.2251448487 -270544.05207656015 -4211.170187024671 32716817.314711936 -1667526.1994002927 2690663.8537414973 -3482555.0947167063 -639411.5661374673 305917.8993284737 409379.7894885772 -708568.744576224 -573910.6206010806 874823.8608999228 1316835.6238732815 1976621.3076511498 85402.54966728293 924774.7358216528 -2447214.469067128 -2349787.0537348944 -321852.56362601306 -217823.43719613634 1465617.368815726 1183048.8194969294 -2040090.3983324948 -1627071.4551863782 -1338887.5046038937 -1082252.5598049753 1717346.8139366866 -1111750.638296801 2993502.328368321 -1099621.6352312034 2236222.177645963 2425443.896939789 -809837.1273200089 -478952.67296487204 3348965.6006243974 948160.0935994606 1710402.6198005402 -2181321.05276499 -500847.1004529676 -2680144.955907753 -572547.2861445594 1960780.4424705647 74467.67313830738 2094206.2216471427 2427259.6200424507 98353.83345869536 241218.8205085017 -1335512.9599442973 614539.887597971 -125360.94647412402 270623.3878834332 707277.341321344 1783822.2127966897 2498749.3076473163 -1402021.8546730238 1619662.0229427356 -1120098.8894815452 1533757.8346580113 -708698.0870356213 -3397601.267346839 -536333.4382471706 1739315.7125912134 -574146.0900324222 -5633753.366504341 -1838751.6716711628 340806.042432338 -2599091.6437781975 3359855.650426718 570384.1842060023 82081.65257646849 -1004483.2843504027 -1991062.7954056258 267077.28218074 3071742.6672584303 2717910.132532039 -268727.6783228325 163372.4695052431 1797427.1424319558 1433809.9600649225 3067272.018407191 2995296.6362460377 2092047.208433679 766784.0101358747 410662.3012623998 1461752.2265618334 2156234.169315144 -2790769.348739428 -1933215.6499687147 781793.6331533353 2555764.2816930427 2980363.2953538448 793809.4584385948 -2019651.4827428686 515200.85604194197 1188146.672477772 -1697109.0877716918 -852544.8450765979 -165725.79066110658 -1291804.180198948 -1200765.083693411 422583.3368290108 163133.6396193435 474554.1074441714 -656445.0502138573 -205371.29194022765 -1194096.7594789155 -314996.5298645411 644395.531108901 -1744234.0195484443 -3225393.958761561 912308.2079821704 -1247345.4386779342 267128.5708641127 147250.16431288444 1009281.5244235409 1140966.767656303
-463301.6546496395 -1317525.1844447402 403193.97097221034 -1329144.2132110808 -1096264.901573325 -360708.99436547334 -1667526.1994002927 32587093.571384583 1874312.0631902646 1372741.2412544943 96108.23538567394 1880345.5589064916 -750610.7992354865 3872557.4890143108 983678.8274123037 -620197.1288674073 1193695.2744057057 1847448.164028249 -512601.904030201 225878.18493390956 1332032.0243459283 -1175389.1588745299 2149830.48872427 -684565.4091344452 -1513701.0273161312 -503529.91955744434 311810.3465885721 -399028.9898249633 212625.1690533912 -2414850.9137562243 -328418.5414508273 -133496.8997389563 -1519166.7824898898 341875.93054984557 1182930.1114542931 -789713.018401227 -734738.0442551208 1827009.7756789627 2290106.208947093 -858.9236094831912 -751469.6983262612 2102388.487027933 1349214.0882744137 1297620.8483484602 66387.14396022122 167628.83114876007 -1481415.4254557106 -1781760.663031988 87110.17813510417 -1374119.033453363 2791135.924773169 856535.5930737946 -200999.41240581527 2172951.627310527 -1181855.183578813 286595.529135644 2211859.0628671595 -880316.2819073675 -775873.4300069916 866184.5941724529 418310.0070886279 -1655962.7493615833 951822.450321859 -88515.52794212881 -424540.06069580436 -815096.171925687 -1177603.620199506 -1147003.0593283356 1440768.7987486862 -1835032.1488673463 1782120.3948723117 -1635697.2800981677 -1526777.153377183 875371.6044923418 1178051.210621935 -1624700.736982557 -201133.03282917588 -575893.0593025727 2148857.691640789 3643172.3546135244 -3205329.761591389 -498060.1438873166 -32252.043382941552 -557708.2113623208 -1566441.3129422031 231825.4232751889 3321089.0702378578 1089064.5101129732 1956548.9827429845 -1737572.981472687 580767.2274818731 -1423140.7921038768 987885.3331086605 1022573.5613618523 -776248.1088841475 -1168230.3580194188 -600842.4631660908 1142223.7871803658 871074.6497228468 837403.4469321219 -1976331.7686822922 -3104894.4927999806 -1533679.2311392063 -1005489.6591438802 -716236.0873817727 -1567555.2385217578 -547645.4517335377 -1288616.96983562 -1303170.3405379434 1367478.9141506092 -452110.3852641941 -1817357.5321976228 -1570937.544668799 -396994.1606824473 -1619061.8447169557 -794434.2676062934 681361.5671462917 1418433.9932346942 3718997.0316156363 -3304213.888654201
-1200879.0097081787 1565704.3625509683 -1428420.6647997692 795881.9911431059 1162082.0354921157 180261.32263786395 2690663.8537414973 1874312.0631902646 31987793.658134963 -1525383.4932069755 -1373094.7025867293 1492095.105560052 -12824.20119056693 -236213.58624323027 -1697786.0679140291 2490722.0291148885 -2265665.9718760448 -1538704.0690088132 -2490783.8590487964 -2262948.64252697 1977870.0811221409 2723716.359860027 -1038002.5638952897 879348.3403908986 1467731.1725379485 -812219.7348096509 2445088.1144392015 29493.688225282443 44206.9447516268 -1404685.9069712064 -134149.8066097248 990590.7757381634 -1972357.5078579981 -996567.4104209496 -917420.9456298909 2249472.1927219266 1807928.285196652 148887.53987365792 -2927480.7546889745 768725.0537070166 -420464.6314440249 -104647.08853358851 2829690.925646269 925246.873324719 -848884.6377800525 223623.05357264192 -236902.2006383655 -486654.18223907554 -526647.4388976844 -1096186.1837330488 3359373.4784013457 -1157411.1020379541 -1223577.1163146675 247490.52317245863 -209134.39963729068 -257421.3227012813 -45283.96987884195 580876.627028391 225935.40305143126 -1291327.8048958017 1161037.852387472 -460731.3679890868 -440386.02075681946 -457616.4910691392 1448419.4628326378 -1358543.1573218314 -2065990.2060629854 796498.4797612102 -62623.53004609778 -2256512.85649065 260092.826536048 1401730.8559235395 -1414586.2247081622 -2307156.161608679 1204799.267943929 -1862834.8096324906 -1549877.4815116422 -700893.7288477552 625461.339616541 -829660.2515079308 -638685.1869250141 1261014.863913603 2077250.8362668196 582201.1431066917 968443.3299891808 2560253.612675374 1316241.5127762284 63284.68713578416 -362518.4788304119 -1321758.8561433968 -1117440.8823732715 -729831.2422535828 827006.5531435161 -45988.25671582438 530746.5436837567 -89093.48819953135 901395.2240228672 1718681.7959003723 783110.7293054698 870517.8557472847 -1860392.7409941854 -70965.82087876002 -2027629.1235862134 1720312.2076477488 -1788276.3494472555 1951461.4382096059 128797.77261714992 -167895.37147689538 606080.7948047912 -720758.8057096635 -2361606.7659086883 -2185451.279827495 -1043737.8779962228 625554.5156088624 1170333.7809582287 -2689361.34650208 826359.9999015701 525334.1248057447 1987399.3498083586 -1925499.2220367664
-1238558.3307883109 -312780.1636543667 -607907.0737745547 1729855.8070068532 791315.6435278518 656682.5757779226 -3482555.0947167063 1372741.2412544943 -1525383.4932069755 33890564.3594229 -1191534.0155685947 1125928.1598678618 2394075.6690880875 913841.4937841039 -1205880.1477468489 580335.0698818038 -402841.6217531061 -1444041.8458425857 -1459824.8344121103 -194766.33745127323 1032633.2458168296 -3086693.3945198325 -1420135.2991868805 -131850.83768546628 -702462.8381732024 -2195244.951444423 1620703.146232033 -850021.3163325528 1256937.0755157957 416546.6620920388 248262.68004130598 1224868.7143629303 -760158.5527757219 -395342.58885374997 154956.31430158528 211523.49195621916 -450094.0584908201 -994022.1617112315 -878889.6136255377 -1287854.7777125486 -2401267.927448736 -464666.8388725845 448392.03894179955 723967.4093441605 766108.4749049956 584249.7190294088 -1197046.0187194853 -823288.0837411102 -482034.06467346183 3250699.4924109527 -2143472.9276810554 -245318.22480958965 -191897.7097890105 -2005173.0245736646 -703476.2918766072 335199.5420271531 -38472.91861160719 -3704373.872081764 141470.6713520903 1334806.0313362682 2304908.4106913167 5637808.815123369 -3167528.1982109793 1035378.0243385131 791832.2963753423 2641792.6434401376 107578.63437904627 -1956034.7413304483 -292851.25960908236 -339010.1998803741 -441132.5426851111 69627.00466556563 183059.07498453165 1003179.9874253651 -932669.4574620342 310273.7533927591 509324.25475560327 2865509.8102770783 1687118.334662361 2832415.700839403 -121502.61311007154 -349011.61027315265 -1856626.4907784117 -246409.40245494322 -3482533.6456495365 -1103357.0313530224 1078299.0890998472 -518368.02412732795 2350962.073448059 987785.4698901459 -1611660.5168060882 -1937364.7810290093 4960789.504767599 -1804488.259903982 976328.4003511507 690313.2086571865 796937.957989694 -560872.640596307 -1798952.7026426112 1603680.345478733 133409.63819076767 3097767.2116283537 -1501738.1724561383 -2561789.6431587897 1374483.9240556674 1098412.3916107528 -869004.6865450747 -1740657.3368697665 3574146.0037414986 1417731.6921473506 1059783.844796976 2237564.9095632555 1845981.6671107553 -267632.0774372286 -2116130.455584008 530269.0411032317 -2308166.8048852803 -684596.573379262 597972.8844804588 -2242590.202375687
1491907.66246313 3184161.280710893 -502568.65620033286 -855711.7220701212 1607976.9795211654 237333.52418545666 -639411.5661374673 96108.23538567394 -1373094.7025867293 -1191534.0155685947 32793346.863588966 419619.3745363902 -100273.5515637252 3007083.4294463797 -1257998.708164135 -1588478.2534172537 -793261.7504270159 -1952838.625126002 1036453.9510172849 -526614.7619427859 109004.09707427165 1095924.8493100032 422975.1167203009 -2499902.9000253943 1478840.3975199389 -656105.5554241028 -891450.6438589157 -979053.6090828143 -251005.66079765203 -1306056.2529652282 748431.184427395 -1984195.2298037028 -2798914.31508872 1235803.2577455346 505416.78071331733 -2185514.3467397587 -415172.2205393282 110266.26892210759 -1051638.3624275748 1255578.741444138 -2183397.3977656607 -1645173.3603493392 1733265.3665207278 -1055427.9188549777 -2849205.7183751953 464247.2227310607 1659637.5727566935 -1518928.1947424533 1469339.9775458437 -7743.230342305728 -764129.7082475842 821550.446879493 -2471611.7649642956 3490245.6105481405 114662.98439659146 2078489.6540963335 1074088.4227358585 -2502794.954631052 91801.07554904823 -699005.4386307172 1231724.157399209 1158766.8165710522 -2060002.6540986893 -2411090.295140951 -1762989.3292217394 945782.4464098124 -817574.3145014937 442571.6867602787 1215452.3597298926 -2048442.3756884637 1473122.9806468864 2247225.517000385 1174214.2506420703 1847735.295565902 2675337.021112758 803695.2495461508 751117.2997892854 -1485767.9263964633 -878710.1977675479 -1592393.3200542897 1371106.64953291 394339.02228764555 835897.6543566332 -738327.5822761359 -3586419.894872709 -1648232.8201989795 -931710.1328845947 920598.2654522479 1899785.0327747024 -1510973.3954797653 -2610807.3425178127 1425886.155946299 -1304102.9799483228 -3032649.096079699 -984061.1809092389 -1239854.8092937924 256165.48555796762 1251537.781576441 1947495.2600384671 -150378.65857439503 329127.34789031115 -1238188.2445068522 -3094396.6007899554 2113414.62842826 -1796905.0933502559 226171.72733888056 -92160.26010253833 2686262.607845985 359044.1291719283 1577060.019007744 -1333022.6046314663 -1213151.6070958138 -112818.09095053736 1379898.9289241144 791564.7761345614 2688323.047538029 226606.5811173436 -2761158.597176983 -157884.44655914654 -1375594.7896972245
240852.2937706837 1890170.527930844 -1538611.2387881195 1691614.758671046 -1589760.9229834143 -196623.78746102218 305917.8993284737 1880345.5589064916 1492095.105560052 1125928.1598678618 419619.3745363902 31947606.54101487 -555355.4429727116 406858.2627010926 -1291852.6034325499 -38451.03461337317 1182458.215424117 387399.8313868944 -905193.68457046 -1670873.8519338411 602864.2822205579 2751265.4547305848 1296284.3640848077 3068065.229360679 1398188.426516087 -535680.3171486321 451332.2561595389 451498.5425545948 1412047.836507096 -2474371.764597864 -416312.1867013136 -1016313.2400285285 -811465.7571239612 2407877.7833155184 -761527.0084298213 849542.2613480574 -849565.927413061 1819885.4997932757 2765221.7266993574 410433.6235248022 7903.275836405019 2533993.8824101775 1801854.420565654 -1140966.1777177653 -535071.1707294632 -2327837.072081461 1043343.3551564985 -942379.8016086456 3120492.131795874 1055345.797252906 617243.4374341896 590816.3266356253 -259629.56121811905 -1097300.216560689 412611.6176617051 1059361.938897212 -1792879.6390521252 -2650162.9356425367 434575.9524529595 1951073.0093190258 -907191.1611855222 -2381962.719188939 -1365994.9275706788 -2529741.7065685703 -397983.17230855784 -662234.3796811558 -1715600.7546184573 412100.03682864434 2716924.36966389 -986334.8771910275 2061145.0475101832 -582821.8859561896 -1130763.2047941566 -3452064.294567724 413591.95281315537 1315425.990481806 -205267.0713279075 -615800.0322690556 -1527163.0640709915 -631225.5351732372 -2317095.505385805 -3986629.787146559 215125.90817565066 -985840.7575315464 -590897.0789587271 -2889927.488689398 -207297.12853991706 1506055.9711557867 -3224798.1954522696 3694836.7229980533 -725603.9405103527 -1179954.2921226202 777271.2133292544 728401.7971037745 1560360.9188818166 -279751.6106300882 -2284830.6567652174 659887.915325125 2429463.585408861 -2183335.8859143956 -725499.4667197049 585450.2803577714 -86820.92834065006 -875976.3572624353 1951430.6174442584 2897073.2682093205 -1902473.537201709 1856144.4719941046 -123025.87081415467 753156.6639129304 2081155.9945983086 -1960818.882300095 1657859.833386806 -576062.3593821583 1317924.691240041 -175447.38861099991 1418112.462115041 3231424.1062040143 1491558.029039063 -421416.2497935619
-2038250.0632661425 -361586.6744040719 1886981.2511303658 -690232.230215514 -41107.44153553064 820169.510319039 409379.7894885772 -750610.7992354865 -12824.20119056693 2394075.6690880875 -100273.5515637252 -555355.4429727116 32362108.086696275 231631.35277848615 1201200.5026301316 2371473.9369458933 -602391.1738710611 1900971.8149273489 1432782.5057123592 -1027267.0083320038 1147493.2183486016 -2495708.1748282737 817568.939608072 1558367.104205402 2092072.0471882185 782424.1622630256 1117153.2546728961 1888715.4006162244 621835.4616456298 210219.82373170214 -1466948.9094629285 2841038.2317396966 -231298.00431390983 -1705433.4072040205 2795465.3750782292 9936.409148057151 1583533.7769043285 1057985.7703640945 312223.1061193156 -409025.1478571415 2291353.9505722015 142410.29218657129 913327.8398274676 759609.8628417772 618362.8635509153 -954311.7323761435 405049.6725486828 -1601316.3977070407 -1217774.7736724506 510060.8199234214 2244812.20577599 3127605.81213262 58724.164642634285 2553106.4369971477 385361.52361696 -231223.2265124826 1265851.5483718829 -3065328.7427409617 588728.7071486894 -772313.8325817382 -1226721.0356376376 -57681.28996547481 -3368164.1952688727 440195.54993307975 -31199.96153056484 -111557.7972834763 -1504617.3217013003 -3226468.7584921718 -356351.57704061904 1870058.3923642696 -1440586.6618716442 1698949.1159183097 -1139589.2756968478 524608.6189462352 -2169204.8312955652 -313833.4329216018 -826308.0956621864 1612843.2485264267 -214168.71079891443 3077737.503172094 1318143.4668744958 3615173.159186175 -2186186.2528871633 1737255.3532551564 498889.2765138163 -987802.3473895481 450243.0929070009 -2642066.5983507577 1588637.3192896207 -829819.2801219667 3218541.020674786 -1089920.5876514043 -541362.9937479367 -1680622.3252768612 -1259955.7579340988 751232.8841460756 617352.7996781823 -518809.6388536859 -210649.91684321922 3003638.921861186 -582259.1808569845 550281.882515482 3218639.283661602 3572880.400870617 -713604.6696351117 1448529.1708044242 318683.69682687457 -153647.2245949229 -1409392.8961154385 8179.055292455488 1785593.5049608685 -2533794.181015118 585270.0105328826 -988071.6958401833 -440857.6642083393 -430396.38080993795 2415053.384769121 -2832637.5568586877 -42062.675137224745 -670956.6215732404
-3743854.766640342 1741745.5842917624 -2997655.608515261 -850977.5618194041 2852001.590917414 702365.7363068208 -708568.744576224 3872557.4890143108 -236213.58624323027 913841.4937841039 3007083.4294463797 406858.2627010926 231631.35277848615 30756469.576217264 1236983.9667307278 686662.006002674 1169962.7134269336 2175931.5636097705 -364407.20859268657 -303494.5713356258 2265587.3193642516 -4687983.364522472 3716256.075872916 -443768.3585806149 1312795.787168148 1101515.881285041 234144.9571054752 928096.8574076802 347536.54701292823 -2129603.4093175735 -696890.4398578383 249977.40658446864 -654899.7389653838 373991.09565518255 3288417.355532908 -988985.7583024458 -1390915.439817193 -1128510.1571070896 334516.8383697566 -434570.3703208422 -1890723.8676787692 -701453.9221865927 -2708813.0600343826 -192103.8948569028 1581627.9466687543 -337622.76569578925 -1668267.7924484198 2560917.081455942 -1246543.4422882346 -1639450.1919498465 781321.3971284908 -870499.2787125956 -909038.7136376274 4060283.6491033174 1697027.9262306506 -491044.6081905961 531669.2557119234 2372992.177328085 810678.5443362636 647397.2123901929 179458.6553052389 -1933579.4559548555 731637.9416384618 -2655149.296401243 -2201481.167579081 3282473.717233722 -854691.7608604503 1068550.6139513063 1443849.0575515504 -1664869.1872987165 365857.40840244445 -3530472.6936124223 1399888.2438400015 -584367.7472511188 -241586.47717884384 -2440570.94707508 -1487039.0726375254 926077.0134277674 -1014785.2939715832 2254801.1871531005 -203512.75507506952 171827.94468075308 -2252678.3986483295 3373358.6129641873 -4843487.6126667205 -905586.9242253655 795476.7619275049 814939.3369653346 6229.243001954222 397628.3107496504 -429379.9993479945 592380.5114139424 -411739.92979401426 -2784982.3875317895 -3349313.1348904762 -1433449.2077020607 -1808953.8767834764 1013223.0025266206 -1845100.705946604 -1118008.8315751823 147098.9755316395 1357061.652143283 1379272.347350659 -765052.3511583535 -1206756.374451527 541548.5029554554 -1959887.927173748 968143.6673935635 -1360200.267727197 858679.5223475375 1956126.4338803666 -789460.2965057121 826898.650425183 -1059866.337952487 86670.25276442539 67359.8882015223 2220855.2767202444 456875.94025505707 283930.3108726441 -2095620.1658918124
533632.1184147445 23475.419705394947 -2038452.7354614877 -2054202.4035163363 -118640.74665064477 -1114827.0753233002 -573910.6206010806 983678.8274123037 -1697786.0679140291 -1205880.1477468489 -1257998.708164135 -1291852.6034325499 1201200.5026301316 1236983.9667307278 33804819.305549175 -201354.5035927527 -1626018.3252185069 526192.2971874549 1008320.320727985 -1071176.32507148 177853.44838348436 -1813794.2609850762 -868804.9198100858 541307.7694293774 747817.512675396 -231780.08634216466 788172.2801690706 1288492.980494931 3244850.930823856 1382794.9671476525 -2511447.0406006766 1482212.5245816053 421852.70243432315 591699.1966069773 -1058914.9998459145 713325.9960487027 1197186.1583208733 -3397566.167537037 531276.9428068529 442166.3847349194 1529794.569957333 3840649.825236904 -88339.09125631527 -1208240.7751607208 172185.1692279417 1495985.6150085202 992416.1830574924 -1683242.6648997841 817276.191019894 1060901.061970207 -471706.29079582077 -3160262.6047832 -1570768.9397595667 3127470.8281261567 -2124875.1149064247 -2784147.765327777 793010.4055902435 1804578.3311820547 1922633.2417509228 367378.3117971136 -822104.4908445436 -295421.544899899 -431311.243000949 -361520.8289690027 -145901.20852469842 -1066268.7877483165 698651.6078307236 -926224.9900065504 -1098260.251493025 -637987.5471504419 -586793.5001184337 1032511.4347613925 -2010785.987404031 -721321.1368240924 388805.13157735014 -2737453.062781397 -1485112.7164167727 -578050.4423222631 1510150.7114334116 1251608.2497441315 1762068.2728189235 479303.9840282843 -618374.2581282851 1370633.4577561284 1712391.7526628159 1409022.849235701 618076.397804271 1675147.8480477447 516981.6598720831 -2125901.0576869408 2431907.593427475 3887109.0596727068 -834625.9997090346 324199.93476513354 517261.3050672079 302354.54373593605 -3194335.72158408 792968.7456342912 351788.16393362207 831870.119630164 3058438.0657329643 2708439.5877377717 -1199639.7967641358 -2690433.0882912325 321724.2334310305 -475717.411975227 1254713.5482218892 -833439.9939928892 -1609520.4439613768 519462.165251307 -313003.53791888227 -1535302.728821728 178695.7253355444 -1255734.6985981802 2367584.4809798445 702729.4388221647 2571446.4520825213 2965064.848439721 -1938053.597520392 -159748.459030294
450057.4921944832 -71683.65633965441 -1114633.565346602 2278748.4006085577 -83652.40312391384 -218009.43347432525 874823.8608999228 -620197.1288674073 2490722.0291148885 580335.0698818038 -1588478.2534172537 -38451.03461337317 2371473.9369458933 686662.006002674 -201354.5035927527 31078300.046555936 380288.25013075286 1565388.392691171 1268209.8384253858 -315474.87045566353 -818525.4420051107 3083684.539070745 -339954.46935448376 -143066.40514007912 235909.94549749626 -1204718.0785262932 5282495.320765446 813213.2581163154 1190022.7721717604 -904526.9052304797 1679464.8673166789 1039606.3307693354 2365820.7049660305 -2040341.1948618907 3998344.1166326995 -1371266.869312726 381364.45440146036 1553820.3424833517 -2338653.231855365 -1377011.927931051 407871.13580476964 786585.2242186565 2383823.561066192 388881.3473881943 -992483.8257623326 -1127399.831264223 -488938.6004014863 3137490.3966585905 -1549534.4573977313 -1301282.8320633264 -458036.5772050488 -1169168.80795638 1681121.6494087682 -2457260.9668786516 -181874.83164520405 -2049278.6467466205 591567.2297188079 -1180660.9583648138 -1123208.0568021275 3008164.251814399 1803290.5378988953 -797640.0453410246 -15797.376456538417 -2894046.997600288 1408328.9257295253 5786980.976280253 -2134485.2327162907 207228.80613331601 -991208.9339387025 1909944.9458883596 800064.6674901943 -1071995.956398871 -66044.96465843571 -812399.5573955774 -804164.8990397613 465744.3979447692 -1747153.6558179946 933072.5562889054 28014.81790152397 8066.051436325264 1660151.378420112 -1114689.0074385968 -212155.29791837768 -3841052.2370571033 311710.7835652836 -1835412.1113512416 920026.0361537987 -66591.87692482176 2926955.390599498 -2296825.5934934397 -1171941.8458493343 1065766.5672471658 1719379.2377221603 1010309.8313796553 273371.55605077837 2153267.8178326697 2075163.6820380692 643360.3477474252 -652632.9163913063 -1270801.6967196683 -667305.5338158411 1573093.3359741704 443275.41392670735 -153744.0467967461 -1335009.4571626305 824025.0816756558 589400.2186570319 -2266276.0248181876 -717555.8842628828 -310011.5261690779 795087.2280499323 269747.66007149825 205340.93823344854 1999730.2628775337 3127204.8385545523 877624.8415640461 -1701553.5385832065 628245.9469954531 -649280.8861885996 -341358.0619781101
631619.4278691307 612142.6654632338 -1541757.2228715084 196708.11796276062 -1153429.1022825837 -204061.41076723288 1316835.6238732815 1193695.2744057057 -2265665.9718760448 -402841.6217531061 -793261.7504270159 1182458.215424117 -602391.1738710611 1169962.7134269336 -1626018.3252185069 380288.25013075286 30431583.230268843 569531.6246166973 1877405.2656016294 -89759.5625004055 -390585.75295701425 -639720.077952718 1853555.1626847412 -2206414.5470074886 2065228.9720586746 -2731340.266586376 -1279628.067798589 -1415247.0355163687 -3201190.074563403 -1678979.9346769194 2868324.5224631163 2069672.976460702 1736292.7307469796 552040.8533079515 1856483.989710752 -1642237.975989786 2492688.797969849 -2081737.9808650413 -1680547.3959101485 -220751.0286465033 1959960.3677305724 -3307443.4172851774 2186710.82034832 -1624211.5560798733 1626198.0541498447 -1558042.8346327094 2717248.122722705 1632143.176578467 1967991.6478915326 127635.29330879738 -1562243.37857019 44530.17122231897 -1123030.8075859735 2353037.501107351 1177836.6740955608 -378750.9874260404 348146.510424927 -628805.0458705039 709644.9033066664 73944.98683156895 -1429738.4495556352 1173399.9276319388 -816864.5037151517 -497750.67588790186 532103.5580505215 -1753349.4278235894 -1111234.4736836534 2276120.165327583 -2732247.7169101564 -2799726.7198396795 -708170.5988650088 -34742.30686536564 1968897.9301311902 290050.46854553395 -982412.7304354751 234702.88068502417 -1819226.2836780134 1873419.1009942214 -587592.4249067388 2570764.524814368 -144782.82723850067 -944127.3667127287 -1191306.4871415931 2394239.499046526 861516.4970294824 -1455578.9910735516 1421659.1473554063 -1788711.3097677857 -1200758.0379433027 1951444.0246770564 1315884.3715716114 1387913.16226886 2501270.7605143865 1495746.8662897428 237769.09959465681 992789.6279847975 -1610651.0122913285 -1536020.9005201745 87326.5751455338 -1550369.7131202763 774719.2259235958 -623001.6663049924 2955315.125293359 -2649454.182056756 -1858171.618882759 -211968.5242090327 -1659657.615382477 393473.05561846995 1546679.0936811848 -1071611.0185973416 -2529626.7122574826 -894368.1519774336 142145.97346043584 713369.2682761467 -2032259.2946269007 2966208.340886153 1068383.0141457438 -2219760.4941885145 820353.3554919431 -1678472.5114527417
