33621527.98735371 172222.3210403255 118585.58895112458 1352912.8244566857 1529320.8484860612 -1086540.3847032546 678447.759528258 -562533.4234927199 828141.6951109053 -2060961.2164242896 105840.66463230681 -2312185.647543369 2087872.9150113128 1807240.3101957266 2843924.8282411704 -76721.02831417677 902887.52120835 89773.20463717953 1717010.452025892 -1460559.5428798804 -3216266.262576565 -759231.5826239468 1116289.5535795335 -195405.2544248463
172222.3210403255 31968593.07019425 3155231.432249221 79688.48033283644 -1049084.5099420634 609346.1717901541 1330534.8247162877 -383344.6193200426 2613121.61341318 -1318097.728494799 624568.1995057384 124156.39486305436 -246117.8203321847 -722568.762771579 -1818104.0984064692 2873536.907204473 2059287.9045490846 -2484303.736154028 -441775.5141069904 2022032.6427815608 321077.94491294626 -383077.5932723595 -710790.5506831357 -803590.281649885
118585.58895112458 3155231.432249221 34230286.9275884 -252518.744833376 1347749.2221407401 -182485.49995692633 818706.4639837979 575736.3944204723 1075564.7975815728 82982.1939542541 2228892.8657213333 769919.771197747 307486.12552732835 -706030.433161883 847614.2817207666 -659001.3560468649 -2854018.338769356 -2373438.2293886365 -380464.27871538757 3591142.381967829 -1462959.2177936183 9549.209250590817 1465728.3341475904 -472993.04106538894
1352912.8244566857 79688.48033283644 -252518.744833376 32957305.42773168 -227793.42742527192 2493730.7873022077 -342117.5112592632 -2357500.1559696975 -2638092.2081900598 -465549.0058416386 -1915267.5319629142 -177105.6652095283 1114494.0537574922 1636399.760467825 -1079551.4872555824 -2653668.213073864 -238505.6075070011 350001.2396215069 925683.9945239646 783295.5931223979 -1040159.3921106098 -274958.9501039974 949029.2933574535 1258292.1561700746
1529320.8484860612 -1049084.5099420634 1347749.2221407401 -227793.42742527192 31826447.850619826 244011.90368049146 -452927.7993953274 -1736944.580323548 -1208368.0467424453 -1139501.8923080906 -68552.99084878831 2079734.408127971 -637376.4633559629 -589895.9642990286 -873931.6250640602 1374619.2388800299 -1381504.4505940217 591059.5769427483 3471882.3339884416 791595.5794258747 598345.2715472573 204300.05206150742 -135287.896993781 -202253.53049520135
-1086540.3847032546 609346.1717901541 -182485.49995692633 2493730.7873022077 244011.90368049146 29755064.586827446 948582.8433901219 1684057.54134862 43175.88557860889 -3257001.4552259026 -1938745.8126090372 1587376.0403436504 -1717640.2822073328 473380.58617662365 -1166198.7252400103 -673287.1375299703 1070855.9212525373 -374458.20953333384 -1974241.5642145448 2339623.205791602 136068.95116201197 500302.0598979017 102802.29739974628 1063087.2603443905
678447.759528258 1330534.8247162877 818706.4639837979 -342117.5112592632 -452927.7993953274 948582.8433901219 32510228.768872596 2393875.7693273015 -2201154.864576022 -739033.1804980839 -592512.7642658651 -2306514.518894543 43757.43078645723 460563.2633104187 476107.49527823384 -1598855.1948574008 -2474812.8383821105 -4951636.825301277 1608706.8695395659 -2690812.0867601368 712131.9668858536 -1942894.156086978 -215292.27237363154 1219126.792082358
-562533.4234927199 -383344.6193200426 575736.3944204723 -2357500.1559696975 -1736944.580323548 1684057.54134862 2393875.7693273015 34920730.016799994 2055435.4046081675 399070.47742145235 1592011.2972202008 221553.58596303998 1926432.1012919813 1173694.8217020156 1917622.1488640844 -1235392.720579195 305976.5162026104 -2541776.092489772 -1781682.6971944668 478554.76742578286 2303904.5987418406 2022914.7140396761 -698228.9969694003 -2238848.167378424
828141.6951109053 2613121.61341318 1075564.7975815728 -2638092.2081900598 -1208368.0467424453 43175.88557860889 -2201154.864576022 2055435.4046081675 32935029.292914584 1713133.3174815446 2091118.6720009863 803629.3661122267 1782232.7197043786 1018007.8200418053 2051152.927593876 -996502.7864159307 1358175.4165021577 -1396533.2386238654 1483861.9392621343 1534709.064721317 -1890564.7580995073 3357844.151815689 -1913003.8908153386 621187.9094850465
-2060961.2164242896 -1318097.728494799 82982.1939542541 -465549.0058416386 -1139501.8923080906 -3257001.4552259026 -739033.1804980839 399070.47742145235 1713133.3174815446 32416173.65732803 800971.831528647 -1791624.051232165 150354.51725959676 2342178.4488897347 -543824.0758548193 -843359.4023042066 2729222.4492064593 -590050.081545661 91775.94333067373 -1441603.59530042 -1207331.8657814802 -486674.8946694684 217149.59988491464 497246.25217976427
105840.66463230681 624568.1995057384 2228892.8657213333 -1915267.5319629142 -68552.99084878831 -1938745.8126090372 -592512.7642658651 1592011.2972202008 2091118.6720009863 800971.831528647 32722094.541527137 -646517.7574189554 360880.5080327241 -1250958.2526000405 -154843.97035907686 -247652.80993857246 999651.6771441939 -2073355.8032016433 -630881.2339003314 1090372.4377279459 -442151.28628628474 2584096.2240450406 -3192259.7314131395 1334358.1994158998
-2312185.647543369 124156.39486305436 769919.771197747 -177105.6652095283 2079734.408127971 1587376.0403436504 -2306514.518894543 221553.58596303998 803629.3661122267 -1791624.051232165 -646517.7574189554 32965407.497365758 -1625015.5445545902 1899606.2049498612 -287609.79090938816 -165863.90730120725 334457.5018625748 1382961.9093583801 -2297946.3797196886 4231954.762711123 1038728.4471526947 60621.64597720081 -616504.6102502781 33455.30371343329
2087872.9150113128 -246117.8203321847 307486.12552732835 1114494.0537574922 -637376.4633559629 -1717640.2822073328 43757.43078645723 1926432.1012919813 1782232.7197043786 150354.51725959676 360880.5080327241 -1625015.5445545902 32600060.527663384 -779387.5918635431 -413150.01343576895 460669.4326396323 506775.0347980529 -1704185.8572747817 -260910.37142723877 -182990.5792546425 -2829220.6282539116 -169429.99527234168 -44432.361471364835 634593.3119941237
1807240.3101957266 -722568.762771579 -706030.433161883 1636399.760467825 -589895.9642990286 473380.58617662365 460563.2633104187 1173694.8217020156 1018007.8200418053 2342178.4488897347 -1250958.2526000405 1899606.2049498612 -779387.5918635431 31932617.830524903 -779044.2915204845 389144.7123035266 2236521.4155007484 -1872064.2447018793 -84095.42072045272 -1406104.6059576222 -4018211.9636002705 2728.9429728325713 750165.7132114818 1691911.1969129334
2843924.8282411704 -1818104.0984064692 847614.2817207666 -1079551.4872555824 -873931.6250640602 -1166198.7252400103 476107.49527823384 1917622.1488640844 2051152.927593876 -543824.0758548193 -154843.97035907686 -287609.79090938816 -413150.01343576895 -779044.2915204845 34397002.639187545 -698195.5867023763 897615.7596246417 -433995.4570753314 605684.3288384152 -1833604.2334712383 -1687295.9525365275 2606204.4229777576 -895306.2950119668 -2090578.4560451256
-76721.02831417677 2873536.907204473 -659001.3560468649 -2653668.213073864 1374619.2388800299 -673287.1375299703 -1598855.1948574008 -1235392.720579195 -996502.7864159307 -843359.4023042066 -247652.80993857246 -165863.90730120725 460669.4326396323 389144.7123035266 -698195.5867023763 31913374.97455068 190995.06618231974 -1026368.2338890013 553550.948060878 -1109703.6543081054 -452436.730486619 -1090837.8209142848 3175148.6848923485 -709562.9375212356
902887.52120835 2059287.9045490846 -2854018.338769356 -238505.6075070011 -1381504.4505940217 1070855.9212525373 -2474812.8383821105 305976.5162026104 1358175.4165021577 2729222.4492064593 999651.6771441939 334457.5018625748 506775.0347980529 2236521.4155007484 897615.7596246417 190995.06618231974 30111649.436534826 863459.8544849263 -417192.3145721746 89202.97771351771 -2508440.9863054175 755138.4083407171 -43882.558457382824 536456.4505670787
89773.20463717953 -2484303.736154028 -2373438.2293886365 350001.2396215069 591059.5769427483 -374458.20953333384 -4951636.825301277 -2541776.092489772 -1396533.2386238654 -590050.081545661 -2073355.8032016433 1382961.9093583801 -1704185.8572747817 -1872064.2447018793 -433995.4570753314 -1026368.2338890013 863459.8544849263 36494508.1081277 -1505369.472258137 -730777.6014317892 -1178772.8295832216 -1026271.3713550348 252252.52142111363 -1592533.4438772926
1717010.452025892 -441775.5141069904 -380464.27871538757 925683.9945239646 3471882.3339884416 -1974241.5642145448 1608706.8695395659 -1781682.6971944668 1483861.9392621343 91775.94333067373 -630881.2339003314 -2297946.3797196886 -260910.37142723877 -84095.42072045272 605684.3288384152 553550.948060878 -417192.3145721746 -1505369.472258137 34152584.7850279 -854975.4731812923 903407.6236102465 -10066.627566251009 701035.053776615 256500.78469673975
-1460559.5428798804 2022032.6427815608 3591142.381967829 783295.5931223979 791595.5794258747 2339623.205791602 -2690812.0867601368 478554.76742578286 1534709.064721317 -1441603.59530042 1090372.4377279459 4231954.762711123 -182990.5792546425 -1406104.6059576222 -1833604.2334712383 -1109703.6543081054 89202.97771351771 -730777.6014317892 -854975.4731812923 37269528.590496495 -1188717.8964444974 4330797.450581537 71917.87239947222 -1314373.6638148243
-3216266.262576565 321077.94491294626 -1462959.2177936183 -1040159.3921106098 598345.2715472573 136068.95116201197 712131.9668858536 2303904.5987418406 -1890564.7580995073 -1207331.8657814802 -442151.28628628474 1038728.4471526947 -2829220.6282539116 -4018211.9636002705 -1687295.9525365275 -452436.730486619 -2508440.9863054175 -1178772.8295832216 903407.6236102465 -1188717.8964444974 33913617.12449014 -939440.3773461272 -12335.66454917316 -311063.68422601116
-759231.5826239468 -383077.5932723595 9549.209250590817 -274958.9501039974 204300.05206150742 500302.0598979017 -1942894.156086978 2022914.7140396761 3357844.151815689 -486674.8946694684 2584096.2240450406 60621.64597720081 -169429.99527234168 2728.9429728325713 2606204.4229777576 -1090837.8209142848 755138.4083407171 -1026271.3713550348 -10066.627566251009 4330797.450581537 -939440.3773461272 32739659.445858665 -758765.3045289475 363956.8384978795
1116289.5535795335 -710790.5506831357 1465728.3341475904 949029.2933574535 -135287.896993781 102802.29739974628 -215292.27237363154 -698228.9969694003 -1913003.8908153386 217149.59988491464 -3192259.7314131395 -616504.6102502781 -44432.361471364835 750165.7132114818 -895306.2950119668 3175148.6848923485 -43882.558457382824 252252.52142111363 701035.053776615 71917.87239947222 -12335.66454917316 -758765.3045289475 31384428.079578638 1732175.7795966556
-195405.2544248463 -803590.281649885 -472993.04106538894 1258292.1561700746 -202253.53049520135 1063087.2603443905 1219126.792082358 -2238848.167378424 621187.9094850465 497246.25217976427 1334358.1994158998 33455.30371343329 634593.3119941237 1691911.1969129334 -2090578.4560451256 -709562.9375212356 536456.4505670787 -1592533.4438772926 256500.78469673975 -1314373.6638148243 -311063.68422601116 363956.8384978795 1732175.7795966556 29205464.1569651
