34151084.02804232 3041872.045100469 -1616589.8315381778 135463.94676561825 -1542426.8627486108 -2022380.3634970076 -1648040.2666026384 -1462530.0768458357 2190224.7730637384 1350958.0494544415 2680022.2035515313 -1343580.055065123 -2289753.8180712047 1651444.7821764562 -1231261.84384552 -513402.71725581883 266160.59174772765
3041872.045100469 33938618.84850307 962886.1869384298 1068771.8584432877 -71422.75022632377 -839916.8999668426 -760868.9455737909 8730.336063372199 1578142.9681664812 166476.1213991914 -1880230.5747057584 -1735756.9177470636 -2859894.7953034593 -2167402.481203651 1986100.7853120952 -908460.1697370255 -60777.37698951423
-1616589.8315381778 962886.1869384298 34659745.35060192 -139348.45235162313 -2194335.9184414577 1132207.9795965932 -961853.3881700508 874300.7543871092 2061424.7839100535 -1405699.3173999018 1832071.8204309584 -653842.3186256712 2195757.1990373572 734603.3068015301 188192.16544706206 -1555888.1521061608 -326098.79127018806
135463.94676561825 1068771.8584432877 -139348.45235162313 33286853.780554343 458066.813129957 544047.4020749361 -121260.22056813096 3470991.4460235615 353826.38362082007 -1598672.619764222 -1301928.3834497747 1005581.5688273383 986914.4087939115 -2342597.5851244414 7553.9425825657 -1333661.9694801979 -1873983.365054212
-1542426.8627486108 -71422.75022632377 -2194335.9184414577 458066.813129957 33371891.300357796 -181270.0647930967 -598109.899075929 -251385.21901519632 789228.499645801 1074257.0933867346 -354653.7892214404 2869957.496831968 -774515.2580303273 -375799.46684898896 -1952082.6201252865 465343.48753445357 835416.0085882508
-2022380.3634970076 -839916.8999668426 1132207.9795965932 544047.4020749361 -181270.0647930967 31628293.08253667 1565844.0457821928 -2970463.522111628 -582615.5657217564 1670177.13878528 -1456412.338388344 847433.423368763 2613799.06232563 1400360.4548591473 538511.6588158814 -346655.48988007335 -1607164.0233123794
-1648040.2666026384 -760868.9455737909 -961853.3881700508 -121260.22056813096 -598109.899075929 1565844.0457821928 33862891.0946486 -116087.82144874851 -332523.45372352144 547883.1515595365 -967945.9663064925 -2955484.6430991045 -482113.37730570196 -1312938.1093844748 -747787.1782689155 -787834.3506304778 -73710.47394402254
-1462530.0768458357 8730.336063372199 874300.7543871092 3470991.4460235615 -251385.21901519632 -2970463.522111628 -116087.82144874851 33539182.228268985 -431037.0952457854 258877.67857368916 274073.4596575949 -361635.49559393077 1537900.2300689558 -1478764.2235555905 1066485.6654431492 -111093.1710283509 1197510.4191086502
2190224.7730637384 1578142.9681664812 2061424.7839100535 353826.38362082007 789228.499645801 -582615.5657217564 -332523.45372352144 -431037.0952457854 33787615.57580052 2089210.8071520329 -2166415.9750325973 -1214073.5228384847 -461228.0840324033 978698.2708147801 -147846.69382008674 -261992.54196048016 -3459132.246885556
1350958.0494544415 166476.1213991914 -1405699.3173999018 -1598672.619764222 1074257.0933867346 1670177.13878528 547883.1515595365 258877.67857368916 2089210.8071520329 36084027.270971194 2113998.209479418 -931146.2945751722 -819780.0389718704 -8026.010259018877 -1021884.2272304975 -426166.5915646212 -100602.24509166068
2680022.2035515313 -1880230.5747057584 1832071.8204309584 -1301928.3834497747 -354653.7892214404 -1456412.338388344 -967945.9663064925 274073.4596575949 -2166415.9750325973 2113998.209479418 35201570.68169226 790727.7127874363 1819608.1474636407 1827550.094631223 1398986.8783981828 1441321.8254386159 1013400.3441497403
-1343580.055065123 -1735756.9177470636 -653842.3186256712 1005581.5688273383 2869957.496831968 847433.423368763 -2955484.6430991045 -361635.49559393077 -1214073.5228384847 -931146.2945751722 790727.7127874363 31166019.341591455 934965.1449433881 -1611049.1900901555 -283343.08573948697 1108264.0882504599 1751466.117540033
-2289753.8180712047 -2859894.7953034593 2195757.1990373572 986914.4087939115 -774515.2580303273 2613799.06232563 -482113.37730570196 1537900.2300689558 -461228.0840324033 -819780.0389718704 1819608.1474636407 934965.1449433881 34113821.93295633 -1829895.9876560222 -982610.6694646956 1343687.107997854 -1234540.7463535983
1651444.7821764562 -2167402.481203651 734603.3068015301 -2342597.5851244414 -375799.46684898896 1400360.4548591473 -1312938.1093844748 -1478764.2235555905 978698.2708147801 -8026.010259018877 1827550.094631223 -1611049.1900901555 -1829895.9876560222 34363088.35651265 2781851.411920911 222093.06614501338 2869085.1190364617
-1231261.84384552 1986100.7853120952 188192.16544706206 7553.9425825657 -1952082.6201252865 538511.6588158814 -747787.1782689155 1066485.6654431492 -147846.69382008674 -1021884.2272304975 1398986.8783981828 -283343.08573948697 -982610.6694646956 2781851.411920911 33504194.338331632 842158.6916012145 1353382.1450167515
-513402.71725581883 -908460.1697370255 -1555888.1521061608 -1333661.9694801979 465343.48753445357 -346655.48988007335 -787834.3506304778 -111093.1710283509 -261992.54196048016 -426166.5915646212 1441321.8254386159 1108264.0882504599 1343687.107997854 222093.06614501338 842158.6916012145 31497786.356459197 832291.0454693707
266160.59174772765 -60777.37698951423 -326098.79127018806 -1873983.365054212 835416.0085882508 -1607164.0233123794 -73710.47394402254 1197510.4191086502 -3459132.246885556 -100602.24509166068 1013400.3441497403 1751466.117540033 -1234540.7463535983 2869085.1190364617 1353382.1450167515 832291.0454693707 31961524.054491967
