34358925.53078183 1630841.7276050826 392931.85429846914 1533458.053361128 -3499923.4260234646 201792.14227131705 -242389.1211300087 -1848640.8225812633 641295.4296179895 -1830734.5692347696 1752351.0205736083 -1840801.6243119468 -3858628.996811597 -646841.7942118592 1032390.3111824929 100208.7712181472 -356249.41919160367 8057.773049574718 -551786.152959984 -83516.69715214105 2142739.6951889214 1835762.9614895496 658541.4377738349 -3568826.243603785 -878313.5648352188 -4799920.23209393 -1328420.6846125065 5701473.609767298 -1917512.551297654 1796671.0787878826 -1914058.3042503432 2856170.042566507 -554989.2690485786 1132684.1478306588 458712.43947290245 -1271264.305845318 -444781.08049221913 -336236.6341978228 2453757.079386759 1459222.7019323884 2058408.202464196 -1196571.996505887 -439938.8955763752 284639.78977480164 -7604.066918389876 -2932077.0684834975 -440697.86855045275 -1948969.0325812327 362869.6470634448 -1352593.9017367763 -811075.6837382789 -1891051.5522411931 758173.4815116032 3072294.8084724 335913.36793103657 1941126.306011625 205457.6848651403 1179184.1355898364 -1516920.8304550531 -1058258.7113544848 59029.54214379638 -1020022.3183477238 -73448.79309554791 -297001.44721469266 2534190.435369876 -1968631.3808236532 270403.5164972999 -2581713.643721681 287751.9238608756 -103922.48852635117 387437.6114192172 1403923.8996388558 956305.1489140602 -966983.2614722756 665120.4005408994 -1142593.3552962563 -474187.3504572978 2802867.435160604 -151938.29861833894 -87011.78583451493 1342357.450845411 -47206.775387169866 2234578.827012371 -618584.6564285211 12273.283127684772 3014009.7247583335 -1153369.6822946488 -535410.9587269563 403965.63465957507 2969088.1992362887 1645295.447689624 1552111.9262122496 261936.53709578942 -1049488.0652225409
1630841.7276050826 33227795.60097537 -1898489.1941172522 3149708.2463008305 -553518.025565097 3211563.5456704963 268854.5932822144 1629998.8832792924 406853.4094083255 2822385.777715853 110778.98563068653 1199781.0029592037 -2329390.014158283 -1825127.595136307 703310.6139676793 -1443316.3661895925 -410314.7104588781 -1124449.657758467 583772.0076921135 -2270230.102333983 509873.36951448896 -916739.038546568 2475192.8502567583 272784.56207492814 -1578445.985085245 350038.4181919501 -658599.402883311 -2288681.46137932 -1136653.4259222716 -737540.1025311376 -1694487.755318678 -601472.2198823384 2352797.791333875 -238230.07218125116 337715.4620676957 -1358341.9022699145 -1406534.029998684 132849.03088093415 762306.7529866942 434424.6225812423 995143.4389960528 -726315.5328473991 -1684027.2256000375 57603.874325623394 1778615.6371777751 -1439214.4052761039 200846.1063920152 574266.571206923 1856949.1544277763 -1052117.653288088 1505646.4594246452 -2276166.3920568717 483942.6241425505 -2363439.22754022 -241265.69297229432 1592980.542252431 429764.7196632231 -904405.6093187454 -1008560.5944330954 195357.00021641175 1723158.38658171 434084.1471389025 -1101116.2873270037 -1827193.7647979367 -3228072.8646868784 1871578.6183668594 616460.9662194356 413359.35634492565 -1171599.1880857938 -2594774.878719288 1191932.3218001598 708206.1260197161 -1788849.6607118587 -1496183.3437937882 -2184908.8649099516 1607316.5912088421 -1259412.1959985604 -2441706.061673956 1605447.4909247847 -1099291.8288069097 440787.6676072205 -776347.0087065211 14942.104296221802 932010.2196253748 654226.2562798762 -742690.049232001 1956974.446210638 3272770.7283891374 -1729687.0012510545 1092716.749004409 519585.5754971289 -1665757.223407383 226979.6340788752 1473343.0373445032
392931.85429846914 -1898489.1941172522 30009231.790256504 -3095396.196778145 -865199.2726954751 1818470.6085764503 450372.4576818532 -297971.66723200434 -1533466.3564823463 -1683871.0592147114 177250.46863878545 -1062658.9833931292 -558879.5984157537 2072873.3796200803 1364910.4689204432 1483713.3258826067 -88538.15261208483 824643.0972465448 1643422.884896639 -294035.99520481663 -205865.64679803347 -2222836.482518678 -101405.40660826932 530958.5616443986 1552645.484260008 943644.7653357235 901627.6045465547 -2943687.090215519 -1170813.7928474573 2370769.327037396 -2363850.535776239 281123.973522976 2280313.163106764 430462.9868323877 -135141.62809733103 -1428799.9245941285 2372252.620689219 160856.1893937269 -3919841.4566637776 228081.9199011389 -1093603.5007002812 968296.7704773876 1878572.0069414023 765175.5648647685 2814086.8455202375 2589535.0262453724 -2264460.9411897515 1307383.836836774 1214424.0986565163 1898251.4698047733 -724693.4731378426 172619.46669554428 1527066.019848848 2271759.0896437247 103283.9044913745 -1563614.215857663 -2379255.2968791965 -324560.4292518478 1603357.8384567671 -34165.078783717014 2098101.149053283 -2362328.6354778395 -2345647.219765487 -124256.91300240062 3338694.308951574 244394.36545171824 2150371.7505221227 683733.9895914765 -3246092.8900982724 -31172.24752090758 1938838.2799654314 130389.63064079203 80736.33699661739 -1195147.1455411431 1679800.8089600648 -815827.932031933 3224032.5720597054 2539458.782931027 -1275434.4840878106 1151417.5502323161 -195244.09034342956 667117.948731763 3284217.085970625 479931.258049963 124811.3238090921 -620079.1465080653 718515.5800274716 -1561668.547066406 297637.34589190077 929233.2209309284 -1307156.5577798218 -985437.923803811 638812.0389735718 -42597.26776418164
1533458.053361128 3149708.2463008305 -3095396.196778145 33570619.1750981 -2294704.559258287 1716342.0319235914 -294881.23148920824 760354.4277231087 1209625.819396642 1235299.0271196247 4219914.264645344 -911080.9715825147 -1913905.2128741948 -1527331.6799422982 997785.7037140455 -1051217.1994391654 623157.9881844403 701811.6657917666 -1355424.3373738963 1677733.0120831556 944435.9708684772 2260612.927444324 722493.3650991592 -807640.9179112298 -731249.5127960006 605444.8373780916 664577.6118125983 2064040.5073200057 -3078298.5466476656 -2184200.5658097356 -784784.2142886752 -1304465.2022311785 603419.8842854381 416350.3658100135 4272266.832583673 -477125.77688262827 -1862042.2097390566 -983394.8041300959 1492954.6182805183 -1012819.7124813643 -1178658.6547500046 719609.4670015327 -745853.1212968349 617321.916123469 106416.98414972932 2760909.910892316 -942273.3508075966 -83876.19148980701 2055045.1012798073 -1266594.1213950466 290184.72769364784 -2059868.526176201 401723.599350182 -550146.68729332 1254636.494604461 -1029765.4122627781 -88633.76323340386 684354.588375495 -927129.8523756304 -364961.80642482394 -458023.83036101586 -1642430.0421703397 1270652.5442112852 2094967.820139745 -1163137.603172697 -159315.03426877034 -2324528.712780548 2546490.050936786 -1684176.4577916067 2607573.700962919 -1881702.4467898929 1845857.8069060822 -283759.133983841 598694.1774369804 -109699.20235466814 -864937.6083414002 -3168192.2738601356 -383674.1958670063 858851.4892210247 200425.86807635092 -485465.48549266957 757450.3370672928 2724753.7862114874 -928963.31198379 -2734189.670125844 -780415.2442233128 725770.3502936655 1721778.5005829586 -1368936.9835362183 -648091.3620103718 -1438982.3093188955 -1473537.1739134006 -300742.4581834367 1673111.504687378
-3499923.4260234646 -553518.025565097 -865199.2726954751 -2294704.559258287 35217624.64062371 923398.560603097 -3738662.3546243757 -409045.35852503084 2559740.9712764923 557578.4328009316 -1959597.8512811973 888727.6196146769 215036.88371633424 3250807.480573502 1230936.149484312 849110.5772551745 614632.4306193035 -597538.0593408719 446507.36458635423 2675952.8368149367 -303635.42713177425 1416918.3392235034 -1792072.945255284 -1248010.1190165312 50382.48086509684 2921521.2601914485 -2330158.398730967 900989.0071832209 -437356.9354776063 -166300.02199789262 -2558756.3628770947 1294938.871651873 -2811109.857646079 1645776.6825996598 -188716.43161575223 2124223.1686782874 192901.8081411244 1057767.0690212343 -1051613.414265442 -680413.8239768582 753735.5842907933 1143235.962712304 606661.6805761941 2337166.1556328665 2777938.2844205354 -2739393.2354159914 2139892.7026129 -1471700.6402823403 551885.9358262884 -1025895.0636804996 -1478411.7539634274 1109041.4258963782 -2200640.810026277 2651351.2477002055 65550.79989604282 1801368.4793260433 1687186.452508691 -739251.5913160807 3227175.7122890516 512288.5991843212 -2837891.5775672365 3689198.9584230934 -1573774.7236889917 962627.440557878 589015.6419096525 -642539.5388896031 854486.6230069691 352195.7896755843 674713.5298479728 2900724.5146924756 1703497.4006154595 904863.6680183925 -527708.5534029934 962612.7984338875 2297485.9478476634 205036.64508550617 -767024.6028293528 -1643077.9405763026 -1287824.4753877274 1501929.6810933386 1855005.2671803609 -1447510.6983963791 287264.4779285037 -919650.4093974343 361146.3272982749 -1122058.4975530105 -990999.0561130499 -807127.4372631225 366782.2925211118 -1542074.97605083 -218311.68171303082 -2381243.0602954654 -2653107.3669861313 2313402.730068827
201792.14227131705 3211563.5456704963 1818470.6085764503 1716342.0319235914 923398.560603097 33052905.664534193 1382563.5570992534 -292046.8816177766 -3833893.5165338344 -1972969.9123794807 3327360.1727588163 1205511.5399830693 1581088.7854621708 2133541.683549935 1705039.4616532656 4123243.0333329905 414765.45361177926 3478513.8708950537 -814453.5212886902 -909847.6775378343 -443074.91456179006 -1162160.3255321833 -2301176.5232151113 -675638.0561062034 194443.9725471233 1088979.04495561 -417643.31407834595 -2452188.533468805 -1935825.940099294 -592571.7542033095 883981.3607857565 1569005.2723255255 2015925.6249212294 2825763.186157948 -1875149.2619666643 -2347819.4170038505 357750.2274620226 -1242283.0650688738 132765.99432490996 1347374.0829553066 964097.004275135 -843863.7445382853 482030.61588494974 276128.320181389 -31592.688823562567 921312.6959711122 2414215.8114060326 807875.3784273386 -995244.444743227 -1806065.6211640977 1461769.9616235574 -327257.261600213 933859.4801691432 -2073929.4341960181 1108297.866062565 -614587.6127276372 196589.8730653272 -570457.5615010532 -3254093.1885778117 -661422.2160118101 436912.17310658615 -200330.10280963298 348285.6914371517 532467.7114816838 114099.58534371264 362900.42215981334 2320159.185383636 1490915.1263870895 -1100285.744856052 -1891639.7878719042 -2196662.082720858 1217704.5078540542 2357464.7205795785 -385953.7132808254 -465384.84935776715 31551.053332816125 1212322.6290525724 1006855.8449774362 -1167388.8025183594 951929.0327267476 997869.374268381 25267.821705946106 1087920.5525028869 -1887194.265832975 2305602.269462675 2140006.1649226146 -729580.1138672185 -732083.8050357648 754389.3159027934 -2181820.6764498986 -2429666.3367384863 -348061.8704970655 -239409.61646446204 434213.41849304136
-242389.1211300087 268854.5932822144 450372.4576818532 -294881.23148920824 -3738662.3546243757 1382563.5570992534 29947450.992958937 -287962.16254243575 1197432.933737517 -786421.841067347 -1008638.1076704718 -3519818.507780155 1122350.4829149244 168009.20593261783 -1191836.6989420238 -900.5238391255674 1254044.7373806974 -1971498.2573886032 270839.85836570157 -537008.9443109186 479198.4914514466 -993651.6036997816 -37232.397539972015 -922190.7063856715 -1611660.9445482404 -4760494.335855849 -389259.7091025423 -1107724.194306134 368759.73647957726 2226825.673566419 -117859.36752862073 1464778.9351047075 -344584.06765034585 -1333036.582646135 -107779.92027758139 -585121.0571245122 1249655.020016933 92417.01660035865 1559035.125872565 1105833.2257344811 1125230.828583491 1480064.9752038203 -2519110.1288996274 -2065667.800941366 -3532154.549943968 1887991.3375277012 179459.4179878167 2298571.079572667 -689887.1159802298 -204090.26550182907 1161523.5732968792 1062876.312769208 -864862.3062619537 152257.81250569006 -2400799.384939602 -699400.0498566331 213586.1654929652 1307633.1925634297 120366.54681814028 1478064.7228272909 1804944.6822670577 748908.2187071604 5132498.8087629555 -176524.73237500695 652502.2003295986 -598149.519950958 2717918.3638130915 -814914.6420886191 2191387.1172454166 -3989402.1411431977 -583847.3248923225 2614721.7778386627 -1635618.2782750423 656242.6798881253 752054.9737407876 1576761.1138384577 -553627.189822035 -1649677.5146230834 2271469.8046447346 184580.81641113246 604993.8944804221 811075.8244201336 522147.10900330875 844170.9219876914 1139655.2607638736 1462601.3814502286 -3339848.174042011 -1197966.652574536 455984.55202040647 638304.8488670253 -307021.0174476901 692835.5863907038 379340.0760964474 2036339.456045021
-1848640.8225812633 1629998.8832792924 -297971.66723200434 760354.4277231087 -409045.35852503084 -292046.8816177766 -287962.16254243575 31748653.564314563 -1170237.4389491545 -1597397.8991911728 2028264.9212138862 -171259.40198642254 231520.22604815758 -753236.2932124843 -276627.2445423336 -1746681.9736918285 1207923.2498434412 -80676.64297443502 1667.4786220168146 169035.98173144137 -543359.352832598 -1254145.4403220676 -1190856.5130470253 -925348.6668089266 1629406.0849329273 942467.9773969208 -1323007.6576986138 -1257458.1317837795 -3135583.770499036 247322.27632264027 -738339.3362780088 892553.732880741 2747019.92592454 -1074619.3573098213 1216248.37590222 707179.5310930714 1920682.3134070178 -137448.9170252081 1996112.0060076201 -938978.7922297212 1454216.406318198 627128.6930439337 -381355.4566661286 -473448.3992769031 918206.1579096346 -1617970.7439767225 -1170386.5337090422 -1532456.7125689457 2426637.320157449 -759479.6537851581 109187.11763733334 1653488.3465545531 653801.7136492453 -2090355.817660428 -163008.06037649646 149350.24088488653 -772619.0854748386 461141.5619572425 667674.7902239093 2837768.3574380153 33451.65982980976 106185.64451204674 -505093.0687698312 -484882.56607860414 2020770.463982129 1054366.207858121 -2925846.6962493416 355816.7524885147 2522999.845913106 270150.6557554858 -303953.031272769 363782.66017990676 -616581.7080753582 2384310.7359700305 4151583.7064191513 -453139.73162000894 -221333.51459080543 -2979126.1469728225 697897.6985956136 -928039.5755064258 -237207.37554306386 -456105.6327243275 -815077.5560827529 1052605.9748962615 2695224.825454412 3803149.4197979923 -862112.517312492 2429348.790523385 -1380059.6138849221 -621713.6130357014 4591459.792905997 -1081781.002935321 -1038174.686384971 3423985.6019883156
641295.4296179895 406853.4094083255 -1533466.3564823463 1209625.819396642 2559740.9712764923 -3833893.5165338344 1197432.933737517 -1170237.4389491545 32922684.992244106 1601068.737749224 1895437.6343299998 1813583.442836209 -3062208.521483218 794763.4851782314 -105173.93084348518 -2182962.0103410967 -1282231.5685217474 129557.60264349091 -1313141.2346781008 1789848.9485773083 -1718509.3553183882 -1893534.3154519952 343811.7337862758 2121809.6455668607 1443681.4733711241 50164.719979210626 2125851.6470201076 381103.5272824337 2021649.9133803463 -1911621.595845301 -442585.83563747257 -1364430.529648875 -518750.1276363456 590677.9614581143 474415.42131823715 1685035.4302387708 -3122512.6436701915 242690.48239252102 1550416.7898226758 -1606368.9958487665 623760.4957655919 2344223.0692566154 -321602.5738121055 -736214.9584627749 1346961.130248088 1747596.109417745 -534610.0848174621 434301.27321860264 3197595.3219070965 -247763.7990305967 236895.11662086644 854150.9134900093 -942610.613775952 -796032.8729379569 -906491.5201293248 903950.6512291579 -2369760.9190161377 2449784.971226756 -1644890.1953243103 1734630.888621855 -1371339.0367882664 1360833.340878338 -2257160.0031533823 -712032.0486824347 -2648358.054368878 -169174.48928575122 -2613403.760477043 1103971.674689641 -1175169.1796871289 1424773.4208838623 -80690.93862840254 346933.6012295609 -931960.6876364646 2725128.694780569 -868943.60156698 -2189732.377514289 800510.2617936834 -1347971.647581364 1965004.7294058572 -335124.528099626 1642802.7064715584 -2183256.5115573746 1146768.5824689057 287881.96297477273 -1464503.8689661485 -525561.465569126 -1542560.137590994 3495565.985967067 1194440.6972513695 4921110.206584191 5404443.501747388 -105497.343076557 -1621958.493389413 -782486.6456183454
-1830734.5692347696 2822385.777715853 -1683871.0592147114 1235299.0271196247 557578.4328009316 -1972969.9123794807 -786421.841067347 -1597397.8991911728 1601068.737749224 33146136.42664781 624315.2567827267 1345764.0016920534 -1582223.2527031654 67484.21606837385 3899047.9573919596 2331061.0068841 650153.7065796563 1359925.876677388 433950.71509119484 -1454445.2220227001 -1224809.913212311 365371.6564425342 -144015.07781361195 -924295.235129889 2979223.9884196823 1663828.323763797 -1613199.904118125 1484923.8444334657 2906046.1550023598 -2479518.324787945 235152.8175287234 -1219821.3907954472 -307699.34815192193 -2029340.4329620348 -845801.7443943124 1829600.5250950013 -1837634.819610693 215767.50678094276 -1339041.808531876 272229.8451498273 -889834.9494304114 8873.770941139308 18160.215337407273 -26645.960264464677 1216815.0282177264 3388551.0789726353 2771296.359844418 -180178.64100423703 -535054.2499605254 1104198.9583010073 689513.5087344234 -137361.21775694075 3317301.647134031 -890511.0727794718 -3120573.21790188 2862454.863647341 2480165.3410303686 918992.1319904715 2036668.4818340808 -24342.000044835033 2027091.6951674586 180140.72605724397 219173.24823240592 629998.6259318214 -188206.43462655673 -343290.04322704324 -2493157.73378363 1266290.1456053487 -1499064.2922695943 3344356.999995516 566354.8377134079 -2239180.591631241 382019.9559302695 -274733.0827863961 -1954443.9241584027 -1155546.968636708 2652460.6530734133 2046518.7820410302 -650344.580716369 221820.21201889645 1050405.8942109765 -1014267.3300339471 -1741574.6748472655 1994549.0073237533 3623154.8293246115 223087.610508502 3369075.1897281664 1373021.144861507 1324820.749966687 1860993.7012678378 1515261.9581339073 466977.4169644068 2410963.537190302 211031.98419628822
1752351.0205736083 110778.98563068653 177250.46863878545 4219914.264645344 -1959597.8512811973 3327360.1727588163 -1008638.1076704718 2028264.9212138862 1895437.6343299998 624315.2567827267 33032575.95239074 -3338901.71928447 -1737604.374285593 -1325627.9500694403 2247256.9008739223 1120257.0798925285 -132617.9678047442 -2474870.2924627466 3900847.9096992956 2327185.689252002 1246691.6363067045 866159.774496664 -1998602.2429531193 -1338753.2018299238 2943496.8202817454 -891464.7380482799 1574857.7468764756 1493256.343120738 -2136332.375434261 1154313.2131774528 -2696991.4350051135 -1742903.3446604006 1166492.8678588036 3086272.7774586277 538433.86973982 1374629.9330994738 -811000.6421401186 576175.2176429441 581060.7572106323 652347.555844731 547862.3498252291 954645.160609685 1806820.9410607088 166348.99453026726 2742536.355416658 238677.9502608608 328162.1582611809 -87735.93709875105 1719950.15890315 -411394.36044832255 -1221740.5827573184 2015352.8265160166 3161484.7656627595 22849.791356603248 -3821232.4584458154 -954742.6779084441 1294136.7894842464 -2898957.8361164983 -2323859.9022146193 -1442007.6743275758 238000.40031571855 2578009.5103639737 -2286061.8033090723 455534.17363146617 -480065.76236361905 -1798273.065924531 -1518371.7554825733 656899.0178368399 1199435.4033542608 4055112.924089933 1134723.0728718678 -1916422.6685920502 -338093.36285142286 2752538.160348166 -3766297.9951852034 -1801704.6314697037 35684.24289914532 -1107939.9252169707 -593182.1456849856 -1243605.7067473705 1133735.6019378912 -1595928.097995267 897418.6340485808 1624340.2695053595 929865.4321849408 598927.3476578093 -74526.30340086155 2705062.4946702323 -380856.21113585524 -380337.0619428652 -1510549.2768346437 -1830469.2293976182 1943335.5122549057 1726659.1578020146
-1840801.6243119468 1199781.0029592037 -1062658.9833931292 -911080.9715825147 888727.6196146769 1205511.5399830693 -3519818.507780155 -171259.40198642254 1813583.442836209 1345764.0016920534 -3338901.71928447 33322343.676232453 2486624.439349475 1870295.5373266018 -1577693.6211943054 -1599135.9009429624 -1595500.4243643153 429140.5770743757 -545725.8597731048 -1112957.9214184682 -4583596.243900824 406991.81226168043 -295773.7521708871 1485811.5807107822 -229866.17048681737 1885226.850117304 -639156.7303403286 53679.11199982896 913675.9597593327 1860683.7666216895 982065.1796926741 -961221.6661932413 1224599.8262409917 -175546.12506183813 963086.9090512517 -1935269.066464888 735488.1714516234 -2413314.6795933545 -171609.88846606147 -748250.6084386815 -2351356.688306234 849616.2422008943 -846000.283515869 -4656522.8213816015 -332438.458568956 1423587.9602948332 413428.77415950206 1204704.9755909282 -166828.96654832293 -1894437.5816229694 2207891.010011988 -810270.9095330697 -3385742.6497384533 -1419643.2533259725 347026.14202754217 489951.9220993678 107601.09242529432 2059448.10243195 988001.737906824 1861699.9556948103 -407709.77566151996 1533849.4966258164 -833375.7585344668 -589399.0817482568 -1891378.6921191579 2909255.4682551306 -3362928.5169377117 637528.4553581933 949198.7216530361 1581758.282520953 2268149.347862127 -92210.7803887422 1498314.2652261537 -3172855.282289848 1621413.2227888536 -684400.8315672079 213801.3482386472 1552841.4694616806 122932.42402928387 1874532.2683499833 -3357502.0779240755 2188156.093524804 -634601.8700109754 -244882.4650099294 2696896.679277998 149107.0695031872 -171290.36520153348 -3376982.4399763145 -295688.0432747635 1364446.5186332683 1434758.830382286 2472901.3374286806 -1326755.5030309332 646711.8054298209
-3858628.996811597 -2329390.014158283 -558879.5984157537 -1913905.2128741948 215036.88371633424 1581088.7854621708 1122350.4829149244 231520.22604815758 -3062208.521483218 -1582223.2527031654 -1737604.374285593 2486624.439349475 34000076.90161463 2036981.6094750394 -1089758.237103251 -368369.79435731773 2070766.1487545632 3275618.3332807603 1642550.834218217 -729351.0301881682 -1502248.481674884 -1531749.5573720133 -1543672.5383916786 918723.7040371461 419443.4158834467 -1135229.609036741 1680002.2374323504 787855.2100869054 721844.9626962509 -1501883.4393057527 -1653116.0972019194 -168636.38256316606 -3174326.7706505223 -701837.0803054401 2404928.2223372688 2610436.808251511 393690.7415512652 940045.9411994545 -549181.4865551945 -2184567.416451758 -691088.8756175155 -681733.1566791362 -2276247.1614711117 -1776619.5019096702 -968074.4210167422 2421729.5489259386 -461530.55053125194 -573722.6218115096 -1396187.4555057185 -2647485.8092277446 -1146721.5915644462 -1602413.4485232842 -3992614.9025871595 2408078.713489275 -1592793.5173125667 -826327.656601847 -1202865.377612658 971930.9562400756 -10133.473974312708 624231.3396959931 456199.1636884915 -493942.9191518089 1709972.212862745 -870815.8173643711 1054409.3260171183 -183892.91134594573 1205304.0098033762 1510135.463260825 1762099.280868102 -3909664.628823138 -747621.372735836 -1153410.0304779925 431600.68217536074 3185144.098156894 2191905.9099327936 641233.5602915598 -400486.3694267795 -1124466.308877106 -1675989.0153315484 1382900.3127645906 -996089.2476116613 2691436.5886952286 66854.40340904296 1133183.7437821315 104060.75464725572 -4746112.829407244 -934074.2155710598 -387693.9037720161 3557090.2164149308 825592.7305732247 199164.8938507967 -31358.596937726572 1101221.9998415106 777425.0484724453
-646841.7942118592 -1825127.595136307 2072873.3796200803 -1527331.6799422982 3250807.480573502 2133541.683549935 168009.20593261783 -753236.2932124843 794763.4851782314 67484.21606837385 -1325627.9500694403 1870295.5373266018 2036981.6094750394 33165898.115947295 219331.1691625458 1736037.006656086 -713424.5862486619 2563671.8797382745 -530557.4585245185 503830.37881807773 -1710956.9927041237 1682182.3224681148 -535007.9616519992 2186341.050878622 1327211.155566141 2910484.634169258 -42091.41542088476 3878739.216103775 -354008.456020585 -581854.8803964378 2116044.996348869 -431905.94743328483 -3648234.2381312693 -3348055.123388633 131094.06497705588 -2263557.9067293354 1220203.6127372433 -3252075.4205831564 1684153.9822381847 260264.8031295495 -2060803.558120279 -461188.84988755605 1086537.239094077 -1712949.081915498 1789846.9763139123 1949882.2829865434 -1091401.8932415412 161996.14098965726 1953048.7424561298 1686511.1384643738 24610.169046454426 -801480.5783113237 1362204.0903576135 2183948.9372598054 887611.4361230182 -1353257.520332249 -830567.5937716437 -1394385.2128968218 -719590.7603060044 846611.5694228992 -902817.1747513348 2118154.3833706086 2800512.821872739 325447.74308931344 5385.588907654849 1443025.8283193624 856869.713034843 2685907.0145571106 -2940299.0266444003 502009.8624082368 1860097.0832820942 -1562518.876329588 3829660.4090509186 -701870.270141058 418511.00103682454 -1952742.3812091157 21584.004601956283 -1475056.0512467013 1929701.8180722208 4205430.50358916 -1346810.8468678503 -1076828.2452104979 -1811372.0986304723 1570626.9441272824 3823167.090328774 -2384331.899043335 1434040.9202338792 -1850328.110153057 -798487.4661584038 1268050.4359684032 -3755279.193400872 -152089.61140987562 -1748990.1770226376 -208097.93107383608
1032390.3111824929 703310.6139676793 1364910.4689204432 997785.7037140455 1230936.149484312 1705039.4616532656 -1191836.6989420238 -276627.2445423336 -105173.93084348518 3899047.9573919596 2247256.9008739223 -1577693.6211943054 -1089758.237103251 219331.1691625458 32039335.671884015 -301219.4188036672 282453.7167837543 -611849.8072127278 355886.7694142119 -2780727.678127918 1686967.1892036744 730848.8831093836 904086.4356870586 -1795426.106074506 251272.06739290067 363063.39207092277 -699034.9213799239 646374.1306883876 -2545611.759595306 -1510083.4275135654 600799.6363747396 528723.3039663025 -2657530.163074968 401577.0180301003 -2300537.848980655 -1303972.4786956946 -5061641.842467343 -273025.1118137384 -1560033.1841713747 135100.31938281347 1187790.641877544 590753.6961059181 1248437.7342058842 1257790.4440233437 -2065284.07644804 -1918915.2625451507 -909930.0583413764 637377.4641366256 931082.6730506334 566012.5063276795 -709532.757189982 -1167429.2200601797 1928501.023968366 1320855.4793664913 -2238740.3743310915 2403792.23407116 -813051.0618957992 -355919.458013153 -1079481.285020585 -679849.1828462034 1311872.952532323 -2612674.1897333576 1534198.6616927194 -309795.2076546851 -1153286.1602723082 1125602.8790014249 -3786233.906316254 1790192.0997640076 -1999707.090663988 1815769.1809911493 -284700.38371385436 201775.01658612327 -293581.34808859817 -1164064.3479103758 907939.2188526201 -128325.88420132564 1083125.008602261 -2661670.6962222476 2827722.3103545127 -972363.9944583122 1278854.0872105686 -517337.36239256454 15013.720136664284 608719.7564017939 1546582.3664600602 1015738.4758271569 2251557.3825645037 609250.7227938906 -676306.0090210564 -1069115.1246662147 1001351.7599212414 -1645562.4558724128 -680421.7720875579 -1085174.685328665
100208.7712181472 -1443316.3661895925 1483713.3258826067 -1051217.1994391654 849110.5772551745 4123243.0333329905 -900.5238391255674 -1746681.9736918285 -2182962.0103410967 2331061.0068841 1120257.0798925285 -1599135.9009429624 -368369.79435731773 1736037.006656086 -301219.4188036672 33190800.586339064 324751.91523911734 633259.2156695367 666881.4895315426 1966350.400354528 2566823.8072207742 -505852.99407007813 10491.271881058743 1602934.7288364067 -1636178.9227890356 -720267.6434340863 1083848.0606725514 -1651918.2815307162 1255937.4524485832 2182190.171669452 1107160.8011629179 -90933.16909596894 -306955.74563278136 1087869.3501922812 -268988.40329743584 834251.665446946 -1649276.4040071077 836190.927389777 1503673.7904938404 674596.2600520537 706928.7754394575 -388189.43100125535 1645394.81189376 912941.4986475777 469160.2762754872 3053383.262001128 1302911.1675638044 -309538.4853552427 -922255.9957208232 798408.8754997841 -1558679.6336239988 1687819.278159688 -133755.46406203078 -833528.2631372471 -135760.49122421638 -504204.599923741 615750.3374330798 -1519450.636783845 -1580193.785412754 -1518336.6648110482 1710333.3990636072 1342689.8275859705 2354397.7887964263 -1000707.1048061241 261883.86850739227 -662534.2547824176 2241391.988913814 582792.5813934474 474035.83932263113 619148.7007866267 520231.24532918056 187120.04430864676 639489.115867217 2223465.2767998143 1655746.1025491813 590337.6944150148 3336990.7771562887 -89412.44550015967 951979.7237112327 2757988.4408569746 1087862.1139462881 -695362.9750292359 -1296674.560220493 -2341107.5819634595 1611912.767746834 1516132.354616231 -2552178.7080475464 -1277052.5830976972 2019452.3553030535 -1932927.8748816575 -3236181.953453502 1776423.3456988966 -1128031.1613928191 -1550960.5242633254
-356249.41919160367 -410314.7104588781 -88538.15261208483 623157.9881844403 614632.4306193035 414765.45361177926 1254044.7373806974 1207923.2498434412 -1282231.5685217474 650153.7065796563 -132617.9678047442 -1595500.4243643153 2070766.1487545632 -713424.5862486619 282453.7167837543 324751.91523911734 34822133.85855149 -2537055.2908000923 -2788697.302677175 1363514.7249482146 3430626.699385 -2730874.816954435 -1714831.5189700306 1373870.6904271315 -2827394.116515817 3893150.84524338 -81082.66031914369 -843878.7953552796 112094.22194380201 408207.15948152234 -329283.27683830267 -1009230.2205703472 281765.3873391574 3068267.483281922 -1394045.4686523383 238983.69875981333 1019229.8691435739 -1396178.4882838 1533100.4387618497 -1905738.6022117308 866548.2417113609 1330048.1592802792 -314897.09136952256 -4258522.866332975 -1677641.2846441513 -1294571.6852613185 -2229602.5712542124 1239011.3626817183 1672773.1810756132 -2635547.325762133 -1299809.333162173 -114901.53211286382 1012325.1942839826 329327.2254474537 816483.7124773579 -1165339.536539275 -4953.991127590045 2419641.8820452103 -1053556.4167240309 410241.3721614545 913914.3536613511 1250518.5549256834 2210054.2214926886 659539.162625007 -1276587.477256483 1525704.9347918204 -441521.9016399557 -836121.9050317203 -1316452.2847495957 1353344.4448159449 -2110826.465735685 -2388335.395569641 2844361.9497453715 935277.3368770434 1962821.3153528254 -527504.4957252262 -1662282.1144390756 1103552.3401833049 -3183606.5305480035 1841936.4933715432 1815498.768225127 2044117.2530323227 -806378.4462588816 -1515473.4096003475 1690472.8161571855 3507005.792314653 237345.1111982448 -751105.0854700699 784743.9921464073 1091344.2296563927 929919.2350153885 1151761.731828552 419445.70811735844 -4783121.394141692
8057.773049574718 -1124449.657758467 824643.0972465448 701811.6657917666 -597538.0593408719 3478513.8708950537 -1971498.2573886032 -80676.64297443502 129557.60264349091 1359925.876677388 -2474870.2924627466 429140.5770743757 3275618.3332807603 2563671.8797382745 -611849.8072127278 633259.2156695367 -2537055.2908000923 33743458.346587725 804434.1507401381 -1458955.699459321 -527259.132854123 1243048.8181354094 -2636856.092575148 1353550.9649452101 4311239.083827558 4819623.519234316 1808272.2365738556 -808333.9938107227 -527836.0353673787 -1618091.170510678 2973532.271460289 -718802.9053319558 -1742807.16033541 1516282.3680422127 -1648387.9165847464 -1744651.6643400525 1309675.347134145 -673492.4121372685 -1345057.8669999896 2252435.618713714 -325406.4132200025 -906782.5278153518 -1691011.9394388867 -341354.2947006874 471394.6755632675 -3972394.687468138 1440935.8057238548 -1665849.382542299 -806515.5851041958 182916.91117701543 -324957.83853350946 -475195.21427926066 -1101375.8941941492 -73502.21147598869 737432.5926955023 -2018063.823807885 168667.2536110462 -427402.4711992813 -32384.851572440704 663660.207261298 3441120.2817392927 -1892259.7282284095 1217069.5238175427 -187516.18987909702 710755.0327684107 -785388.8825416304 1002360.3032992968 2245258.252147019 -1165045.654311325 -2270434.1591753047 829575.0839236227 -2355953.9204803286 837480.5891971737 -872535.089353552 -312276.48427760956 1000318.2398546466 -53672.60360459732 604732.2405189143 618845.6422068251 -1056131.7985919283 -451020.70601296896 -2018267.0514077398 -309618.64508812357 966803.4560644449 -265615.3094187042 -1037700.12831331 1449929.349911493 873742.7903146085 1312093.416441702 -1912159.8578753984 -178319.55204448412 1187617.908542786 -2293712.0014082585 -602156.0321550398
-551786.152959984 583772.0076921135 1643422.884896639 -1355424.3373738963 446507.36458635423 -814453.5212886902 270839.85836570157 1667.4786220168146 -1313141.2346781008 433950.71509119484 3900847.9096992956 -545725.8597731048 1642550.834218217 -530557.4585245185 355886.7694142119 666881.4895315426 -2788697.302677175 804434.1507401381 31452171.57699202 2230370.222368501 2460518.1967162453 -3274110.8044852503 1183277.3786804692 -2108954.110183726 1307060.515056082 -247450.15038311496 -305923.6195859716 337750.5570696363 567477.5060103233 844222.3912189886 -1044836.1221136107 -1281441.383164651 -2288498.3160920176 2628616.3111675004 -97034.52992209248 939012.657332492 784009.004535672 1796510.1222680379 -370344.53024174436 -176515.42880494596 613177.1081956753 1304590.857871425 1627578.3040577443 2177188.067944747 3862465.8778180256 1568416.791509721 -582936.6387161976 520210.1049545409 -1596712.6300635892 -794087.5218561655 251010.29506139384 -1977597.972792112 1201326.6796861212 -1510701.7947882253 -58782.776381988384 -146754.04196897818 -1193978.56879905 -2678797.846626769 -1862839.7267183561 915927.2573351521 260500.39578381935 -1646309.9407756946 -1579892.796382664 -189221.9102339103 -1542398.3867170603 -609451.3560307733 1657484.9472906606 872900.5692103847 135925.68930730983 -2646792.4724830366 -1230460.603639968 -96527.90372766358 -202528.26564950982 -953817.334332034 535846.1519261686 3735228.93161678 2691609.2449561963 168845.38402965674 2175064.1240612227 -1191255.551246133 -2106411.779477678 342722.930973146 -1996408.3285790784 -304514.3498891276 1897187.8186241677 -510221.3695597596 2242712.8834535875 -801564.8823102842 -2045580.744694488 918522.9554962659 -1478435.4332225167 3266031.924534869 1507431.8431595194 662751.0002543251
-83516.69715214105 -2270230.102333983 -294035.99520481663 1677733.0120831556 2675952.8368149367 -909847.6775378343 -537008.9443109186 169035.98173144137 1789848.9485773083 -1454445.2220227001 2327185.689252002 -1112957.9214184682 -729351.0301881682 503830.37881807773 -2780727.678127918 1966350.400354528 1363514.7249482146 -1458955.699459321 2230370.222368501 32761337.56247786 -2311798.301130861 -4216036.952485144 -2118088.1017584503 1834340.5093163997 683352.4841343387 2096975.0095240853 -1500031.722910885 -605910.1545278662 1190257.3326673275 -1865973.5605031345 -222645.80562662875 519524.9172585676 969642.947843953 2385130.2993873493 -3034129.234676502 335520.8823349117 945774.3251599775 4972756.709717094 22154.111336643546 1290590.850830613 892105.8405945282 931156.7500991325 805357.0937174715 2684374.720949453 -2187660.170957216 753487.3815020522 47910.84341865659 -839387.921246688 862665.2622198473 -889095.6041635843 -3223180.1113392715 1168609.6173728192 2530208.6853179266 68643.25652451132 3318580.438991291 -2487038.291255119 2297511.431492493 2568550.63229854 -4657191.8189721275 -2484860.569807892 -3030741.6367047937 -4250001.987177144 2312793.707195803 -337129.8272476501 -1105474.1917645463 -923754.4892185087 -281665.6892571827 -1609777.924716638 1305760.0682575256 2379193.5134363896 -1297651.4482369483 -1286182.9767131319 -1236190.389932829 3109635.1046101106 2614329.812594591 151060.72202292207 490966.51762919157 -675357.9953192918 223872.6036137067 856997.7972787342 1300149.2468412325 -2271900.4395038327 511076.6572416795 532100.945150209 -1754141.6092281358 -46343.79938740385 -1032493.8403201961 1102915.6192353568 -756951.0874875406 -2631727.513340699 1803923.8973079387 -213610.1349882177 -15908.044566996097 115684.21973637019
2142739.6951889214 509873.36951448896 -205865.64679803347 944435.9708684772 -303635.42713177425 -443074.91456179006 479198.4914514466 -543359.352832598 -1718509.3553183882 -1224809.913212311 1246691.6363067045 -4583596.243900824 -1502248.481674884 -1710956.9927041237 1686967.1892036744 2566823.8072207742 3430626.699385 -527259.132854123 2460518.1967162453 -2311798.301130861 33190112.48655351 2213118.0734932893 234944.57269028018 -2846740.362501122 -2624666.202115902 1021999.9134740361 1708476.3410679987 740351.1538163532 -2792514.4434777484 593272.6400321438 1145355.897383178 -265188.2479095532 -2560448.219431298 -274147.8447596735 -3259865.9771779035 731124.8437170963 446410.3793231834 -832280.367073532 2382639.8576512327 -2923487.760919882 769390.1952237978 -224318.442575217 2135383.819379826 -1435580.2459067297 1933616.7553174258 -2060427.6460586663 2229781.9582797773 2565318.6573536317 1471141.1691701224 -766748.1838848991 -810974.9047884167 -392109.60854347865 567769.9977926454 3175931.330543413 -2519712.2026175 -2419934.3131481195 -1136824.7206269477 987449.2410292274 -2642123.668052613 850807.9207443541 1727835.6186617957 1196012.8389709888 -1460387.7301851136 1421631.2866077467 -1560793.880902063 -738678.9448413872 -206413.99067375573 3379121.3823975623 -2855485.793020841 -1636749.9003258604 -2354189.601831473 -353548.4288271508 -284389.12652832177 -1038957.3782963881 295267.41251449723 272258.24192977446 258459.55049131933 -35249.446907721445 -2244523.804312965 -1243012.2481409225 -1522316.3953343786 3038361.7271397403 2614267.5328563764 1060478.8286623484 489990.27985558374 2911440.99072658 -409061.92744295456 2454231.5870791585 -716752.5292388978 -1310933.7014218653 860326.6063560287 2387931.949834398 1559477.4675069512 1026769.1309538098
1835762.9614895496 -916739.038546568 -2222836.482518678 2260612.927444324 1416918.3392235034 -1162160.3255321833 -993651.6036997816 -1254145.4403220676 -1893534.3154519952 365371.6564425342 866159.774496664 406991.81226168043 -1531749.5573720133 1682182.3224681148 730848.8831093836 -505852.99407007813 -2730874.816954435 1243048.8181354094 -3274110.8044852503 -4216036.952485144 2213118.0734932893 33799412.27407215 -2011860.5318155573 -1099860.5716757406 1890377.757265539 -751822.9062321552 -1271333.847300356 178832.54864945865 1376218.7304364066 1224798.8692827339 -787971.1750518233 -367813.78798772977 -548241.1668255398 -1512983.769852605 883979.8678952634 -733964.0128977937 -1742078.2130744895 -1165396.1150135854 558313.3559732229 -1074709.354698226 -1518409.6499101303 -2316025.9274052386 -2396908.365172314 -1229181.5763684914 1976571.5023230563 142060.44057356002 710022.8072152162 2217362.224798353 -527874.3634096328 -360280.67621808365 -2951211.607461106 -94504.7217836321 954706.585561289 881118.3120617951 959401.9137154409 -299330.4361614607 1023426.3805722779 1654962.2744488418 1588974.6594042548 -1346118.7053746164 1817420.0262712268 2673766.0785237914 -77363.33567909113 39720.38103786015 3307738.9077892792 497534.818462252 -12268.877104665844 -1141541.2187818019 318601.031093958 -3614005.392909682 155511.8357599148 -2804711.2779696737 -4303892.04919416 1050655.45632569 2555713.0451876973 -2911787.1731829704 414260.5359873178 -3140416.3807835924 1899996.5658090932 -1404327.8911558134 -89568.62775104847 1969321.46014658 3315578.447384125 1867738.6325481131 495366.3634724693 1058298.8433255763 -3899670.5011753747 278165.0022043918 860096.9681956037 -948229.6423309431 -2895876.885114814 -342929.88582189614 908931.1154531242 1658057.0237717135
