35849418.10428103 1607146.5306402599 -546725.4328794301 2193441.798102376 -1436680.9241827717 -896043.6965277131 639321.3492714603 48309.02594633452 6677366.0296757985 -1691936.615740024 -6267129.751265146 -3228588.6602584403 -3403506.7378305853 1504271.4273898215 2012204.2363692825 1329869.714497872 -1848943.929701671 5114651.59209044 150597.53345110503 -837929.1893940001 -225378.69897689045 -2474424.308612473 -1888101.6274065303 3342255.857538499 2634346.0343619604 -1534420.2185132573 1690174.4207167784 3313658.920962509 -3498965.13234801 -1919048.7454158454 -2566424.143515027 -5885569.9566411525 -2977572.809921496 1088724.2244563336 333242.0293935263 -1296891.8126462863 1037817.6526831284 229487.23116935254 -3713296.079924121 2199366.937492851 -1436927.4898311873 -839229.582537124 1930756.5391420862 -1172487.4604531461 1176925.6398922128 -1320276.980050444 -439048.71274048375 759467.9118345239 -325354.83497181523 -604685.1051874821 1583644.4592778631 3755324.1031867727 1821495.6240783618 995875.6218980623 3312300.3193384497 699306.8130861481 245325.66258993399 -3511008.365708279 -5860086.613074809 6095626.832811548 -259349.13728544975 677727.8564313183 -2734485.8044392527 3931124.9060090804 -3834225.609850296 -965324.6849810652 -4589299.820069801 -314923.0444595296 -5569255.118266173 2165942.4950919254 -5978115.26029894 -1458531.7800754157 -2838647.3041422563 3011405.1165929935 -1086314.3621415852 5169125.23525887 -568600.461233144 1533969.1824089116 1041449.3798877046 -1216157.937486092 4180453.4683083203 3249180.0725925867 3629767.785283624 2415681.453050956 -204438.9101534441 -362702.4023702255 -704094.6513031808 -724306.5143878714 -271850.72414329904 -642520.1913591174 2659489.921665386 1467086.381244729 -156692.75429567014 -1180954.7090292263 -6738437.966515058 -347122.38523796457
1607146.5306402599 32360243.319506135 -6708278.912803749 -2713876.547199136 1049873.4006515888 1282575.437120334 797151.2302120758 2518204.5203895587 3680986.4801324317 -2309562.2383226575 -2903099.194912327 -2767734.997445809 -1013284.1594532277 3925228.8063728497 -3549398.4921171376 -2586883.210890448 -2071011.8398634037 -113887.88589743657 7554088.275222554 2968834.7468119883 465256.1892456424 4454266.120010745 92230.61795719087 1162591.5149919763 251078.49410430412 -1273748.486006189 2686665.8822142472 318249.1919522975 4786060.993809279 1016511.0911378885 -5980044.206567658 4558323.396683296 82514.62267250373 2336387.4474897 404121.13864221115 -4909396.831323268 -2709250.846169117 3623050.3948696465 -1460850.9423810893 -926145.5698098589 1052766.4698717778 -385523.3528021521 -1505386.0322489312 196775.7178246436 2428692.590220824 5548763.159998127 -1637487.2268157145 2074327.2430342683 -5005946.912378432 22998.312219781055 -63434.2645133879 968916.1331714208 544578.1163536177 4878229.995123632 1583986.943175498 201182.59359266437 -57254.717999605666 932123.5108593474 3106631.786583915 -1326606.2264382471 1133568.8434957913 -1467120.8675428638 474110.32856767403 -550732.409968956 -1284362.0458584595 -2729647.971476526 448324.17276326014 263205.05966959323 2312770.1978663746 -1006832.6010423067 1412556.313343216 -2390625.2177079506 2978440.745356359 -3708392.6449670214 -1355250.5589239362 -143957.79531760732 -878590.8031971642 1240791.187293453 -3897106.5908707865 -1155140.5313352733 1618763.161209856 -910927.3908894573 -2062175.7161821963 -650548.4635043872 -99103.09710018667 3347703.898115686 1501994.245524711 2398125.722797674 5020612.725935109 1294793.7767168372 2778053.3302614135 953130.1309709908 -6048809.06702859 -3142921.818172828 817230.9849879257 -1040899.696673222
-546725.4328794301 -6708278.912803749 34900246.64951615 3830818.9068375793 -3160798.261287803 -677199.3848934126 32883.49426557235 -371697.02714851085 1298173.5371052946 344445.19185920537 222715.53006270272 1490836.1665706714 -2042441.9381452997 -2362816.5594365443 -2391474.201232355 1320900.8310573697 631473.9251577497 746969.6073271969 -1258213.728840184 -39718.94958653813 -765451.1304099896 -3550586.665966387 -2552675.6174020553 2672489.413346894 -628883.3599548137 -2204941.828392119 1263178.8184950799 1936684.5197236359 -5081747.85425089 -1458863.661636422 1995915.603888864 -662091.164595648 280810.12981497566 -2331924.5759549444 -2312232.907535877 -1028040.7287432584 1147819.224031791 -636132.8447149785 5055784.908468596 -5205355.890438658 -3542935.000933552 274044.0315562754 5774065.20179908 869691.1341491297 -3534861.412561897 2283551.4611543207 -2978297.3028439865 452438.4163481349 902593.0655083193 1421234.195747739 -1228286.1918172473 1454634.5149897924 -317367.5336858642 1010224.1641026092 1675422.71293112 1288303.853290006 1264501.7377787249 3258095.3682635515 -1470996.2662263238 969064.0924396215 39899.96741774863 -2464229.925250437 -1280080.7341211701 1892936.2830151345 1710773.0844348879 5019703.049031208 -124135.59630951082 2299031.234960062 5124052.104465385 456744.88102309266 2831792.4216632033 -1071999.1020342158 -5144371.40157484 4565939.952906012 525345.3637132808 -1662626.777465985 3914808.9201575588 5251961.20813967 -909453.7966456277 3106136.6147120376 523060.73653637036 1935704.8825087578 -720920.7856324407 -2393829.590713683 -6011244.553371624 -2780452.381998697 -1203771.7776663532 4640524.575215362 -5464997.719405722 -1793889.2530591025 1146701.0213942186 -2315279.9496258846 4795841.534835114 -1756181.8839861231 -1599178.8755718989 914171.8623068659
2193441.798102376 -2713876.547199136 3830818.9068375793 33825728.24947239 1150237.1490099467 -1064078.5393753473 -5740475.274624284 -659599.1534142882 1492146.71350152 -1775504.5531514478 -1357719.2904540787 946378.6832468718 4022180.373136029 -2846505.3130432856 -3675406.7524029245 1963489.433064878 -4039813.341144563 3875682.4862502418 -2176522.6958185816 1774497.274099828 918953.8738508925 -1579826.8763779192 -2366439.5092809526 2275202.582210231 5721963.462231269 3415768.1838797387 1658590.1351368537 -2008787.5036904227 271771.81543077616 -1412156.742906308 1698561.1449151551 -709990.3208650794 3954073.4833704513 2272896.5138136586 -687340.373295078 -436294.88578314346 -3681075.8309181076 -4499472.649962917 -5147173.384313523 -120643.23156551839 168940.35837132361 -1694987.822945662 3404707.1376893786 2697435.2874191008 110494.41053144562 -193135.4119424606 -3061288.920083686 877632.2959296724 3756630.601561863 9963986.484043824 630262.3852351552 4954668.4700657595 795642.2948820291 -929470.159312324 -227616.58200903318 -1711292.8660372347 2439120.3595997733 1227282.2434527369 -536531.8555576069 4252762.657573862 -5513059.501427113 -1707370.1108931226 -813583.9361503974 1925238.0752828855 660885.2609707089 -2484736.282979987 -1238865.8121375355 -430928.2206690569 -276487.00171190005 3700611.182726254 -789288.0141673227 -2309684.149354655 -2572101.9006631486 -703541.078257992 -578386.7319351895 2002249.9903386007 5998892.16326496 1601811.6788660204 4464550.800452803 1735776.1863519493 3490986.3903742596 -1889264.9201465785 5306938.071586624 1682202.8320758615 -442311.11382933444 644545.339687767 1745671.1184686285 -1107937.854994945 484879.7201156041 1576173.7415790656 249846.02133068346 526732.2348407009 4334125.053856601 -850369.6499038758 -2641377.477173747 2146840.461888516
-1436680.9241827717 1049873.4006515888 -3160798.261287803 1150237.1490099467 30276809.524530258 -1947831.9681423416 2050202.758069726 1275586.1166376912 -323553.1629522978 573187.3640446048 -320942.70636693813 -531957.2327487507 -735094.2097853333 176662.16402431345 4399077.495752903 1832727.5144749854 2169597.1436206996 -904690.584763101 -1139379.6098302915 2687143.8442919003 4327661.054029636 4762014.918075134 -2280547.8003231236 312582.7181649804 -3510685.9517401243 -1944979.274705997 2389540.583443393 -772078.1183875 4368995.811770962 272002.17330650124 -2069501.3343541785 404663.80082874733 2775150.102610429 3616400.6294633173 3920702.1760328286 963263.9368434804 7123386.792697439 -224635.2841280192 -420026.18762100657 576551.8855704551 899825.6463530425 2681194.4198389174 -2594116.000354553 262411.2588028188 -3919084.866808233 969768.1873022293 566876.2558118473 -1856676.6040216612 -2359242.6521601854 3424722.571458762 -1365602.1785297056 -595669.9776392983 -1549472.8156364383 3227537.184062662 -1648259.5574089817 362768.07260638924 4201388.22653717 -4038862.0086085866 -4744210.873771568 49585.43471181167 1497673.8943607823 5348960.567611816 6840353.992324815 -3118761.6127235405 -784629.9189217641 -3695390.4734939444 2102196.6768440246 -1268819.4806969543 1297707.0085175063 3114382.486287496 -4408278.323695559 582018.6933346351 1093384.8267862839 -5108531.280482673 -1619743.6327913017 -1098283.753820946 -2615554.0260219397 -1420069.6113193461 1214357.6486217056 3748741.3767590355 3302279.7358863098 -2400487.687315487 -737635.1313763586 2628224.7506593694 4579699.245353014 -4325975.390158919 1006619.9887455936 4784079.785798793 -2622192.0593282264 1294621.4927736993 -701560.327294978 -2452273.9412533036 1780660.3719358286 -537609.5852850591 -874605.5161736268 4685302.888802181
-896043.6965277131 1282575.437120334 -677199.3848934126 -1064078.5393753473 -1947831.9681423416 31402450.798388585 1203876.2477677616 1918880.9809333738 -583274.9924819717 2421003.209608718 -1768477.4553231108 -1263174.8376653013 104189.65408238926 140392.55773409517 -1124703.4063156787 5959957.32206509 -4762746.35600285 2898965.254587717 2290664.336809534 -375286.8517298328 -3943305.4268198772 -3835244.585821018 -5329613.24946873 -193429.05590359864 480911.34654818417 908470.5931395573 4318364.382286595 2206568.6623710925 1059718.5045820035 -3049050.608224362 -208469.68539629102 3403209.9408049854 246269.76425385807 2089670.1508245391 -5070778.927983233 -5072371.022826431 1365054.5194190734 5176512.288209256 751583.1656783735 -2290863.878818492 4206098.472614748 161914.29253905473 -1072929.5802385686 6454165.223530002 -1744263.8877836664 904451.7071675977 1223314.0713648996 2982269.821809607 3738413.663244015 -78815.04725208133 1815150.8998832419 1023012.4419303705 2162347.313679992 -3998770.634678577 -2896591.36068175 1845555.0384707488 31300.32755143485 -877235.7435303862 -4032173.2154805744 3270802.938260024 1022172.5119020063 -1985088.1687965344 -4054184.153036394 1941975.4801148681 -1634492.5307879325 -335813.0280101116 4689067.101811664 930735.5142608391 3581777.9564065533 -558975.7288750819 1628264.2849632993 730080.1505629256 4338689.946822206 -2143195.0037628002 -264409.8941206089 2123627.430275926 379140.44106305775 2962493.229085107 -853589.6639267132 480679.0271555899 2858753.571016395 -3258987.5656765145 5318535.996659688 2551570.327913051 1307171.8623970964 963438.1924707362 -2190872.3676767433 -3417400.299911077 -6379350.7150296755 3414335.573745896 962310.0547889061 416191.2677647344 2290617.025624064 -337413.76046580885 -3178986.9649622077 -3527195.3193121958
639321.3492714603 797151.2302120758 32883.49426557235 -5740475.274624284 2050202.758069726 1203876.2477677616 34438288.47592966 -2654670.192244717 5175264.127420917 -2604650.492681231 1810044.6826101404 -1929528.8034371028 -673048.6353333908 -1284029.0663038897 981545.6278815212 6935451.631322053 3823771.6252305554 -3092758.4934049365 -2625689.3564788364 -843051.4796824349 679267.4580819209 -2062696.870183179 -1936955.275232156 -1578610.7593462851 923822.4449113337 -4044802.8854541336 -656875.0051742259 3917906.387558493 -1425880.3794545063 -1677474.5519752644 -2623835.018940865 -956263.3344329316 -2868296.3040257683 556840.4469533638 1643767.0674533332 777228.7449125979 4136321.523260021 -1053157.5496972064 -2796124.02900548 -841182.6818528783 -630749.4776172389 -2584597.379840991 -955144.6651831697 295589.06540314655 3862870.6539368173 -1054269.46407653 2267594.7832849305 -1036985.3141803519 6400909.165909494 -3254403.2110364633 -3754772.6264611846 2185331.331695358 2014174.2932992198 -3049994.596257111 -2559536.534937333 145296.65171557918 606594.7838786201 -961122.1945980258 1141969.318248443 -1860164.2600859131 725696.132949815 -3001215.35416173 -5134508.159958229 405297.0565597361 1204836.4570729618 -1026930.6991849662 2301538.721308409 3411411.995494531 2706373.7617986295 -4491577.840424478 1211709.8034227183 -1932144.4491818296 2966064.625546878 -3011767.0295653837 -1471846.5575755413 -2560463.6109654014 3661512.7803494134 -1176666.0773658594 1622332.229233393 -202423.4820628131 -2645918.546685489 -3926184.3585191024 -4785897.184966931 6433675.153653871 -930063.1275496146 -1376655.0488840102 -523749.42064907425 207853.2294876565 973355.9355595305 -7270086.117949958 5098860.507896147 843167.0655402235 3167439.21970331 2078482.6843571903 1677859.722445659 -1490576.2949089152
48309.02594633452 2518204.5203895587 -371697.02714851085 -659599.1534142882 1275586.1166376912 1918880.9809333738 -2654670.192244717 32285350.95621886 3796304.1025105356 -1092521.2653068386 -1396867.5783224208 3109034.4848131537 -835562.6619107185 418813.9230917151 -2271021.247657241 2403690.958854539 -3002573.604812267 1582673.0499605488 4536898.89338233 -311214.38616496226 1949701.886550745 -665324.7090719391 8808459.308745725 -1395090.8674872615 -3793781.750980687 -1628574.812036107 -1886822.2814739137 549451.1171060371 -5529437.178394784 -5105956.899570262 -5275236.48528533 439293.9206672478 3756273.173990052 -2468029.66919242 156921.3727100203 724429.0378089575 -143387.386480628 -1044246.1777507352 -1139289.7105646185 853384.7723530056 3115491.910840124 4038293.4453776483 3181643.6470349757 133961.71818735896 -1247564.962074704 -1715125.2464858186 -1711910.4870175526 5543092.741094937 -4503527.683360237 3252054.6910535432 1997968.4493951702 4096829.0800893814 -1002493.852506916 2313227.4351091753 -2824297.1513450257 -5145143.164441017 3332872.010698586 3914049.445839546 -193326.7000563548 3598113.4593399814 -438410.1084825714 1008771.0672090903 -1929411.9631903996 -73172.01727640117 -2691008.8908779384 -367922.80497804476 -1193524.2511574235 -3814573.023439118 1363845.6818115832 -1203633.017610288 1788924.2130319916 5496369.9462506445 -1310780.391468817 3897856.0528466175 -2256867.9859486725 4510912.651138692 551181.3277598819 -3049444.5004818398 1282284.0914895486 -481884.5716579856 -1224770.9240658598 1639640.5415197467 -596815.9136160444 -928329.2637775193 -2804521.9546678653 182884.38982253964 45439.911715081136 67366.9151480252 5855622.985688923 -2134632.3271913496 -2747783.26914492 -285434.71224948467 -2242838.7180624115 -2958634.0119557898 345487.9726843393 5420716.6507907035
6677366.0296757985 3680986.4801324317 1298173.5371052946 1492146.71350152 -323553.1629522978 -583274.9924819717 5175264.127420917 3796304.1025105356 32393790.418212224 -4452131.433587566 40702.21655407994 -2838979.816048648 2636527.7222548057 380420.88819469744 2299930.6214712225 6223727.6368477335 -6025295.135675076 -2759913.8905149978 224547.68607450163 458118.97766535135 6853640.018597835 3252752.929294845 473580.85423310084 -202301.9198209948 -2546951.5659986646 -2591568.9590467876 -2295405.855481172 4432469.876059815 -5754867.828560042 1355432.4633278926 -3620231.4124250617 4828857.974929152 5184793.7653083 -3655886.5889896494 1633418.147118566 2934136.9391534994 525274.4059397561 -1055158.6476306221 4779614.7702813 -2018301.666547335 3153645.984098153 -1730863.0945336588 -3761567.847153478 658007.2581647694 792654.1049833888 1346284.307379234 -1689788.9222548602 56960.80303560946 2082667.8636079142 -763464.2945269918 2279228.6051199366 882055.1306456551 1385252.4005104548 295830.26640126837 330220.41985317715 -1858512.8103671002 -1569446.521898927 1679971.4225912113 2145319.249800313 -2509801.246581874 -104908.85833775869 -3946681.3274682793 3584535.7682077424 2795195.3184133107 -1336104.1065306575 4991628.546882938 566844.3161634137 -434433.84822719474 1225670.3985596355 -1294963.3582010448 -965130.4191216851 1301875.217448926 -345410.4313294776 -1556356.6152427883 -1371682.6585634898 5737476.120153886 795833.8892489088 2184197.9946962013 2278106.9443474235 582763.5814312338 315735.6219050285 1938049.442521775 -200773.38580279675 4338387.2033149665 -1581686.0334110956 -1516129.0795780034 2333155.6786177508 2147540.206559365 1577766.5336783319 -28892.789311165056 -2277863.3784115817 3037674.2091903314 -162895.99361991056 -2444342.809942503 -236572.09181028936 3845057.637539837
-1691936.615740024 -2309562.2383226575 344445.19185920537 -1775504.5531514478 573187.3640446048 2421003.209608718 -2604650.492681231 -1092521.2653068386 -4452131.433587566 31433404.269270636 590194.9374817743 618325.3780072544 -242349.42892899236 -503970.2031732528 189011.93641638054 -776997.1484838022 2838383.5581667847 3545726.5300325844 3469120.872679919 -513922.0410240151 -4980304.109129325 -5822759.243594478 -2276307.84529749 -7026169.8333806 2559577.896128984 1229929.867244424 -517995.8671072172 -2735139.1620015735 2478329.960890146 -2907848.4498567497 -271992.94836513256 217155.34161332806 -1171293.7216571285 -1170089.8938293585 -1455453.481295564 -1527407.7387451746 -997403.35765244 890110.2880245408 2112623.8818016304 2295991.7096398594 -1254308.3063370162 -1679064.6469449138 52978.077355723115 -1951353.9327052517 -128397.91879793904 -3511320.6239161408 -2211239.3000677032 14940.951896048846 -829378.2467548137 1500599.9773889538 3473434.9957836 -1305305.7380564203 -732242.841925328 -607747.8803560262 -1982734.455873451 1307546.9750528208 2799096.93953251 605424.3949360126 341681.3878365389 3675907.0217230874 4921774.653773445 -3039537.6111429757 -1485252.6303966187 -1696122.2548441398 4199339.237223551 927210.2556432915 -2752178.0601344774 666413.482806206 970425.3518936234 3246389.3586594793 -1090802.9484385792 -85149.71974310615 -404278.8687497793 -101398.450263171 388593.7850596394 444421.1754073702 -3826385.9885829636 -4340874.496934043 5208478.328721331 2583421.6289431443 3985058.788533247 194408.05493224625 -548439.6469212215 192087.11354456426 1373894.631763635 -1861633.6385915212 -3643005.461541985 -4092613.014688369 -338536.9130764736 742918.8444777519 -1068640.2333110613 -2767313.1258553998 -1012079.6483056179 -1539990.2221922015 -3574794.675128951 1038670.6512472343
-6267129.751265146 -2903099.194912327 222715.53006270272 -1357719.2904540787 -320942.70636693813 -1768477.4553231108 1810044.6826101404 -1396867.5783224208 40702.21655407994 590194.9374817743 31290506.283146348 -2213153.2452955195 -110141.97531962983 1467192.581661527 3199551.567739144 2968800.744918182 -1663989.8346328111 3704187.462053068 349832.17136148707 247361.71956339982 775268.1383929193 2411364.501915229 -2301010.0746314265 -2168751.6343473233 -2826600.008929777 -1476803.9105779517 1484005.291934197 -4859502.763238393 3345851.699750917 -1240406.9408077518 -236326.0921593218 6090977.881594231 3114382.57530663 -5808327.726414879 -1344780.6755616725 -100231.94380515644 -3819510.4943379853 -1493935.9467665465 1382779.1375613746 -3880574.0506950086 -5267240.662609415 2934833.857922474 -4353541.5956987655 3960335.459728117 -3105643.8044330464 -1568912.6552599643 917191.3119393542 -3858610.4734261855 -840140.6875671332 4226156.748444514 3581643.5171378804 -5221755.548851335 680569.1811109859 3951821.2776857303 1349960.9163073876 -41496.26606931813 2959718.0178314014 295914.2399922634 4657963.000510974 -3869480.1144278757 1853765.449025123 4873583.002132759 -245829.0708999721 -1542942.447773999 1589943.829301572 -39229.061362921806 -2881835.550956873 2959110.0907478426 2465633.8612086372 -252377.20172074958 2282966.8658804162 -1500047.7846497577 4373.876990875573 4879789.510425733 3685234.2638165047 -2489916.5987884533 -1858431.0107077293 -4212225.5343496315 -6090681.473797502 -2197434.7914704527 -2104080.1906148237 539073.9715448656 824642.4226814619 -1412596.6160799547 -1781833.9886802686 -2577623.3100939435 3116337.0805263277 1515539.010843756 1793286.014811815 -3739518.803619226 3476736.1708846632 71644.21381199447 2843050.039113079 1459602.3077435864 1445610.568687646 -1846041.5188923636
-3228588.6602584403 -2767734.997445809 1490836.1665706714 946378.6832468718 -531957.2327487507 -1263174.8376653013 -1929528.8034371028 3109034.4848131537 -2838979.816048648 618325.3780072544 -2213153.2452955195 33101469.34842543 1267443.7056430175 3459119.290001062 -1513144.6045568301 -1462686.4197237152 2552331.2032959014 -56872.35032829236 -1215824.2130139398 2611682.9382180255 4344998.663005482 -6112262.674709428 1121975.0597150447 947069.8919669061 709476.564711169 676635.0135476023 -1890350.2381812274 1076851.8677788682 -4116911.694523385 1147618.0959785918 2796452.960203135 3492770.536161842 -1225167.148647562 3926177.090817632 -3198914.5063959267 2021680.2769996307 4565442.264936553 -800642.4296396242 -2895374.757886053 -2976831.751878675 3284669.9249846833 3141661.684569415 -1688508.0381426981 -3247974.838529029 1357987.4767725542 3527185.1575420806 2343078.2964083487 -1796888.8623464576 -3405693.543397835 -184122.40531980045 -2573118.9096349096 971288.2002078604 -1521273.381359974 1582776.0102912316 -2971406.2374052377 -2344516.7350495476 2521385.014637934 4951580.506021421 1251413.1343361659 4469254.777573021 -3996397.6507019307 -848596.6506047673 -2710331.5746095623 -2954629.346775977 4656781.746300554 -1931663.105676572 -1253850.959659357 614981.9570410755 -2503248.596575521 -2617104.8355641267 486537.0861963151 301122.4740866727 -1655738.122179789 3152834.6917380737 3948127.184265284 3255795.9277894944 -4858236.909757907 -866838.2881518906 1646669.6208729534 -1357479.287578057 2560262.005453852 64206.103548709 -3932543.3745656265 -2337328.7361512133 -4894105.417728175 -2012015.3416580842 -137587.2168546159 -3542376.2678342373 445329.53114819305 -1217558.48674452 -3445373.287801201 -7200689.544861815 1911684.8758052017 2598875.3297423637 2725233.446386559 22242.1961389525
-3403506.7378305853 -1013284.1594532277 -2042441.9381452997 4022180.373136029 -735094.2097853333 104189.65408238926 -673048.6353333908 -835562.6619107185 2636527.7222548057 -242349.42892899236 -110141.97531962983 1267443.7056430175 36323232.21698344 -2040236.267915529 -4518939.826997154 1034943.7721933373 -1027181.5772286112 6215761.63623373 -4398301.945432721 2986935.669571316 6642280.092542515 1565146.3227821258 250025.1854507702 -6994177.326084336 -1907849.578166804 60267.89694208339 -3389678.241664838 -328444.84164084226 -5804341.986942763 2567957.033199007 -2071850.397594881 616332.4803999005 -3794042.6425614357 3035897.00136909 889313.6537119698 4703699.453555449 -5369527.81424075 -3235984.4015191104 1655166.5557771625 -1845399.0247051166 3478037.5682436856 2135366.7027909313 3150417.0247942363 -506401.1825392885 674118.4027675813 2404739.859877476 177564.64128869787 1464703.2836636463 2178421.0009710724 2668353.086565462 -161912.02367322246 4601725.102537681 -1806370.8037826722 -2943432.16498682 -4764809.643991431 -2042670.8631257818 -1058008.460032639 5467066.748622416 9665.771810524418 -1227761.1739848412 -3121211.146646727 -5675482.474632752 -163500.99666074407 1907013.4604488022 -1720979.2914576374 6325763.650372807 -95023.61896230352 1345400.981367712 -6152511.097618323 -3273294.6006654566 3853225.9066164084 1211995.4951920942 3960855.179712711 298092.87117972714 2192422.3333782707 -432829.165259496 2155919.097118732 -307856.6166050736 2096060.2668590364 3793169.8906852948 -4460643.710101191 1559230.2666427325 -7118230.314038081 598773.8725818148 -2979055.278532639 4600729.734765181 -2947698.5257792324 2337631.448558728 2496643.633870623 -1941652.5891163794 -3229276.167034222 -751093.8897498689 2677681.1231024847 3365857.237323998 -522903.15565366816 354427.6244154317
1504271.4273898215 3925228.8063728497 -2362816.5594365443 -2846505.3130432856 176662.16402431345 140392.55773409517 -1284029.0663038897 418813.9230917151 380420.88819469744 -503970.2031732528 1467192.581661527 3459119.290001062 -2040236.267915529 28644534.941543896 -1193012.5057798456 -1158412.713092312 2330727.998479618 42329.53038370365 274077.18403192656 443184.2099154888 -479547.2363965325 987665.8673266689 -949786.3427364067 -338118.8677176084 824535.0111705493 -1294556.295349328 -2720730.7651231154 -1293400.044213467 1191077.1404625722 241505.81322980448 -3977789.840679959 765281.2414050846 1051553.7702371418 3535704.791064208 2954889.4546720944 -2685209.246327304 1734481.7234611774 2830670.5798413283 -2731044.2832887005 1175890.9464594196 753498.4791243752 -3732820.0100417044 -2207437.619410074 -4617623.76515665 1999874.84687213 642982.3254854969 3584900.9641160932 941512.404791829 2573722.9490923784 -1535703.3707874946 -2393629.7716733413 -1763029.7345942566 355073.3213501592 1406156.7783082898 6335674.227329968 -1473141.7148273007 3574785.9176617945 5259099.040105421 3440565.935628474 -3220561.2050226815 3797686.253225224 -2358580.7491267864 -1513038.6333350593 -309988.17252080503 -1406181.3871005685 -1801939.253448013 -156640.88770239486 826420.4284283803 3228782.548029575 264480.06874631566 4280189.989040027 2368725.3233502824 3968030.493305415 2247539.2596429293 -2112612.2246156433 -5390462.469086287 1970808.9711349178 -4849894.834494495 -1661752.0741836543 -3594807.3282412384 1758015.8432260456 3586263.161552215 2787540.720918574 -3919123.8758365954 -2190128.731997413 580257.4705901262 -50770.89441789265 462788.2371819691 4831835.457334519 1219011.813032366 1001052.9272465718 1574712.195620079 1916214.620467741 -1729002.9463557124 4679662.663742188 -1882187.2035226559
2012204.2363692825 -3549398.4921171376 -2391474.201232355 -3675406.7524029245 4399077.495752903 -1124703.4063156787 981545.6278815212 -2271021.247657241 2299930.6214712225 189011.93641638054 3199551.567739144 -1513144.6045568301 -4518939.826997154 -1193012.5057798456 30999212.290421043 -1571638.6467426086 980734.4340107929 -2681756.343997338 3169292.1379532176 -458992.6974056684 1047373.6973764201 -823031.9871245178 -1348391.5485865553 1793752.4842348702 1537495.6270870687 -594239.1095127045 4199777.617020774 -1419783.6034421741 -327377.0260078719 -908716.3493506244 1793248.0939787615 2647429.0138925123 -1325894.0514520062 -2090338.2343652924 1971377.7652634701 -603598.7593375541 5042040.801803192 5645957.448028493 675200.7663261472 -819971.9600835136 -3678239.4722126396 769842.7127158891 -3679795.5416598762 -350612.5141442786 3375266.619079988 -3308574.634094391 3378479.8218421433 -5259764.281958955 -2305877.376619772 -4636768.730171775 4499102.500104487 -2905665.5357944714 -3035314.419651676 54786.3430038468 -842673.3109637625 1672502.766281719 -3129546.86340354 835478.7853952263 -2139102.67629612 -835162.5990664073 -251606.67125422915 3140504.055889899 3660345.4899173817 -2538976.1320724483 1495187.2114205926 1448130.9311363432 333016.85162155074 266893.6810473956 -703330.0740666447 3730481.982930151 -586946.4679857619 2013777.3907107601 508549.55460274336 -1909208.303423527 -650824.8985788526 1070732.5751579984 -473889.74634450715 -891874.7216737301 397099.1261588675 -2016160.9775939733 3246010.812827767 1875523.3466779643 1738351.117784625 4495159.899471708 4868114.247736587 -2266752.779933963 393178.28606935 -3930106.509748641 -724709.3333382882 1799455.9367253901 -3198917.3155513345 674636.0578103084 -4555895.50018396 2721918.2966393796 -4021224.406947107 -1323145.274162476
1329869.714497872 -2586883.210890448 1320900.8310573697 1963489.433064878 1832727.5144749854 5959957.32206509 6935451.631322053 2403690.958854539 6223727.6368477335 -776997.1484838022 2968800.744918182 -1462686.4197237152 1034943.7721933373 -1158412.713092312 -1571638.6467426086 37089294.577583596 -4292665.625139299 2314323.054577228 -5573107.633548792 1765955.5000728592 -244930.24145403257 -3399929.2456348054 -3423670.457646435 533546.4099948604 -5567562.58677166 644022.4879172195 7047796.958754374 4604984.587780358 -1976894.4183103929 1139101.6063116218 -1331989.8651748921 1605164.752700991 549918.0358897562 -2030620.1143414036 1540130.0405873132 -4311486.395783301 2007405.0198625748 -4798598.350553672 646557.4123903341 194077.6431761738 1940943.103141341 -1741606.320721507 -719903.0305862259 1571272.8410519015 4736717.149900985 337404.8453151185 -5960952.382790576 756102.3136015362 -1821645.1014779955 -3861121.97200358 -3003758.7440738124 -263353.1912648604 1720600.8002338174 570651.5539387005 -1074469.9053308866 -1164104.4104007403 2292057.962869245 1125594.8394476466 -505833.3226104925 1233717.0301300748 1950280.5149539788 -6477520.804544586 -673488.4520359864 6201331.290732735 -308350.77383590606 -2541521.8054628503 -2828319.747416421 -1174295.5290640928 -1328234.2048319038 -1941798.1290791058 552952.1680353066 2817262.285751127 -438205.7978163852 -821310.6377587368 -1341081.4685066727 2456038.509417085 1341526.2219244484 -5258812.285486273 1671900.285443586 444319.2115350039 1187552.871376488 -1520485.2911720343 1290882.2993585414 6165688.4967773 76751.43865286131 2989767.4858700535 -1901913.3721928946 -840812.9774561018 -572488.228039553 -3880139.6327407123 781653.2460120573 2039421.8170219697 3974147.7602281496 -24124.88732165945 1634976.2268328331 -823399.9914115896
-1848943.929701671 -2071011.8398634037 631473.9251577497 -4039813.341144563 2169597.1436206996 -4762746.35600285 3823771.6252305554 -3002573.604812267 -6025295.135675076 2838383.5581667847 -1663989.8346328111 2552331.2032959014 -1027181.5772286112 2330727.998479618 980734.4340107929 -4292665.625139299 32788825.74779531 468467.4142219295 -392243.3866457668 2693662.322017729 1194458.0815295437 -1590202.4666769472 1378308.2954222723 2392171.089140149 4027154.668181253 544314.1664690148 -4398176.584817245 -5393272.181688639 241630.6342392983 -3567100.352902038 -1384995.2843620987 3230098.895892914 -2778836.9646696653 118971.87166964452 1094345.4096694735 1216607.0280841575 -444468.4216678526 -1524909.9164830318 -2816509.3985755974 -1483498.673464865 294809.67013161577 -2131418.0236607916 1367486.8460022218 -1448201.5614719137 -124268.01454812658 287650.5147141841 -579426.3539722059 -636557.8487779454 934202.3362361252 -2123982.7128088824 520113.6191844597 3666760.9827024457 -709939.06893933 35107.066220521134 -6256207.4061731 945226.0649419737 -1536728.4395035235 1164121.264155504 2392808.70565164 2188680.753830178 979155.656591348 3063608.969367815 214252.48673884475 1092489.4945555213 2386799.444736305 -1072258.7716102886 -37057.25780914461 4494468.4444650505 -6305279.320877403 -4910771.740679545 2533293.045770226 -157017.693430984 -3362442.1861277604 3144365.9246613365 83860.12714889622 -3903009.9033397497 689985.925241183 -1385306.2446859987 -1178180.5009466712 1667666.6035051378 4437896.239380027 930030.3279670416 -3283298.5191099416 -3307681.6616868144 -571827.4579339349 -6479405.068876369 -2069484.3175109427 319278.2892582554 2827383.541539857 -3070678.060997859 -1136592.5341085272 -216327.3677636102 -3086031.2986637717 -568466.2781137044 144203.12348632768 -2443088.2136522685
5114651.59209044 -113887.88589743657 746969.6073271969 3875682.4862502418 -904690.584763101 2898965.254587717 -3092758.4934049365 1582673.0499605488 -2759913.8905149978 3545726.5300325844 3704187.462053068 -56872.35032829236 6215761.63623373 42329.53038370365 -2681756.343997338 2314323.054577228 468467.4142219295 34661277.98480003 -1662997.480406497 3506901.733455635 -2023166.946542205 -1023452.4264920433 1390438.0749070388 4884169.5549072195 5498713.82599506 715406.3919806995 1280560.3634088407 -3201055.768070427 -1583372.346011355 236802.389143635 -3202808.588312554 -1687354.616259819 -907974.5181231034 -1967137.8746292572 -4948271.590025878 -3267841.7407982564 -4627227.463156424 -3307792.5339612784 -4967543.1044248 994836.444291129 -3289278.9830028056 3192213.3848564522 2047381.3004376523 3842315.148554801 1991045.5613421611 -2889700.159807904 4145351.5262501687 3108000.939789772 -1087229.6667749644 6503557.91908625 -1994060.3144557255 -2138003.592723917 -1850452.9729615806 407446.75044666696 593708.8209443643 -141733.31404670826 -343395.4836098547 1662672.5640664534 -580144.1310100609 301494.13248322293 -1343868.4835470228 -1467183.212824607 -3760477.590995278 2057491.6306143522 851767.8709508036 922444.363268439 -649204.9407118941 6275054.380263664 -2130670.3277308606 -1716042.9164641416 -2142369.1625088793 -950274.1912779582 395610.38623098505 5766257.70541195 4013667.1489481684 -1228362.7120391629 -879721.6279587839 -1788455.4566079944 2715683.2391624902 646869.5886649137 5880639.498013379 2119902.182698669 -2857851.984993239 18204.410723683133 -1666787.179004713 -320095.825206973 -2297500.791709038 1061813.8739577516 -992872.9493285596 -245063.73148075063 889305.92748371 -1469981.0860264448 1535336.903475642 -1097721.0539513438 1782439.612130588 1175347.6943443257
150597.53345110503 7554088.275222554 -1258213.728840184 -2176522.6958185816 -1139379.6098302915 2290664.336809534 -2625689.3564788364 4536898.89338233 224547.68607450163 3469120.872679919 349832.17136148707 -1215824.2130139398 -4398301.945432721 274077.18403192656 3169292.1379532176 -5573107.633548792 -392243.3866457668 -1662997.480406497 33756754.73144602 1043392.6726546534 1116847.0940860617 -1169664.992973796 -954943.4794112493 2039716.9731794405 553979.9349880633 -1096902.4055052067 -167036.54409963478 -3974169.779366356 -586191.8093603599 -1594062.2599985409 -3866829.2808946464 2155461.1380978343 3369562.8363686833 2237688.5910093426 1056207.1661144674 -2447350.7905936646 -5080025.989308356 3797105.5763833513 4675873.988367498 -2925290.9486709363 -6387612.115203459 -982825.1382460196 -1144262.4000647927 437143.85113821516 135780.12360276538 -1369334.5666124534 413994.92345649714 -1231404.769851246 880943.894067836 -1063794.4785354268 3970268.915508886 4348507.107024905 -442936.7597363775 5683558.092298217 2631988.1479962347 2118509.313105824 964618.0930191368 -2606739.8365468504 1977128.4078786944 -160680.58606531864 2991913.7467215387 973396.0163757455 -1358008.8507127739 -4419167.6855391655 193179.45680254538 -1181037.8178448924 332022.03716886294 -4251103.011501737 4048359.407729326 -1112003.302582824 1713084.4148663927 -5184724.403068737 -372227.9284963281 -1836241.1369929188 -3039141.173538995 -844874.5306484158 -2633896.9345887657 882853.532339874 -6891520.127765874 -1343906.2193795529 3799488.892868933 -2588403.0722486028 -1881592.8355158165 -1765619.412233227 -127563.27356071917 5016049.433521267 1994622.1038419476 -4993744.568990549 1401370.3022978792 2118869.167105707 -1251627.9569590858 689500.140779333 -3375538.254550662 -1586593.0786862317 -1564911.9996924018 26373.04349134868
-837929.1893940001 2968834.7468119883 -39718.94958653813 1774497.274099828 2687143.8442919003 -375286.8517298328 -843051.4796824349 -311214.38616496226 458118.97766535135 -513922.0410240151 247361.71956339982 2611682.9382180255 2986935.669571316 443184.2099154888 -458992.6974056684 1765955.5000728592 2693662.322017729 3506901.733455635 1043392.6726546534 29530267.75552514 1204980.3021458145 913394.2984245232 3424170.10846469 -51287.88957104879 3047354.223689949 -1034645.8924470257 -108281.06297122616 1224947.3195802558 3036347.3219845863 167703.46556448893 -562624.8134712281 -894019.5735881359 -46379.63268233019 -137886.8153457644 4302345.861542549 756227.0195531108 302560.34678523545 -944688.6412897962 -1386051.967674294 686944.1792437837 1045619.0511332928 -1449209.379781199 3708311.388196861 2266272.986478609 2517529.4917673934 4921342.269617742 -768877.2479311569 -2275051.6112632398 1322439.7637261576 -2635065.464574183 -2090824.4340921766 1946518.2475377647 2247879.46657528 734409.4356590885 -536697.4198439611 -278300.39226250997 -5064123.804719841 5586050.716911487 554266.6655905672 498833.6941143482 -1724587.667411596 940755.4653650775 -1211558.3585581344 -1842331.6452195465 -3479326.022882459 -494298.4750499339 1044419.7388382356 -3769568.7894899813 -1496995.297741194 -2810204.0317856986 122393.76688046279 867543.6972553215 3352871.5519114886 4186927.603371365 -1046923.9675543336 151668.2589445283 -6785493.556791706 3081148.7974146656 776361.2489794542 -143306.5980568037 2135394.7807086697 -293291.7530477342 -2652350.9744763677 5690565.086526626 866473.0771894221 390277.0696353537 2127884.1554926466 1908240.2955309418 3925590.65445245 -480158.1082357063 -526154.3872202432 1492691.6790565883 373750.20938878076 5485414.659040932 -2975582.0002046875 -3281332.458308928
-225378.69897689045 465256.1892456424 -765451.1304099896 918953.8738508925 4327661.054029636 -3943305.4268198772 679267.4580819209 1949701.886550745 6853640.018597835 -4980304.109129325 775268.1383929193 4344998.663005482 6642280.092542515 -479547.2363965325 1047373.6973764201 -244930.24145403257 1194458.0815295437 -2023166.946542205 1116847.0940860617 1204980.3021458145 32357848.61414809 533093.1424873569 -331611.0406788964 608754.895257447 -872110.6879801025 -1561284.5198119518 2504076.081543715 -456341.3045071175 -6017832.328145486 2638907.800381131 925379.722534537 686607.155318098 -3065277.7207751437 2393898.419752299 2512410.3515340597 1266324.5816649084 3562795.1965467604 -13599.025428600942 -4046865.332141603 -2762467.334348354 1776877.7616193413 306164.8702298571 -3404684.2321515833 -4103167.024789498 -25481.990806653008 3215511.120119327 1664676.7879432314 -196413.44208354916 581586.5486515313 347261.247537589 4586149.510744693 1338194.803976897 1131521.2619073747 335825.8798218125 2056774.7980776539 -1877316.676048186 -5797065.965247678 -1277702.4189151572 -2016040.9582319309 3234835.7924682787 -3223162.275205488 2099159.031937477 192110.50136635292 -3005809.3862470277 -863851.0663838739 -1244458.3755168861 -150927.2557279704 -4654364.958452996 -3274530.855127344 -48215.299015484394 1703785.6383804397 6718119.269185855 967948.0931020662 -125645.55493332923 1375758.958273254 2626539.008653729 4707147.066419784 -833549.6640119663 1945768.1079046475 124096.42689150019 -8132886.080490924 -1754444.108703016 -3642638.446863231 2482637.4973095814 -3031972.641343697 -1593059.5163220468 719856.2254356963 4200908.007210309 1128535.58839252 -302880.06826619146 -1114490.5219076273 -318068.5936564617 512483.2168886633 1983109.5477174576 3571335.916953195 5074805.352760019
-2474424.308612473 4454266.120010745 -3550586.665966387 -1579826.8763779192 4762014.918075134 -3835244.585821018 -2062696.870183179 -665324.7090719391 3252752.929294845 -5822759.243594478 2411364.501915229 -6112262.674709428 1565146.3227821258 987665.8673266689 -823031.9871245178 -3399929.2456348054 -1590202.4666769472 -1023452.4264920433 -1169664.992973796 913394.2984245232 533093.1424873569 30346629.981534418 1673752.9411102077 280016.8375217121 -2176999.774938458 38918.61066118172 212796.42962847298 -1979428.9282569499 1983984.604277974 -2277965.6647012243 -331477.9502653835 2778459.6840264867 4283984.453363026 -2213518.5665765945 2809893.4081102163 3724658.479031841 738172.4699415796 324936.262871024 -1216568.4825124666 3900934.2978309356 586195.6001724307 1904961.2470273485 -3414260.2827059985 369574.3673927028 183637.59269575737 -5591511.958063999 2967474.8157128 1095485.4983788412 -2338005.191206722 662013.1952458594 1703082.352828533 -3532412.802674592 2091142.217638642 1542563.5558433833 1456495.5223343952 1010812.0380067936 -1446470.7187599833 -165429.1466810434 775673.6063192622 -1350565.4957423257 96164.8875502807 591641.6332089909 4167251.8889629277 -3138656.276035176 -3467298.1564672124 3221019.1784737497 -1025041.8474880818 1684719.7470604288 2299336.537554557 4021838.697129493 223258.99057159963 666414.6427214397 236782.02765344823 650801.9864321222 -1127586.754776395 -2831766.8609169438 -1740541.515913555 1474356.0666295232 -428533.91200902575 -876068.2296456638 918202.1841474593 2029429.4536896925 -3539081.1780235106 -441782.4151647944 2382896.2865770427 -264340.13554732694 1398644.675909258 4707256.561414778 3599326.954907813 1264124.1112468988 -1105912.5548425713 1731709.0261591307 -461732.07204231503 715634.1263026354 -753542.1820919156 -1642552.5282605183
