34264630.61644879 -1590728.5652513143 3682144.673557267 3874128.4648049795 2951115.5492221033 -599855.1094424637 -193515.77316042368 1181248.3379226413 -1766737.668494479 -315103.3004966023 2742630.650891491 1052707.5287980894 -1858520.358382057 1854918.4066606725 -2579626.7001484567 -496415.5154331028 1665649.295427896 4437152.523282182 -1714511.3794218863 3367496.627737269 2050481.4249488397 2742615.7482194733 -1597064.5769566018 2909990.5861437195 -2469236.6957889823 -2534361.634996533 -2472787.5217218366 -654007.5685069493 1500109.045847171 -933540.3431101296 579192.6269044933 1852421.1184807266 3414450.1794338613 -4695726.711765743 -1419189.5425060887 1583472.5103990096 -2119307.2368724206 -2536928.985336536 1363465.6933292833 -1606509.0208774714 -3740984.672922885 -1463064.789341014 -835641.0959662772 -2450319.6183482534 -1157851.3749705185 -374375.3380133372 -995776.5232422911 -1583442.623546118 2386858.148546829 -4364653.708839252 -4050910.714094906 -524562.8555150183 4002280.701937422 -328191.1431344316 -4967625.100463859 4500515.028531648 628280.8388485007 3237729.913103945 -2705951.3881260734 531993.5820194035 568448.794140307 -1069942.6519857747 3177598.6754176966 3206547.026786033 -1328741.6859051005
-1590728.5652513143 36783642.577669844 2361620.5531899338 2804391.454029899 3080778.7288820464 891193.5831073547 2456040.07799747 2196975.288226226 -848556.825878095 1461977.6850411722 -3614535.4465951473 -4822594.612103397 -1437337.617641659 -405271.7953243163 584293.0377495826 1679057.805362186 -3498078.7724447567 50911.8672848927 2433781.930500448 827069.936961855 -1208006.8110148231 -3901495.492125634 849851.1823510757 2638944.4467916833 -3076774.8889801395 493356.0891179403 1628998.8059460851 -124116.81785877532 -5335101.642453201 4917413.466182871 2580069.942752099 -4715150.764763873 373377.0886141877 -649091.1337868777 -13171.009554689996 -2066334.9085437006 -1697214.826291903 1976035.2854275221 -2066732.677528093 -497450.82119560154 1333279.1953393277 1593711.5001321924 -5023794.441260955 1244394.735408407 2025749.6305812474 1307156.0829784889 -3140374.744518092 -431046.3758926199 -2598333.6161247296 433511.04798706237 -361255.17379735445 -1839133.9746374716 -2098402.217163952 754170.6763361773 -4860782.559044435 1292681.4877187894 -324780.0198880171 2742356.7267252873 114627.65903360282 -2094828.61741455 265801.5342032195 4661103.811754948 -5151474.766721206 2488500.144816895 3254401.5303472537
3682144.673557267 2361620.5531899338 31847854.00970232 -3060327.6276817145 3480823.80209309 5580712.162404345 -68894.18874321159 2109730.389555399 2071970.100102824 629710.0998845045 2390656.294729598 -2107259.1421256964 2078794.9252783752 -4931721.260225781 1133349.4955770744 -2954951.7260175813 -1838736.8016546497 -548149.9306181286 1916770.337678408 339482.145526524 1800938.4317853556 70070.05548041267 32276.494302972536 674124.5524394773 2635467.734269777 1010033.5920778738 1954874.4212778003 1197181.3424572966 2343287.944392515 -2786826.633686553 -1018145.2305018955 -588401.0398090157 -67589.92059383942 1924211.891118898 -1468024.07442175 -623617.1703934777 1710423.1844753043 255912.9639503987 999247.6343784819 -434876.9276875199 -821844.5127403258 274385.62695319386 -742966.5176113901 -2051690.4732933594 2024765.664532762 1017211.0973949707 -2029935.2234030804 -715608.4681481271 -933589.3719202739 -823102.6742956452 492454.545610775 1145440.1500068132 2122592.824688374 -159873.75912377326 -2214110.8779012808 2247900.82677377 1363099.1499696786 2043523.7824897163 821172.1166677796 -163149.98216669212 -1022507.5541275486 -536169.780543887 11900.990203536485 1783455.7039970576 890426.459349294
3874128.4648049795 2804391.454029899 -3060327.6276817145 34775806.02167667 3701309.233523428 1729711.165752783 176996.09997001934 2396252.6260454617 -2889534.497489107 3011025.4731475 -1166379.0163805466 4188649.185935073 -2117307.481062614 2095896.1090033555 1376651.938042863 10508936.375437442 919379.4807767968 3614180.4558383245 -207917.88488963278 -1656401.758792423 1081142.3741761867 -1338916.1839611945 -379605.3110870675 4070476.8243172383 624164.8523755489 1722280.1990652753 414721.0800362296 2057825.5190351082 1753449.4230688352 4854648.67452831 -2392150.2075093077 325139.3732272442 665313.741741156 -2185632.3705628365 3389650.176770258 -1271908.1808503864 296792.7078013173 83635.44115783517 -1514661.1226316998 -913970.7657685728 -1856722.6162879756 -759925.7021520822 3293048.0194508545 1023904.4779379509 -2795022.281436553 2874526.964537414 -2975104.010465667 -43187.68804350774 1889585.9585328705 -287523.93034480204 3273248.859469937 372385.991750221 -320871.35322570236 -315706.97912781435 3344580.425224488 1894531.5258979553 3780510.9612796567 -2587032.139427417 -173315.15211341527 3276582.074736487 5689192.859397583 -675961.8878009749 298376.15848466434 1041198.9616037993 -2851374.4645111416
2951115.5492221033 3080778.7288820464 3480823.80209309 3701309.233523428 30994273.236768067 2646747.634719498 2725096.856104037 1512030.6930914083 -719551.2958297634 872433.1271786059 974950.8917123876 -3724913.901393705 -186978.6407373639 -356796.0061445176 1661814.1517208114 2998127.5031799017 4289301.953503766 3157975.531529546 -946966.7101550017 3419355.8927094974 1193524.024270244 -1602600.0306179693 -76032.24503426452 -3150357.2768161157 -1719146.3272599475 1199891.76843142 -2475463.7127058734 401524.1024293624 -1449165.0238393354 1895066.3189000245 -957827.0251348019 -2232339.562968591 1886999.7779765371 -2777069.46611523 1592326.7084537235 -3126463.10620702 347098.35433350294 -838872.1251244663 -880970.9909908106 578734.8106409522 -3050906.8439085726 -3606813.564240781 -2447337.2468376816 -240461.9537162247 3374395.891201535 -980154.5281444063 112912.78146399981 -957812.2571466282 206855.65684145235 3027531.7032989147 1850286.4513426248 538567.0547699311 2022937.2337113097 618994.8230630967 -633960.7496516295 2482276.7788234754 439674.11263925245 -3799952.651497206 -256291.622283732 3610687.697915824 -950672.9261572338 1757881.8101686926 -2032605.216153357 3919100.1373920566 -942810.9780452751
-599855.1094424637 891193.5831073547 5580712.162404345 1729711.165752783 2646747.634719498 31848854.54404679 -2492208.6321734334 436134.013245116 -697426.7523780203 735785.7687431071 -2484416.5701577705 -3566214.368797955 -641172.2646387548 -1859285.6678914225 2274737.4532859097 2218116.6986380676 -148182.51553674415 1397306.4344118617 954424.9027070132 496486.7765971305 2377207.0327282045 -124166.94532166937 -1151472.3229706571 -1298413.674370792 -401421.77555225574 -2648461.057165209 2798006.884145712 2448105.885361075 -1006068.7965675137 -4006417.4556356454 -2372268.4895726885 -3234504.1400381243 4355972.900103054 674578.7946121187 -197045.96544243724 -174506.74754561853 515747.7083592193 2862589.1707350756 -4399897.894980299 -1143270.764101264 -983655.0123422304 -2881818.980829232 272528.7526797494 -331247.0399773722 -4228279.703542079 -1350745.2525936696 -1803519.334120496 1392521.5613007578 -2423269.4293678533 -2563491.7190981815 -1569593.3841597359 1118843.6388796035 94143.03673789442 -14411.424919767898 -418492.2376906079 2814440.25866895 -887158.7618698276 -1011293.0116683731 398464.8839599083 2413688.944302354 -5358388.391701311 420026.80182561546 3976236.3539459864 2949760.1615973385 -693580.3217313658
-193515.77316042368 2456040.07799747 -68894.18874321159 176996.09997001934 2725096.856104037 -2492208.6321734334 34814309.29176571 2340856.2174322335 4912268.876554373 -483521.89381554525 -548835.4990280626 2722910.289046682 190636.13921588918 -2114329.045088028 618097.2194638752 1226425.3429478111 -2198984.166755382 -2714783.0882942337 1575418.5066935073 3022923.4158887686 2857356.5167242116 898751.2573758997 3525595.7042036583 1115664.062252028 -4823150.013140622 99029.92430497833 446671.77562511846 -2560501.176366677 2952639.4436516343 669087.3381623476 309035.3721690529 1810023.436499669 -1449762.9152196688 26167.25276685019 878344.0998868269 -3212363.0656485804 -3844820.6962330597 -18842.859630694773 -2194015.422028944 2924455.129295729 -1878450.3577566284 68324.70621986345 1474629.9379873818 1758955.705772171 7230941.532243381 -1915330.610309102 2959474.8801581105 2308703.8213123544 1212810.8601263673 -4588481.77411762 2874323.174045078 -1923064.655555614 2211191.9606789434 -1413594.4288229796 -1181742.7506780152 2971973.226650198 -1459725.5457097962 4093806.340464122 195841.52677954442 5419200.211684632 1974833.0965345164 2528286.170177294 -1705579.3454612696 -2962016.770099955 20749.404599719634
1181248.3379226413 2196975.288226226 2109730.389555399 2396252.6260454617 1512030.6930914083 436134.013245116 2340856.2174322335 31567630.862560887 -2826844.368220725 -475507.0724348087 2212297.5203569317 1060922.1446229974 1364116.29860434 -3589392.4487862717 1448015.9354248808 71331.9797096622 -427720.13988103234 2271922.0720311143 -4630503.602177649 4531617.806391135 3920796.900713015 -2700391.743484932 1332730.0741476552 -6023380.207755733 -258447.87002878488 1804150.0101232198 -2498961.728893124 772053.065835685 2548631.6236781385 -327039.4241415731 -1158973.828375676 -1450858.214968385 -3373864.6206134385 1064206.9853710472 2917398.3269095803 -1359175.1415482834 574181.5760719557 493545.47166150017 1037851.4599833951 1637242.2781863017 606697.0609291878 911071.6252112631 -2319380.3071972136 539939.6314807505 714423.2945906348 3296849.871166724 -3088641.1921236333 2261773.4178010058 -1843804.0287052812 1205831.2142072686 1110669.541592502 515298.69031769177 1502973.4554205185 -1195848.0112540605 -694241.9640710979 399332.89871485956 -1798292.385510667 1975269.1902401296 2804962.0054732226 2756803.8831674852 1658441.0571693836 256836.07022351923 4368035.862641005 718659.5364221741 -1700761.3688813103
-1766737.668494479 -848556.825878095 2071970.100102824 -2889534.497489107 -719551.2958297634 -697426.7523780203 4912268.876554373 -2826844.368220725 35121857.27693976 273659.86370639974 -4310396.996523329 2647704.4028318063 489167.05330440425 -2474864.9008212755 -470533.6809102015 2114965.123527384 -318866.48459708545 -3427443.7199899694 2455049.4785054196 -957391.3803934733 2556881.637427456 6060699.747201555 -1120757.0320337147 700549.1718348598 615480.8836834084 -457822.7019823797 1375262.6074216282 -435350.6964503414 167568.84458123695 -1705105.9869382454 -1584749.5833556135 -2189569.4254318993 452791.60408952145 -3010288.356116417 796995.6521720422 61429.75783492514 -2392138.0094515593 -2420448.721843956 764435.1715368453 2590123.8883609776 -2469965.0785182244 -1126066.4800088678 2369418.1441681343 -1079288.104618909 1017243.4643405437 419437.60463063495 1699426.7875375065 3476477.834437298 1338410.461566531 -4231412.893996568 2529676.7396039315 -1310337.541451694 852940.2512473123 -1564954.3380091956 -2649913.7454914874 -946623.1688519036 1172879.1465903854 -2795332.6687053856 806805.7715676092 333249.23137740756 -371735.7430800776 1177069.0829237034 -3128163.981975132 -2551771.025469453 -2148387.8380712415
-315103.3004966023 1461977.6850411722 629710.0998845045 3011025.4731475 872433.1271786059 735785.7687431071 -483521.89381554525 -475507.0724348087 273659.86370639974 31785533.338043854 3445482.9041230464 -2847419.493521172 -2822860.394574773 -4544204.795019131 343996.9404036389 4772438.700490745 -510625.3176323227 -1438905.5851248715 4290959.334746032 -1459705.365875113 -1296893.0420048896 -642881.060956323 -1061124.8467086628 -774628.908500934 4728221.975270914 -41665.03490582864 -316675.2697914817 -547175.4986234304 -1640912.1951241146 1687291.6804835387 625814.390608184 -1212319.6322282657 -2111500.930578322 -283276.5154043464 659803.94530314 752881.9282417824 4757509.386380137 -109737.87335971094 -723411.5304616498 -4809765.550308262 -4344449.847774023 -395709.46628404746 4429649.862986487 -603036.3782010349 -643153.6684140341 784950.8496774015 -4043463.0979239424 -1713787.740463267 67102.09133438526 -3376116.931553792 24475.709723454336 1531399.026021578 -312041.0121356091 -974719.6769060089 -3228194.910243996 2114432.074804301 740218.3473575393 3428847.533678896 -424495.9504682141 1956681.6378881496 2564097.14992245 40235.27833668523 1161438.1611049168 -104041.00476694561 -729056.7018971909
2742630.650891491 -3614535.4465951473 2390656.294729598 -1166379.0163805466 974950.8917123876 -2484416.5701577705 -548835.4990280626 2212297.5203569317 -4310396.996523329 3445482.9041230464 32023187.452558726 708406.801745119 -3848322.107706798 310426.6568120429 1630545.3715801989 283598.8782550491 1083748.2043354476 1344265.272092449 -2938835.214946754 875442.9252865693 371140.6742496635 -3531339.5654035853 931496.3113170895 -1979639.4583868894 746425.6620894492 -2831564.053900537 -1969120.5088857217 -1186144.449722364 681445.2097838703 -40633.532305742585 -23928.08691225299 -1000452.3470074104 -124822.7196655441 -783053.6258165459 -4188199.890146787 -3207432.3833302925 613185.2734930721 2003185.67605981 2951953.632963383 -1103259.1281641955 -3183865.336509864 -237583.45571787868 4116857.270037836 -5532073.586307076 -522539.64036769385 1293687.576433096 -2615152.508016609 398323.9945099877 -1914222.9348771998 1146262.186142809 -1860843.675832236 2492311.7403855305 2081257.8778812143 -2904316.5145372003 246690.21968383208 -2262932.940952179 -790844.7068490784 1479119.2749666267 1465907.8490178576 1439740.7205956886 1707108.2200641232 -2443492.3300442128 1742206.7744225508 -5020314.32527867 -1051448.2859781277
1052707.5287980894 -4822594.612103397 -2107259.1421256964 4188649.185935073 -3724913.901393705 -3566214.368797955 2722910.289046682 1060922.1446229974 2647704.4028318063 -2847419.493521172 708406.801745119 33339033.30956415 -452939.4345470437 1388592.2796253487 -3968158.7125015254 4304612.328292023 2998826.928375926 356903.31411336403 2646264.87053989 -2993563.5075683254 963320.1600385616 -803459.9512676513 3444833.7692761403 -280206.6939971287 161215.25267882875 748499.5637381332 753160.1437035665 -406083.2408074124 6073363.452824231 1585578.6968080981 -600491.6307077283 526888.4237496933 1156153.368865491 -1386934.485374344 535080.8663438145 2117831.539942737 -2220262.5174241206 1443426.616093763 -1676745.6240220962 3958427.322402851 190751.5991476884 -1573546.5935090517 -332293.8773191403 1681534.3594238886 643846.2724162263 769729.9383901985 3204673.371957152 -2668500.0513053173 464636.1279475479 326008.0395943663 2596911.9639631994 3842886.3785739928 -310467.30319492857 -1894869.0904434635 69986.73381918749 -945111.1136550298 903819.1247851208 -1938466.8770080542 -2752818.9374441276 2951911.3035944374 4798950.522065559 1493021.548440111 2079174.830703206 2190286.607783801 -2995282.176554625
-1858520.358382057 -1437337.617641659 2078794.9252783752 -2117307.481062614 -186978.6407373639 -641172.2646387548 190636.13921588918 1364116.29860434 489167.05330440425 -2822860.394574773 -3848322.107706798 -452939.4345470437 29992540.08315049 1242758.9257756162 -2065033.6972162009 -1684406.8421630014 -426876.11797554593 -1686533.9640166024 3400302.7386945616 -519110.9145455083 2268020.9060829896 -1353617.9780719783 -2704337.40459555 1533392.1908633711 -2936352.187388608 11224.01918824306 4328826.653837371 1490703.005185867 -5293252.326014132 -2189472.4443565565 -1547260.2091745178 -500375.02938515996 239316.34961236408 -342873.0196547177 2815601.9633493735 -370742.99421775504 -1891365.5881367384 -1502282.5509836345 226697.04793157376 -2528881.842520906 2089150.2590401478 3039650.766374077 -4337442.561126834 340216.17465032317 -791518.9350414211 -1630220.1077348383 -512748.22385731596 6494135.744457829 1264585.3726171656 -4624651.884585663 -2912708.614852144 -2558572.54610041 1178162.9610403504 -66837.76085970232 4293.519660617552 2114077.604752248 -3040235.010237826 -1004982.0514816453 3059810.099453615 -1503442.6953396974 -1240602.5018623131 622229.8916978446 -422329.8230767206 361891.4553789786 2057377.9717684165
1854918.4066606725 -405271.7953243163 -4931721.260225781 2095896.1090033555 -356796.0061445176 -1859285.6678914225 -2114329.045088028 -3589392.4487862717 -2474864.9008212755 -4544204.795019131 310426.6568120429 1388592.2796253487 1242758.9257756162 35779422.32628226 4190480.1487124222 943285.2342871428 963271.6184080176 -1426403.2980196099 -2512438.030159882 -280131.9789645179 -3320069.1058189175 2507580.056742224 3752267.53857744 1222055.2539859738 -4313259.631202051 -802734.7551868595 -819327.7749667906 -2086810.4093685998 -4803394.299310041 -4457153.416768023 -1717687.0862930177 1027297.3400869467 60106.41335895881 87559.62513534566 -481642.5408379166 2780347.644577268 -3737400.765510657 2233352.445008347 -1220215.8321372261 -592981.6429594927 93482.3765816015 -2449960.2563408646 2459350.5756631834 -2271889.47143612 -272887.1361357622 -5011975.51523136 5173443.856393647 352373.17054752936 -4937086.9006846445 4584538.267621672 -2315561.3329654126 -3125686.0959212254 -616054.0565543438 5283116.59609718 898369.2543889111 -235532.41906145232 -2546143.6220542616 605364.1156176238 1984104.4651168957 1816740.3316580346 -2011270.5679062337 -1780473.2577224078 3980515.4913931685 1982703.5899484304 -2326545.540574691
-2579626.7001484567 584293.0377495826 1133349.4955770744 1376651.938042863 1661814.1517208114 2274737.4532859097 618097.2194638752 1448015.9354248808 -470533.6809102015 343996.9404036389 1630545.3715801989 -3968158.7125015254 -2065033.6972162009 4190480.1487124222 32096558.565987308 5147150.5830316255 -2299704.236829703 1979428.512296301 5746954.716481464 -2735403.5232856255 -1703251.4927234615 -564798.298650736 -2438515.9226908754 282342.48809036013 -3016029.978244936 -1737497.9643316548 -1774412.0704687273 2169337.3597021736 3112811.253283132 2048705.7333971804 -2943167.458733482 -578864.2683589697 -1139248.5693475227 4631375.240640773 4593375.229276492 -4702587.48115115 2734973.102239977 5473086.495773548 -2619894.9071757765 1114644.7444408662 -2653171.785403311 -570721.6114460081 2364217.026264403 1652601.9423373954 -996903.4945599355 -6004.563491293764 1575625.4125801034 -1463884.8616196353 2799726.0681486824 -245434.53146864785 1411044.6291163338 -4414684.029932492 -1097181.1717808393 2956018.2936540525 -2025191.6362555968 -7344542.341707748 4616448.435517256 -3107418.1405059583 743828.2320839087 -1177496.272936299 -94028.05381304072 -945886.9086833963 4192986.1751347487 -1719076.1674997178 569569.915151586
-496415.5154331028 1679057.805362186 -2954951.7260175813 10508936.375437442 2998127.5031799017 2218116.6986380676 1226425.3429478111 71331.9797096622 2114965.123527384 4772438.700490745 283598.8782550491 4304612.328292023 -1684406.8421630014 943285.2342871428 5147150.5830316255 31777898.93996121 2934141.466944577 78764.64789157653 -4659429.540207935 1170417.1553125125 4367600.262736316 444551.70791515714 -1779486.6124918591 -532189.776111824 -3417445.860627232 -668664.895034711 4798178.1950303065 1862014.371171605 -669683.0169376434 30092.961290421517 -1435523.1315390987 93726.76619437302 -1844516.0754648487 465960.5930927471 2131203.316584604 -2383537.915898235 -3275469.7373487037 422824.33113874536 959909.8220960543 -1616067.2861822546 -3404432.1339714653 -5008923.010490994 2861303.716956405 -928982.7235296007 146068.71841261932 -1052918.3267539376 2636136.773552858 266977.8467520096 2635962.560027819 -1510450.6466818517 1802870.7095389664 -4089534.4847252984 -2187696.39620415 1840001.4926522288 -84611.13734823588 -2427102.163206098 2289910.59362412 -1100780.9051883304 806153.4263689623 2481092.597687434 516027.5949805047 1953105.8542209824 -1039555.0392973846 1478610.1810040597 1037712.1572264847
1665649.295427896 -3498078.7724447567 -1838736.8016546497 919379.4807767968 4289301.953503766 -148182.51553674415 -2198984.166755382 -427720.13988103234 -318866.48459708545 -510625.3176323227 1083748.2043354476 2998826.928375926 -426876.11797554593 963271.6184080176 -2299704.236829703 2934141.466944577 33050218.822850034 3599149.5758962953 2722505.3263097177 4090834.7391212876 2193478.255072044 -3084990.2832312905 -676807.8530980801 -4213409.4833552465 4029219.3228856395 -4552013.279335092 -2031158.3963962952 974555.7670925675 -2201185.7978133634 969182.3170350584 -1641693.6586145298 -740511.8197818873 -4703995.907461041 -2482660.770263459 1942829.196621553 -1066008.222698807 670342.4880665203 -2722139.275796515 806239.3496170503 1607387.5501611356 1311007.8540000722 -3113864.3232545676 1235826.006814259 -1247300.4204547137 4872677.704995759 -1669798.961832032 -3950179.244792619 -2027683.700439239 1985362.7911427873 811614.5525143042 -1942925.288736199 -2089808.8847772344 -2821028.377402804 -1114137.942343448 1521087.8162361728 1090159.3822464887 -3053285.2796610384 -141891.1194676893 -6721425.400844175 3218858.090955541 739644.7221887374 -6101334.620512531 1650189.7583801611 1002278.6398893743 -3573476.78575268
4437152.523282182 50911.8672848927 -548149.9306181286 3614180.4558383245 3157975.531529546 1397306.4344118617 -2714783.0882942337 2271922.0720311143 -3427443.7199899694 -1438905.5851248715 1344265.272092449 356903.31411336403 -1686533.9640166024 -1426403.2980196099 1979428.512296301 78764.64789157653 3599149.5758962953 32798004.015896823 -2076218.7162847847 483881.64560936525 1666446.8422353421 1474293.1764690129 -4144355.15117918 -1134967.5217010302 3126805.9015605436 4871429.8864431 -1617585.2843318195 -603908.9236231451 2878221.4642720814 1389910.5394410759 -475914.49185891735 -61676.164608699706 -860658.6984630356 -4821878.212256316 -358078.6934947173 2066771.2123843571 -774299.7784505257 -1669977.03442791 -3917466.528930649 -651978.7143417515 538997.7612453434 182010.21470303056 -2861681.3500748253 -287179.41401717043 -4914771.691070588 -2085470.0997989476 133105.95234390497 909713.9192938566 -2158140.2397608976 -679784.1713433014 -978646.2653628277 -1152403.2166271086 -1887894.3662473478 -2050015.5263071272 -906228.7067713676 387689.9376117682 141649.42253572537 -882647.6610384277 492284.9630489306 -1504488.1719613757 -1587218.262447854 2906903.899678919 4327125.264154822 2503460.7922347877 -2045994.326348868
-1714511.3794218863 2433781.930500448 1916770.337678408 -207917.88488963278 -946966.7101550017 954424.9027070132 1575418.5066935073 -4630503.602177649 2455049.4785054196 4290959.334746032 -2938835.214946754 2646264.87053989 3400302.7386945616 -2512438.030159882 5746954.716481464 -4659429.540207935 2722505.3263097177 -2076218.7162847847 35758405.79413362 1611888.4307985895 -6033663.304109032 1153718.4605449198 -2522986.7754555685 5361937.317085662 4289506.9987929445 -3418906.1738417516 1465491.8633444398 5313244.440094598 14110.63044933068 485440.6274581021 407813.4932677827 1008360.8088936976 -4714245.295857567 1633898.3331482988 -1104257.4280000504 -1377295.1419533943 1266444.648293498 -6602789.588388643 -1332592.718131773 -3480930.6531409416 -821136.5202443615 6148844.841770688 2818102.4932996044 2431004.91027842 376537.500391931 -2175690.464575971 -2577004.896948913 -1075540.1874362135 2539637.8010735842 -4158884.5075021246 4301733.036604307 -1424880.9019217577 -3224374.1887124595 -2043206.565522582 3325184.3606561148 -3566664.1007892345 278408.53290643386 -246057.26916682228 -2224140.7913868623 -103596.25129328339 1031139.0561724787 -4893262.800784951 3815658.794929554 -1520121.4142129382 -1200127.293488913
3367496.627737269 827069.936961855 339482.145526524 -1656401.758792423 3419355.8927094974 496486.7765971305 3022923.4158887686 4531617.806391135 -957391.3803934733 -1459705.365875113 875442.9252865693 -2993563.5075683254 -519110.9145455083 -280131.9789645179 -2735403.5232856255 1170417.1553125125 4090834.7391212876 483881.64560936525 1611888.4307985895 30871887.46840346 2351086.7654786613 375201.6876017063 249232.04412827932 -569686.979274525 1170365.7193479296 -979251.6449749538 -1727512.4610879591 -1608232.6230878292 -978566.4163622676 -1057255.1389958102 -3727060.8717498863 950276.9555402704 -2682453.831034181 561970.4420385205 796817.365123599 2408466.628455104 1951849.926284509 -2003991.5563751908 -2382474.749405859 -2300731.928157381 -3261066.9808334825 -458699.6781328029 -1110844.8373982406 -497384.5438063105 1362363.8733120356 2387221.171715517 -4148974.9150673025 -20953.254721972724 -2259584.5869471612 1750527.3965429186 386871.17270297813 3864041.042598185 1795232.9667520877 -2409432.0968700964 248642.03665468417 1374604.398955158 -1436981.3922862425 -1339811.0289650315 -2617777.0008496824 -1163625.760603422 2419833.3774729916 -5301989.925570863 213732.34730229457 -2031600.9972022579 1272637.1744944334
2050481.4249488397 -1208006.8110148231 1800938.4317853556 1081142.3741761867 1193524.024270244 2377207.0327282045 2857356.5167242116 3920796.900713015 2556881.637427456 -1296893.0420048896 371140.6742496635 963320.1600385616 2268020.9060829896 -3320069.1058189175 -1703251.4927234615 4367600.262736316 2193478.255072044 1666446.8422353421 -6033663.304109032 2351086.7654786613 37792745.01168663 -4889675.851598362 -3253475.23509286 -501786.8388190633 2892417.977876609 -6615555.749435669 -2032828.3552759162 -3285558.4548539165 44379.79918098664 547268.7674600652 -1893617.0856892485 -2049733.6987752107 3796175.240537281 -2066017.2651036098 -1524610.4798901011 2040481.5167382157 -4067364.696539193 -162557.50290921846 -3734472.18805158 -4352278.19156739 -29118.134542952812 -3081417.3457690175 1111805.0182341249 1437918.841436991 86879.20254896366 2338695.8716738704 -5797412.44466722 2263620.183408914 -1720067.811017449 -2531701.812094179 -1820127.9320415212 1624346.921620637 1304769.0672951282 -3583152.405354125 162354.80407580224 6515343.35451946 -1872606.6280432546 4086311.140360815 -2457115.490380693 3318950.9892756743 -2464657.584592357 -1112060.2771568464 -3573376.349774571 -1951950.6192457748 284853.27884989366
2742615.7482194733 -3901495.492125634 70070.05548041267 -1338916.1839611945 -1602600.0306179693 -124166.94532166937 898751.2573758997 -2700391.743484932 6060699.747201555 -642881.060956323 -3531339.5654035853 -803459.9512676513 -1353617.9780719783 2507580.056742224 -564798.298650736 444551.70791515714 -3084990.2832312905 1474293.1764690129 1153718.4605449198 375201.6876017063 -4889675.851598362 33821919.82116896 1958972.4948149058 3709887.594629929 -6948820.901850587 4191189.4585138676 -1173575.9059317803 -3525308.7103212248 2617947.1718127104 1525376.6722329485 -3334547.657902897 859922.8324334959 -1145645.2129054922 -630622.1497557943 405332.6866981508 571731.26519947 -1408524.0464308187 22654.817804600778 441766.3758416105 -597748.7371247736 -2237611.734404174 -2574759.0531442235 772210.189372239 960086.2967451086 488264.0164496744 -4976920.377541595 4463633.828635247 -902144.3934556108 1193697.2226768783 682667.5101674772 -2259698.8332366166 524803.6088958618 1015799.2666884187 483572.604092372 3296737.4081870667 -4326093.732680141 2131241.142693146 2725421.460316036 105261.36648637077 -5513758.03058796 -756800.0836406832 -1098472.2278783512 -1438654.1888669073 -137363.38714196335 1625226.0341231395
-1597064.5769566018 849851.1823510757 32276.494302972536 -379605.3110870675 -76032.24503426452 -1151472.3229706571 3525595.7042036583 1332730.0741476552 -1120757.0320337147 -1061124.8467086628 931496.3113170895 3444833.7692761403 -2704337.40459555 3752267.53857744 -2438515.9226908754 -1779486.6124918591 -676807.8530980801 -4144355.15117918 -2522986.7754555685 249232.04412827932 -3253475.23509286 1958972.4948149058 32486813.78485327 -82214.6360082362 2790206.5056899036 -1560478.5756289188 -1867367.1239169117 1296930.2197339747 2082247.9275914326 651216.282712894 497954.8975277922 -1489802.7407025555 -713228.916789606 2027429.0879655755 2413881.249525468 -467957.5043921255 -3306410.5946254055 1282402.2841688793 -870502.8472360674 -255209.8122102607 1557191.3108516317 -1725586.6894625004 -2643951.1276692883 4676176.014266086 3385684.8252931903 2894864.1185036283 1859495.8899983577 2083307.5932220477 -2140214.8853822774 4665692.489330621 -3283252.5236813454 -7317940.841253679 -1820878.7403855377 -4137765.218362228 355223.0823388363 2340545.0906264656 649262.6740898736 3462037.1277081245 -1049296.314455001 2039599.757492398 1472804.3617233771 -951262.3173050944 -1203977.4074702908 1861786.8479460082 -1079667.2245736811
2909990.5861437195 2638944.4467916833 674124.5524394773 4070476.8243172383 -3150357.2768161157 -1298413.674370792 1115664.062252028 -6023380.207755733 700549.1718348598 -774628.908500934 -1979639.4583868894 -280206.6939971287 1533392.1908633711 1222055.2539859738 282342.48809036013 -532189.776111824 -4213409.4833552465 -1134967.5217010302 5361937.317085662 -569686.979274525 -501786.8388190633 3709887.594629929 -82214.6360082362 29860265.656976476 -3681425.011025273 -1506347.1059826864 -1988057.5400450043 2111545.805385175 -1206860.2785429757 -71424.91926243741 47071.01424665094 1955446.3400913235 368178.3408799785 2610551.0593848038 92097.18699492181 -732915.1033770934 -2371994.2664044085 -3160753.7410848415 -4138952.7881983845 -925834.683344449 2539162.281538432 420155.8561522146 -520157.64938184235 685571.2380326196 1292278.7911736257 -1146900.2007089125 2177424.290272343 -1195705.159588669 3018530.5777818356 1177285.1015632902 -1643584.9617984076 -2205889.787649006 2732990.7984516947 1404737.1012546164 2953038.101959747 -411577.2902935176 5453706.738606991 1022517.3784004562 -2708998.1941617667 3356740.9191918406 4869828.163177072 -3679742.675945187 -2794910.3893981283 -371007.2190521376 101977.63899005012
-2469236.6957889823 -3076774.8889801395 2635467.734269777 624164.8523755489 -1719146.3272599475 -401421.77555225574 -4823150.013140622 -258447.87002878488 615480.8836834084 4728221.975270914 746425.6620894492 161215.25267882875 -2936352.187388608 -4313259.631202051 -3016029.978244936 -3417445.860627232 4029219.3228856395 3126805.9015605436 4289506.9987929445 1170365.7193479296 2892417.977876609 -6948820.901850587 2790206.5056899036 -3681425.011025273 36326489.434793055 17910.33989366586 1637805.443571043 4875046.777303301 2673001.6834732178 -2467144.211564494 -692617.2828499122 -5620148.306187445 -3139179.577735234 1486565.0187599282 -4525399.415201575 2363968.6300899806 81631.2970207567 -2778123.064751563 4197547.858048089 919610.3861781867 408294.582465237 -457495.9988742611 1807144.6381392565 -273330.2505063986 -153767.36712463977 2820805.915221172 -5570585.10998532 1685517.7098877784 -1786075.7590705033 937479.0687118828 -204073.2901475365 1611234.4157958895 2703899.070477573 -2453976.013847085 -2428435.5988693424 242581.83367147812 63748.9668174894 -2319942.7709543076 -4015317.7040978144 1979019.7321793728 -3156250.819671723 -1960689.6523282237 4741176.817509315 -4204972.155111395 -3031746.6273723566
-2534361.634996533 493356.0891179403 1010033.5920778738 1722280.1990652753 1199891.76843142 -2648461.057165209 99029.92430497833 1804150.0101232198 -457822.7019823797 -41665.03490582864 -2831564.053900537 748499.5637381332 11224.01918824306 -802734.7551868595 -1737497.9643316548 -668664.895034711 -4552013.279335092 4871429.8864431 -3418906.1738417516 -979251.6449749538 -6615555.749435669 4191189.4585138676 -1560478.5756289188 -1506347.1059826864 17910.33989366586 38844345.67795105 2007564.1308493193 2908214.256086379 2157064.384440359 3001519.5815679817 -3744826.590431545 -1388979.2140749227 -823997.7167300408 604415.2419884235 136923.15150289185 -4263062.139099563 -2301845.077358242 -175367.77520098988 -1222108.926103244 -1316310.5882448805 574860.2274234147 155187.47368119797 -100294.98980439307 3378555.998716474 -204407.66435360644 839280.0525534423 1774059.6057389772 5587433.866465389 -3252970.2205206333 1260071.788759169 -2220753.037345624 1119315.7158529665 2934005.095113969 784274.2572505212 763685.3576422558 1148679.2072186943 -486727.319660807 -161880.62705334407 1542008.3484540628 -2041408.7296896821 1087240.4659663704 3315220.0666443533 3393662.252265644 437685.4435989891 -186459.15155518055
-2472787.5217218366 1628998.8059460851 1954874.4212778003 414721.0800362296 -2475463.7127058734 2798006.884145712 446671.77562511846 -2498961.728893124 1375262.6074216282 -316675.2697914817 -1969120.5088857217 753160.1437035665 4328826.653837371 -819327.7749667906 -1774412.0704687273 4798178.1950303065 -2031158.3963962952 -1617585.2843318195 1465491.8633444398 -1727512.4610879591 -2032828.3552759162 -1173575.9059317803 -1867367.1239169117 -1988057.5400450043 1637805.443571043 2007564.1308493193 31892255.334176995 235826.98180419425 -1514775.3662430493 -663820.5216019059 -2191565.642102664 -2120397.4110576576 -3434358.664827812 -413203.6197957105 304783.0648431182 -674376.1591363278 1652345.5857419597 -1504983.405625862 1924646.2507276372 238771.8143015845 -311295.77425287804 -686750.1739326533 -1893907.4482630847 -5325825.547910782 2380626.364390633 -1040344.8086065373 1471942.5907843786 -1051851.3111291225 -3213183.565015733 1382181.076867376 -3186024.91754589 -1752339.9620870387 -2156562.5073414096 -1030810.0163944478 -574438.4044082069 -1877579.849510851 -307842.27880366554 2826726.53381638 568760.5190183116 -1492717.8718884385 -225419.84677922656 4961758.908131525 -2614190.8984229174 -32552.420374034158 -1380569.3857548118
-654007.5685069493 -124116.81785877532 1197181.3424572966 2057825.5190351082 401524.1024293624 2448105.885361075 -2560501.176366677 772053.065835685 -435350.6964503414 -547175.4986234304 -1186144.449722364 -406083.2408074124 1490703.005185867 -2086810.4093685998 2169337.3597021736 1862014.371171605 974555.7670925675 -603908.9236231451 5313244.440094598 -1608232.6230878292 -3285558.4548539165 -3525308.7103212248 1296930.2197339747 2111545.805385175 4875046.777303301 2908214.256086379 235826.98180419425 30394076.364941336 -69376.95984974287 -1178696.551479168 1382035.9537505899 -916876.6196118459 55420.06245577409 6207870.393687286 1621773.506187315 498892.45244601974 -1947854.133784364 -2949012.3776953747 108583.3329526675 825056.4221412519 -2248791.648603629 2043419.1641531286 2705075.314211186 -2665169.6250497745 -1175819.2042971381 -2917729.7581242747 1225473.7699116592 4643347.003754491 -707363.3889220378 1525684.722888298 -4284589.670038648 510990.56201145117 -1209673.3223325 -961187.9716691603 -3430417.763897893 -1843161.817020242 2521107.4556837343 1427302.9180343885 -784570.4631652748 4034965.818480968 -1016394.9190360915 -3932071.8248328925 1213405.4893963614 -2287995.2298594606 611738.310572199
1500109.045847171 -5335101.642453201 2343287.944392515 1753449.4230688352 -1449165.0238393354 -1006068.7965675137 2952639.4436516343 2548631.6236781385 167568.84458123695 -1640912.1951241146 681445.2097838703 6073363.452824231 -5293252.326014132 -4803394.299310041 3112811.253283132 -669683.0169376434 -2201185.7978133634 2878221.4642720814 14110.63044933068 -978566.4163622676 44379.79918098664 2617947.1718127104 2082247.9275914326 -1206860.2785429757 2673001.6834732178 2157064.384440359 -1514775.3662430493 -69376.95984974287 35878378.61027488 659373.3673059843 -1154023.3869121678 -229479.18058838235 -1922129.5953097763 771663.2173796634 -2087612.7077042998 -877931.8115744477 -634845.5003700327 312258.6567101475 -206405.7046083102 -4430794.134784851 -127565.01322432583 -634662.55593514 47419.42538643653 1726496.9095015088 3408076.071147755 -1257022.8070878922 4468750.8406353695 -541864.7388089347 3928674.277934675 -47284.85226187311 1616141.209330727 532035.5345938405 3072438.3180799643 -2055586.9211466492 -2348430.790287242 -2439699.9293614165 1094562.3390469681 1582554.8637960698 -574756.9803149335 2375649.3924870407 791611.7158359037 -1136319.174271851 2187725.305859402 -1378545.8034790938 -2109561.284644395
-933540.3431101296 4917413.466182871 -2786826.633686553 4854648.67452831 1895066.3189000245 -4006417.4556356454 669087.3381623476 -327039.4241415731 -1705105.9869382454 1687291.6804835387 -40633.532305742585 1585578.6968080981 -2189472.4443565565 -4457153.416768023 2048705.7333971804 30092.961290421517 969182.3170350584 1389910.5394410759 485440.6274581021 -1057255.1389958102 547268.7674600652 1525376.6722329485 651216.282712894 -71424.91926243741 -2467144.211564494 3001519.5815679817 -663820.5216019059 -1178696.551479168 659373.3673059843 30769271.16827537 -1079592.1243278894 1241265.5751427368 676359.2573695577 -1052555.3823397027 -124143.09945803862 445976.9369003348 -950310.0157270939 -473249.9105846461 -4276279.754991645 -112626.56289148769 2145280.247308964 -1197649.364714491 -681861.5494765704 397367.01944907126 -400310.80559864384 1948537.6898876708 -1603163.6558014418 -3775210.828968188 6564524.824114114 1017850.1058478417 485110.36116468406 -1351417.404934402 2856047.227530581 -4150497.1085418863 -1142573.988802931 6135541.513217204 1377817.647415749 -516771.5925270474 42278.21161802838 1807900.767759453 7320032.245130726 2297703.218047413 44732.45305083393 -200616.41987341 -2964337.193928823
579192.6269044933 2580069.942752099 -1018145.2305018955 -2392150.2075093077 -957827.0251348019 -2372268.4895726885 309035.3721690529 -1158973.828375676 -1584749.5833556135 625814.390608184 -23928.08691225299 -600491.6307077283 -1547260.2091745178 -1717687.0862930177 -2943167.458733482 -1435523.1315390987 -1641693.6586145298 -475914.49185891735 407813.4932677827 -3727060.8717498863 -1893617.0856892485 -3334547.657902897 497954.8975277922 47071.01424665094 -692617.2828499122 -3744826.590431545 -2191565.642102664 1382035.9537505899 -1154023.3869121678 -1079592.1243278894 34497589.22116143 584019.1156334108 1372696.6040093752 2100419.650958533 271508.5807494692 59800.53303370067 -651054.2344782406 1310632.0665322621 5590257.5882143695 5435846.98457954 2202630.4253709335 3017946.38651275 1687776.0342446137 234099.61114616028 -2934629.2990653166 78732.39128931062 -2775229.291411479 -169172.53170074613 606898.978999608 -5134579.036344467 525396.8697582873 917428.7725849985 -2814236.8872212134 757312.5756389365 -1264735.3737892988 -1222332.0069653087 92994.33352535918 -4839521.2892334135 215114.89378528445 -4990474.7468603235 57060.106306989845 -144911.072252583 -3163917.804672739 -451604.3476739479 4769016.532804605
1852421.1184807266 -4715150.764763873 -588401.0398090157 325139.3732272442 -2232339.562968591 -3234504.1400381243 1810023.436499669 -1450858.214968385 -2189569.4254318993 -1212319.6322282657 -1000452.3470074104 526888.4237496933 -500375.02938515996 1027297.3400869467 -578864.2683589697 93726.76619437302 -740511.8197818873 -61676.164608699706 1008360.8088936976 950276.9555402704 -2049733.6987752107 859922.8324334959 -1489802.7407025555 1955446.3400913235 -5620148.306187445 -1388979.2140749227 -2120397.4110576576 -916876.6196118459 -229479.18058838235 1241265.5751427368 584019.1156334108 30747565.52073453 -302289.3911509985 -6987738.269642678 -1456072.1626025087 -2676427.5800903845 634904.3045288901 -1136583.4364412057 -362006.46289948176 3681552.970733093 1209319.2556606638 3163717.3309564595 1787032.180462327 -2581361.49460676 845124.770526387 -2561749.5752784912 -3664686.3266153485 1144566.8058320528 1286677.630325146 -2314784.634219321 4220889.209536986 1382120.818502811 2032463.9499915862 108048.6760195521 867347.7622301158 3203062.5134967384 173397.592855937 1919372.7694510864 -1232031.5666456758 -535592.4541378522 458897.3436415387 -5513561.996709392 4478992.670310531 1075371.5862272296 -2909254.768709588
