33902287.00620331 -3260363.7373543447 1224889.5410091865 1061376.0151653944 -213568.13993497865 -1717599.1412689611 -3613642.0865489407 -141785.02898409442 -948219.6037217522 953666.5538326441 6033550.082604678 2004848.5671516538 1355847.1541256488 3457337.82565601 -567687.4221165624 -4018200.2779830666 3082838.7653142842 -3214103.377809044 7598708.006516078 -8522402.043007609 -2581708.153099044 -863080.8220621037 -4968850.255469428 -2291936.399311084 1516474.463746762 339435.38523911545 -10320673.088934746 -4398676.548554693 -247417.3566849107 -1456420.5847281527 1649606.8898796781 -3377798.7377743577 -8198342.695029002 -2121817.4611099064 -4265044.0961432 -3009228.25216417 2545065.40780995 -2718563.7756265127 1493320.2638945135 -1282170.6099462186 2686681.5370764625 483118.9620380832 4459676.386283327 -2353085.674470201 -2395027.7970842468 -8394681.638019836 -736136.3694163519 44422.7502350178 433140.3046734161 542010.4475737419 -443597.204566229 -99443.07064089197 -1887269.740123756 163477.0124417811 -838297.066918641 -8039983.8531102585 -3647823.672652802 -2837323.974811365 -909118.6599754009 3558161.2015003995 414968.8630112588 2426163.0775158624 4258852.378090304 -5349390.090420445 197091.26700991727 -7410259.051941689 -4843655.4606216 3158513.088329642 -2636467.422973293 1116572.6277705391 2761931.3277947204 3792346.7691444876 3231350.3072197475 1167881.8373238072 1152138.6576478016 1787063.8446405292 -6754903.888486727 6111156.654711127 1701486.3905358275 -5960903.701265913 -4880010.917660496 786241.8258269518 -1961704.217516368 -7340092.041329839 -97428.44930532368 3694417.661337882 48417.219298118565 27694.93688935885 382994.74670245266 -7067413.754924876 -4789037.762842776 -2525454.8477399154 1388915.2896595688 -1348110.581785687 1023418.9508544375 -3533493.4071538486 -4229646.393367152 -2731983.473741331 -416985.4717401864 5312833.110474608 -1355825.6467584588 2332506.963118286 3931606.5246894946 655885.3682968449 1514655.5944443159 6311259.307863815 -7741889.719180542 659148.24172508 -9456292.766892744 11554056.66823298 -545002.7774356228 1939101.462695552 8506501.482452948 3842102.157823503 2254973.5789843337 -5517806.357523418 -1007217.7692642896 -28142.059130210677 1358093.9096012814 4728447.0608827295 -4041410.22585871 -1432974.5789738302 -2207330.6602351763 -3333922.0989451855 3198007.599626216 -6451953.43508601 1023790.1197034413 4847004.02393775 1607381.6519866402 8843992.893062565 666006.3312365222 3800578.693737968 -302976.279454822 4001285.6636918397 644453.7885115492 -2963229.193516348 6562204.572466726 1168702.12603272 927962.1764760603 -810893.78004846 -1843903.815146329 -2739343.6653809682 1625451.707704371 -5882100.617225495 -3403100.712307698 -2746608.2953008977 -4007454.698419825
-3260363.7373543447 32753345.353470795 -217752.45473887143 1099193.6242848255 5391105.736267112 -5768521.135139373 4826181.575516815 -6080024.412943138 2353643.4432604094 -2076394.2499813847 -4064463.2138588573 -1304516.411955877 3528039.522995235 806771.2630797687 -4471167.680083057 5516611.810654108 -1229424.7921362442 -6388163.358048856 -622604.0974472648 5666492.474804315 -1243842.3289708935 -4143632.161562072 -540943.53546608 7675940.928737221 -1652376.4077757956 -1162555.5479884683 3800918.0352912224 -2413734.327813896 -4820725.468840519 -40168.76446825175 -4960344.079936412 -3159825.950468188 -4452565.04718228 3485644.7117505986 4336834.091242187 1224202.3221942016 -2138740.7853588727 -2499101.662248915 -2427067.8786767107 5902787.236195643 1525913.112070549 3368990.2978522456 4696390.548828352 598075.3315957112 -3752002.1193204033 7007378.058664773 509076.77112221846 1628741.5286800412 -5202207.860088165 2105826.0674310965 -1602479.7688207747 -4263097.89848464 308831.0419485933 2832624.721656264 1821625.5002529044 3596093.3806586163 -1137809.3750426506 -10549698.354784975 1206144.7225472596 -7888595.89652405 -1590510.5852965752 -2934740.2621853705 6904437.105121413 7075078.164985453 4212109.48204865 1714796.5806937127 -1761193.1868986145 3286404.8046046724 -2278531.240839915 -1025951.4498262216 556629.6525974121 -842634.9148807012 973124.7163411176 3127437.951609819 294781.2984451833 2939277.178791647 3481443.806362183 -1541112.9404663632 -2682334.4012205647 -387150.7442176919 2858994.940344943 -2168389.907189361 -898104.5954681414 -3108359.131932239 1101268.7851686028 -2528492.2377890707 -6932686.427098998 1455765.6969403792 383480.6184672156 -928917.8133158697 116093.017488726 -2295334.44731884 -3626589.9333623657 -2921460.42875705 995494.2891859724 -3722113.6176748187 -635018.3741890398 3901746.7672617715 4313341.078095513 3777578.0615000157 -2007034.7773690925 -877771.8629965842 -1712080.6233163332 1360306.74837657 -3760070.245609445 -1251796.392290935 -1622197.3074509348 -1002332.5642165375 990385.1392169654 -4442325.486194189 3350472.1228341158 -2409368.676413817 -4333086.194752552 79794.89116994829 -1366599.6034828697 -195165.99445814674 -8983839.154864296 -3168371.2857260113 1702118.6269499122 1222218.9828005834 1795869.314223529 -5006455.1780338995 -270581.435323855 -2691924.3094333704 -1122849.976400589 -3047632.739158287 -3448939.067414314 844107.4654441178 -416480.89865230536 -5441834.349473981 -222635.62004490956 -5730770.794799507 1438817.4168407398 -661556.4532739898 3520628.3434164366 -1056006.6687132413 622730.6388051622 -1331909.2100378468 -3652432.455867464 1523304.8908921697 -1449973.1843161595 1097227.7858861585 4727901.798640306 1145973.845505663 -2643246.7173368484 2882651.634359499 -438427.2074098492
1224889.5410091865 -217752.45473887143 25686625.987605385 6470549.393259745 2926755.921982348 -7421598.21832384 -1730902.3599663435 3558964.7793648704 2653260.5772283133 4120210.8530199486 12159.777716090251 1499951.565194047 285179.48925842496 7510916.9422540665 -3107040.656101171 -380042.25743972836 2453191.7417629417 -4778832.4678540435 -1167141.8323470554 -5031600.477649499 -677830.4880870887 -1171925.226190446 3521630.3214920517 -1519163.07939871 289946.5148087651 3821349.7431597565 -2301340.4397572405 3661202.1092211977 -1161156.8989371373 800510.6438947683 2767513.4368478595 -1515558.3842595883 -897487.9841313796 2873415.7747523957 3415710.7146409946 -1898065.279139505 -237355.5450652722 6827471.386624286 -2933847.52249184 2145627.405853987 2022846.5220716344 -3454505.793749148 -933312.9402533041 -1970223.122929693 1095165.0838604853 801975.1643743452 -674931.3732951807 1433001.8240835115 -2075243.5036461286 6041142.325175339 3074260.9642402926 -524016.2579649617 -5021444.876410633 -4362161.474591167 -5721869.500992768 1708473.470583389 6047933.7611992 2254425.9715740164 2645067.8263718784 -1106631.5417540704 2834645.8929325286 5854169.218655959 -5482888.835742925 2240796.5776353264 -3883514.764493143 -3389132.9446036844 -3382141.5078244074 -3705526.07463587 1354787.2431527127 -1686832.5382874354 272861.173613149 -8605860.422180926 1971698.4123870663 1784687.2431827155 -2704498.0270372718 -823940.9415661902 4144763.6053090426 3292632.1918356526 6241240.8957295595 -706602.9288423271 4376280.767000526 -3606786.429400151 1627557.8133082595 -1847315.165481502 3748822.045086335 2268762.9301054007 7250016.449601759 -3343264.8348775874 3808414.3174315346 -3960519.145109361 -1077147.7767809648 3379634.8370032194 4128650.5215925365 -1371239.3470975768 359216.0774671068 -7118997.57866027 1492607.5998554719 868069.4428623439 -4738199.9344171975 2441880.66378858 -730312.3311293162 -1246707.8851829015 -768104.4584759179 4025110.0332955015 55697.54193982985 -1776886.9155795109 -636630.1697868363 5008546.1639139615 -1310808.8919318898 441056.2685831305 -366123.84427494026 1633413.5916331431 -3335247.02891931 -4948322.910101703 -1527161.570098614 6440495.275978625 -3502845.6545598325 1145130.3018630245 -2480128.4658476645 218486.32155980548 5657700.371707587 3560407.7242137217 6222012.201872723 2686959.682006758 1323239.8073877199 -911771.0580002461 -1879334.4420359486 -4273022.948167464 610424.4557767842 1131868.609290416 2766324.7680443507 -255261.48847206146 440118.173848524 2543459.882006859 3190892.1813282794 -3989149.231958103 -3208967.6352739213 -2163316.039760637 -4161134.11781835 -2603367.3405789626 -4908535.132192189 -6728521.177599256 -4092819.1273103617 -1395848.3555989913 2315418.2423828365 -3472519.7700665356 -1567591.2879304674
1061376.0151653944 1099193.6242848255 6470549.393259745 34761095.37720398 -4029908.444939204 -1704676.6375856472 880219.1873778248 -3097450.4516577306 -2566677.7077049557 -5394817.088348293 2551207.1489410936 -2525739.5584811433 -1376836.9442024096 4201461.664783585 3612695.20656007 -516028.3265536099 1735867.2350071622 -10977716.937498327 -1610078.4787952336 -6877907.0562485745 -5699970.00868345 5676793.811375263 1915188.8462140367 -2692861.5466519 -558657.6393306656 1127812.9120399451 -2341028.636847688 6426510.908581973 598380.6468509738 -3309140.2736735055 3798890.6791000436 3949043.6153021203 3537479.0227332236 3286777.5916795093 -786556.3061911607 3017936.0450972063 -2876994.3782195784 6645396.789545706 525636.0974595447 5673078.331483403 868720.0003085795 -2801351.920181757 28482.786764240947 1093897.961700072 -1890027.661904955 3357803.1411578115 2193758.645408516 7880248.808458042 -3221940.34097202 -1564698.6358798994 -1958212.3000729135 -2029673.0556138428 3575845.36807025 -628.1238961902907 2146200.7446989156 276235.73770475853 377078.80250748334 1272816.386417514 2795855.4868075578 2786740.734782508 4681471.732329734 4210657.6350800535 -3985141.6894043167 2339068.096953348 2318737.0107651697 -5869244.379946433 1580573.2092180776 -801505.6365456457 2113974.716240829 1441299.3997987574 964039.6417127586 -3823385.9196418086 986790.1886433347 6157480.815011719 -6662587.776540047 1268001.4633826758 5193888.430447071 520679.9466120582 -3448773.380098792 -8543973.168055713 -71403.95110578673 1536347.8107315612 -2346216.422063753 222090.14301992764 6369519.8934273 -3948603.1132646785 3796746.184068771 -6105821.317732449 2323976.898071624 -4953811.821690625 771041.7070318146 2559282.8862244356 -2498636.1117196493 2740867.7684955993 1072747.680297518 1073271.4449572968 -4347925.943742703 -3943093.705353754 -1407989.941884008 6835899.686579991 -4949446.081475246 -801212.9088296979 564867.774174228 3836774.0003665253 3499448.783545061 -4394258.63614122 3883194.5493693454 -4757319.353407929 -6134836.408896103 3620915.908741991 4709136.240447293 -888173.7024561183 10705.037219259708 1107550.969105105 -2458738.6960694664 3768844.8869184656 -2308073.5504707685 4483435.302732083 -2122899.9204157013 1234956.8421761272 -137396.8510892715 568783.5615303434 857847.8838009044 3173477.2668332593 7468938.22382596 -635302.7687109641 -3576658.520495057 667191.5377879158 -3287287.022175948 280001.2869649173 2711529.690285962 -1348187.218746355 -4427728.955840103 -2068687.3936352206 -5333721.254956744 -3166404.4305001083 757394.5658492201 -1487492.2186894102 -1782090.979834109 -269900.8018896696 -2851547.0412345487 -2592044.129318307 -5342611.69682006 925909.9921544004 3323006.0561782224 -9136851.986297693 171554.7105867009
-213568.13993497865 5391105.736267112 2926755.921982348 -4029908.444939204 25859566.10100677 -3275777.6365518263 -231470.0324082266 -2779602.272210823 3338525.6435853057 1034278.8656907963 1057861.5748038765 6921063.997570611 2048155.1530222965 -3545974.37689812 -8423845.94748304 -1913104.040944438 -1661180.271156121 1326488.0762659241 -448378.39694523875 -2433281.5838396237 4068099.2189792423 -595498.6463041865 -879929.3073774185 4621605.88669469 1409154.5139908849 3998872.8745045625 1855847.8757659507 -2099842.1641195193 -2699006.0138896964 -5728554.284507949 81734.49065428319 -6274053.956936696 3081926.38811784 3985204.826622062 2961195.833535818 -2152198.3688002597 -3237602.395873803 1506261.1939009759 3403222.6917350674 -4258833.123249805 6421068.113497141 223914.80778237418 27308.28778681536 61706.70380515839 1467794.2291933452 3602945.4332697354 -1389492.9395220715 914608.6286090153 -2417760.905570941 -1585051.3260983345 1222839.7157396749 4047952.9787186305 -2011666.8033038413 4031847.568915615 1370292.18867215 7160620.036848607 -4688907.833860138 605794.3755158712 -4740898.172940254 2469091.180286703 -737470.7139876364 904414.4378161946 163121.71346843406 1791390.0683901862 4899681.357844031 1765403.8259688034 -1960083.3804633894 -2145178.9264953826 -4096741.858516081 -1601917.9953283884 1582158.6952487195 5643076.465453965 258112.66954821 4845630.653631924 1749098.5482996106 1485796.6700821447 2060268.5409398065 -5029349.911883115 3025999.0191232665 953207.8462928453 836556.6385317941 -3372362.7999329683 1194411.5938121856 -1425620.2545438772 1271867.0441425643 -2254733.609401331 -2729798.9585797307 -4251887.293227404 6275730.754766097 -4303102.469886453 3696187.7588163135 -1839976.862406608 77138.08587878018 -4591497.753648599 2776282.784951613 875463.2753764311 6645717.570579973 -974628.1597292847 -1454348.7594704248 2294981.449652767 1001628.0381144048 1100416.8508481467 2870121.2516945796 -5533293.808022554 -2312116.535084828 1858203.840443205 -2095718.173199578 2483285.353881275 4235592.1634135535 336172.79721569014 -1456940.8114181864 4313347.195241344 -8688092.909977702 -5637741.844018853 -2241519.6732526305 -769799.0884664431 -5214258.614605984 -5047229.164964516 968030.0126228501 -1509369.6359216706 -1011434.9860864142 -3808391.586548583 4721153.542498659 -5097982.493913677 1311406.4195390895 -2525127.4180726474 -5800513.217112074 -1933918.8983651751 -892384.8246931017 -5613392.969182644 553830.9878221902 226764.5348369749 3552372.9614738096 875324.4608141193 1572864.1672354017 -510129.9714100293 2170061.1652864586 -417608.5657853958 -1520417.5636708029 -10416679.797595393 39447.48545825724 57537.42344659147 4402819.277566968 -715534.3217157058 3898768.047775764 3068830.1839697594 -4414878.61015107
-1717599.1412689611 -5768521.135139373 -7421598.21832384 -1704676.6375856472 -3275777.6365518263 30438925.020945918 -389922.24224920804 -2000289.3733599111 2072348.9593541094 -492361.7992228998 -712878.4017254688 208614.8030801393 -680537.4240835031 -5175741.674200034 2307099.567909381 2728906.1630506767 -1416780.9639004401 -63201.6314368338 -5623985.308487336 -5818903.566755684 -537183.8206525835 1404446.4756195738 521681.64502755506 -3051642.982052359 -3144667.3705612323 4396135.743783124 246364.19705017837 -757949.5049408927 -2440099.719603111 -1853994.2912290904 819446.587754488 -3081046.530096665 -3827111.9589037714 -2273403.9178811433 -2408854.326172754 -174323.6417121697 2653239.146069424 1694816.2714348172 485721.73295212997 -2573516.067642126 269686.5976674861 5808358.997756661 1567683.609350551 6171336.320354662 1218243.0969030387 -4618766.357391598 -1401870.1902043885 120819.7115838456 -360234.69356529677 -3652499.06966347 -4446399.62416158 5188018.298095607 -1629300.485491214 -983519.1853281123 3322985.792372914 23016.040918878716 643842.0480310995 1873582.1315035392 199586.7186453897 1273417.439988212 2974529.9785117595 3763227.3251381316 -2451308.0903368285 1138655.6572360788 -1919247.3947071366 2718864.047794396 -1200843.1171510909 -218245.6234682501 -301694.64787974185 158120.03299482324 -1311750.2328977028 2519252.706095628 -871885.7698926645 7689885.714626818 1581416.3941394745 2722576.9135902803 -1388583.1719934824 -5218582.289613765 -2957090.2484185686 -2575261.2531021056 -1747296.6712205603 7614886.285277431 -1472392.620165426 -1352844.5617848807 2318544.4075869233 1567040.0252910885 1464210.5164707215 -19203.159041990715 3686813.0292818663 2994017.8414835795 4809230.077673069 -571842.4120271209 -529981.7387838659 8692865.10460975 -3607022.5919146272 -1268958.5258442098 4755983.1674965415 379982.1971468955 2031867.8461715267 1912176.191517544 3068835.781832004 3402093.5840500356 1231480.540563363 2685646.5799349635 7249892.068498583 -2582452.591779156 2760801.7869739304 -1075551.203610062 4052506.81629974 -4188906.069583062 2710950.7089320384 -1543213.3351775946 4739840.030978653 -1396097.6869014525 -1201808.5111331441 -6690951.383544138 6813770.991386503 2162835.6893259673 -549554.9913000318 -1440617.5248143568 1746264.521407489 3186976.851340565 534108.2784935064 3440293.1161202355 1856371.8461227252 5392670.555217266 -3225751.7191075 -867386.8839331107 8462358.459664878 3082548.861787958 -967355.3915332071 -2501166.9069309705 1204600.2969908768 -6891892.02444959 2582550.1796918986 1666164.0246578746 -487701.9452480722 -1200059.6822820567 1372799.6221453494 2662896.5711490647 -4389440.736928105 2602592.3034316716 2248341.594246367 2619393.345626803 -5641406.33481354 287591.2824297499 -5607436.232886393
-3613642.0865489407 4826181.575516815 -1730902.3599663435 880219.1873778248 -231470.0324082266 -389922.24224920804 33413778.559192035 -10031405.41068873 386570.4147579468 -3868511.935907106 -3868620.632766525 5646252.550247212 -3964278.8151404965 -149863.43332172034 -1154796.6176911246 1416869.0286637887 4267449.29555735 -3802267.5021877037 -2636468.5086475275 1383954.0551788912 -8680914.207397198 -2074431.9737088317 -3158874.2127583055 3855283.3266081135 -1980645.6905378837 1895234.7312792274 5351727.493433935 1830040.6088815338 739523.7894646747 -6455838.614276178 346815.0135308136 4767628.216469177 1521716.229013605 6166546.845950073 3491429.687146668 2000479.2310926907 -3138886.689356187 12947385.055867275 -726891.297680421 956242.9927673354 -2728199.9896987765 1267796.4332545067 -2880563.310911636 -3270546.2966174427 7760097.006640517 8347842.133087344 2921364.7446900066 1066620.191755126 -1479756.6683351093 -2376283.934317998 4710078.554162441 1487953.954550779 -2434.549384394683 -3689170.237265926 -1554290.7824501046 2766287.112599694 1662115.6758925146 4122651.650500572 623534.5707333394 522354.6755036329 651641.8128888698 -410297.0171450723 -315093.8897933291 478662.2865294982 -3090561.8967875782 -424084.82985835907 -818825.8600086034 3439969.905971636 9146534.087973157 640133.2238340351 -1241277.0629460216 -2028340.7413812983 1318708.7166869824 3762414.1447412623 5088414.409575345 2136219.420566463 2010218.153613229 -3175232.9417377324 2122510.362144646 -1044637.3176512065 -1951428.4410095778 6184293.102557041 -6382693.67457407 5374974.982559598 1473359.7926502323 -6799835.831156651 232436.00461513468 2541684.9455499416 598212.0547442423 1768010.597206468 5542945.723318456 -5353261.231400155 -3910165.733981898 -1441008.6980550024 8317679.068347663 2869214.182787736 5210756.397697463 2777529.1961311693 -3747106.6446068063 -939394.058153458 3881459.8556425613 1933824.7396446778 -2905375.9769040276 9659257.607985623 -4369037.500055752 2640382.4924494713 2123172.81148777 -7152752.638904539 136880.09421009867 2109617.7270706226 -2481793.473433761 3203726.709474269 -4636709.658842845 6583749.1920770705 -5943522.1527797505 1494162.2180147495 1115596.4160061572 1621954.6230251577 2020117.5432569138 -4232449.472403191 -3615254.6248497246 888840.2106571711 4214995.225760201 3559983.297467932 4958357.014460582 557495.4601748721 -3495440.2712204293 2613270.5671619074 -468103.53780539776 130257.2118851208 -2488699.7390451706 1488498.51833271 4451013.759140379 -4613455.768110229 -1970836.3920050396 -5026923.669470782 -3794421.284370387 -4238255.007577566 4278681.258347276 -2269075.9317696677 -6720939.849189744 5952184.116791941 113823.01965729102 -2308181.2143526543 -1063712.1208778333 -498891.9243735646 -7786446.519283444
-141785.02898409442 -6080024.412943138 3558964.7793648704 -3097450.4516577306 -2779602.272210823 -2000289.3733599111 -10031405.41068873 32834315.028718546 -3140494.1558804177 -1602093.1739590908 -5627964.033252244 1486959.8629315358 -3892634.6777036996 -572034.5570613458 -404438.88911491696 1642644.5170667 -163181.8154565217 4747395.8798394315 -397263.75256907544 2171960.4782998804 1640765.8076180145 2709720.617236339 1258490.24630001 -3537148.9352845736 3179241.293734161 4740626.106289224 -4587069.213672021 -1916886.4691076595 2998479.9147094213 1618229.734921092 3006445.454839834 -1599140.9790923863 4937111.689445858 -3250194.2498043217 -631788.1401793836 -5147665.555183493 2239145.3405082 2644786.177999727 -2832851.6154934373 -1677605.4442983826 -5081048.825485948 -932666.6029325998 -3944108.5366572593 -538855.3587806618 1052161.0862685076 -4354159.043823307 1989609.078835135 128400.16135054172 3706843.3921631426 4079896.1909265714 -212286.56612474273 279064.25129093404 -2787204.358632711 -1741543.4943289878 818406.6303257012 -4575422.812001914 128549.76222899843 -1213763.4052649338 373568.2885896923 -3393221.6773323063 1234965.5064532785 -2083255.7193194847 1431709.9030376829 -4361271.8198753325 4661240.043359044 2086067.0126158786 -61062.86090383441 -4161690.380050672 3848784.8264350467 870152.2038448976 -3124929.984131225 -1967232.2298131438 1287545.7089467456 -6562596.733387541 106110.90958575465 -12846851.43203889 1716188.7757139702 -170400.6274682454 7835174.838610578 -1311302.0708063766 2491530.2483930835 -5516539.805153596 2905304.178299598 -4854338.595050964 -676734.0964055676 8083034.058956491 1475501.0678779872 -4699252.963055219 3245985.1828888655 3166263.942595613 1678945.3910697685 4506753.370483889 2963044.196538068 777768.4804522844 -3855430.4707624805 -2505607.1734559857 -902557.729119923 -6465135.427807261 -505325.9621040882 1557741.8232401933 -494227.7402453251 3291653.5113811 -1045478.5462255426 -2108176.130862922 669734.4156164471 -2886659.022592897 -359853.1545146548 -233770.83431753202 1291784.4681249594 -1197400.8361801065 4625695.866421899 -446379.6666466248 1919924.9159829656 -4791405.587457706 -883160.6884727667 -2073949.614443685 -2550702.8049651757 917152.2046135502 1769985.5318626126 8398523.505598783 1690647.8074755338 2569515.4010068486 3770155.812089446 73231.91294903398 4479792.221835749 657680.4624522823 -434129.14084355667 281873.68321385636 2759996.3139868355 1765526.5513018693 -6073672.027171472 6146563.799161546 -5739996.746038448 4815498.121744986 2628206.1549699693 4757616.067247225 5003724.475652793 -3219232.4677863065 3494668.9013392837 1970368.0067617411 -1427516.0382334618 -191532.25801074444 -768747.3053325642 -3920461.543760521 2270680.5683356626 -4808203.03353707 8148803.498069427
-948219.6037217522 2353643.4432604094 2653260.5772283133 -2566677.7077049557 3338525.6435853057 2072348.9593541094 386570.4147579468 -3140494.1558804177 33554585.91252787 4433806.209100317 -602865.2030306611 6176422.50021867 5333796.591212527 -5565933.535770199 1010621.4638885191 4591622.502487493 -6618602.822803476 2906977.385636498 1104509.7872906765 -445649.2477943944 5633502.924971464 1734609.1432027493 909414.4674042794 -435392.90552722965 3390435.742152307 -1477768.4162027817 1081115.9499198308 -8709164.59536155 -3367394.475987469 -1285645.6394522993 811559.9883577485 920843.149113675 4103675.041793651 4429244.521431975 4342756.976285241 254475.16524259132 5635100.069548207 4075544.8934044424 -5803547.818381654 -3119961.3386638174 2294122.98123465 6124077.135673884 -7517027.237180633 -5293565.721706847 -54448.360025731265 -1919385.716997834 -2554711.8143347884 -2705177.413328482 1217593.6008150373 -1760419.6145457425 938732.2878787108 -3780204.4531070534 10675.605952859014 5940880.885419509 1178540.0527065804 -2530246.3638894167 4752503.3155424595 -1738763.3109023445 5658099.389856391 2327820.113159019 7707138.455922272 1985661.310876398 -2173759.255401048 8992796.871521965 -1321319.5205117005 -4862922.123002965 -2626356.892156614 -195082.89662384335 -860510.2144030256 1944564.8532259339 -4493643.672872658 3973049.9313369575 7303705.222960577 913158.6307474835 3827176.592639326 2912285.320525828 5509799.665242943 -228036.3429655896 -175507.68813403285 -859043.5465436946 3190761.3820851757 -309262.39849009534 1840109.330020981 5802070.607217132 -4698185.353828112 -7243211.54792303 846070.1555181807 1959496.8205891622 -998366.6499043409 556349.7134106954 2525265.998779687 506893.7804190107 -1320922.8707938003 3817951.2288932228 2616571.4105303483 -1362300.146939229 1822949.8624216577 2515005.933352318 -4693219.063124852 -5280224.00620955 1241653.9390195033 -607712.9265434517 -4927545.096031021 -7457813.207820362 4830884.574584578 3714333.9951230832 -4037653.5081723263 -2919403.588884827 2339565.9939877656 2026390.682322555 -1550290.1958139087 -645419.4135699376 -2221536.409403715 1915753.037780286 3523051.483669451 2816963.5637627426 158962.3774194463 -435841.95431188226 -6030794.489666517 -346868.4275306358 356643.2850161426 -2902831.7414922235 3739117.8809381886 113622.44751158949 -1886167.9252627438 4373194.493450733 2402419.6195604005 -5335104.016967836 5753857.319263882 -2047455.3054313785 4848861.664325957 -790038.2498091472 476246.2200535638 -3333322.110990947 2477594.650306413 -2476772.3919766406 -1695176.579939364 -3553669.8322467045 -983023.594185848 -2588275.7079259455 -4450065.0311236335 3532083.462865101 -731043.9759510551 416942.0467231145 -6905595.09111968 -3988594.7675536927 5886897.70916593
953666.5538326441 -2076394.2499813847 4120210.8530199486 -5394817.088348293 1034278.8656907963 -492361.7992228998 -3868511.935907106 -1602093.1739590908 4433806.209100317 30243893.455591824 2387640.6226225877 -2436910.367321153 1830548.066693482 2118926.0408408446 -1410895.269518677 -4292713.090665487 -3895904.2699476928 6071878.524452718 5089537.2440393735 1485277.8808473796 2759861.8633142523 -5402410.831646252 -1653632.4089940195 -1286197.5911196803 1469395.6482360805 -492480.05539614544 -2451034.436954518 -4151844.2622913285 -967953.5909135089 2857217.4117010226 1718957.8941108887 3406463.490644009 -4123040.073376076 -3592281.43563121 1975005.1808467214 -4634670.012088803 3285427.0653588166 568354.1751028907 -1498509.3404600364 -2612452.6987182717 8487181.954990216 3310903.1414781315 -676473.2127378475 -4239801.3217831515 -3861708.4762700335 -735440.1430580415 -7629657.63259049 2345256.2663599835 1053035.2603976834 1797265.9307573317 5791387.14704656 1149661.6555972863 -8251777.9237586185 164165.3368196835 -3098264.679394682 2838436.8576303744 1312509.7978081566 -1084522.8809348233 4607158.96507546 -2734892.1121181226 -1810114.2114201044 -2899609.9533507284 -1847545.3052450109 4027880.4463118776 -6605569.000216997 -7115965.574643329 -1746458.2090095521 -1800299.6463463004 -391359.40006263886 -1010671.4278701745 -3139050.8872320238 667428.2745385419 283557.77514245926 -1946001.1063462754 -3260584.1945319492 1619126.0988481536 3304987.577465179 4871846.503279409 -3804301.3549916707 -867866.9116740047 -5754903.072176657 -3347213.1943837805 5983304.72384456 -5433549.636027366 -1379357.924811899 1430480.845711387 -184771.13775068792 -2655715.101489605 -5173344.804583601 5017334.36979731 -2062010.6831442232 1338986.893264211 3294482.3086519153 -2985987.6887038196 -809945.58223574 -159969.42009353347 1704257.607996573 -4552267.954344901 -315909.9844384153 2267624.041721017 -106276.34262044387 -4242058.293408386 -4268343.978559697 507276.77180197707 -2585047.3181612757 -1164988.2938811118 4590364.973835498 683271.7296722891 8233361.880709094 -2937618.9199901586 1025643.3342563292 -1219141.7604307672 -52434.151369003084 -5775588.994881489 160558.79893073134 2830976.193028584 429432.1962644807 -1948430.8691090718 3480476.8249816587 3004163.7816341794 7160038.718741274 -1201579.09678185 -3867846.785413232 -53883.29026225559 30350.12285150399 -907485.0806009156 -489647.6247468135 -1561983.121318219 2228164.081827743 -730703.9576842205 5959820.00292992 -1768025.9120171946 -7950493.658286517 -2992415.748366794 166851.860416759 2579257.3241595314 -1642527.83542256 1489041.4753025079 -682600.182312507 1727055.8531184671 10236044.189007828 -961770.1998003039 -3324635.9084018096 -2726416.343448928 -4436298.854393578 2731000.6298947586 -2362205.283448732
6033550.082604678 -4064463.2138588573 12159.777716090251 2551207.1489410936 1057861.5748038765 -712878.4017254688 -3868620.632766525 -5627964.033252244 -602865.2030306611 2387640.6226225877 28858448.569232624 -3529677.6249800376 2926114.2518651187 -548097.7115000337 -4803853.797141188 844289.6971119111 1650595.9958912053 213718.80001506658 -1380322.2944820437 -1004815.4763035192 1805507.6429846757 1678687.0773732094 -512358.52260828996 -1316708.1460126948 235341.9291875548 -3044848.9381369688 -602178.361180668 -2757841.2164355777 146673.54096199627 -4186947.2791121327 4146726.3126150584 1332898.6989644088 -571369.1280155414 985459.6330093767 298277.1509337321 2242819.1479097963 -2275366.451871694 -104567.70107978089 4303719.685768292 -2427778.7393552465 281430.6906266367 4367937.632302784 7256237.530983718 -220926.00545269393 -1322317.1338611154 -2702644.9890541113 -964110.2417585859 1058725.4528081939 -2255818.8628336857 -1524444.6604777828 1265912.8995536608 4522650.71459303 -2961342.718036625 4135889.5333941476 -3983297.829504817 -1000245.7271784985 -3174674.373005466 5649442.908469008 675679.495083591 2916088.6527856444 -2673230.019297993 6069589.954599959 -16209.452598807593 1389494.95898354 -1995417.3806533103 -1103112.3633353359 2535647.099552724 -2561760.80749898 -3256372.090841896 -3569016.024033792 -4527111.721700496 -2621937.304531103 -787366.136168586 1738493.5604833472 1035479.073657312 7294865.733263472 3966661.123206784 -1456154.7097293762 618904.5274069676 -692848.341856885 3757356.3137290957 -2345191.398992835 437933.626200874 -6605721.865207253 -4049987.150793587 3923430.950729814 2644396.2379508107 233943.6936892867 -60981.1142575599 -3687830.6701974403 -4560033.235279452 151110.55879936725 1890014.237116992 -1913141.1544389897 -5818876.465033099 -177991.634781076 -3067856.9600870577 -1042815.6668260006 1593972.651802653 426668.2825588185 -2582891.982327039 -1602963.9311614966 20615.17688266457 2692887.929868195 3643751.049177957 -1301004.1778610013 1843796.3745185377 2327981.9633456967 -638466.3237967755 4015600.9894567793 1131680.4270167293 1507241.296935922 4349227.989913123 -4426892.600484516 381008.66349430726 313314.7690212672 1734278.1034477623 -126684.23047297145 -2678661.0142096323 -1989907.8091905632 -3631472.9567397432 2013146.6718660612 -316873.2976710219 -2436083.810874058 -1693937.9483243485 511940.0141695139 64565.629594246035 -1240729.8631812087 -3274832.835832885 -1298780.5220700242 2844744.313975836 -987202.9778560807 -568443.9063607074 6659134.18981871 -3005953.132421131 -790375.9799898221 673942.8060887343 2359296.0832695183 1082696.1186184837 -1303408.915313645 6079635.349737349 -2897183.221778807 882723.8914972189 4756636.666995595 2040117.294953296 -2745089.5373288114 2524286.3954036064
2004848.5671516538 -1304516.411955877 1499951.565194047 -2525739.5584811433 6921063.997570611 208614.8030801393 5646252.550247212 1486959.8629315358 6176422.50021867 -2436910.367321153 -3529677.6249800376 33483225.35729649 -3463595.802627753 -843373.9011532754 476246.9747298008 -192633.14623264578 -3544160.683455898 2618739.1130042775 1422590.7078176022 -4826965.233305869 898813.7599317818 -3275449.1662657117 -4491488.428591926 1021907.9082013048 -1941545.5655495583 8416141.397974089 3480144.2106940676 1531702.5198033915 -3550661.5763374832 -8421671.098888908 609836.9503776352 2816346.003365658 -1767982.7927774133 -1155599.823541016 2503423.6607267894 -4253445.681990581 480512.39462163846 1141237.4929124275 1810456.8774489323 -4839850.140440256 2502846.365209509 -3037789.7247667997 -2402315.233082257 792390.7516878676 1473435.2275801604 405477.10558039416 808764.4596919358 -2598545.5998938424 914120.6216681977 1467293.987316779 -1462944.6073602429 2145779.2819645735 708428.1491413655 -589969.1087721927 4464015.856064257 1895583.7229431786 2578097.122147834 6044819.998965521 2772832.6424040706 3079664.689518106 1219245.59271572 707918.9373397599 771586.4184895571 4023635.0952705317 3591698.4954187484 5767209.2120788675 1681092.2133407542 173959.45525815763 3645982.967924277 -908621.3444203853 -5080751.023731757 13050274.737058321 4452557.127482203 -2275996.0785952187 -1110497.0033160625 -4466828.564672675 262355.7792026403 -8986108.39056611 -1594097.1076477335 -7736619.008081551 2747691.392979265 -1089589.4324000988 -1074001.461249228 6659436.534322566 -940075.5738981407 -2935392.335075806 -3250888.836234821 2729989.431450919 3394162.722882585 -4183573.639364463 -795255.4347824119 -8065747.852654078 5703439.872534656 -2580325.899538051 798612.2979004451 2120675.481780114 2701828.69952885 -1842503.008326994 -126943.32150577924 -5738888.606270227 5734397.170309228 2975497.4508301592 3969330.444939984 4098586.6522998507 -3608170.218753862 6540099.069048538 1380336.8280226898 -6936677.210644532 920207.5299028284 -1514512.9629891415 -4396399.107446284 8283923.9039263725 1577432.8921140702 -1461666.1555932416 1142739.8995161038 -3264743.5199219794 3525973.4178745425 3097598.483192861 281430.8260439573 -2225909.047363338 -4047269.329050459 -2236488.222992804 -1535187.9501266424 4254179.730383115 1851102.5450087897 106136.31111089849 3494271.971212206 -2070801.6584877393 3773070.478486617 -2671605.840863048 5223474.933264373 1074629.4888957553 -1516413.8344201676 2360689.944175206 634988.7917177979 -1556871.0218869632 -4250005.832335122 -880409.5754128324 1765491.1361656096 1799076.9830117244 -2526062.763899527 4346769.740190104 -1611858.3740471564 603721.9317875069 1235061.501350235 -3265960.6583034485 1445734.5753140755
1355847.1541256488 3528039.522995235 285179.48925842496 -1376836.9442024096 2048155.1530222965 -680537.4240835031 -3964278.8151404965 -3892634.6777036996 5333796.591212527 1830548.066693482 2926114.2518651187 -3463595.802627753 34814018.72876455 11221741.794033047 -3194677.8732503876 3290839.5565650333 -1602586.3293637673 -3890363.4655765034 -5089981.558515076 -2557590.8075701403 1341692.7018437723 -528851.34863648 803197.7740882229 -45625.286847760566 -2152997.5224460275 -6838167.720369333 414837.1179403863 -1823778.7094687447 -3526493.32500972 3060165.4380824617 -2333721.034345009 3210235.052263433 -1585620.66026861 5689549.191759942 -977614.6611069879 3535050.575110524 2671451.333929463 -6305463.621423279 -3748556.209162371 3474835.4964129115 5892832.654574038 2146913.5383653264 -4736822.210420565 -1149668.051092113 -4729920.643674153 -4307533.409132 -4133453.923284365 -2457542.2571792603 -1225394.3275491304 1602738.1282715905 -2134332.1959382673 1685589.51697139 -264342.5024768929 -555398.290886715 -2757649.025894939 660842.3627319438 304808.1716232859 -1419503.8422618574 -5246058.251717627 -1582896.6503395466 3284747.0268736267 2291911.0804773974 1390382.5868405225 150849.10461652194 1307725.8304147972 -454490.21882861276 1472792.8065577247 -411976.2143853297 4132160.434058906 -3346545.424175116 -5139339.2318594195 80424.76091580614 9664193.412773212 -1557560.85918598 -4112530.2885426297 1202653.4445770558 1702101.2909624788 -4611333.058079427 1145456.2808670236 -575152.6845878243 -1167239.643245662 -597553.9573403031 1263203.4721475453 1508755.2162544515 2050981.8618508512 -3760406.4101063795 720917.8841156999 1156869.2550158608 1460331.3061814113 408076.3524981898 7532016.414234397 1034282.8317195048 6600290.403466283 2210748.9252945976 -2713844.7272151136 -661564.4115143769 552182.2337495112 -270878.2946056989 557569.10167603 -6487242.801132213 -6801129.144654504 -7278465.874690459 -3766424.3544589523 -5158713.584923887 -362174.59621892584 -5792352.8069191715 -2904050.5365914092 6051648.01447404 -4022508.3000505688 6439629.218267591 -1310487.0654806502 2372780.1193138254 -8533089.444370363 -3497465.643491266 6401862.167332843 -1857207.3867490154 151537.35360552234 -2319377.8156151734 -242247.807010268 1826991.0896572531 1440925.228738875 -9161015.162131622 7022576.060942533 -5023329.889971662 -1497766.989700452 -3841814.660167868 1289032.3042690502 -4980789.805839848 -5753297.139288445 -4322220.748157277 471783.08705000253 2770837.9494247255 -629735.5497064096 2594653.1693852614 -6334135.942808211 -277525.12010389206 -1151596.3183308514 2984861.3127266373 -1831117.232206595 -5287277.628170846 8069273.049690389 -401235.5232603073 -1498655.588409832 -1037201.7331260601 -2485894.1294680373 -525171.5970024436 -1559374.8271827907
3457337.82565601 806771.2630797687 7510916.9422540665 4201461.664783585 -3545974.37689812 -5175741.674200034 -149863.43332172034 -572034.5570613458 -5565933.535770199 2118926.0408408446 -548097.7115000337 -843373.9011532754 11221741.794033047 31556249.119683255 -1235365.917964087 4711032.211064842 -741519.9323315558 -3291395.546163706 -277871.73742605775 -8116137.299875217 3086187.8514248673 -3125519.0791378827 -1658569.9443226543 3409442.6298037665 2520744.7064404474 1858810.0951347987 -719177.6182472514 8308317.928191837 1723467.3177188046 636988.5155514176 -785288.3148148691 -631978.3691712836 -2286644.8648088216 2469679.019284966 -5468320.031609122 5667796.182319448 1570606.1489724028 2087871.4038698343 -3805949.3002972766 5735919.786047151 3153422.0635385234 -4638812.143899065 846845.110567832 -2425631.1333904304 -282949.80687584344 199162.87403655294 -694310.7717099014 -1777717.6456305743 5339122.316694638 3983641.6511972295 -3141204.270988238 764287.9479610565 5044749.001492887 -7556989.670816285 -6190212.180955756 3353212.3661563993 1491452.5688564784 -845268.6749510156 -6678906.566041642 -6027525.954362704 809186.8205157074 4310340.420423425 -797523.2971586945 -1223950.0940773296 146876.94525277193 -10868710.644522006 739422.4287063777 4107248.4494611723 2439613.929761459 6663459.274037223 2748874.673296335 -5062642.494841195 2201287.53635796 -2245428.5478324317 -2038684.7377587717 1242317.4934589507 2331870.33020845 -4509970.642131425 2959652.1821053955 2064878.095641081 -617350.66334154 -5180276.54323825 941842.2404152929 859912.1260299673 5505865.882234701 -749569.7495532135 778852.6447057715 6349811.619259234 -5341023.845533747 -1785020.206612317 1086678.3346910062 2357359.865443067 997557.3387553232 -982400.998697999 -649096.8765595151 -152885.6486428106 -4520959.734279333 1217223.7630708914 4406723.643392191 4936360.783829023 -404891.81340818753 1343303.7907115868 1927843.3606628068 2308398.2801189604 1590840.7360067968 -5195615.326778421 3831220.7891301843 2082201.9489014922 -1322276.1899936271 1756486.6646593742 -5530434.772793339 3748172.1991116535 1628558.6654467147 -4235588.55832383 -2991744.343173641 2759206.9483596273 -60817.354143114964 1035204.7123924453 -1528690.8388514037 1226373.230765987 2971988.998512192 -1357785.1238277012 -2190991.7584513053 -3568972.444109631 3073359.3696059585 -4101676.0538607794 1753758.826980253 -3207005.196866929 1075134.9517475828 -10338225.217039559 -5414501.942152659 -1259585.3085845213 -2101878.5503471503 168278.67498407862 -2240164.2761819623 -3562039.692920053 -3264467.58877437 2028591.8915137125 -2132036.0500830472 -1556949.0949385583 6091306.565955264 -5688578.503927358 -1217664.6767225594 2834491.8549302234 145356.33543600724 321338.56917081604 -5800112.806837844
