33792728.18948387 -398021.0041827039 1686819.883050195 2728560.264106477 4164596.6284804936 -309354.8447059775 -60085.18900369497 923071.0546053466 -1325144.4774863496 -574575.1351369973 -1860601.4803895152 -4580586.048748416 3762609.699803322 -1492211.937175133 81006.00352338064 -1075850.8687590177 -1286179.0697703133 523955.82467588293 2897995.562134375 -758849.286636734 3792481.4384356276 1288166.060658996 889955.5414501302 3655147.3516166103 2977046.460106517 -1757857.0328024256 3291300.0155424476 786815.235738737 -2629533.3058271464
-398021.0041827039 34026546.44792285 1798741.2543909163 2591858.5246199886 -905740.112300609 2895095.7685395875 1662967.59347963 4842057.793536973 -359700.11827515357 -1388555.3168530418 1817778.4268478747 5356818.56784492 922920.2152164871 -2092057.1089755471 4117058.0297008175 -1309358.3580938678 -530281.4249261016 2503722.1334578334 -1194432.0157270052 -2470056.9132944928 1103477.1292119566 -5081319.6185144195 -2161989.0598544767 -369927.3042552359 -1369531.1153165526 -1154453.9115576474 2147781.115014372 1564777.1869317351 -511235.12058891245
1686819.883050195 1798741.2543909163 36345485.4511156 2649728.5017137644 -781132.3534966173 -173583.45783899727 7544329.852862425 706031.1152419837 -2167759.802191104 3159580.7620115206 1474932.3571016032 -2516651.8980341125 -1852069.9384623847 -432109.899889267 394724.5709850419 2939358.555927673 2644306.7256505894 1394936.018459041 1592331.4698661661 -1621855.6470659 -560807.5759447386 1586041.0494455697 2599954.5593888382 1312793.1858056923 2783688.812195967 606667.5005178811 1107675.95062336 43126.99522512862 -3377963.3781600404
2728560.264106477 2591858.5246199886 2649728.5017137644 32450958.76864699 4394745.419795086 3884723.397444825 2248060.9901354997 2615185.2471948457 -1137415.1772478113 -3488586.487968934 71809.37320575729 -4620755.010243502 2140444.49016624 -3571969.3975863596 737584.6952342027 -97051.27433888846 97328.64586845395 3438207.903943196 -982618.2662412012 -1313903.8193569237 3109759.0508718262 2794245.954263246 421560.13314432465 3125325.3134848373 406722.2192155205 1346946.0674480114 -841383.6326953712 707712.7073046656 -3558588.947716213
4164596.6284804936 -905740.112300609 -781132.3534966173 4394745.419795086 31816180.093873147 -1937475.8231573123 -1344844.5854055139 -1034056.6148170829 1029113.5023595628 -1852958.547760217 -38631.615800314656 797711.1278265623 1985109.1100081336 -2985419.935230148 -343967.0359097513 1058593.946589981 948804.3987608138 -4281584.014235217 821494.0484914206 -2036304.358707494 -1695733.2474092145 1943892.5626098872 2150174.362305253 -2484026.5303279827 2165398.6857581483 -297035.24108703644 296806.3723664428 -676036.2459912329 -4097582.6216489584
-309354.8447059775 2895095.7685395875 -173583.45783899727 3884723.397444825 -1937475.8231573123 33518182.432816066 25042.92795195918 -530466.4952207599 1778588.1344799546 -3731656.3591943434 570979.7920351953 -1247685.9034062792 -206580.24503352106 -364003.2154390452 -1496599.928724085 1744019.32284764 -1232898.281315775 -576509.2732425057 -746765.1750310538 -2201618.7164092357 1730585.6818176513 2008328.4284616187 -1119524.4871446805 -1597669.0441589968 1884449.1654155396 -3736001.874702391 -529900.9059783372 -798110.5152422452 -4965390.975889013
-60085.18900369497 1662967.59347963 7544329.852862425 2248060.9901354997 -1344844.5854055139 25042.92795195918 35139203.33048041 -1089895.700218197 -1732498.4115054272 -210058.55490089042 -850985.6959130875 440599.82408367697 -2241305.255060014 636067.7844188923 3325655.0802691295 1089100.5766082488 -604132.78211853 -485207.1370132504 -1458675.1892255803 -889847.5182776459 -1308044.7765366237 1384435.8875960037 1946988.5348289155 956236.4989994281 -2929174.167165915 -1376441.8166563918 184732.75212222344 -2506454.901817178 1581083.2713770468
923071.0546053466 4842057.793536973 706031.1152419837 2615185.2471948457 -1034056.6148170829 -530466.4952207599 -1089895.700218197 32233162.500868585 -4622140.817144749 -3313444.767277405 1412373.8670180312 -3090632.5331633734 1854944.0852778747 -2413967.8426022115 4443611.123141613 -2220430.9886320676 1456461.8820485442 4063645.695113884 1693026.282427969 -1906401.3850875827 -186198.50093817752 -316874.40827206493 -1717463.8733750344 -623978.5128933194 -305902.7938066619 432927.42115320667 537460.3560813036 -362526.724298268 1389317.7177304237
-1325144.4774863496 -359700.11827515357 -2167759.802191104 -1137415.1772478113 1029113.5023595628 1778588.1344799546 -1732498.4115054272 -4622140.817144749 33022574.793027874 -1055075.0286898625 2893676.6566778016 -2239906.922547357 -278741.7798848908 1192413.2344675183 -1635949.2702497598 1233385.2506651224 -305962.6985479195 -3579205.4758741315 -1147997.399817033 -1056568.9296894148 3227731.9134305185 3903752.8052353244 -4156096.1030100673 -1858094.7158198191 905384.2413712444 -440064.46284097317 -158852.09863705022 -4711315.682270092 1101764.6237947016
-574575.1351369973 -1388555.3168530418 3159580.7620115206 -3488586.487968934 -1852958.547760217 -3731656.3591943434 -210058.55490089042 -3313444.767277405 -1055075.0286898625 34783485.82591894 -203093.32064914066 1257063.1789209803 1262496.9314567812 812800.5667860691 -1158697.3022136104 3126591.0947248335 1404867.8427671161 -2329343.962328374 -886450.2983104417 -843462.2927804376 2264633.105803012 517489.3226996863 -2652611.1159833213 -1918423.290070447 -175583.25584573374 -276546.82345214626 787286.0421828213 746179.7881717916 -1462910.7267557087
-1860601.4803895152 1817778.4268478747 1474932.3571016032 71809.37320575729 -38631.615800314656 570979.7920351953 -850985.6959130875 1412373.8670180312 2893676.6566778016 -203093.32064914066 30382078.648346532 -510205.3068770521 1069024.749796888 -342550.75165447564 3541743.379524668 844849.2658206546 1690442.8195571066 -1178487.021945762 -2686157.273548745 274945.11498637847 -20718.649843537223 327750.4939189127 1608694.3572763726 -4274445.235243782 -1602134.3672103882 2179537.3075707997 4008949.230279619 -4212693.087480212 721400.8097267888
-4580586.048748416 5356818.56784492 -2516651.8980341125 -4620755.010243502 797711.1278265623 -1247685.9034062792 440599.82408367697 -3090632.5331633734 -2239906.922547357 1257063.1789209803 -510205.3068770521 32575813.476314213 277800.41491743847 1787742.2238406725 1471755.1117992701 -1357567.632471013 -294473.1332144082 -1918347.1462192126 4947523.416115907 -1858764.7367923586 -1701213.0177082226 -1145644.1106791515 -2607610.331069332 816700.6593417155 213402.8646075913 103533.19129106698 3694052.2114471463 1549053.4334394955 1046654.330394019
3762609.699803322 922920.2152164871 -1852069.9384623847 2140444.49016624 1985109.1100081336 -206580.24503352106 -2241305.255060014 1854944.0852778747 -278741.7798848908 1262496.9314567812 1069024.749796888 277800.41491743847 34346890.34463677 2562811.541989767 1258825.1808098538 763869.5122527041 -3466518.8774530217 -3006126.737819844 3983717.919248615 2250066.709277029 -1170754.283566714 -2572804.11185325 161385.77018984727 256808.4275349676 2701973.633191012 4129579.635476096 1183261.4323562332 2716930.4021064923 1754730.306412817
-1492211.937175133 -2092057.1089755471 -432109.899889267 -3571969.3975863596 -2985419.935230148 -364003.2154390452 636067.7844188923 -2413967.8426022115 1192413.2344675183 812800.5667860691 -342550.75165447564 1787742.2238406725 2562811.541989767 31486982.07485313 1176017.2729281725 45342.19294283833 -2037390.6395865206 4163883.707970452 -2479353.489224647 -2454061.472013517 -3464407.1314666495 999360.0223969028 3630321.7298699357 -6065663.712823151 -839987.5489402987 -1522785.1046691143 807031.7850217439 -1154133.490294605 -374392.22596870374
81006.00352338064 4117058.0297008175 394724.5709850419 737584.6952342027 -343967.0359097513 -1496599.928724085 3325655.0802691295 4443611.123141613 -1635949.2702497598 -1158697.3022136104 3541743.379524668 1471755.1117992701 1258825.1808098538 1176017.2729281725 30376991.03310973 -179042.66184300822 1099672.1749416406 -130707.49586243628 -4428750.047992773 -3447687.4428997072 1547509.8872895013 -513185.0820311929 -2558597.561772782 2097990.004340258 -3004142.6484529595 2848752.31536419 635137.51370968 1062082.523980312 1196178.8050399432
-1075850.8687590177 -1309358.3580938678 2939358.555927673 -97051.27433888846 1058593.946589981 1744019.32284764 1089100.5766082488 -2220430.9886320676 1233385.2506651224 3126591.0947248335 844849.2658206546 -1357567.632471013 763869.5122527041 45342.19294283833 -179042.66184300822 33227249.885692474 -2577929.260087058 -6077387.588893145 441098.62859569245 -264096.5951353436 33431.76272086816 2961999.263991311 1042292.4630358028 2562663.8567650137 -1489959.825734149 -1491637.2423534489 -3033763.645393633 283601.73701431643 -1649539.8422675498
-1286179.0697703133 -530281.4249261016 2644306.7256505894 97328.64586845395 948804.3987608138 -1232898.281315775 -604132.78211853 1456461.8820485442 -305962.6985479195 1404867.8427671161 1690442.8195571066 -294473.1332144082 -3466518.8774530217 -2037390.6395865206 1099672.1749416406 -2577929.260087058 33693775.08939835 1192834.07455034 -2219877.2122713123 -666729.8678053931 -1363466.0914618382 -1081606.4547029892 4104555.527486387 -300684.73664541874 -1577854.0502830448 -4332994.272646728 -447318.6066815768 4503985.680825976 15838.745640325038
523955.82467588293 2503722.1334578334 1394936.018459041 3438207.903943196 -4281584.014235217 -576509.2732425057 -485207.1370132504 4063645.695113884 -3579205.4758741315 -2329343.962328374 -1178487.021945762 -1918347.1462192126 -3006126.737819844 4163883.707970452 -130707.49586243628 -6077387.588893145 1192834.07455034 32679824.548907567 -2218048.015317056 -77949.32191330488 934813.9743624673 1261159.1548318001 3466340.2025309172 978264.1364330356 -581826.1493385651 -969160.088899977 1719393.0788362604 2040044.5697643936 3268331.986270664
2897995.562134375 -1194432.0157270052 1592331.4698661661 -982618.2662412012 821494.0484914206 -746765.1750310538 -1458675.1892255803 1693026.282427969 -1147997.399817033 -886450.2983104417 -2686157.273548745 4947523.416115907 3983717.919248615 -2479353.489224647 -4428750.047992773 441098.62859569245 -2219877.2122713123 -2218048.015317056 32093498.70806465 5759400.586386353 -477601.3909136785 -4125919.3028352554 -500142.49487237964 1659613.5404061712 3488332.6519849137 1996809.300711435 2201662.7525577755 2582489.448292085 -1258648.4586936093
-758849.286636734 -2470056.9132944928 -1621855.6470659 -1313903.8193569237 -2036304.358707494 -2201618.7164092357 -889847.5182776459 -1906401.3850875827 -1056568.9296894148 -843462.2927804376 274945.11498637847 -1858764.7367923586 2250066.709277029 -2454061.472013517 -3447687.4428997072 -264096.5951353436 -666729.8678053931 -77949.32191330488 5759400.586386353 34715272.79742321 3141455.2219917416 -1560190.9584189928 179115.35382655603 1427152.8322210626 232480.01679253968 110312.32555321911 -1996460.810735119 123606.95078394015 425984.5151739886
3792481.4384356276 1103477.1292119566 -560807.5759447386 3109759.0508718262 -1695733.2474092145 1730585.6818176513 -1308044.7765366237 -186198.50093817752 3227731.9134305185 2264633.105803012 -20718.649843537223 -1701213.0177082226 -1170754.283566714 -3464407.1314666495 1547509.8872895013 33431.76272086816 -1363466.0914618382 934813.9743624673 -477601.3909136785 3141455.2219917416 33361656.090350244 1014034.5316699245 -2142177.1029948676 -1785609.5770043212 -314923.6748489493 960132.345178826 2906264.563238069 -760577.9263728162 -598694.0311377659
1288166.060658996 -5081319.6185144195 1586041.0494455697 2794245.954263246 1943892.5626098872 2008328.4284616187 1384435.8875960037 -316874.40827206493 3903752.8052353244 517489.3226996863 327750.4939189127 -1145644.1106791515 -2572804.11185325 999360.0223969028 -513185.0820311929 2961999.263991311 -1081606.4547029892 1261159.1548318001 -4125919.3028352554 -1560190.9584189928 1014034.5316699245 33493636.524504732 2188897.5273665776 2101246.454250793 619788.1831845051 -2128174.095844267 -15114.841071203276 2387465.712249874 -2265526.0717525687
889955.5414501302 -2161989.0598544767 2599954.5593888382 421560.13314432465 2150174.362305253 -1119524.4871446805 1946988.5348289155 -1717463.8733750344 -4156096.1030100673 -2652611.1159833213 1608694.3572763726 -2607610.331069332 161385.77018984727 3630321.7298699357 -2558597.561772782 1042292.4630358028 4104555.527486387 3466340.2025309172 -500142.49487237964 179115.35382655603 -2142177.1029948676 2188897.5273665776 32297283.000594225 -1543226.607420797 -1076655.8818966537 -3746096.0452432483 -429094.7548524089 -3628848.6324424916 1250593.0997570616
3655147.3516166103 -369927.3042552359 1312793.1858056923 3125325.3134848373 -2484026.5303279827 -1597669.0441589968 956236.4989994281 -623978.5128933194 -1858094.7158198191 -1918423.290070447 -4274445.235243782 816700.6593417155 256808.4275349676 -6065663.712823151 2097990.004340258 2562663.8567650137 -300684.73664541874 978264.1364330356 1659613.5404061712 1427152.8322210626 -1785609.5770043212 2101246.454250793 -1543226.607420797 31253720.10523295 1881889.7595037946 -3658813.7813319243 -3678619.7879283843 1213200.7655560605 857091.600250663
2977046.460106517 -1369531.1153165526 2783688.812195967 406722.2192155205 2165398.6857581483 1884449.1654155396 -2929174.167165915 -305902.7938066619 905384.2413712444 -175583.25584573374 -1602134.3672103882 213402.8646075913 2701973.633191012 -839987.5489402987 -3004142.6484529595 -1489959.825734149 -1577854.0502830448 -581826.1493385651 3488332.6519849137 232480.01679253968 -314923.6748489493 619788.1831845051 -1076655.8818966537 1881889.7595037946 34698596.02063596 585164.7905439925 -3727371.6333206547 -1556810.4630966224 -3556525.2781361486
-1757857.0328024256 -1154453.9115576474 606667.5005178811 1346946.0674480114 -297035.24108703644 -3736001.874702391 -1376441.8166563918 432927.42115320667 -440064.46284097317 -276546.82345214626 2179537.3075707997 103533.19129106698 4129579.635476096 -1522785.1046691143 2848752.31536419 -1491637.2423534489 -4332994.272646728 -969160.088899977 1996809.300711435 110312.32555321911 960132.345178826 -2128174.095844267 -3746096.0452432483 -3658813.7813319243 585164.7905439925 33964356.11477696 3532351.054777791 1851787.6900894842 1486103.0143070752
3291300.0155424476 2147781.115014372 1107675.95062336 -841383.6326953712 296806.3723664428 -529900.9059783372 184732.75212222344 537460.3560813036 -158852.09863705022 787286.0421828213 4008949.230279619 3694052.2114471463 1183261.4323562332 807031.7850217439 635137.51370968 -3033763.645393633 -447318.6066815768 1719393.0788362604 2201662.7525577755 -1996460.810735119 2906264.563238069 -15114.841071203276 -429094.7548524089 -3678619.7879283843 -3727371.6333206547 3532351.054777791 31638560.999166034 194014.0022320758 -1390949.8020964703
786815.235738737 1564777.1869317351 43126.99522512862 707712.7073046656 -676036.2459912329 -798110.5152422452 -2506454.901817178 -362526.724298268 -4711315.682270092 746179.7881717916 -4212693.087480212 1549053.4334394955 2716930.4021064923 -1154133.490294605 1062082.523980312 283601.73701431643 4503985.680825976 2040044.5697643936 2582489.448292085 123606.95078394015 -760577.9263728162 2387465.712249874 -3628848.6324424916 1213200.7655560605 -1556810.4630966224 1851787.6900894842 194014.0022320758 32336977.175984737 720563.6351577052
-2629533.3058271464 -511235.12058891245 -3377963.3781600404 -3558588.947716213 -4097582.6216489584 -4965390.975889013 1581083.2713770468 1389317.7177304237 1101764.6237947016 -1462910.7267557087 721400.8097267888 1046654.330394019 1754730.306412817 -374392.22596870374 1196178.8050399432 -1649539.8422675498 15838.745640325038 3268331.986270664 -1258648.4586936093 425984.5151739886 -598694.0311377659 -2265526.0717525687 1250593.0997570616 857091.600250663 -3556525.2781361486 1486103.0143070752 -1390949.8020964703 720563.6351577052 33139441.08388372
