33165870.9560067 1339652.9705095745 783189.6563471085 -539179.1767167953 254444.90958939225 682762.4192359756 164645.36808988437 2456248.1552820075 -1392952.6802052606 -870171.4595336209 -1632532.121449121 2103462.016606947 2048127.6302936247 211327.2422953299 -783444.143494539 1013255.3141961549 4293802.18982702 -453929.69069455337 647194.9855138349 -2454227.561273111 1579394.7078652722 1123747.1041253158 -4999924.337367147 -4289370.841549901 -1750796.9643205483 98762.81258420668 -1206768.0612559705 2032876.8343731568 1077105.13338656 3089453.355594724 1164756.4311526048 -1386650.177584881 1432184.8402392084 182319.76696561338 1848385.4996338002 -2381940.990647299 -2972479.020612502 1546354.2685681186 383754.36006692477 2251396.21614138 -2601311.517489698 1563752.345814123 1224626.322521882 254261.20700865643 3974299.0040077535 1294686.7675613964 909872.6953089351 1032072.255318249 2276678.8895426276 -1369280.3986844863 -60652.3446576267 -525751.3431224788 1432638.5742155947 741472.924369656 -1463493.1263997531 1879843.292259618 724155.6108054235 233722.28947458207 728999.8521198195 1200744.8345021228 -1927740.8102087888 609075.9293926157 -898200.7418465313 -738973.3296920126 -77127.17219066371 -121858.52679337411 -3888015.9354562326 1219448.565890757 451445.80244749744 221285.76998770074 4845900.795113226 -301534.1881576443 416693.61051973794 -652775.46274965 -318199.85860097606 763507.4605244327 216654.35182609197 165958.44476806675 2804112.355928407 21229.69835033667 -314000.5372606232 219923.9865719512 337534.38060106675 1440565.9239779732 -568374.636563693 819894.1941551489 1624733.4689020163 23668.572797053082 -409322.8805022869 205654.78011888856 -1006971.5321872534 580731.0343214131 553937.5108622997 -348048.772276172 3107870.2820841926 -1021567.0194968742 -356279.1869416074 -2114069.346176267 -1836024.3007509904 2888086.949584972 -1088602.834183109 2238982.806659829 -2221032.0518331155 -886922.3067201115 1837241.3536726723 -652973.0144492862 186044.4080337464 -2914607.245787003 -552268.2370026958 50437.92791521969 -151936.43065236486 2606382.7374177817 -586871.5509333087 -1197480.9060617227 761615.0072384565 1458987.3011300063 1251026.7746999832 1080274.8611361845 -726952.0024166754 2334140.495601161 460369.526988665 1774541.1498972492 -1649788.751571984 2192580.485171864 -1094906.7027726118 -761744.6663686192 164091.5263912069 3030408.2631418435 -1197428.4770965183 394864.8100373723 -123147.90606460237 108659.08284583659 -1193279.2805787735
1339652.9705095745 31641031.561731767 -408075.53384507936 -951129.1538891761 -1812028.1056832043 1410303.586731296 174354.93188511822 386192.09765498654 2258898.107680278 1278357.3600996041 -933103.6445874341 1315824.210904787 2275117.2517985976 -2306600.6389910984 560954.6389520305 -608046.2975807907 -1025477.7737539184 2862851.818723637 -977200.4930549467 -252465.08864296923 1683476.1838455969 2191585.8298022295 -1024234.8363815269 -1186394.7118744447 89975.61217160003 -411668.41424969153 1337789.0300958233 -648139.1184135233 1469501.1239987498 -628727.1866242635 385134.64851385594 -1420742.4431839746 792804.4335081335 -207999.81008781213 1634158.9583240515 -930431.7423379439 -1082737.7709911435 -1423379.953586178 957363.6336576379 -2532040.7033804487 -1624942.5283366644 674759.5214160476 661387.2915391349 2253743.666681755 -567537.5975495904 -297205.7496405946 844663.013172598 -272068.2987993901 1756510.9015764883 -1054787.4202737412 50548.18830956968 407923.63924699987 -1747484.5019975503 6254.347253373357 -943082.8354469646 -1866663.5710540507 875551.2854893649 -878940.5772878395 -288619.21853711334 1258712.9296337438 1851860.5171789145 901328.3837167001 665048.7719372864 -236513.29811261428 -1449981.0949163295 -399071.56168524217 486989.4320147924 1442290.1513021085 -393900.85490492993 3247251.954401223 1333868.386122821 955266.1598727489 -474276.57545154303 -497496.01287491014 2205913.4747156776 -1801.2429570498853 -387707.7121799127 1491412.1562359 69819.1758692616 -253078.72793232807 -1077488.600095494 -700839.572227757 3415000.8729843963 743204.5331647284 3504807.00307855 2566510.6020613103 627978.5280905637 595037.7899333488 -279560.66668009234 -538324.4753698983 1122300.1405537345 1204441.2852221024 2226651.580495342 -2406473.839660596 -1372080.2346494356 -243431.5632136756 -1368179.9234253496 99319.40152472073 -887828.6314467705 -640268.8260017168 398309.8044781135 265289.6554135748 1390438.834721389 -998706.5690518576 -1065728.1240598983 1850680.7315563597 1209392.4925423863 728207.2315935418 -2659268.4143921775 509143.905382801 1609373.743347219 -1630406.0253631566 -1721733.2383660814 1363438.1816701025 -110540.38095655167 53093.78227370323 -1419117.4413030848 -237022.75899268413 696097.444594395 -1205196.8688210177 -1911641.255259994 -297128.9721703707 -876170.3601689861 22639.45438126031 -385276.53609479225 1426132.3228797647 -858873.4560324977 -2094256.4221246326 -459208.7270779351 -1183040.8364148103 -1200298.2940304684 1648890.8869323616 -1897267.5034130518
783189.6563471085 -408075.53384507936 33934236.78256836 852902.898754101 1885160.7237498679 382196.2994767129 -408366.308674728 1866061.3559356246 -1337496.5520247656 -1343510.8642246064 154033.68132112178 -10767.989110100769 477870.40867392666 1367076.2956300355 -132480.31397431536 -3246153.9440225177 -1134463.793136531 424392.0057257646 -904718.5280821539 1644152.1589726666 472782.4088859426 928368.9158307508 -778214.5962633109 185521.05645389154 468994.2428987841 -871083.6132809889 -244794.17698887608 799670.1705442186 -497959.3044144015 -1489975.1435579942 -297628.51807488187 -1256777.918904502 -1279232.7375550324 -2088619.9355217987 -104547.452107297 1144730.5592510998 1768038.0782168538 -786178.1037775702 -1692219.6514756053 4659.230983866782 1096091.8078974534 -3202700.8593467358 565296.628541756 2078221.8692380567 148404.28935958858 924991.1862097682 -487374.56016240286 -2130937.5879059513 58810.301027149304 -2437616.2048922633 -721729.209748631 -1021386.01238736 2087179.6210957458 -546985.2965073065 936758.3196256175 1107795.276432362 625469.3023936372 -571714.9252770016 1936476.7072848473 1419752.4078878635 -93687.83220633857 1447895.8648133967 95272.32375933905 -213026.94516251632 277553.5459768783 -1453456.0216762107 1390374.4354450526 -813099.2977288307 921683.9728611825 1113392.7615862286 1998553.855778645 -1093538.7384028134 -1656031.0958887914 -1686981.6519433868 3899438.2806564234 -2517761.912678834 -238519.01135705557 1757912.5705302274 -306009.4952590321 -815855.9349321485 1909846.4142564486 275670.4846142798 726976.1488655779 -670029.4421229267 3436713.1577542387 -1376240.441348361 -1647618.8846384054 -638820.353634165 1443652.7475660755 -95232.47400735097 -1580650.0552180298 224073.23373739462 2858688.215265585 1231202.7278699973 1895382.14684692 3197955.8589232066 1717541.0122742474 3769340.7883382724 1473867.2276780591 -266509.15277945285 -865460.6621527657 -1424131.126308012 -1315373.29309954 870113.6228935075 -635963.8759191913 1754971.5630079308 527692.598657279 1477443.4396399236 -1297335.9546609784 -926290.9330714179 -120835.45145217866 -2059114.3148700688 1571918.7990649191 341215.7356098159 -706454.795288681 1573316.8240445084 -465112.9754280154 3498147.881452676 518153.98173830897 -1392080.7533422199 1572019.3972555678 106220.67808135356 244219.43382391537 347115.5595260102 439489.7999572022 3275593.722536415 61230.55344763924 -1504734.9123412066 142679.82952728248 2905227.0031785937 -507519.2095709786 -661874.6030402727 258041.19423320473
-539179.1767167953 -951129.1538891761 852902.898754101 36495912.9275849 3101211.606273844 776825.3904352896 2827937.9952901877 -1042362.7793352349 2608247.1234518373 -1497342.0578533064 -593509.511929665 -379316.1843411317 2013973.217654622 2140150.2783237887 787874.9185122764 -269985.5448587235 4411309.147887881 1152803.0327740652 -75913.37344068928 615443.1327955464 865580.7723971164 1520984.2279348737 249516.1029279736 -206094.13406921917 3133004.7195754726 -717797.5523848044 1961453.7079907723 -34187.503317056224 -1576151.4472021433 1314664.0319353163 3239431.108260226 -743167.764294052 -1891958.8629172964 -3604339.8417886836 -1003577.4347389807 -536159.6445153612 1028007.0685254263 1852657.3766607211 459403.5372536182 -1401838.6626435993 2260164.905253909 -768573.6999037211 -628752.3969188046 -1031920.6595980389 1901647.361510968 -56877.6854715093 1263631.3526621354 1003857.1009859805 -1069358.1286306612 -278639.96154855465 3674747.610758762 17838.40108274599 2879627.060079761 -1923020.990916976 -2104152.9177515833 559098.4513306924 -1705997.7453275786 -2416410.7327193357 -125815.90447883631 -332254.72282888554 -216612.41152540283 1460699.1799103434 810488.0703704524 -180742.08967537858 -886781.1548362385 2143524.56746523 -1592209.7297466476 329353.0211329186 2830703.710265547 391362.7322612469 -1472115.0407102942 238770.35931999417 1606759.789547581 -1877245.4469580182 -1257741.6973365769 250867.64777324075 -1850442.0172306031 -1125843.3745734824 -28316.64837290756 736568.0768518867 1225059.3503070062 1365871.672637325 4236152.85803377 2877793.86319545 834732.3156135002 -1185380.1007015773 -1281377.5728988177 1540988.0281716073 480193.71654566575 2146249.8774708896 556662.080802287 1314621.3945348812 232831.44074719836 528702.7844606758 1865978.3502366112 -1668474.5087866175 3060201.616582662 786551.3599300921 -573047.9227559349 -1719922.1717305558 -474449.1706469585 1020260.1506012096 135327.36604627062 -1575138.0411060674 -633856.0224658096 2892960.8163734637 -2693467.5204210877 291955.28940903756 -2149773.552327608 1298825.4802408959 2363674.741763241 -1967907.1845786734 2874653.45820264 3503754.309066692 3230504.2056772583 -1824561.969934663 -886761.1698909588 1016478.7357829687 -252375.31871525914 -2964838.74648117 882016.0334316916 -1918096.2186358266 -838435.4236728796 -1129650.4010456416 2096069.1203464072 -443747.8414329828 -14190.499442604389 -402913.34304269415 -213922.26734758294 -3049139.8045433774 231541.2886777489 -1525211.9750230818 725384.1669115619
254444.90958939225 -1812028.1056832043 1885160.7237498679 3101211.606273844 34023129.17603541 994769.3259247509 1354880.8962387522 279232.64690031816 -1472437.2282765878 379240.08727115596 -116103.55582220244 -3219850.007848466 -1111756.2483670504 1046566.6735685326 2326081.7704364955 2252891.5655976036 996972.7734082459 1436088.4710238238 963213.4669656918 1042399.8043123556 -957180.4764013259 769531.6516960403 184838.71326343168 -1489347.4300075208 -1617170.586962831 244026.45267920845 175523.76246357142 147765.73682441362 1421700.6103838044 229736.48609284186 268698.6523326534 1143463.9980580043 -2917738.2428439185 -1621729.9493250672 -939242.2129461305 -1497531.2644943453 1287267.5814247264 618161.2136643706 238848.19040450317 -1880321.286939859 311606.4816836358 624270.1069857292 168520.32744510495 1345878.2876006567 2601964.0426687086 1392671.3738998172 503045.7832553143 1257559.6316215245 1257016.9410621966 1082822.08612569 -1210371.750427384 811886.238853113 -1669219.9343845013 -145143.39826745001 -943900.2554326132 -2233741.6282638824 265760.73267332144 -1508179.6082317638 271577.7306260233 486004.5122791883 64112.59536657714 2933081.2477327883 -56748.592432963305 -141040.94765098373 229535.3229869971 -338042.1561972662 -2740580.472039542 -1016520.602278677 1043238.5474476836 1149539.6590999037 -325908.2571794821 888382.4591936101 -290257.4229736184 2286095.6658255435 -509918.06477062876 -532085.8936086533 661562.4810137019 1264912.0387577803 2311851.393270048 511400.2544478673 -2230050.800188286 1728364.2436796217 1628077.8109280195 -735810.988697012 2903666.832811028 -78364.23222907886 -1155383.6052521493 -1299367.7101322785 903740.3479994508 -386532.42393259535 -467327.8863293621 974440.8833645987 -1864762.292803085 2616728.060490508 939715.2790785099 1807522.8503154528 556485.7604685485 -1591779.6753313264 -1157693.5843360096 697950.3846267478 -6195818.974757536 639700.6345937178 -239288.48426651728 -740555.2683383711 2274994.3593365373 709401.0556552557 273251.8833212893 1566940.7201615358 -2031754.6955226967 -1721232.0967556047 789874.9021930894 -1338768.2288984417 1572602.0281460525 -1926239.5587077518 -437532.25955334894 -595316.1816380561 415800.89036632876 2811836.9129151246 711981.8319366924 263470.8898812163 89061.5236325449 263099.5328541721 -1585228.1652907506 621889.1594047857 -1193647.0097376658 24797.356657356348 -1543308.7377254192 770863.8930210387 -1206824.0042752163 1024033.6335267501 -1121675.5386418563 -1142559.1694113028 499028.9042118905
682762.4192359756 1410303.586731296 382196.2994767129 776825.3904352896 994769.3259247509 33422605.89119046 972971.1478307035 1857638.9757008178 -720319.9314622872 -370191.4924808283 -78054.98998378047 -336473.0680273897 1735625.000679697 414401.64870171365 2578772.9503059187 -800505.6828334632 1689430.8084728948 259568.4791394019 1605312.0862795198 -252065.5209253198 877698.0918161421 1870054.4809798137 1311080.050478367 -230169.8226557666 972838.793946646 2896269.269384602 -1624984.2419692944 -396925.3022109299 -363190.32694666396 -1163740.851056276 -1565988.7758975583 -2118300.3966447148 417539.0981228357 2282072.261492082 539009.3957639367 -800603.4271542531 79436.96468630912 220699.63294914065 -269189.60194881225 -2144677.954326276 945651.7129165615 1858714.7310536674 223512.35087254673 584981.8584190524 -266544.4319124029 736919.2218800071 -423989.1159684339 -499633.7459554786 -13398.830130163351 1163855.2411215384 -1264699.8200913074 -822288.2333332627 1061469.6182517589 -2612305.922607297 -820679.5825511413 126550.63260496028 -876016.7473340032 -998091.2587382371 -257537.83045844093 -478464.4952650781 605353.3919867143 1142437.7258668318 1507004.7743804422 -3864.426112557182 -1571218.536895081 -190980.53089667263 -2388746.627977307 -459053.4706045155 1132246.074800236 1517906.8203402318 47172.58111609702 123827.97005148535 -1157902.7335176687 1472649.9051792428 524095.970732193 420655.44793847663 -199975.82758829548 2870711.2978599085 -428311.114979819 2209038.451132347 837978.1174754081 -176763.2333431979 2118215.085656822 1076132.7447819535 -2653141.4847478964 -1190668.3687680333 2869565.4215061883 1168881.094159153 -1705015.632478531 -293270.51818961516 -316507.28694062325 -2781270.7937088152 -146380.81865406426 -480540.3015551493 675803.187493794 -635809.824380249 -2277066.0982342605 -849625.9790766858 -996039.0874270102 1148329.4786839413 1509526.9166554264 -1697952.5217407204 -19485.625945598644 1231341.1594048575 -1498994.4896122892 1000005.160808306 -292930.6915355072 1094909.5814399275 -2729349.7082210174 -747951.2054929915 1150129.1775350582 -3286900.270202841 -857453.0421052262 -1517438.888697675 1521927.3495087482 2238191.0994915077 -732192.1585773586 -475865.19169593323 -88631.35970473594 -1584467.665841067 1449814.975653845 1814902.7192679418 78445.26149376147 -1418513.0545679058 659929.8664569886 1243095.5764126498 499856.175604359 1571221.7969070778 -355573.114194525 -3106393.5207240805 -146016.11950339115 -88197.53033528701 -2108621.0675276825
164645.36808988437 174354.93188511822 -408366.308674728 2827937.9952901877 1354880.8962387522 972971.1478307035 31259624.653006017 580812.0427077659 331626.26025135187 2319818.1513885097 -826137.6852292552 -1544943.792306049 -2948872.8828357756 1522631.123534005 -1599739.0824919133 -1546607.8599595572 1199131.9400826192 1804539.5311957712 838643.0026754832 -889414.2067159406 3001371.1287363567 2614515.520187329 1245047.617976906 566652.7596238602 -1477372.0704221956 -3497647.5088778674 -877096.549644646 -1511419.212168086 -1036924.9788440287 -264541.9500439837 320977.2101105796 -2356901.992285793 944794.0854516691 -206429.0929983718 -221812.64425691223 933643.7629726094 -453061.1934332927 1576189.9721004076 2554978.8819952863 -913400.6867266289 -1501752.9707156965 -1013356.1707456788 423534.5616319508 -847994.6515913851 -913242.7418325751 844582.2467357448 2006441.3313272716 35413.794353363126 663700.4727339055 -900212.5500752183 390664.7615984433 -1620098.4458597768 1123139.2659752022 1834131.6671660063 1519873.8781400442 -2139134.687828666 -602316.3929620946 -3129669.7322208807 -2501055.4836140075 2673425.638882095 -341124.2872759178 -1963889.2535225318 653940.8216280136 2029739.7598513286 -24566.780728746588 329586.8376633255 1096537.273318518 -216880.61551778874 -545763.0725136369 -644035.0946162738 -1767923.9416053852 1752714.8346392994 779077.9874395935 1056484.105292333 -2585559.988580169 764526.2024307082 -2143707.861577143 -498151.56382250675 -1645517.2487020274 1858427.5945511125 -2033002.6692207886 682827.4966973778 351960.2375911754 -601993.2714988157 528622.9119660552 1860875.9926648873 483167.76387324923 -1084394.2572271053 -683702.3960679827 1038664.7703101422 -965623.6239382252 132531.03278094323 -639825.71268657 2023108.8504142321 -112485.7907800943 -2482410.4591656183 -510335.4925220702 355197.76581708866 -328038.38906372007 595749.2896170502 312137.3801146913 386111.5723443081 1628512.603131608 -435226.3273118595 -1577842.0679438899 -408406.8447664842 -1382524.0290706318 1909392.9423339372 785951.4857931529 -900535.6979468084 548382.50926166 695456.4988416026 -2886526.882356379 -1536281.698459942 -1448182.7060893134 -1290364.8020722137 523433.81618732633 -1240281.8184672997 469571.27395681606 260385.78651723135 -44732.92824414519 -1235632.4261593595 2580105.144436229 409655.469804748 4141748.8967204983 2042835.916789233 325348.4540604425 1547694.7611325202 -2357183.7592698233 -157340.7059151867 -1709197.4409551718 -41221.633611766716 261115.75857158325
2456248.1552820075 386192.09765498654 1866061.3559356246 -1042362.7793352349 279232.64690031816 1857638.9757008178 580812.0427077659 34015815.777641624 -2303569.304952138 891588.090396592 -2230234.3042839933 1762974.474214708 -891734.2529613957 103045.9635986604 -2726158.410318278 -46883.014259581614 -360280.2648160648 2003640.2288671252 -1524505.1351410947 -2619464.9474847885 28943.59146487369 200740.76558284933 -349883.50580360065 -1732228.6887462384 804583.7839898817 1416222.6579798479 -1570931.8975577895 -2035886.4851918619 -459335.07972602895 530108.2273936169 -556973.5526533668 -1619993.8214728518 177536.6193680894 1197932.214230231 -1359823.3635369216 664923.6762499285 29590.600981619507 -812151.9117068629 -860576.3131652735 -1194618.3471152696 1280086.8490394475 2561244.428705566 -3644760.1555534946 1608401.230587909 62487.52263758138 -78523.60637761172 1314381.5812429085 -1117200.921821104 235312.54381570223 -635247.687050999 381408.84546480246 365181.61787681427 973360.0692369 1265687.2725128653 -1357938.3644118295 -474673.0314102809 710533.5365551679 -1538506.1434212984 -640514.1615291425 -1042447.4063063154 -4347011.933055671 1163153.1372961428 -1660198.1717878936 -2266533.3108163076 -11274.021306682693 1433978.1855516487 360514.2530286403 2674016.698692362 -549534.3835939926 -827891.951668401 1822049.2899004233 1581812.4175781833 1177090.543068835 -1044984.9699271152 -914119.1981659695 -1237440.7234333453 -1099335.712870564 900381.5004900239 -709355.7022128239 1097486.834779587 1689694.0990204206 -1498627.081885091 1037887.0005150457 -393967.3986718272 1830338.7902339974 -1262519.0824331727 2525365.7015315536 -924750.0090333723 -502956.5560886387 3535907.8966931603 889856.2713738516 -848643.19396091 -830256.1428930777 -1551070.6391462404 1910053.5491939504 -2669792.5723119946 1762850.949824939 720409.8276579767 -202921.39319898435 -158465.77069534827 -1052700.8359210386 -359685.0929621001 622229.5330454741 571612.2536468793 193878.3101428885 2293234.4814009015 453028.8742744781 -1394271.2555693015 -2202799.447198207 -682568.2634078822 -551754.0286527129 304352.8595567902 -2279197.297009436 -838855.8669104073 -447636.91222142277 -2923271.8107484533 448781.93032256194 -1114941.8362341921 1806707.456158173 -267700.4381949697 308518.1253327074 221497.0925410606 -2119709.9168893374 1127458.9449182437 -4128559.4670176595 3114662.5515277484 610793.7192384218 -1082099.3816733416 -332881.4620167739 1171967.632101164 -755533.3905887743 162204.915122249 -3869187.4182120916
-1392952.6802052606 2258898.107680278 -1337496.5520247656 2608247.1234518373 -1472437.2282765878 -720319.9314622872 331626.26025135187 -2303569.304952138 31672563.735122293 -385120.06536551414 -130865.59345231958 -834717.866098431 1770133.25004516 407327.084884907 450003.4962678899 867931.4459029569 -988444.814457475 -159303.17515988872 -1098254.1376902682 415611.52208187524 -1299495.7400578747 -1323162.838370326 1443362.9824325251 -1318099.7041425086 329669.903564975 2293361.4091670867 2584467.910364462 1668272.183824448 -3818158.1188619146 691703.381101985 1083703.0353752119 -1646520.7241369537 1369960.46913977 -1163866.9162515232 -246897.01931558308 419461.49327403924 501339.5254000568 1208897.2709605864 -1376688.5041628962 1573445.3155882691 -365856.2516667314 -886929.1342155604 -2189512.766745277 -3008133.7650385075 -935392.9232207494 1208599.1787840975 1894731.4394933383 1283408.1367708996 2526046.2718330007 1518090.4293048442 -1179495.7696454315 2457389.626658701 -169981.45582991233 -489473.2788277907 -1633991.352066512 -381020.7115047785 -394935.9288736354 -436659.2921520185 791309.6988133248 2545392.229155696 -1211701.9055500387 1683452.0796002417 -1518248.6062657607 -920234.0262695712 -74769.90373360188 -1824775.8347986282 2445065.794353193 -135680.93976135127 -16206.946009081117 1647280.0518672566 -25543.21184793454 -478695.97193923395 -929310.8023961085 749873.7871724374 93562.71034966533 -72311.30979505234 -20782.797187701548 -278419.8612965442 -3328176.9300078815 2513183.0929890494 1169944.5453688104 2474508.1375444746 2228836.1934442106 -598697.5271764193 349439.80367080274 -1375153.8338953871 201211.58346329277 3436595.718214572 699354.4144376502 -3709230.2984970734 138288.9610320858 2162623.6209619967 1332533.447434051 -993144.0191636443 -708036.8627013544 811665.2457487022 1113407.4290566815 -534937.0751227363 -3076645.3488898715 -789018.6043722662 -1826406.6700856572 -163060.38199660694 1607617.438088683 -438369.4925310025 -2313049.4985696017 2006877.8415675657 449884.0103317134 -852788.931314271 -2342935.335371682 2886867.603893077 303317.08237942884 840016.2503271207 -1154088.7852142113 195793.46104363014 1859420.9624016494 -91524.76225277611 -1955446.1211891626 1998032.9328082136 1255332.9399685056 -1051461.6281830221 413213.04201107635 -1371389.9907141374 1291181.427704721 -416701.8468992297 -1140214.4201255445 601215.151036665 1395952.6517460637 2372966.9366294644 -210583.97882355796 419407.5217392615 2129162.2031212887 -1262575.737066209 2555735.9338331465
-870171.4595336209 1278357.3600996041 -1343510.8642246064 -1497342.0578533064 379240.08727115596 -370191.4924808283 2319818.1513885097 891588.090396592 -385120.06536551414 35026185.65788196 479562.64942699956 -2390320.1032382473 -2859176.4424719857 2111961.449772742 -3452304.1242245995 -964878.5119336514 765074.831950129 -2865767.753005195 -1509630.7366240388 -103050.34301692077 8333.268064190725 1551389.4872572254 -2314009.856927386 -362269.901553296 360353.723327333 -2075188.8441436836 690677.6377544999 830866.5958010994 -1241673.5382839448 -917451.4536026639 1551981.5616299552 -1419773.3779436753 318073.386976501 368991.7993429797 2022613.5886487977 -1445166.909656659 496705.3692439808 47419.94915210503 -2375820.142805699 -853123.5582689417 -2084422.5702884807 970084.004477026 -638116.5613964709 -798055.0945298949 -1719831.198902352 1436970.684712895 -600768.7753734901 638465.1135466254 -2258520.6640179185 995440.0005481499 -1232155.1605044699 -2744274.6418611407 634614.7637550284 -526483.6897928291 -1227278.9090761768 -32772.03546453883 -1290682.5869355937 44796.32574037632 -706253.8659699479 2787008.106332219 -2884540.587029088 142009.35607706968 -2699143.11770928 4386888.167518941 672418.5860220507 3666367.954437733 -3424847.0994779863 691404.4077100721 -1530682.5206459162 -443352.9881258296 -2857142.120699752 1134599.7752524281 -289091.4856739363 -3620386.9994271705 -1041168.1217174797 -825576.3052890539 -568796.1422710923 2995640.2331823604 2921427.129415411 431121.96743300225 556491.8751252661 -1767522.9982554794 694057.2725104903 -2944891.4352185666 -1652626.5027249854 1027610.0683765049 -1283602.965531944 604050.8810091102 965605.366430923 -2406184.5912549524 645935.4251836635 -1319702.4486418387 -2590050.282270794 1503938.5705207633 41216.50944126552 592551.6788511609 2832355.9069004343 1037925.4174988304 -656138.6556297378 -771203.9691989494 982325.6867493365 1719824.33055785 -4618196.746170305 -1563903.6847323535 -1157842.3600866264 1241710.3855039454 -3491078.386614068 -2248192.2522258456 -541420.7923288099 -1287434.0417158264 936992.4944731946 -1484883.8699855206 2604979.0796408127 2106375.7051040186 209783.40484617546 -2151974.484787087 1263418.589923436 -5696705.0176473325 3556015.714296707 -2245720.953091616 647870.3719871 54232.319152470154 -631431.6748929484 -476300.21648299624 1869090.16239311 -428552.6536763421 1676371.9921582274 351303.005029178 -3774984.0406860597 -196491.21186215122 -6185.99035384416 894591.4283264297 2706493.0768458005
-1632532.121449121 -933103.6445874341 154033.68132112178 -593509.511929665 -116103.55582220244 -78054.98998378047 -826137.6852292552 -2230234.3042839933 -130865.59345231958 479562.64942699956 33827064.81960617 -864936.556863941 -493602.85623929236 968090.8962168798 1688010.2119540446 627549.4429852213 1099203.996497679 1546984.8557448813 40720.78121040339 1838030.7900032524 2113991.8279735595 958390.4704965818 -1342889.275588341 -2154630.75958698 -461008.4360513654 949416.6428462642 4222743.339099382 -244440.07615853322 15832.478949118027 -1854320.0302430259 2928624.3071610928 1206423.897278197 -1538090.8438166967 2072621.5326294105 2063962.2777058838 1140799.775860727 -2097543.5036513135 598516.6533668812 -321918.40614719334 -2072936.9998394249 -1344122.0085734348 -1667944.3921388893 -392988.6154183953 -114409.97615992489 125859.68718410228 836952.2023288965 -963137.3542375653 990319.9974720541 -1270040.0360820796 -842328.9491266181 789599.1314649708 1158573.815530836 297754.8148796226 -2286253.3514740034 631381.3621534405 -1365210.4396231514 1730043.7566044647 2598804.2795955064 -2057561.4216758925 -2315833.6809072327 -898999.7809709677 -326152.45730853814 -763751.8769257506 555959.1461812992 175142.58886421274 1312665.0358085092 -1933617.4940069583 1664345.22583414 1166304.3219986446 2620960.444053107 2799488.2501759673 830267.735853237 87188.02619824199 594145.9400280742 -5948.608226667081 168335.51201402725 -581274.952982715 286548.51234315685 -1589692.8740153562 -2544998.9418405863 3794560.3737479723 -568886.9805687771 -177234.19771544612 712736.4625563783 470455.79257578193 -1129430.9844931357 2364401.351433371 -2328098.4129760154 957161.7899644421 -4585021.938185943 -1244306.0320566674 1049665.785812522 -1331199.6320734296 337737.3617994886 1720061.2978430626 1163579.9639416318 1218537.0305935363 1330415.0593881826 -1723341.9616374006 -472778.74600267905 -1743235.9248738694 -2751221.3520201487 526507.5132625597 1029721.8706848697 582536.1886429666 68461.84984687135 -1056631.5297873125 -3255786.3013173263 2026149.8362388657 3433995.061972638 -843328.4864904234 1772898.308241677 -1020534.8113131163 1673055.2909685853 58545.902262339085 908683.7390119572 1590050.3100845572 -1673584.8944097303 -3689268.258059688 -540837.7069643307 781453.8777649682 1216287.8809228968 217126.3474275759 -632729.3696189795 -1142342.9389160073 1869193.148471618 1372093.8001302169 -147117.1788268751 -1684750.8629173173 238123.22766048173 -1582705.8238513262 750612.1125036154 1169955.3851109506
2103462.016606947 1315824.210904787 -10767.989110100769 -379316.1843411317 -3219850.007848466 -336473.0680273897 -1544943.792306049 1762974.474214708 -834717.866098431 -2390320.1032382473 -864936.556863941 31251888.58687117 54587.484970046935 -2686009.213801585 -1141970.7028684672 -2009186.048097428 2419795.0887465524 952132.6046571231 -1217952.2533309155 1225461.0915272639 -231051.68860512663 2525415.1445109844 -343404.2114595309 652580.8154681824 -2185482.262898529 -715686.1483268789 -1791777.5165082025 -1110498.7829638938 1288800.251036383 -2663922.4697450777 497708.0132289146 1861530.7759291471 210607.83540344553 806981.0846860922 -571424.8481526602 -656618.8200933723 720284.1128516183 -480622.55593016546 229999.40310667217 1358186.3671182145 -505878.80665434414 -1180789.285830767 2328266.0809097053 1763010.9830699018 -351118.630809235 -370980.74236092204 1081840.852245883 -1518174.6313156513 -2069719.0752003163 12912.81879602572 2145186.653210844 -1377861.3096134411 881895.4322468134 -2244205.4975898685 966366.2240672979 -369950.7873906467 -244355.6559111088 -1116825.4697717577 868920.1918659279 -2455817.3977491595 -373158.67570198514 137369.5560949085 1963569.4325974004 -698552.2279943984 1188402.1552664856 587259.113311917 1920610.648659041 3297907.799826577 2105201.896008015 -1999134.2907044077 922828.3638376493 -3796035.3548318306 -836725.1501590038 -1021433.9407690042 -1589925.9900253369 -1260560.8192889772 200611.618655195 -1101690.6990089072 1549573.6674586867 -1541708.1084520125 3023126.2303482178 -1025388.5281982332 -507356.8542935179 164442.52276070337 -1973990.4289149567 -141336.1246900786 1057189.058024133 2601870.84493221 2532721.7728100796 2089952.1320290747 -142891.1320482631 -1484672.1334120203 -1631865.5242035096 -1006480.6078936368 -262637.5206235335 -722697.9897360192 496800.02897973923 -1171241.3817892112 315755.51681582246 -665799.5068373359 -2766257.1896855407 -971038.1207301117 1388473.010868876 -691161.7335394955 -1976962.0499157822 -711946.1098539706 199597.4958405695 -682785.9034936248 -903505.454719951 278554.73396014894 -2707331.6855230727 1754207.7953187511 -977548.115466614 461239.1563968087 1641387.5581662261 -1035918.5500349419 193025.72465857537 -526047.6741227874 -912694.25160941 1347436.1791236058 -616587.6748269398 1341485.960789677 240211.05275701795 127693.87896068291 -346542.71266414213 1490265.250099803 974499.2664852303 1434523.5521933348 -185016.1382188324 -612923.1890645958 -2661061.7738854354 -1102384.0081749957 -1182216.632588298
2048127.6302936247 2275117.2517985976 477870.40867392666 2013973.217654622 -1111756.2483670504 1735625.000679697 -2948872.8828357756 -891734.2529613957 1770133.25004516 -2859176.4424719857 -493602.85623929236 54587.484970046935 35331455.68788354 4625737.663134634 -952554.1937546559 -3792524.862079509 702975.7350005019 337525.0240729327 729648.0421462811 1788818.3758446407 -2266054.644602951 -1108040.292105432 -1077863.7857329827 -848246.6576340756 -2133143.7206768976 931850.6421954128 -2021813.1697825 1986145.0987001988 -2214137.0518215266 535535.9405223187 255680.91161026963 435537.4460549902 -206475.6371630253 -1187957.6204399627 -1062168.7408290405 -42345.325782659325 685810.4031507971 1286484.2564945258 -673132.0677598292 339028.7358984361 -1176778.6166557698 -68182.60322540831 2028792.3521578177 -1341099.3320733474 -885944.2533704117 -825633.6379295113 1176478.607067513 1644375.3499004238 1188966.3908821752 114304.18855947291 224302.67547897247 -796908.9095643079 -1801960.7567093766 381952.3546997035 124318.89671024276 1679800.6987546277 -171992.44043158428 663623.2413374826 862812.3948181956 560384.7243415621 540840.1175640901 1345738.0614214742 1079620.0666204793 2201828.25638172 705086.6526897539 -500148.7126002621 2765225.289189726 519753.12198056694 -607205.7487380195 284899.1130273214 -1460161.826197722 -743372.7530335791 472573.5044885971 462028.45301275834 -669374.5623169752 789995.2241903333 2894627.8957464704 -1906171.633648334 -3322320.159126064 188847.87429827702 221096.1476990362 251795.59217669276 582421.3813221845 -879042.2504892927 -1206767.499139097 -1761710.2845557176 -242862.59898605387 1247258.9479921416 -885468.0955012105 -388589.49599851226 395425.41263336176 1940103.2181434943 -936875.9501040452 -1454693.3605777167 -38995.580634215934 -1201220.2630673153 -1205534.960192234 -249756.52683038227 -1726717.2386090811 436307.29684374254 -783901.8656220629 -2721019.382514981 -1325401.9691576501 2588595.079456305 -828543.6094847287 -541359.597965892 -2008096.0890059175 1826145.068573089 -1657778.5792204365 783469.7058694377 4791039.612895291 -1800114.2447579887 -199840.70076159376 -243071.63621977257 -2541271.0684098904 1261598.149687633 2162640.009014799 -174503.05329596772 -701914.148489253 1194904.5184950493 1079932.1061616195 -547483.1757688875 -597752.99082025 -2137327.273743295 -165467.5671108404 2141869.503232679 -4011280.720100098 1255769.919495176 1282351.6137498165 -2215316.2715387293 2243303.187803998 536486.9192343683 -39167.81015310263
211327.2422953299 -2306600.6389910984 1367076.2956300355 2140150.2783237887 1046566.6735685326 414401.64870171365 1522631.123534005 103045.9635986604 407327.084884907 2111961.449772742 968090.8962168798 -2686009.213801585 4625737.663134634 32146826.55688465 -1111811.6251557553 1864144.7822808092 -171943.1280096064 -716429.6408923776 -356329.7024232022 -969829.2738508314 -1604685.759814258 -503681.1153039131 1182283.8598966121 1648283.0463505588 -311155.0981014056 -2899579.9075123924 -539261.4052553134 -290246.995580567 2209875.397810764 -2047805.3042258497 -26238.381541026734 700448.3879649256 -4572693.0136702545 1077831.3368855584 -353101.3653986185 888609.1126805537 -469509.76340131613 3523396.6797894463 615748.7969136367 1571707.4466956116 467532.5175598983 -2541037.523347236 835910.9876197063 -1274961.3678998437 -268503.3136016262 244446.18682897155 -612355.8937534436 1939519.3616765528 282012.8032818934 -1623061.079590822 -445802.6792472386 -2390923.7239762293 -104258.66434058301 -219460.14119039863 1801236.1742454919 -2697247.2930533276 659167.8046733266 26239.291741376197 -1715333.4389856937 1148741.4328118137 -424870.5578888493 -243716.78575062644 -810840.4956316708 71893.42479131365 -752435.8341932411 -239032.9494981352 112792.60499891079 -1000580.6951137079 852943.4767651267 -303567.00340666866 -1479440.2331763136 401500.61797295767 -495188.0726387957 1375824.199890804 -1808582.6112269654 376063.30243845744 774991.7482825329 -246537.35222480606 -2059852.4661806088 -5323101.19140648 -197108.29351452296 -234549.1266058126 -536196.9648134804 526508.7778538496 229242.04681393673 531506.4662960839 -259539.51976877465 -3349186.848949474 123362.32264883151 -307573.8682703139 -2085613.5112045025 -858379.9001647457 569320.123762734 1046884.4514873099 -710371.8213401418 -833506.511447404 206911.1366810684 1405904.4265143522 -696588.5601573336 2136508.3052386893 -277633.65102286584 -1708702.2335812 2476366.139121452 988706.0250627114 -1366591.6919758043 1826053.539585145 368550.5836110503 1329498.949492859 445024.00549129583 -177546.70472683347 -22302.930201954925 605056.4891361172 -676759.5683900708 -2328767.7612169483 939781.6451936552 851992.0155633775 1583109.1941655623 -119400.84211138698 1366181.0838533677 656871.3643641515 -2178657.093111616 634248.6476974904 -729207.9601396166 -964627.1650533258 -1357206.80048741 1759785.0270856977 -1569298.7728955306 4745925.194327856 318158.3417803701 -620034.4780590141 -1255879.3402830916 1629825.5524212678 1227210.556526056
-783444.143494539 560954.6389520305 -132480.31397431536 787874.9185122764 2326081.7704364955 2578772.9503059187 -1599739.0824919133 -2726158.410318278 450003.4962678899 -3452304.1242245995 1688010.2119540446 -1141970.7028684672 -952554.1937546559 -1111811.6251557553 32693093.60967947 1567183.7759967344 -254948.31877810656 688596.0952178858 302762.2219411338 151191.24800484593 1720914.0614132811 1799825.609533872 -883094.4433957086 -977226.986165327 -2366929.5983597958 3090788.836715761 -1004823.9806854686 -1519670.4428919784 -1983705.082247897 1985013.7400862533 676430.4545296386 622910.3320301597 418161.93672295095 -1311749.7046398045 -2103904.0203762944 1061608.1029420523 1214380.82073174 -157190.50609613134 -1483004.7068325118 -1197071.2116483704 1986607.3625934252 682816.762991469 2774183.3303996236 606186.174744449 1008706.0879419122 116898.00168498214 -246373.37688283782 -65687.03956745828 -680794.3841202334 1336324.408491183 1567152.3561153885 1045099.7241493585 -1925969.7434060404 -453992.6783874947 1670377.4295775264 -1002105.3585497466 3076382.579573246 2591092.3709187447 773932.6983876661 166541.8341351998 -520221.8562257883 700367.6637524687 -1279830.976078787 134048.7062672168 -1967171.128030764 -272289.9990767495 558350.3917655604 -1574732.3310288086 1836313.7064632678 2785690.54964231 1794820.5432458832 1976399.921281891 3502723.077793149 -280015.1130048327 -409818.3098487437 636516.4137409623 1489401.1773372395 -2955367.994785825 199443.93103680815 -1707179.5838958065 1724251.931655022 -1299726.1932551668 1616999.2387505951 -159372.75374939927 669921.4114279507 1133528.0375935384 1666835.872661811 -1726148.3065126273 2621250.7535377257 1332882.774516594 1951409.3900480592 1553475.353618112 -327328.66742966184 130578.84169152641 -3694787.457663393 155344.19221836777 -892566.1276931035 1486280.6270987648 1875793.3130170144 -1628025.3179783854 -1070654.026046807 1786436.9124220526 1765277.784088162 -517733.3214395815 1957835.4506029384 694255.2340003684 3136514.4249726287 -3070016.120993901 2272321.430952284 2796370.3900827486 644010.4280355233 194952.8873076011 2640806.834987555 -679397.3000802322 -2615605.6040167226 -386870.67869012407 -3581409.2814830625 1225300.1651592273 1486019.9617720859 -1409717.2860805828 2171695.1970656365 -472533.35963165935 1139954.7764640658 -1857490.4176025663 -2824460.8845518464 -2321451.7142688604 -29512.539007018368 826871.4958273084 1916105.4641845287 3031654.590454568 448712.7261709044 1001638.0635360125 -239178.63372225303
