35328488.58329843 -2386907.2127450504 -1773070.4431041477 -4694689.805926599 310226.02760956663 -3669074.8145935712 4397908.36484097 -1594961.6969601845 -2030687.7561065701 828947.3868009163 1171553.2886486254 -604944.1642928056 4682333.770585229 -1200609.241820737 -2544276.4893213236 -2991496.159456647 -1275464.2459454664 1748800.9573622122 -1437851.7735645068 -1195634.1440934753 233872.9098254714 -5156748.566959675 667029.0270399072 1115403.740358885 2143850.6065242277 -1478175.1015494403 -1090905.8361208816 166535.8681730788 169162.16737313452 6550849.337899169 -2818140.025863196 834422.286976581 -15768.454062885019 -2901303.217543945 -2617490.796967236 -910021.379373439 6389285.428793557 479969.7628441534 -399740.4162347828 32712.119649640594 3646357.187000564 -3540762.8149634684 -295445.5560288109 -787933.0491370492 -796849.9144417995 1556613.3883051104 2976339.8682198813 -1701616.8059677102 -3453869.7247265168 984582.3568643454 1539332.6686749903 -200096.0614299556 -744665.20029499 -607581.872677868 2901411.278448696 -6173278.467589208 -3114216.853214806 2835938.0323837087 -1463197.6191113666 3075016.0169157707 -3324119.9658639864 1641784.2101163485 3297651.8334808555 -224546.242305243 -1140228.0861324097 -5733765.416233197 2607405.256627227 -2363401.668133978 188586.98845829055 566864.6920942018 -1700444.9076141175 -441182.29369480576 -1602080.919383245 1592425.2429410173 519242.0508539295 1869635.0520582933 2553622.116319079 -2327760.412617611 -3742341.380412974 521824.72219885595 -171896.5326949031 3145794.9266056507 110569.95687139346 -1585991.0219859167 225392.05013482555 -790634.7349717066 3079001.9759305893 -1249612.5634576706 -835703.211823896 185486.18394153024 -2910108.678360509 -888895.5238480278 -7875183.93865071
-2386907.2127450504 36464399.782318406 -3216682.4274660526 -900883.8377800295 4936750.83194842 -4158907.0379419224 1926250.490053472 -3282016.140465388 -1354265.3077058448 -333901.9072296746 473756.4190771724 3102704.517006463 323720.8638772779 913918.9947920007 -95637.94127134014 -2746452.4651843747 1209582.4282222101 -1164281.4338925162 123492.67158848763 -344852.2237123743 1146261.2992948405 1880430.6462996348 688695.9407270574 122263.43369943083 -1119085.021991346 3314486.7265918544 -2681820.4968706407 -375242.8048781144 161110.31972792945 -243124.1487383328 -429526.4351211899 -1213387.3731535533 -548018.1531301471 -2093192.2032422156 -1563505.0105063582 -667818.1167992835 -4264306.618131621 -2767678.065255955 -1687355.8432688164 -3463679.7390896007 -1339645.5991600489 7157239.835386416 -2801089.8034918546 -1575978.2405776577 5626433.875966182 1129293.8988191541 -52311.36191431083 -326819.5794476776 3170076.72678586 1603113.5343152347 -1783331.9608485508 -775354.9713159536 2230905.0749031426 3811080.4051303393 381421.2854654581 1720222.4316712164 -938220.5359814997 -649851.6175271807 -1110863.6121050161 -3981965.407321533 2518579.5135396016 -374362.66840795364 -355683.333957752 -2849890.9638270615 776531.0299250521 -3438786.0495175608 847950.9298568377 1790557.156940023 -4999165.93611515 2775523.1947708125 1283990.3543328075 187021.36708716166 4461901.247726028 -373563.26985886076 3761087.7074175747 -2793194.4719840703 -1688636.0018395528 2455923.57277678 -89398.61093442174 -1817472.6545366826 -1533892.8723456138 1843801.8199790907 2956802.6296130777 857845.8637821908 3574512.6579729957 3912560.862876116 -4428027.816556756 1724273.4712393465 -2238606.334758863 -1712039.2400077675 -1571978.6395845965 905551.6837952984 -533389.7689206658
-1773070.4431041477 -3216682.4274660526 34520580.76308382 -904152.1675844266 -2729574.9800209412 542152.4858117554 -1751361.8825431808 -3192202.9747587554 -564324.3803646403 3018547.5856496003 -2926271.382994347 1794696.7369261116 213657.7965111535 -2306820.544025339 -3035982.3487028964 -205713.77873454744 -807605.2866993935 2834369.924678275 -139820.4484865979 -202322.66596664707 2169284.483221061 -6707175.044332655 -337343.58846935444 -1892462.2767579933 2943115.8372179987 -1922910.521179808 -2261567.5886835866 284489.2978547491 3441784.780134421 -2913348.606045941 279120.36112588126 -1928419.5600261218 1648332.1656478907 782483.955951324 -3035710.8667273214 -1987319.5535239694 1999311.9660867255 -4837890.007224372 3421059.0336338766 -514380.09791568713 -3520221.2911087577 2980930.0270266025 1367326.8743209692 -5882505.680018149 3401131.575338812 -374806.908014272 1952487.7303553603 -2719271.1504318006 48669.23340562356 -1573904.527288099 -187913.0406667179 927013.8166309897 1521281.2512312448 -186410.92230864137 -113123.47456338635 -1094626.741081667 -3896673.146341933 3844603.605770783 -512829.47557964915 1287982.5916033038 2585885.5823651683 1682444.5758800549 3086830.689881874 4717375.717350549 6566370.449702343 -1759592.680261817 -1033232.1707430797 1707372.5355348084 -238187.137990082 -410261.70664021705 -3199375.592822214 -2146801.9563673367 -42993.47917845563 2409208.589490827 1246940.2968099585 -3821766.4367094026 1646419.6332203269 1476017.4736875584 1733425.536097149 -3226864.3256404214 -3984634.8468194166 2482031.913446858 -628646.9867459972 59740.78829993836 -3581913.2822999624 -750773.6339610191 1013377.1595957982 2045324.753278298 2895080.214439351 1912764.3365745428 -1009039.2999104585 2709331.839366552 -4706797.797677978
-4694689.805926599 -900883.8377800295 -904152.1675844266 36847403.84504012 -1791325.2701324008 3855156.7177585415 3315.1543150449857 -680743.4766073431 1550421.3976485853 48892.09426615181 1010638.2237459322 -2140253.7777319937 1024383.7311897981 1180076.2156253776 1808311.128886956 3330837.308996882 7364146.179448252 -6709816.632001932 1476230.199567608 -1420880.5529616151 -2022016.2709560315 1409750.313046023 477874.9728534351 -4034426.7099144375 -2865608.479133718 1775618.762852344 -2704840.788062715 -1358385.4122869521 -806685.5127501659 5835829.421636087 -2395186.459806884 -188369.36531287056 -4337894.957516154 1832851.4811966687 2560405.198265833 -699399.9065373038 -695977.1974794253 3530151.2731215633 864283.7638517957 251365.13410435474 -1630445.399142979 148030.07798474003 3184611.4979307656 1284545.284286162 1270837.4954357683 -390270.4853231033 -1969860.9646858897 -814008.7916348878 2868459.556667678 1380755.8416414878 -4276949.573072833 1755267.498453868 -506322.28500289854 -3025722.0365801766 -1795509.3614422325 1406695.5327565095 -417437.1105669897 1584227.8838318721 -2576003.0190506484 2069951.455922861 31832.178632590294 -3735580.7022436056 1815006.8928476158 3115029.3402023655 859709.5919389571 -285701.8803189491 278141.63129810203 -1388214.7584350242 -161184.33869151547 -2383206.3241043636 2023096.0453393408 -3607332.536703182 504387.63256399805 850760.976991438 94915.06163771857 -25060.063337340813 1676667.3746111728 1391288.4483944261 2070804.425705406 -1380086.5431942043 -381790.3234847432 -2906457.0730548035 4870856.041861232 2044403.4117678902 1818713.2441926696 112127.07407047832 3897282.5951035907 2626107.866926417 2554199.185037605 3314448.1631645146 415242.57483186113 735133.7354531445 -3013121.977917093
310226.02760956663 4936750.83194842 -2729574.9800209412 -1791325.2701324008 31545822.97841257 -494411.168476417 1401209.1094420766 137068.67684265636 4097858.577000651 504129.03562755336 -2302051.9043555413 -3895013.9825115693 1181264.4877727805 975797.8625082282 7111702.794273047 4708385.907134288 -2589065.5640959167 2555894.9730336047 2634615.1892641056 -3264217.393837334 1145204.4551690817 -1249769.3411769613 2147174.224419828 3559781.7882372625 2711955.2143076006 -1387888.3940161422 -910832.5723580294 -1515715.964748325 54942.08037975676 3675726.290996591 2745251.654382757 1649666.7787031287 1138687.6218802098 112667.7376787721 1854816.9143396572 -4982797.547793867 -4999408.286837037 153809.6768588897 -2499940.4222557233 829875.781079042 902219.1118677815 1444.4649399448774 322961.61603227386 2593789.7395510357 -1381427.4786710164 1236361.063977683 86075.23625327385 881316.3688780847 1755669.108660224 -2161566.653906217 2425249.62535659 -895721.9427964295 3215647.818533919 -482317.9903765027 3350576.053629393 1104435.4147033757 1989099.1057548793 -3561669.7924668505 3481046.7247953736 -2324483.3081027456 -741579.5667246828 -7141676.377412622 -1919129.1473412414 1035803.3948303505 1239759.2137512949 785230.1398326458 -389795.9407487703 226121.92237428846 3601899.843421024 -2317344.6183867524 -1719543.3994317388 -179724.32065884746 2416560.654248586 -3891240.195233074 -1108410.243806077 1536553.440798643 -264164.1365653541 -2724884.453130486 -1116395.4048199994 -3441059.238813939 -465365.43757181 -2239043.6722446163 -1194637.9368207755 -938286.852330351 2551210.0560446894 -97855.4445274316 330305.2026068152 144022.87842386257 2663097.878890009 2647472.7393425144 511003.14483309624 -6432433.821393771 -1007857.3923826608
-3669074.8145935712 -4158907.0379419224 542152.4858117554 3855156.7177585415 -494411.168476417 31515813.880228784 231320.1541835518 1260630.5895365917 -397852.1093729899 36010.636401027354 1573036.8808427053 -2007135.0707030226 2197889.0895936005 -2995434.065480854 2580106.5556907062 -4867195.789395387 2200035.4449849124 -628774.0762842972 -637234.3384963068 -2778161.1506893593 -2365870.424238347 -769454.7421995971 4389609.630259139 -2731742.74673341 -1919256.6339181103 -3751629.0520310723 -1768617.022306568 452380.9916594837 -1584460.434955449 2564142.7967823874 2264723.4437127765 279110.8423004283 -1111770.6010133147 1023230.3338261843 4498753.121421938 2234916.396840411 -4617245.2236787295 -1025313.1826089796 1387858.7247772445 1782140.6115550478 694558.8437347264 2115872.9100792087 2229365.9492965443 -662783.0005731208 -4802888.492032858 -2800746.854279746 4031118.958737532 -667924.3609434671 -923691.795099971 3537731.37542452 -1671173.3195250244 -1628577.8986908053 -3452539.1559489537 3262449.7669780403 -187785.66479830592 5067802.976900328 -1401254.145743155 1747812.1825000416 -2291351.660262423 -1490259.444021428 2703325.4864989086 -865392.0938032067 1064108.561373921 1568942.6849271345 33691.002559250075 341029.64770563116 -2036851.5992415121 2056822.4441374666 1731016.2575013812 1288460.0638392789 4066846.7362543675 -2439388.9112308156 1398813.9320640634 620908.7946987826 2023691.7032380218 2300801.147262253 -555151.4311436604 228443.08248655475 -1281916.8952454934 3574772.0517953057 742689.6967371454 -2777127.728324374 638691.8809517117 3684740.431113108 -1595625.5226094008 -125186.61726540737 734002.982869799 1636599.0633644906 1103195.5238024418 -1177171.799676084 1868652.7450374754 -933316.873107208 -313246.15803548
4397908.36484097 1926250.490053472 -1751361.8825431808 3315.1543150449857 1401209.1094420766 231320.1541835518 37178954.73503714 123805.45325445037 1594285.88668704 -2074567.9577696638 -4825842.780809917 13370.007004644036 561173.5833476586 -183543.36671610686 1163878.6592079888 -1980537.1789715302 -2228401.072130447 3641185.3579157344 -486238.9180825064 -107016.21300349933 276700.0403814358 3389277.968944952 -1800869.540040708 -2684539.8880901793 -1450038.6284201215 3118750.90128826 -6030665.588203458 -2573322.6438477817 1693638.2801789956 2706916.456969743 -365973.2271570705 5628783.657908289 326510.4395884233 -1923553.7956739855 -3310689.529733742 234749.95201734288 -483132.6805798192 -911740.4374130892 -1546503.2176315538 154192.73632686687 -3805942.758638702 -1319155.1628855662 -5134927.824623487 -267154.6307696328 -1111601.7967612215 1161576.4757135464 -2185690.563971635 -1249979.1068547 5690165.00685796 3582762.552093706 -3767809.7362112654 434723.6087780785 2133242.1122085657 3685083.9598187027 -1988533.7114063648 -223309.46437105822 10939.446223288809 6040938.333092252 -1783103.0211277544 -270206.70002126065 -843869.1387938252 2819189.929826717 1331736.7036869542 -4895386.728240888 3141075.894495922 -4054452.8266379894 -1908455.6594620734 599088.5529364224 -2205804.565181236 1351301.5303876589 1230627.212748437 -66565.6795945614 1989979.1838864305 2250621.7304898337 -1992303.4593490784 20484.592441657125 -2451797.9757985654 4062674.4673363445 -4539358.6736168945 4508333.013596343 -300994.7607040361 4159975.960378649 -291047.54171202326 -4483597.750109606 -4569421.50342736 -2207597.4378986103 -1336653.926241291 1536490.8818080341 -1116298.5251233052 -2124879.4747863137 -6878029.0356469145 462014.9783406346 -4555853.327704503
-1594961.6969601845 -3282016.140465388 -3192202.9747587554 -680743.4766073431 137068.67684265636 1260630.5895365917 123805.45325445037 33336691.146399643 2274087.6342055746 652928.6246149079 5110416.10605509 3613414.7797031878 -3350327.7852495913 4087348.512981248 -537544.055485573 -4112132.048474165 -425942.22002772894 3462556.8234247426 -2753469.445172106 3087509.484557427 2516028.9216115586 5161634.86259365 2141568.906956568 -6080760.050577526 4922775.675433237 2072927.0200668413 3924402.480658421 -1361399.8915301294 2018131.3239210113 986866.2230396769 -3350680.0870926464 1631103.0319070395 136424.91726042976 -148426.21859012457 3074973.5037104054 -1509821.7637937947 1797472.1558909535 -277947.29082855897 -499771.63587773655 4185532.4775947984 40985.98517171348 -2627342.442621363 421967.36338081374 3032253.0396808796 -3951796.8952661175 -2830099.574493973 -3430135.444522888 138242.6985152725 374651.6840792623 -930098.6377367927 3048754.353291584 -4440080.121007476 -493723.8810502893 -1483830.7864077296 766350.4096202566 -2936762.837911694 1623074.7222864125 986317.0887143341 -2308035.49892046 1583234.0348315865 -3317170.899978632 -2942068.096306313 -1178137.3320460308 -2415697.8228830444 1414340.4151211716 -506557.95993401174 1813630.416606756 -5796518.718449174 2341543.1858119546 -7117329.153680267 -2964963.149453898 3913483.8294383017 -2028716.4618945038 -1071576.3980197872 -574278.9351452866 2166623.9677494285 3783591.487796493 -1605582.2620763606 -968297.9050843708 -1440327.7862826267 1493100.4092882357 -497283.09147561446 731599.9800323916 748341.4208438627 -3236493.305713779 -1186076.7091731976 987714.9906030383 -1915629.8260228075 -2533935.8546256996 1244456.9629967709 -2001949.060021982 1276786.631689981 1039358.136494837
-2030687.7561065701 -1354265.3077058448 -564324.3803646403 1550421.3976485853 4097858.577000651 -397852.1093729899 1594285.88668704 2274087.6342055746 33487804.648365326 1780272.0221310675 -2700577.0933743045 -2752455.6697784998 -605028.9267426188 -1436925.5318180537 -1911763.985166498 -4445912.060729668 1167220.898931319 620337.3865595249 -2433937.0320048383 -558313.3344919281 -3608868.7145325355 6554284.005606727 147826.2538546889 3817459.6496721255 5838656.71759138 241766.1776147126 48648.70612750018 1724527.2766307457 -1111581.606297873 1409614.2614192911 1770762.536755045 -536447.7249528606 5635352.169031077 484600.73713420756 51263.501867151084 -1742818.968351974 -1624017.393398088 2925556.819576701 -335110.3444543932 -528578.2569720093 263657.4812818644 4719333.797039569 -1135721.7261493944 1664204.1566121983 -445184.0064954899 -3443204.727732248 -5154199.936006653 3204619.860235147 381758.0905746429 1565695.1000381175 -1796880.8337647645 743068.8132219464 -2216945.5245264233 2350668.499795244 445629.04390342964 -1496919.2181543491 -3064466.0940184975 4644402.804099849 -300837.10893118125 2584834.267519633 806433.6277892204 -5156709.485776052 -1160772.4474932828 1922753.1017608056 461733.035354996 1402133.5495024354 -3655826.600640467 489643.1377460588 3588961.084150212 -3203952.7635892895 -3462161.6350860205 -2368131.5146401357 2180442.0670182556 -2624217.507870319 -1353890.9429836317 1695333.1892756827 -706890.4494346959 944293.1896095198 -5017807.03195405 2504137.530722985 -998816.9555889562 232445.74034398052 3846167.7642955594 -1183426.1733452566 614217.5157671719 -623917.7213792877 2022157.652078855 -2718514.684476811 157188.48350658335 4904397.430424667 -2274635.6347466162 -2550350.874620736 1199084.8190760545
828947.3868009163 -333901.9072296746 3018547.5856496003 48892.09426615181 504129.03562755336 36010.636401027354 -2074567.9577696638 652928.6246149079 1780272.0221310675 30603940.56299186 1691978.3799622809 2732160.545241636 2036641.245464868 500035.8195139384 -456159.0150129922 -324185.4995411944 -1646549.052644672 -3942515.679440684 -2711276.5319081885 234375.6011887688 -2308710.861311487 1071067.9840602612 147428.23906961578 -2252347.350429841 434407.14876721817 681630.0970912849 1581444.525467292 1149231.658254609 2152040.792550416 -1328413.6435781466 1356782.3018807673 -2592231.0396387493 -1226110.5521725845 494399.58612160006 -3010047.520241949 -2212249.4155479483 -2087428.6964990129 424565.094107054 -776450.829003479 85416.40301354436 2908989.9057735964 2474748.629345163 308971.0462967982 -644662.3571997178 -664649.9591124174 1085232.4697508493 -24575.32496282395 -4415917.26222733 -2183115.5709974114 -3560253.4349666527 -1928940.6174677971 -4130274.510194417 2446882.629600877 96188.26082552614 -2326518.8040285273 -2229194.4633626733 -81946.40734355472 1376339.832925309 -3838513.429862019 -837868.3608707703 376009.399765013 -5754208.642551078 869192.8247186526 -107124.516266357 3581720.117619643 -4693855.404719539 3415206.9636957045 1825568.056366342 605761.6887096509 664852.6854318108 -3072731.773658946 1488812.894509307 1582643.4662569542 3128833.276801559 2426668.7937101275 663740.6799895365 2606988.7985288417 3490996.2919660704 1380787.5524798792 -4683483.508906945 -3037185.7862952296 -2707745.2394942422 107809.67521023621 4706099.592906779 -273269.71344533685 2772291.6502234037 1447383.432890914 1430607.2329715686 4941381.210468001 296729.58932138496 -3221498.1840015003 993772.2756344301 -3105045.5466899155
1171553.2886486254 473756.4190771724 -2926271.382994347 1010638.2237459322 -2302051.9043555413 1573036.8808427053 -4825842.780809917 5110416.10605509 -2700577.0933743045 1691978.3799622809 35595691.72237422 1160165.1964523483 423974.5039414244 1578598.7095624136 -5785736.395340131 -2014955.8019114048 2120198.3861595434 -3550303.856934737 -3124413.1617512517 2952936.2155672344 -1127957.9540293098 3026147.1893094964 -2768896.4954763628 -2806867.1122422214 -2044207.4395575514 -4305261.159736807 260444.41849687658 -3901340.969596288 5273361.803621157 640438.8756369625 -1103634.1553570125 -688765.9234419016 -1639880.3499738888 -162757.06453360603 962898.5732131691 -1392400.2671916918 4299998.721997869 -1344701.6964075428 -525747.1997568167 1822636.0184256858 2270722.735739566 2334423.521233444 4292870.371746157 -166633.22062338344 -1488076.4082237263 -3660217.493014829 43539.336510505105 -2903695.5064123506 923017.7474860243 -577979.6166378845 5413252.745961033 336303.03414883174 1564123.446669371 -2341165.1108351103 1659930.2943702084 -2008533.9571342 24176.854370276516 -101070.09142360823 -1719896.924857487 653612.6110354852 -1340528.5828645232 244083.32969203492 -1111633.4167263706 -2082496.6459159744 -420420.4239426307 1539309.4637840912 1853469.1128764963 -525719.6149180002 2587633.972598103 -888993.8811683954 -5772892.513833272 2162884.7158314814 -2026497.4243275793 597188.0785718622 1737297.465145625 3365931.42957066 -1142124.9792142846 -269917.5706813855 450533.1000122294 4906.3466400665675 2656184.0553448303 2432652.9100709506 -894243.3886535245 3153785.6536214463 -2277097.4738924033 -8753.714967033973 1279826.1362647556 -811198.4537582966 -7233452.751893268 1913744.3294595762 3772521.635519935 2734880.9313541483 654620.7692890791
-604944.1642928056 3102704.517006463 1794696.7369261116 -2140253.7777319937 -3895013.9825115693 -2007135.0707030226 13370.007004644036 3613414.7797031878 -2752455.6697784998 2732160.545241636 1160165.1964523483 34007468.56934257 -4429186.602639006 1668311.5422651225 -4762753.488548307 1841189.761399922 -1475147.922004052 884568.4579055444 1376727.0784215075 467302.5489676885 4022393.573322059 -1045438.6524368043 907948.9644999596 -5273473.493382351 -2396989.157496292 -277484.6727936175 -574511.477381971 -3182200.4753482924 2072519.279126657 -6068488.644484332 2335078.3089856757 847700.1930925727 -6424678.7304275585 1357827.8597389448 -287229.7588833115 -4002856.6398557005 2379104.598644054 -1815772.8659233828 50379.99958816453 2390704.890715783 -22795.41032046856 1345749.971517457 -5284387.585247669 -1026513.842605193 -165243.43189603736 1639515.5609265738 1970081.2012175454 -113929.83922938516 -3151013.356673271 -2258664.4528017016 3549622.4585104166 769243.4599049052 -3653411.5742253973 657471.3742025788 -2787267.5690243384 -1549254.7952522852 -1791179.264616895 2972017.3250952694 203129.1486208889 -3688828.4800927765 -702884.164363038 1507959.061430049 387176.4810361214 -4554502.218253057 2719331.5535288244 3524731.0291826837 845981.4884840791 -145644.6654517211 -2875088.79632937 -4169110.9692501035 -2472355.931446544 2303711.9680193514 3249061.1624407023 -1207982.932335294 225026.291012668 -4524537.8831858225 2529758.4758763886 3791832.124662179 -2549575.015185665 23995.784769381327 -2182422.3997770194 -1284419.5148493156 1353882.0907207804 -2599962.1198649816 -182858.89483889617 1486623.0937895244 -2909412.1413548193 768266.7971579243 -2513775.205537604 -3897815.8826089813 -4170312.3967239447 3206134.8592398567 -1399708.4854718298
4682333.770585229 323720.8638772779 213657.7965111535 1024383.7311897981 1181264.4877727805 2197889.0895936005 561173.5833476586 -3350327.7852495913 -605028.9267426188 2036641.245464868 423974.5039414244 -4429186.602639006 34430246.66704679 -1308981.5982799989 -770216.7213971585 1581708.9632557873 -1701950.2992673104 -2485936.6455100602 -1717560.4439631982 1301873.721706206 -660225.6608255947 -510817.6989539281 -91115.35904535667 1967908.6856230076 3744647.975826235 631838.6844094852 832454.6736002555 1943389.8463896927 -1360593.0011537615 4676625.48169329 1744270.7425168273 1451944.1814179206 -906177.119900377 -511448.5993332611 409879.44816126215 2498972.921664865 1957272.4453025658 -838184.046669542 552318.509280837 -4674377.783316163 377355.7083502628 -1097130.7725164527 1589346.7435955678 795093.323675641 -3742994.9638228924 3581919.050643505 805973.645366341 1715980.800526789 2373100.854766655 15124.92748856862 131790.3405609717 467409.53393797623 106438.21289869228 -4635431.216998367 3801754.13894776 393202.77270666533 1020455.154246944 -1154240.5850844702 4084573.3831218714 467818.47181402403 -441803.40437108185 1932351.632798722 917157.5300890947 -3408374.6660960466 5872867.525098049 425991.2733455562 1591331.2380573973 914316.8839367523 -3155074.925279249 -691019.6832809097 6025679.957653252 -3660407.461185018 -6218130.925629829 1005683.3067418206 -3163914.632320211 4183842.297406173 1253243.2177741372 312968.5379101882 -36401.98364455242 -2298980.462598555 -902318.2225761602 -509608.06545391446 -3018983.457272351 -292345.01806858904 2536957.07402942 -48447.724303767696 1154726.5493436882 3273638.3690432776 1780167.7015997856 -2081546.6892904371 -4524774.148332837 1732725.5783368668 -1675019.3462410308
-1200609.241820737 913918.9947920007 -2306820.544025339 1180076.2156253776 975797.8625082282 -2995434.065480854 -183543.36671610686 4087348.512981248 -1436925.5318180537 500035.8195139384 1578598.7095624136 1668311.5422651225 -1308981.5982799989 34594374.99020809 -3028388.0169528653 1373100.0929953412 3251517.5963669205 1847052.9100076135 -1157632.9249846719 -4323667.308498056 1701482.4386548183 645293.7716927008 3487368.9276543637 -3833239.6823639544 2879952.4696163666 1637623.7751820076 894216.1688792674 1026534.8633727396 1850375.4655448794 -1649109.985019013 593121.0644124964 -2096290.4445747093 -2977576.950400409 345889.6058623986 1521605.1458504482 -3185022.2538711303 -370518.33263441647 -939028.0721886737 -2410309.436671341 -2504194.4996223585 194942.1377772077 -6936875.230705557 2795420.8396426337 -498000.573652794 1100678.369958848 -6219018.71084471 1417371.711064039 -38690.941240071974 -1296870.3852767465 1097803.6154618107 2145272.5927221067 469029.0218150658 -3594939.0958374436 -1478662.6263627182 3186185.9881089292 -1137611.648021007 667398.401959947 1068389.7783668183 -227226.35920437818 4815331.721342106 530698.0589311384 -483214.0023664182 -1287480.8442530257 246900.18772022435 4265874.389516793 -3718397.2781422823 3927901.686092957 1751943.2672628076 -1528044.5169241445 1882565.8543218186 241830.8046189969 4370650.796003188 -2372539.419063346 -12125.171067414267 -4146262.078392923 -731028.9003589051 1754412.2627244806 -2480527.72344853 6394632.069313937 978375.7599352999 -3912129.995347803 -595714.9855998099 -370674.81158076925 -1193108.5513318703 -1255837.3756196336 -117988.01337892775 201830.81829979958 -931644.1319607326 1724689.1343764085 5709325.638042327 -606985.943448498 -3875831.492886666 -339696.74704243
-2544276.4893213236 -95637.94127134014 -3035982.3487028964 1808311.128886956 7111702.794273047 2580106.5556907062 1163878.6592079888 -537544.055485573 -1911763.985166498 -456159.0150129922 -5785736.395340131 -4762753.488548307 -770216.7213971585 -3028388.0169528653 29343018.824400917 4029030.8279284444 -1131141.6817787911 -1588674.3745256646 3129455.004848612 -163912.66722135735 -2697459.057984245 -1493169.962941551 460581.31733080006 -1105798.0943742127 1196949.7794772633 -916955.6278969964 82297.67539757407 209635.4244627081 -311988.54277850315 -1680357.6630629702 -2599548.170813928 3918359.4642881188 -1482669.2995137887 3021579.866321271 3926211.9287951356 4648175.734840004 -1122732.302692784 4526674.314468277 2161673.3216625485 2824408.3417614233 228302.28241276077 -455806.866163017 -2245646.4202637873 676624.2115336831 -3569493.745140137 -1820163.3903692488 -4750875.47521658 -840660.8706437179 442770.6345520379 1209720.9902012006 -769425.1863314487 289164.8399757814 2662298.094468679 806116.6764295246 1002659.9510967655 2569401.154128382 2641662.699933529 -2208407.6613920084 529415.3013939125 1003346.5404130981 -287564.6820420044 671781.2414516626 -2731879.0628515375 2978024.560988663 -461793.70840190037 1074597.0516288585 -4580581.452780138 3774167.521945117 -2328.9540985303292 -2310261.6919435365 -248487.92769991016 889554.847080656 317043.11721227673 702527.864352618 3873598.952129263 1557728.3837071215 -169823.00595135434 488213.7034906907 -939106.132428027 1537224.3070123957 -3197382.11145739 -3923099.7848668587 -686005.9187745547 800062.7782901772 -2969545.0127816363 2459368.491780959 717495.9367589555 -1821693.3751455755 3895301.1266792654 16165.79820275138 -722939.8417306461 -4188899.1821770566 -787859.4004721297
-2991496.159456647 -2746452.4651843747 -205713.77873454744 3330837.308996882 4708385.907134288 -4867195.789395387 -1980537.1789715302 -4112132.048474165 -4445912.060729668 -324185.4995411944 -2014955.8019114048 1841189.761399922 1581708.9632557873 1373100.0929953412 4029030.8279284444 37372901.776318915 1698567.3760654756 -3297526.145565027 1286348.9352102426 -2833183.766462704 3306893.614740957 -2603536.5894247578 483263.300984522 1567612.7440732906 293145.9979839807 3653135.750822741 -2173304.7262812965 1730730.8864202672 1451595.5667058346 -140602.9541322152 1507071.1185726873 -2184756.2422351856 -2053846.9308649183 4217422.112504606 -1483556.4569323238 1538053.8272974268 1074709.9250488759 4284545.734741306 1483708.157598327 -1833185.2183806763 -5248036.578794869 2238560.4917182704 435685.958363298 60969.390327308574 -4709039.8150345655 15279.553054671824 -576517.9808774298 2994010.7962479894 1677329.9107075296 400210.54541566066 -353671.5245484084 992904.088446437 72054.25590606738 -3544390.9377395352 4294594.363016783 1026995.6431249076 -3154218.1461922703 -405802.5117181717 1188813.4257845469 -3525768.721107555 4210706.752943058 -4275620.765307521 -3178905.208349969 702140.4674575996 677098.0529445161 -708646.3693006929 -3309380.683380195 -1064013.0344964848 -1206405.5066522497 -5081537.096585296 -4354495.005610571 1150593.9912004315 4630804.326235158 868489.4384012376 3845810.3194012083 -3528658.2348349732 1257052.4225196643 -1129546.1523731814 2491899.115449694 233800.27744311423 1403439.5570893097 -5998629.171712637 -3181734.825551183 1136225.1137498086 901139.8961525854 -508154.42134665634 -3383405.34618739 -214687.65251075273 640926.8870679527 -1824608.9687965694 -1786913.5038272284 -1049660.601986863 4091395.992201672
-1275464.2459454664 1209582.4282222101 -807605.2866993935 7364146.179448252 -2589065.5640959167 2200035.4449849124 -2228401.072130447 -425942.22002772894 1167220.898931319 -1646549.052644672 2120198.3861595434 -1475147.922004052 -1701950.2992673104 3251517.5963669205 -1131141.6817787911 1698567.3760654756 32329741.666046545 2806994.3695486295 632183.627824174 1523701.1939893032 -593950.1544460676 -429491.5691441377 555974.596746316 1335472.4371181992 274967.5524582364 2116367.674975936 597638.8072676274 2385179.890853787 2161642.05586258 1781033.9094378164 318351.52765003056 -717442.7893647294 -3886165.9776947023 -848652.6163403685 1427072.4942805052 -3151187.7852785457 -318827.4125715507 1259548.4869756412 1016624.2811865899 3180596.09352932 -2218252.254230317 726332.9193686409 2208889.9853212014 -2426815.3998612845 20198.009467852193 -894916.1902077211 1845758.565161846 2233304.4218508904 -4765659.677806036 1041746.4429364299 -2649794.124910423 756655.5229987254 -765053.192616887 -2146094.5676733367 305838.29149649077 -1892184.453992429 -4565902.4019093495 -1811896.0654924132 1293814.9404363304 -1447430.2327403615 2370275.893429339 -1176798.6459827796 -1598467.1625843588 233193.0847129247 -4956774.670256531 -408092.2769220335 656953.1283162258 917927.1981063078 -1653260.7910153074 -1570963.9090334014 500461.05636809295 -1593019.713167394 -877294.0385268719 1484374.0400121922 -174874.67864834346 -2113841.2525660824 -567156.6719216732 -1019717.2944309522 1023425.3473286231 2663890.3594442476 -1347321.8534688374 52166.542231488245 -1205920.5858688967 -4820443.743374989 204626.68915070978 -1109656.4696780387 3846734.65109153 1783601.106462206 300352.4833316252 -608063.2336239067 1773025.0518430425 4296247.031348155 -630978.9679617133
1748800.9573622122 -1164281.4338925162 2834369.924678275 -6709816.632001932 2555894.9730336047 -628774.0762842972 3641185.3579157344 3462556.8234247426 620337.3865595249 -3942515.679440684 -3550303.856934737 884568.4579055444 -2485936.6455100602 1847052.9100076135 -1588674.3745256646 -3297526.145565027 2806994.3695486295 33201632.441648047 3645732.228786701 -2242085.4754878134 424717.2187940885 805101.8178629292 3583196.2352309106 -1684236.769345537 574521.0350820663 -331907.9910378296 -866712.8413129653 -1348513.5107951546 2932047.342217173 515237.90642456803 -400387.8662407235 1648656.9745306345 699020.9395108748 1562342.6248852916 -1031530.2800778901 -887477.2221910263 179393.11867462043 -1719918.1214680932 1505000.0085290356 -1244113.51384068 -3419994.7330730883 -1740201.5455063826 64817.9768690326 -2072688.8747498607 633404.338463482 2107502.536247685 3545506.164874651 1225966.6862669492 -3779508.073293233 -1173393.6648306819 -823999.0066643353 -1751551.5298390966 -1140585.2671336837 5048063.0052812835 1788585.4711964293 305291.23062807973 1418615.814479632 -809953.5247892484 109182.28581354312 -570754.2461407866 1998143.7486769324 4287976.423270445 -207881.93376494598 1355977.114168205 703551.7686783139 812821.5342793519 3171355.163667209 665180.0927496712 2730869.394627196 -3087331.217984299 2657379.8846566356 -515948.8318208767 -2131716.757269363 586546.0260205722 -4399907.891805695 538564.8101044483 -2233510.195204094 -3028659.144840101 2220975.279123541 -499617.0123530798 -424102.5981416519 -1174265.3658716816 1109422.3807324232 -1579520.5291131737 -298683.81655106944 -1913170.7177532397 3380131.0570628783 -152142.76973121136 -448277.2127302232 505144.74043649045 -1718921.4825486848 -2665233.7465628264 -3986704.005331868
-1437851.7735645068 123492.67158848763 -139820.4484865979 1476230.199567608 2634615.1892641056 -637234.3384963068 -486238.9180825064 -2753469.445172106 -2433937.0320048383 -2711276.5319081885 -3124413.1617512517 1376727.0784215075 -1717560.4439631982 -1157632.9249846719 3129455.004848612 1286348.9352102426 632183.627824174 3645732.228786701 31670353.774901394 936090.2518687678 2242898.7257215474 1288410.8479033792 169182.3308648101 -2750724.27951457 1181220.194693507 -1080662.600798817 2675168.4909554566 4308950.076940344 -2973334.4277785006 -2210467.6562023056 3802714.8412931887 -3725727.609683729 2084774.8889087392 -5127531.787069551 1896523.1894232342 -631172.7214874114 -333288.5483066239 654740.3239840964 6467805.139194525 -1402116.3422750123 -1876281.3553505812 2063951.3351470383 -2045793.8828661705 876006.9463576431 1896240.2784570882 -717842.6754211861 1738536.1886992229 807199.9747964423 -1240554.7594917472 -1256717.7768155045 2341279.3177204714 1508193.598449074 -1453855.1788165895 1155133.2875879332 -2491848.5331372796 -879338.1993736232 -958559.7663941785 -1710333.3113788017 -882153.1400096144 822993.8489127718 3858535.5800206843 -625143.0300512409 -3764618.891700691 1286165.451864747 -3286077.6083007595 6329034.18727873 1934134.6874451123 -924877.388528201 518089.0071202198 -10373.062246415724 4907357.821582927 425307.9503307876 3640706.390783606 -1268570.592257576 -1748553.1662985212 1757791.6451502903 -3179078.8200442176 -1074646.391715157 -806774.571641623 262349.55457142333 -1033179.1772435408 -735825.84022506 -1048194.0952096393 -1164454.5030352413 1637917.9828341755 337836.2189720464 1253431.3381839897 2440525.787260678 816271.272126706 -2110755.770527864 1129967.277289183 -5015487.896212259 -640288.3711706026
-1195634.1440934753 -344852.2237123743 -202322.66596664707 -1420880.5529616151 -3264217.393837334 -2778161.1506893593 -107016.21300349933 3087509.484557427 -558313.3344919281 234375.6011887688 2952936.2155672344 467302.5489676885 1301873.721706206 -4323667.308498056 -163912.66722135735 -2833183.766462704 1523701.1939893032 -2242085.4754878134 936090.2518687678 35885728.38803775 -3567259.378182119 4486471.9997667335 -4263918.474741278 2401945.2585221604 459373.903903289 -160409.29413821778 2348371.370752756 4433424.82396308 -403048.6852032759 1224086.5384801282 -6686176.1978156995 1605346.2044813621 -3124710.5631663706 2469416.3842490264 -1197444.8299920294 -151532.38887404764 3732561.8648141087 -1103900.1020881445 -1728066.4078542923 1944106.3705364917 -244144.2921240741 2757432.019700393 -950740.458172675 4481754.190240605 -61952.64548332352 2136354.367453664 -2144392.909131738 83910.21405106105 20806.399385851542 -1821997.8705611033 9023297.763163453 3340679.3122921926 -439074.94095342763 1353007.5262692848 -1005122.839954542 -1592159.33197217 5380793.948664791 -1539777.8802129978 -2369401.6998110507 130857.14918552476 -675739.7309309826 273823.53205239115 -4147697.56564156 -3401248.2777879313 -151928.34088017794 488462.49211256835 -798552.4971473687 -1932794.8324886956 -3140668.3044595523 -2615827.5930415597 -2891458.6243052995 3696577.407456862 -221799.5361132968 4850221.533381524 -194211.22495712654 -130960.48518036377 -100927.9003568702 -4824458.7275515655 661692.8388134068 3555887.012822896 1460677.4738068546 4637792.055828511 -1810813.0496949833 -3103715.513388133 687371.8311601249 -3263867.5963477944 310829.26627185196 -2775676.9714389676 -3618596.1467716335 1716764.5009412225 -1312611.1203188202 -1806624.7688265317 -1314089.913155361
233872.9098254714 1146261.2992948405 2169284.483221061 -2022016.2709560315 1145204.4551690817 -2365870.424238347 276700.0403814358 2516028.9216115586 -3608868.7145325355 -2308710.861311487 -1127957.9540293098 4022393.573322059 -660225.6608255947 1701482.4386548183 -2697459.057984245 3306893.614740957 -593950.1544460676 424717.2187940885 2242898.7257215474 -3567259.378182119 34566728.29037132 -4666387.31236236 1584195.9917806687 -2134340.358631323 315856.02503822575 1689227.9176472002 4635120.190537508 758261.899826099 2770845.015708585 -1694737.363871206 2249288.9925877536 1152411.5924575974 3395059.9090889045 -3176587.4373821677 -4630777.987538054 3365321.8020405048 3247112.3445032197 -1585738.3118300738 -3370543.56430292 -5288518.055996455 2836804.7260962767 -4020694.8295763363 -1026172.9729419838 -2101013.189737135 1104536.0836315916 3631838.996401077 -2008760.8559873444 -5005245.08523918 2059401.4740861023 -2219000.749729707 -1126959.5578754407 -1344812.582207516 271083.18280871434 -4161889.7022033148 -726299.9685860759 -1050537.206585668 -3180002.9410582064 -1333364.99375564 -1954999.6084599216 -1564371.6592500643 -194425.3783963446 -545306.8697666377 914797.1096227156 909282.4222997767 840146.2548095456 2432751.9112009783 2691948.290579643 635179.0117067144 4199818.205404734 1564592.4805055747 -1300708.230481583 2929394.225229921 1971868.5690563454 258396.63965794264 1656161.8521977782 -5935564.090721772 -224534.1249151004 3136780.46733893 -1701439.5018088536 435442.7282469453 -165690.20700395966 -1333757.0105009133 1151782.4644129288 -1123054.08956558 364838.2025656703 2931310.2418996436 -2136151.6876949077 1071221.9909643354 733429.053810588 -1889821.1385486354 -438647.0922653531 407728.8103825481 1728734.2731605922
-5156748.566959675 1880430.6462996348 -6707175.044332655 1409750.313046023 -1249769.3411769613 -769454.7421995971 3389277.968944952 5161634.86259365 6554284.005606727 1071067.9840602612 3026147.1893094964 -1045438.6524368043 -510817.6989539281 645293.7716927008 -1493169.962941551 -2603536.5894247578 -429491.5691441377 805101.8178629292 1288410.8479033792 4486471.9997667335 -4666387.31236236 34980803.50506357 995768.2995010586 -1912058.159455788 1254385.1152989909 -241558.85211378572 2577942.548477321 3473054.1609637057 -789804.3960045762 726767.4925671706 -1710435.5965167852 5020235.787810084 -1770999.4248658384 -496179.9785976658 -102311.15967642743 -1201046.471497589 2873297.303055414 219429.19027560847 -3377409.6598105943 4208794.796143789 -2443477.6960606724 3005358.2883497826 1740653.476374077 377293.6846569334 677284.8741318492 -4003211.9462965694 -2324751.146029685 -369554.2322412187 -679308.5817146283 -1401168.224153953 2910650.8918368346 -1717108.6317419368 -2548645.61862006 1760096.6267814338 -3281417.71814187 -385862.4211155786 1911482.0139789241 3267239.8304752903 1604132.786096293 802220.2977170858 5626640.482178248 -2083873.0377505983 334892.4873516466 -3247033.130197588 3817881.3852615263 2218172.944305085 1649412.549248597 2788708.9384214412 -4846914.027319686 -654955.2083288337 1455254.1026112447 -1620903.0913024733 637499.8149450943 4986898.745062602 -2090260.1216376647 2354757.4356039283 -2740950.53830546 -998171.391461599 -1087051.149744085 -474406.40671292 1417505.569096037 3356583.3880643332 -623518.9181515191 3141638.702157911 -6908792.993257494 -3097487.696677416 1810069.351732887 -4366880.711541923 -5420427.518809197 540833.0821834443 661712.1650069844 1481955.552836243 2673326.2297340105
