42025489.258783005 -1448337.5290547241 -4825497.3439372005 7575509.840398411 3610609.530634301 2546888.4354783194 -1069236.4417916858 4447572.754301124 1145887.422017264 8862824.750384862 -5899219.004286495 -834356.7231772443 -4459634.200476556 -5975321.276940358 -7574668.37469368 -2036708.6083652172 -5006991.766441702 -5498896.929850952 2394425.852873955 -11633758.546219077 -4351664.518268124 -10011159.44723385 319376.681386942 -1549982.3352428202 -7194948.571474485 1674029.970672719 6978176.30942199 8129966.835071895 -7514369.803069414 4253894.153377293 5205112.885108902 17467776.783166107 4650340.005235486 3445697.3146655555 -13905889.390903784 -186085.79561340727 -1283777.1334172457 -5491985.23491888 8385867.011818339 -3614026.6416253434 -5950343.829167187 -7251221.389590473 -4073830.8690048223 -2260597.131923854 -4885342.693838522 -6701191.914941602 1499607.1909029444 703709.8948585935 -3278949.012965172 344982.6319276352 3880688.5447763465 4384696.744958093 -4945376.010187431 5645893.814046466 -7576398.988317371 -5316669.697838301 -2067782.113799779 -1264211.9115712498 2538401.7770883897 5399834.649103234 -7281138.919134841 -6546044.495272806 -4758290.596174923 9864893.778138723 2764248.768614296 -1214480.1529883053 -2541150.0951068364 177868.8278801789 1816832.426479861 -1363978.5938610726 -1572061.1917911859 -566012.562373347 7324930.75188013 1288548.6701090669 -2005459.56203473 5002213.22245507 839491.8613719521 -4450535.331135473 -3056344.546810031 -6260823.396378557 -1525250.1612786644 -1329198.011478238 -6707705.737282718 8300798.5183107015 4599448.949551526 3677741.6167232906 -8613854.381405469 -4045241.7853630064 -9040824.804406026 -2734418.682464638 -428736.3877359443 -1179251.9152495512 2531065.5110592158 1091998.3872201887 -3202172.4800588526 2404831.6095212637 -55304.41014552499 -5320200.908516813 -13662442.762928745 -571485.8046607809 -2828747.154923002
-1448337.5290547241 28172717.638806954 -916583.0706811538 -4034206.6571793808 -827673.6896227193 4513657.2873522835 -2747371.892047236 427375.5654407141 5756208.0853048125 -2891996.3061901927 2873556.304842528 -3392653.7822118546 -2383060.8996744435 5775858.982983026 4496638.588106606 2537438.315403015 -5401023.557297188 1643616.4176350345 -1739375.2197557422 -518081.4209971993 3527832.6966929054 -7666591.353041102 3707299.588779575 -1133135.561188542 7370952.105367189 -7184774.786570959 -8163145.759917402 1821684.9605455354 -1779931.0867465008 -2724964.6398343374 -3576361.564132941 -1269228.4818477253 -5502948.140322582 2925260.2574925153 3938091.919048974 -5631011.0663579125 6479115.8842212185 420894.69049074827 -2622909.9235843713 -9261263.446278855 -126755.74832170026 3758064.2606614055 -7791303.200356977 6019312.993264828 -1013735.6037866402 2304514.8157203724 -10558715.56067834 712039.9114195734 -5244789.031117623 -5921305.232735462 3598820.8807406663 -3472607.9478728403 1539586.9530633686 -907197.7695558548 2653029.1064817365 -2512894.726057992 1769211.180869941 971952.5986122314 -5544562.373131567 -3566892.5811698386 3860253.0431001405 -91465.52988643976 4838199.0256233355 -1317826.5946333434 7875510.3177138595 5225608.162994594 -7555095.900540113 3363050.5445735273 -6311234.241341959 -1277723.740263074 -816413.8615491481 -458151.2986129597 -11919463.347406903 3675735.819173278 -5288452.939201478 -4058788.5707271914 -1972128.0219287556 740482.2141325161 5262639.198723694 -135642.28256419837 -4758942.830921613 -7111653.62043377 5593241.226575864 -11588890.251170442 -2943596.5608904245 2037697.881347004 800897.2933228052 -17863.976710808667 3943351.3952456494 5898491.994098394 5977843.041281595 -2294659.682490218 3712972.0475060255 -1706369.6877284248 874070.2744786448 -8642742.930181855 -254498.65672089322 3279842.0813258323 6239382.693013833 -3556423.758508596 4643850.665369768
-4825497.3439372005 -916583.0706811538 33301183.496871237 -2794062.335330092 1537777.428944191 -4234638.274865084 3138130.111180748 68789.75802379077 -1048053.2745426871 -608449.6619527885 4720778.150569278 7439678.021363432 2532955.12305834 -6619155.630509055 -3215156.7538808337 8276031.162479742 1288755.811571336 4956887.33464747 -4434064.689885633 3170427.3440472214 3376129.073448472 7623984.444967177 1534758.4781594407 358495.15196080314 -65858.4414737206 -7905961.005779045 2234027.7689109645 2336088.5671896487 -3697101.653532656 8986507.507096335 -386163.62938304036 -4962360.589596128 1569124.4394854342 6321284.876326769 -2850946.8808497256 -122628.94192756219 -1285867.224894993 -1582261.885557117 -3714419.6513262857 -829979.7292613668 -2740567.4467349257 4951839.437342152 -95964.24253274484 5992566.002633614 6968268.559440657 -1582895.1628113613 6497356.916849517 -7402457.062956345 3346824.495394278 -8199527.692952178 4702318.573856936 5166894.865854515 -1045000.8711763656 -6456702.950605529 611268.8032053149 2827734.2464501294 2653523.011555025 -1784066.4932352 653046.9018389904 -3654484.840994428 2468331.8130727066 -663575.1000580597 10323334.941628784 -2111127.2028282 -741825.575121124 1657936.9289780557 -4263205.477628056 235068.8875372179 3210231.6562363557 2820030.470897858 -3592745.168134903 -3598859.897508183 6141628.227866964 1115232.5527454666 -3614711.1195603283 -3822314.8458880503 3082869.567735601 -438016.27539095015 5367158.329551745 -4848968.453123289 3357829.4419103996 -497711.90236668923 -9409444.319921788 -2571204.3839049693 -1770595.667919976 4432778.391942068 3118481.492082645 -2736457.191626872 -3222936.4190615844 915625.5767141192 379295.2071797717 -6537226.583067872 1384764.310980496 4483180.50567433 7240116.465222984 3625476.0384312565 -8294934.759938686 5423039.272468773 5861677.138297277 2519428.59852525 1954728.1164773165
7575509.840398411 -4034206.6571793808 -2794062.335330092 30173896.39703063 -2464469.6702555297 -3361091.8143982957 -764705.6934485548 7782802.11957164 3039571.002810543 -6573417.428630511 -643181.1418491622 -2039075.3721086646 -10630967.11588217 -1440611.1510364022 2300243.756684626 4186630.7222837624 2484468.8240281604 1920709.7519441778 -628078.2487490393 953868.8828081639 3452299.8386764526 -3800457.602649008 -409743.6746793182 -5234961.830389895 -5656621.906530835 -2302561.4590362376 -942565.8575937747 2542283.8952357993 -638876.2854119381 5684989.69590016 -429627.68348003225 5246360.399548285 9329245.20704789 -2797970.998794153 5224.468849986144 5017186.669085723 -8482584.369087914 1624723.8600142598 5648183.846480795 -835508.2464352289 -6268222.388451632 -3840848.233918826 2347810.2254278115 -10724154.988617899 -1319792.2977437426 6259412.717410418 -2107273.8750973498 398781.31676920917 -1328255.0223339624 901688.7499386087 -5926159.31302727 -1755045.769100834 7123769.047709093 -831096.4380406629 4377129.284985057 -4316778.733172265 590258.3868537911 -2067262.4919645984 1810148.742847065 -2218635.510012449 777211.4928044537 -722995.3792087915 -3734540.216974802 3615122.3507057517 -4239826.386177179 1556396.855844757 4594297.557420931 4104211.8330061845 5061228.929127249 -8213951.937573194 -7389269.503361844 2496119.333606593 5238985.340510546 2787037.854978029 -458764.53150618257 2072679.029970976 -3157166.1941061746 -16543962.250930794 -1590190.280290778 1075877.6056142577 4273619.7774507655 6880672.115469118 -5029300.403371133 3485903.565610717 914569.3264809244 819004.439135067 -6727815.311589496 -3087063.298251496 5263204.585114344 -8013418.66355487 -6082197.834114976 -9118618.073301928 -3454244.907155418 117578.07871524603 3463823.6207924485 2201841.9036515537 5137119.63687335 -2918900.3474615533 2548517.4142566924 -2601504.481635405 -3825413.7732952912
3610609.530634301 -827673.6896227193 1537777.428944191 -2464469.6702555297 25769820.149882384 4250850.77099296 1134035.2380766168 -2104522.0805035825 -1405143.2505847486 3756304.121434281 1953450.8884484046 -2231089.5913511063 -3241376.7762170406 2451690.73012811 -2399022.949052074 882752.8232424743 2947164.003508245 -2018394.3494102575 -6547029.109398449 -2792920.8571230215 1792717.4658583272 1035099.7848636422 3550944.0904551386 5538784.064916646 5852604.206304103 1473422.0582468666 2847570.9450959875 5927764.30285966 -2052113.9235195087 -5885065.990571495 7512717.323345065 8917379.565995513 -318116.6274488163 9225273.928694976 -3856734.0373052657 3007575.3619109774 -420329.18751820526 1133511.2673791028 3893416.739405621 6115134.440971477 -9023153.469416708 -4684761.1356733395 2024626.3983792842 3438521.864619676 1802299.6177962292 133624.90513969463 -467872.87388044206 3781656.509923129 -337148.5604939261 -5596359.195831851 -777018.1631643391 1452955.6260938568 1564842.4783422532 -7473587.8000796335 -9831159.131335793 -399400.9362175202 -1856404.4317185583 -1336520.643026142 -3605429.130091309 4604627.03792223 -3886433.608895289 -6357380.005894351 3202331.4357120357 -1868775.421022467 8436279.707527537 -6938931.742097981 198381.32969640006 -4795644.289773053 5382105.966067411 -1884626.9118471884 2989564.954786096 -7825574.433993842 -3008961.3395539103 4144503.848400143 -1805877.6313863546 14955443.488879727 6952994.893725077 7647853.523084885 5678302.318111193 -4459571.770415682 -3867601.2693675626 -1749771.6228713007 3322242.047255789 -2380465.3505516145 6208882.4030800965 3941670.4477526727 2969729.4148009806 -817332.8090295269 399191.93981870264 1025540.3467005863 -4694750.415446691 4513721.8485267535 940890.1888080294 -3238356.310004241 -1971783.2917106615 -6145386.214858393 -1315556.7597368008 -2532759.899068265 -812861.7026668701 8229905.824106045 2014317.1408326149
2546888.4354783194 4513657.2873522835 -4234638.274865084 -3361091.8143982957 4250850.77099296 29774277.72790015 -44911.16099671323 1266752.202869496 1777199.905860977 7773959.638795949 6670333.942463818 -4163765.2989900857 5546594.501574987 5498182.893493911 -96953.52896357198 -1117165.8125266265 -4514683.306099561 -3610400.516912644 -8203219.486571053 -4548097.581366285 -2280388.935181715 1043412.1733190176 10422075.738362722 1360963.5102955818 457180.36980437295 -6867297.564281262 -7012000.582097054 -2978112.7002718765 -20439.679204590902 -6658456.337310583 1944237.3769981547 1883141.0540728525 -2359067.210291003 -2550432.237227501 -3398845.022385995 -964748.0001700227 8376481.279690907 3327269.489463142 -3963072.3499512826 459838.53290848 1257651.4351967932 2296442.908844751 -1745552.828618831 4534396.947998957 -7183353.701998423 3274109.353462536 -357464.9375763439 9793734.890356258 2239682.038764229 -1221430.7803062513 2066029.5670959658 334836.7932825588 3498077.7467573765 -2792772.7054814394 -5744686.699753255 -10445874.991924468 -8442126.007284855 -9398416.695613144 -1666194.8479776275 -3729863.827332088 -2375452.4405637537 -2235886.53752568 3496669.036275771 8536957.390629217 1596326.4096931755 -1773375.5480439994 3215299.0634378553 542840.3035022792 748084.7197349373 -8468392.659804353 8225573.775963539 -828742.1079860731 -364252.94610059453 7064072.98975579 -5990190.22585513 4668900.041110374 -5563232.658054328 -650648.0751629814 -2385465.9524523504 -7819785.827674135 -7457566.173521143 -9075136.969309183 -4168688.9820975526 2411883.7030340685 4160173.22955841 10322834.140558247 8068312.653802538 9316264.653528284 1768568.3247845692 8174079.111419319 -8013543.110962378 922614.3123916264 -2662980.8888602937 -3695885.267666314 -3299376.915134142 583496.8719375341 9765259.282003941 -1119182.4660097465 -10184670.27919989 -5382358.308762216 5205961.547441559
-1069236.4417916858 -2747371.892047236 3138130.111180748 -764705.6934485548 1134035.2380766168 -44911.16099671323 25690137.694589764 2732024.4086059337 -1482731.8617772718 11411771.09024596 3120063.0876822784 5789799.453030541 3735554.2825391577 2327984.3094391115 -1400632.7145072257 -118804.45061514316 423765.2801745435 -2691838.2212728225 -5790796.223774327 -2438020.498198049 -1099175.2930000715 15505.123662098109 3846997.502099849 -3962114.9709723177 -3916193.6826379956 -1941163.9821382333 5009259.799157691 -1545230.7591272437 -309110.7858294282 -2699583.3521614177 -4627887.245850677 -10205166.757917568 -4716091.045043214 1156669.322882797 -882898.0157900796 3713214.560596648 3834850.946724801 -4833460.737943474 4861890.223804577 4147997.2749639153 -5161445.321798696 -2869305.864176538 2838669.698587777 47362.67768938297 6041972.520402826 -2754050.297120586 3865317.895114175 5156895.38386165 3657370.5716946525 1247842.4316947865 9085883.38595487 860897.3498849376 1855198.9736540602 -1714190.0668445884 3319481.3520537154 2581799.2541687163 577073.1860247874 -7523818.262744164 -66182.82613033218 -3935839.417165409 2253872.5708710547 -1506215.3599399875 3783478.553085097 1316135.789970738 -6006471.366457274 -10326529.452190857 4368630.659113048 2124960.262898654 10114491.028296167 -6435710.956154069 4885052.4991330365 -3280225.620792503 1859202.9253032473 -9207286.45801743 1269849.151048882 1425853.1534847429 -4010371.9676822578 2168676.9812796237 1341669.0707951286 1290733.545053024 -3398584.569888142 -5683366.091429881 3761148.621532725 3884460.3230594336 -3116384.547243913 -2924538.1447654753 586697.965668294 -3556823.0403136564 8248474.091519584 480629.01099290635 -6970757.495401386 4120093.2203208823 -595140.9188061303 4150269.0584030785 5411120.100284443 -516743.5773624954 -4857307.466460399 3380192.481103522 -6733386.671604074 -1321228.943355286 -3311284.5386834415
4447572.754301124 427375.5654407141 68789.75802379077 7782802.11957164 -2104522.0805035825 1266752.202869496 2732024.4086059337 36641122.38412069 6649935.316155023 -4522143.911351528 5433083.576315351 1594726.2079768712 -6989296.57702356 4221370.4309415 -1703201.7311086722 9215698.196172832 -4185442.414435037 -2859676.4112250805 3275294.6379115335 -3836366.1254606782 660277.4915646828 -12145418.405594993 -583503.342404002 3880715.365072845 -14745806.446483653 -4445701.057754678 -4097013.8661025213 -7469851.652715909 9875957.759040082 1415629.5466755775 470245.8634423115 -6632966.161974229 -3122574.8813919984 -14571066.33810827 -6412102.166472047 907314.4277661195 -1593721.231011494 7413264.17490674 8529537.334149506 -6789164.8122031335 402459.2531019974 1511851.148445395 -1672294.4983190668 371535.68466518546 2957155.729611349 13317825.197065901 3305368.4876438202 4383873.157680697 -194580.92461758945 6611016.960038794 -1529750.6745691837 -4390951.132683212 -4659781.507836119 7028711.3209570935 -1426288.8611574583 -1749112.5290189541 -5727828.685924994 4362153.751571421 3733912.824133726 4233721.292279058 -8802221.738922786 -4529963.245656157 7903920.970366722 -185452.20796349854 -136311.5022622131 -1663971.2277996303 -1019883.7983829363 -219415.09193870838 6649336.100858255 -214484.3804548743 7101883.983389336 -130924.12757046346 155500.62333797436 -2597024.3278750996 -5633679.623490806 1861906.8833342933 -6165042.2492141165 -10072784.924735492 -5384904.888986248 429889.4690084921 5198045.451619455 1668607.344478328 -853340.8934065427 1496130.6243824915 1155708.3642545606 1944214.9542694804 -5863554.540381969 -1707318.1534523906 7397689.351351956 -4162117.6736975987 -1312367.9842255847 -5624420.94246051 3308087.6502537695 9528961.436875649 7383501.602770043 -3754147.1773157637 -2806272.4095358616 -11296224.31511611 1455922.8320239815 -10807157.02500952 4569234.657086165
1145887.422017264 5756208.0853048125 -1048053.2745426871 3039571.002810543 -1405143.2505847486 1777199.905860977 -1482731.8617772718 6649935.316155023 33676840.66241512 -4795312.468305118 402925.01533494267 3242435.148013506 1024517.9075430238 2608029.4933685143 5815241.873601569 3803192.529919628 -6964065.5110424515 -947836.9426157457 1226391.8221573636 -4051583.090786941 -5100239.613613216 3797867.7869421737 -2705084.6952366964 3039180.0756176757 913583.4244718308 -4216563.0012418935 974610.1451238523 -2135380.7800697796 -4267381.651386968 -7838134.2850183025 3412929.0324142603 -354022.57441603986 -4011258.2790707154 -3413082.371339927 3302034.262455505 1859892.384643149 -5921255.489247428 -166639.54134411825 -1823329.3721351568 3008635.3317681164 -3876506.3963686307 -3123203.9972851346 -962750.8924309509 -1609095.741495751 5374225.215011961 6900992.337537683 3190143.940910488 3044827.2557105375 -6273117.089534605 -2448077.2107879897 519529.4759476903 -4920551.030098802 2854330.002851811 5943853.733814343 4723044.896123161 -6136050.602121935 -2237940.3359617116 -1333846.0405567323 -4013506.3813063265 4786966.356466949 -7472099.063654632 -1872302.7620978595 5551189.648147645 6481412.834714344 -1773932.9637742727 5941198.384746986 -2599941.420037385 -4600383.693302353 871113.0854108097 -7891300.727789055 1854470.6008264676 -3762020.173759537 -6424791.276771815 3418656.352106325 -1891203.5732625187 -3187917.8335489198 -1327847.011364442 -8700413.709767807 -4434546.206262665 -6919042.3832376 -1718922.4649274216 -2560573.138104389 -145152.501389621 2145794.0512544946 7995512.787377499 -1674891.683137514 -64772.94646727071 -7971862.987465432 1263041.3128793533 -55076.51951288316 2963938.475240131 -4304033.476826733 2199206.298048393 5058907.916223903 -4985574.272123517 -1947792.471384599 2568864.5706356154 6701005.265015254 4833304.366565099 -1302688.2414277666 -222097.25265504335
8862824.750384862 -2891996.3061901927 -608449.6619527885 -6573417.428630511 3756304.121434281 7773959.638795949 11411771.09024596 -4522143.911351528 -4795312.468305118 38744036.514577426 4624257.808573437 -4795272.889910082 295407.5626208824 -7624027.460773074 -6264378.603916103 -4071247.039206764 3134700.1928959293 -7081157.948961491 -9924549.724083163 4355989.944500669 -3917143.5929454183 -1804899.3014219145 11418240.781373171 -3348063.188878972 2437922.7082585148 379369.00248475827 -2611698.702310797 -5414107.659799563 -3700080.2727477322 3454877.2152451933 -3786462.8203562596 2436129.980623078 -3248841.3747896994 1907394.6844444217 -6498076.989426143 3853904.7680058447 6329942.034689391 -5117373.351942373 2627684.9250973533 3467117.781090158 6800628.924574563 -607096.3466995407 -222152.403788569 -1007735.2808746032 4805026.01595047 -881199.7023045566 696296.6616870959 -2527745.232481866 4775552.12371931 3039744.8890619935 4350586.298000199 7111321.147776181 -6735014.320763474 537576.2109291065 -12248452.779306317 888428.3291695094 2940240.9729643012 -15087966.81377781 4935272.242526117 7047997.51263396 4247331.116246296 -7918464.071791714 5370598.785402199 5383794.040346679 -4003223.831898666 -8383150.8530845335 -2875927.808567103 3154912.339167489 368537.3246146763 -6322941.952412328 8862091.138120692 -4855803.216903994 4382854.125102404 -6436702.321893161 -2463802.7319640596 7020162.544729411 -6905557.628236069 3313167.6813335656 846494.1804358776 3576072.4428769154 -2648047.3778588427 -5224957.103305941 -12298102.70840109 -3342987.250581602 -3432961.972093537 5165729.6847311035 -2026761.780540947 192003.3629124529 -3133907.016442372 12535877.54647027 -4298322.445986441 -764798.656904584 1601387.672503261 -1159999.8326734654 -91190.07867301012 2964611.7351186867 -4336581.638793906 5619788.976722874 -5646660.107193137 5972867.768346992 -5583327.89825718
-5899219.004286495 2873556.304842528 4720778.150569278 -643181.1418491622 1953450.8884484046 6670333.942463818 3120063.0876822784 5433083.576315351 402925.01533494267 4624257.808573437 28792436.410314523 -6501729.989532057 3316621.229114697 4987497.548527619 5253999.513519022 6155709.002841442 -6491557.042713362 4991172.23168005 -7711015.050850301 4249679.483166291 -4960902.346294721 -67269.90792013462 4789256.215548429 -4852051.73281578 4516709.170970669 -225475.08803883535 -3585367.9939627945 -1534765.6035677881 -4191590.8860432226 212558.6058951823 3325683.5614967854 -3859410.9091305993 -1471904.635296508 -10650196.409135778 960979.8946301156 659226.0292424159 3221963.6390108685 -312761.5340154885 921359.8631139107 -440553.7794476036 -8845853.391149327 2128760.234619844 -5414407.361304341 8054444.892850185 3752094.106993162 8566506.9218896 762753.3884087477 835412.9393899541 -1747374.628289028 -4682094.260159272 -1740299.0818475774 -1879645.2200653404 -3261597.8758081184 -2920850.5737031726 -4768810.78500843 837375.4333470232 758545.6201818825 -5560359.745771703 769567.6901747568 -4432430.778319419 -563442.0798273296 -6202401.08753022 5241058.266401143 -1042198.5033472823 1916235.2660384267 5295960.9837838905 3092618.2620487004 -1241995.5103457973 7422046.888566143 -3543719.9086481333 3786150.3880112884 -4227007.2938967375 -3287102.098515883 -4123542.1372398767 -4171015.1384621407 3116539.6568451193 -1902780.1975452693 6646017.06889825 420774.49069652514 -3610472.692546167 -2275646.3513383837 1566744.2032743997 1458389.433404993 -2169363.8837268995 -2182849.309512528 -960689.1059113984 8150263.757640561 -5992194.015026595 776543.061180435 3218577.851021282 -5095855.154801951 2352082.479494238 -3255524.8637663093 1361534.8303867741 3594904.8262743554 4835322.281220227 2208793.784257294 3439834.300794572 -4612249.959861424 -1440332.502874284 2696849.2506349934
-834356.7231772443 -3392653.7822118546 7439678.021363432 -2039075.3721086646 -2231089.5913511063 -4163765.2989900857 5789799.453030541 1594726.2079768712 3242435.148013506 -4795272.889910082 -6501729.989532057 36842196.21770281 -4711526.5957233645 -394552.0839438246 -3897544.2964962553 7147569.372017063 8147772.832426297 -4099862.848603999 6676693.104003328 -3620243.2519040466 -246387.5192922885 3264115.9972447986 -4366271.8038194915 -5938459.098782408 704548.073724246 4809505.450445076 6137233.615422066 -3071520.9068345907 -3308716.673939445 6605032.734161588 -7156923.860069186 -2933233.9396332838 -3096165.108777395 12154707.171798503 -5171124.78361549 4539898.847191634 -3914563.85805035 -8346757.170924137 2192596.82714945 -8623761.556017008 -5956594.650391286 5534633.356046191 12107009.853612127 -3071386.8605216527 4730463.420943237 -3989352.4190656263 6400108.701488064 -786403.0427895085 1830620.9439361987 10081668.273897557 467220.689417944 -1587748.2154955682 1471437.9531842703 -6247368.333321806 16757260.838903744 1213545.5103163878 -6263759.547431443 3219434.502906023 1938751.4111197134 2898572.512449634 4413548.236320799 7301751.735554692 -2950966.472465683 1660256.2593687668 -274631.51396491687 969512.1707911032 -1447146.611348427 2244791.668424273 1590440.4873475484 6431962.327995326 -6355037.490369627 6406803.963065989 -2048941.04659449 -38090.73749288994 -3652660.92094252 -3902872.2864656034 9286092.238693763 -2483063.988848569 -11613107.278411638 -410129.4610604689 6337261.6089531705 -1231358.7386321267 -2149470.66049898 -4235442.823318874 -1658457.1045143139 7035146.393521789 3040280.2301225485 4543967.526022979 -1341438.230795891 -487545.41400311666 939089.2760698352 136360.33657472127 2973689.00386656 4289076.404079783 11221472.154298283 2377978.1645255033 -591423.1277828839 1490209.6915301955 -545966.0781615257 -11719243.482863022 -4038631.583999458
-4459634.200476556 -2383060.8996744435 2532955.12305834 -10630967.11588217 -3241376.7762170406 5546594.501574987 3735554.2825391577 -6989296.57702356 1024517.9075430238 295407.5626208824 3316621.229114697 -4711526.5957233645 31572405.244562186 -710378.5764501652 -1786294.218368115 -9849864.446361763 -5192845.453786281 2393034.4007692803 -4005655.8054684266 -5603002.601600677 -6708369.10548411 10072293.020663768 5777271.639443104 7748244.664287036 1204686.0401685382 -3078823.7150081764 3447879.0382539327 -3586951.239962387 3321919.5824460383 -6863522.968960827 -1453980.2869679036 -2421554.6110014347 -4210752.3648322495 988739.6133195903 2462997.1495923637 -3498425.174785343 12298544.011243848 5707833.105712918 -9200232.94247069 7153454.040361152 491921.57433565124 -3938865.843681918 595631.0568925793 7881247.249225662 -10581361.005723456 -1934528.8261568854 4001253.893443291 1513492.5956493204 3923767.9638166665 -1772248.485922704 3332828.4356056564 121479.19187486228 3491144.1945104105 6458651.483946478 1203854.5529380918 -2045844.9523594521 -2300766.910812693 -5150311.098695225 -290905.9447769109 -6552588.304256185 718305.557300874 -3987809.5780263604 3489492.9394889777 1653119.9929125146 -5171868.319754189 -7005386.448569267 -798456.6400034567 -7019197.519811974 -2795472.5644130367 -5496826.229211899 835453.4926901737 3291082.521695864 5716015.1008026395 -2239101.7135094814 -986742.6264083807 -5314032.073838827 -1810641.147291985 3272666.8187569943 7765633.600611057 -8742909.687104447 -2138143.831972481 -6029355.5237076115 5039060.972820958 4268796.843607513 -2393540.5929089277 1260700.3613713498 9012721.623211091 4821548.679528552 -3491715.0007192856 -1101881.0704208587 -1482269.0493751375 5970185.838914838 -7697902.927562279 -2343502.247542499 -11335253.094177043 4622071.739033981 1936777.2193450094 4046219.689717291 -5235279.624507077 2870912.4844148685 -2663732.0535678137
-5975321.276940358 5775858.982983026 -6619155.630509055 -1440611.1510364022 2451690.73012811 5498182.893493911 2327984.3094391115 4221370.4309415 2608029.4933685143 -7624027.460773074 4987497.548527619 -394552.0839438246 -710378.5764501652 41546856.936383255 13405204.174574811 3369584.1964779915 317909.05796699453 -1208838.0943520274 -541981.7700492264 -3458631.7835500506 -5802243.294117164 -4143069.0105728325 -3934205.2825707286 2883717.6217256715 -5554407.869368945 -5603819.421691104 8045188.726400168 1523635.777064547 4165572.7773179226 -5620322.924050987 7536190.0357555915 -5735200.86605288 -4514106.967918352 3927216.0019863565 -8672019.560817353 7088449.087126478 -4054977.776834035 5769375.34447855 1791273.3723857037 635814.3693128014 -3710258.0722618937 -790819.9734247219 -4670780.112928764 1335691.263429334 -7999042.499718895 6816321.983035452 3025360.149932467 13371292.142704932 -4434305.8430811735 1620929.3508575552 6741509.570981946 -5489281.819103517 12977857.814505482 3527553.236714435 -436563.0889587615 -3737347.9839705164 -8235822.467949434 1831272.2839694808 -10929343.216636524 -2267154.7958537396 -8464234.229033342 7064285.889583323 -10356038.747849496 -3427847.894868804 7204359.576401184 -1733531.5462522646 8617229.06417553 -4155406.798817568 8539389.17443131 2237051.786764948 2975451.396049051 3198076.937240845 -9024212.630062599 5865271.925917105 1148607.7927139835 -4722710.139711314 3946116.2160752728 5850702.034849081 -2885508.5702595646 -298683.73639354727 -2794490.6280034008 8442092.108946605 11065173.594800511 -1380195.7042716218 8417342.486203609 8083480.107821195 1082590.6921626483 -9344073.569196435 19445134.153555784 1977487.180835744 1670837.2111744187 2802752.4916869537 1721235.077520239 7461268.108355377 1468869.566119531 -8559684.732085401 5283207.683485973 3108911.9693179987 1530255.923014409 -1868571.617151819 3825045.50687342
-7574668.37469368 4496638.588106606 -3215156.7538808337 2300243.756684626 -2399022.949052074 -96953.52896357198 -1400632.7145072257 -1703201.7311086722 5815241.873601569 -6264378.603916103 5253999.513519022 -3897544.2964962553 -1786294.218368115 13405204.174574811 33451161.999289338 -8879686.609376231 2271622.0992979705 257899.6513428254 1877010.7168736763 -86517.03784194039 -503605.1573952587 7489918.31057891 311563.40717961156 -11676288.99565834 6306599.696359105 834561.9226264262 1029427.2032285443 2465330.974220548 -1730277.630124211 3740005.4795497144 2920322.8123451504 -9635380.120158171 -2721493.9481121525 -7851916.942391676 115618.63209365147 10327068.83221234 -9396262.569498325 -4961372.315548278 439493.71487200336 -157956.58903257435 -4902475.145104175 -3344081.7370136743 -5198754.914514034 -1097858.6717347791 -1478075.3190525044 12404630.833263267 -726884.2055642506 2641372.0899606566 -7146575.010607405 -2784535.405158959 -1429837.8917035803 -4401478.213678789 -478479.57842457714 2360998.419324027 -4366091.9315332 4729230.026108526 -4403901.029919274 3972937.4471416175 -6144795.015425158 -2363078.6137021543 -6770994.630175769 -701940.3198880111 -238189.10557801632 -1654513.051888837 -1986802.5555513387 10157150.491605876 2795553.4064195813 7506725.331729837 -2473153.1275491235 -2867708.387329337 -3640157.483696486 -2358039.454706975 -7652813.485846159 -341858.17370025424 5429989.480760253 -3392478.4091046043 5190525.950710687 4748279.8459748225 -1130566.6410403345 -2457285.6600640877 -6594338.065357494 9719092.273936171 3983698.8725486915 -1073037.6976313025 -500713.08377668227 698899.9225529957 -1675906.138516576 -5478444.261640358 9612960.313710079 -2045716.9067618393 2815089.7294802964 -3959995.1179128913 -2986887.01284238 360404.094802852 -3829284.1385309943 1339018.3351913919 -1743642.7945704097 11056155.761268254 4076579.885536033 2106474.8846495035 1317871.955927115
-2036708.6083652172 2537438.315403015 8276031.162479742 4186630.7222837624 882752.8232424743 -1117165.8125266265 -118804.45061514316 9215698.196172832 3803192.529919628 -4071247.039206764 6155709.002841442 7147569.372017063 -9849864.446361763 3369584.1964779915 -8879686.609376231 36165905.06710985 -4588641.222360867 13389645.104551826 -5302948.103260665 2593162.693838159 -3268568.31533711 -4438966.75806536 2968128.6255308692 1808737.82754962 1545318.443784449 -8148767.3821133645 -2659446.8875311906 3999092.034889226 -3918259.2483404507 105616.1407377302 -2177217.8234883086 -2787816.5431799563 584891.4734198576 -779140.5581917489 3101284.8835908733 -1291597.9670067152 -1623074.0172391734 2840997.4365124013 -833087.6587417001 -6713798.795383368 -1217754.5211072064 7454539.730761399 -1282399.083402289 -6424877.333628303 2513985.068679592 -10789790.466888597 2013503.3692655785 175411.5816914292 -5585390.084215487 2888998.5422470043 517354.5298102161 -4432109.857814637 -570518.8185563919 -7591581.453360386 3297613.4547403962 2241779.8042849917 1807611.0962763294 10970164.334154068 1942816.9034200849 1275540.2326296691 4978468.867003897 7557693.0926633235 6844543.052991927 7031565.345713354 4952869.015499051 -1812591.2814028386 349410.17199163575 -1221442.9456325474 10355000.194588002 620208.8581121949 -523778.00954708474 6920392.310837462 -425948.75541866216 -1306662.2078713086 -111849.63014189947 -6120097.057342605 -256190.70562160946 -5165793.465208183 -3814046.1883983416 8861112.47320458 278309.92443484487 1381914.644295961 869824.4807996886 -933281.382057395 2606818.4001748394 -5102942.854424535 1246437.2260810891 -2076581.5207230896 2202248.9076444013 9283029.091158524 4063097.4598766686 2131444.2429692326 2353066.1654707105 8485854.24950026 12386082.305241643 -1341062.2064981167 11366329.755697966 -6526013.637153642 8238062.939151152 -5964393.905059338 -4925239.107966697
-5006991.766441702 -5401023.557297188 1288755.811571336 2484468.8240281604 2947164.003508245 -4514683.306099561 423765.2801745435 -4185442.414435037 -6964065.5110424515 3134700.1928959293 -6491557.042713362 8147772.832426297 -5192845.453786281 317909.05796699453 2271622.0992979705 -4588641.222360867 34131959.89005414 -4412870.769251573 2021962.8691628098 4576109.16987454 2749002.609307124 10504169.659426691 9020935.878524486 -7961314.858972861 2605742.903901573 6231615.395661201 -4334381.937253981 3351356.215023605 7065656.498162871 6857318.553097765 -12626594.92486412 1446661.0177702557 -7659908.723896957 3008217.1713982276 4221332.6817035135 1986611.8401271943 -5490304.758622924 3793665.10954887 930101.9882622453 -587115.7295771383 7966947.7206594655 2002718.7778431468 6967189.642200079 145611.7669082521 4321757.166914818 1988183.6370055997 153895.8996467605 -4647641.52040402 2818349.7630593986 7986833.268617791 -936594.8914859924 -6896190.251864602 9099363.88838225 -3073129.067896689 -522263.49673301476 744273.3813400321 1749722.9838465701 -6833313.926442359 -6202985.014115674 7409755.296023942 7019299.087319383 3608713.30405277 -2069124.023066833 -3079612.425987456 5775228.094053442 -6227679.986505035 -3628754.2921151365 -2345873.3268175605 -1767775.4621733248 4221114.69623539 -4258816.09180634 -1559001.2875171024 1311958.5301698805 -61523.125035815145 5480534.214082704 -4307217.970504235 3462847.1754858806 862853.4642034455 -2056887.5962779657 189214.49583582694 4812883.26432617 4334051.574422834 -504562.77872515435 -289588.74737207196 12050213.205729775 -2747095.510196716 -853125.6439257232 -1877468.491859375 -1145029.9940646058 -1703369.5417976049 -357506.9931368078 -3187913.20588144 7004458.495765885 -4728267.857231282 2245154.608551085 5282047.36821725 -5659487.804829527 -1263760.1270134738 5790689.0717009185 4642931.714456694 -3218025.66329162
-5498896.929850952 1643616.4176350345 4956887.33464747 1920709.7519441778 -2018394.3494102575 -3610400.516912644 -2691838.2212728225 -2859676.4112250805 -947836.9426157457 -7081157.948961491 4991172.23168005 -4099862.848603999 2393034.4007692803 -1208838.0943520274 257899.6513428254 13389645.104551826 -4412870.769251573 33777863.03419304 -4454170.60601911 -20299.498620352668 -1849784.071159481 4588012.847950705 8424375.676136125 -796196.4724711806 3181020.461163653 273543.9828449402 321876.42128632916 2899184.233342082 2671944.1162485764 2069409.3359305172 -3957482.268072893 -2892347.2651823997 6522626.422073202 -2835399.324751483 4094254.8701017993 -2490504.7348188837 -171540.83363451695 4346100.75114303 -5341765.068079064 -4320959.211201407 -2936127.572420493 4937021.107760791 1581527.8050724748 1114925.9102353475 8089668.520179291 -4886044.693837774 -3268354.846884782 715377.8746136391 -8827162.969184715 -4567182.530392201 -1491165.2297123165 -506298.9688056985 -6339654.739040917 -3971873.536210722 -6133944.973890741 2331943.7739357706 3079108.358245669 3762263.7445015935 4803060.788506888 6404899.468294091 3372842.4027622454 1230534.0001141408 6251640.125582946 4247103.358805272 7542317.605533505 -1976732.854135492 -4265124.582941781 -1933790.674816732 7169662.513458453 1423237.7857377273 -428720.7698876705 8250423.470547619 -1474331.4138830602 -3993661.5167189175 520147.99582607066 -4373897.666749461 -5036256.640792618 -2113988.4919812726 7254711.599250208 -3595661.709212522 1296275.55322449 322221.765334303 3516146.787658862 2650397.5774705363 -1262355.6457907395 -3174742.4792023282 -1162629.432821723 -3151887.4273298024 -1535308.5280638605 2033077.9328770586 3574881.137462765 10839008.255794583 -7398483.108984192 11069143.98637092 -1011845.7976798443 2448843.0155977523 6922578.617549131 -507257.7229432575 7967325.341096717 4654122.411454686 -5683690.764511339
2394425.852873955 -1739375.2197557422 -4434064.689885633 -628078.2487490393 -6547029.109398449 -8203219.486571053 -5790796.223774327 3275294.6379115335 1226391.8221573636 -9924549.724083163 -7711015.050850301 6676693.104003328 -4005655.8054684266 -541981.7700492264 1877010.7168736763 -5302948.103260665 2021962.8691628098 -4454170.60601911 27788090.974710435 4777234.220126289 4054559.6807993837 -9288809.851266704 -7876107.539010964 -2496050.8603993007 -3989425.768230624 2982449.2134958887 3769377.1522037336 -2851854.1929203826 -3974772.539341466 2562904.9417571276 3945754.459936028 -3322436.6570062786 2005561.313018184 -2743511.6890995367 6052306.85360528 -1697111.5485933572 -5320070.68382846 -4179212.4627018585 1156972.8885618947 -1507463.086646691 -309666.17412841343 2468782.1392374965 3390086.034762369 -8986893.28878132 -1890883.8340972527 8111755.429900609 4027418.0052325195 1511293.5439723968 3279481.823541528 6442874.541117305 2194721.455437188 2883701.0349028977 -8442027.47074621 -361895.74953508115 10031114.072850944 5458132.6515039345 -7588304.349533717 7559999.264956083 -2677847.3784841844 2137049.5418687137 1232171.6487618778 -3228897.972646756 -8639398.147239232 -6683970.865958057 -4688779.243752091 611488.5050977931 3935356.486899151 4428560.634302804 -6821808.063353992 -2444234.447657834 -1337379.3146805721 4337512.744451743 -530202.6423498726 1637264.3677003838 266871.903608615 -458971.9196932939 -2104180.6256689127 -678670.9164514266 1541120.9955868355 4225746.36635232 -4212555.024840047 6441112.328073723 -5227967.450499199 -2358311.7221122794 10230957.195926452 -2261514.9619738394 -3143929.613507117 3571150.8362139896 -4005523.2395894676 -7595677.573073876 4308361.944068058 -6031654.652982272 7808918.218109551 187683.27695858656 -5051297.52186453 4754215.621006502 -6327716.491225408 1154116.398168968 161570.27279816213 -1339071.730418995 15926441.871448338
-11633758.546219077 -518081.4209971993 3170427.3440472214 953868.8828081639 -2792920.8571230215 -4548097.581366285 -2438020.498198049 -3836366.1254606782 -4051583.090786941 4355989.944500669 4249679.483166291 -3620243.2519040466 -5603002.601600677 -3458631.7835500506 -86517.03784194039 2593162.693838159 4576109.16987454 -20299.498620352668 4777234.220126289 34430689.028037116 8941577.430895701 -2567152.4126343774 -4683927.924217732 -6108746.112752549 2748351.759107671 -5256502.558149789 -3669059.3949524923 -14636847.749539686 -663548.2720070535 6117929.039694886 -1973191.6575454774 -4196164.205949059 3954456.293096251 -5989983.401015935 9462743.502737345 6770755.868991918 -1776597.4685443945 106536.90382879325 6213109.151550134 705056.664466266 1742298.1634313047 4726120.899588665 6186041.670028583 -4870470.38604959 7562689.342185918 5845588.826586614 2663682.385155188 -8986766.666176545 6088448.514570891 8255575.271002186 -3793912.7343224664 -1965605.799949029 -8244926.043146211 -4171739.320425209 1095388.4619666873 12775673.65378736 583008.449468896 -6677768.033817219 -8564315.464718446 -4055199.3460642016 4644111.767832784 -4260944.850465903 3962518.322809238 643609.0810335319 -212887.40492629228 -837171.9455342137 4874286.594385804 165445.2845880496 -4554409.409467564 831323.1825880264 -5200500.311537019 -2418103.8307191157 -5106061.824912878 -773405.2625100563 -209831.89866945415 -10903587.047308639 -5063967.256068431 -2174098.537005959 2737594.089505754 7930650.88174744 6569326.03566727 4436056.858083318 -6329096.1633074405 -7841942.1709999405 3211042.4814756247 962459.4040653835 82166.2653433801 -257787.27564763278 4825729.998271952 3640052.9716501175 392299.3524425879 -3250140.5031055477 1853598.8716233014 -10462548.393845487 1146403.3034821597 10146560.63029358 -6039739.178381921 317312.27920274 3749569.307694322 1163689.6302840472 4939145.613199476
-4351664.518268124 3527832.6966929054 3376129.073448472 3452299.8386764526 1792717.4658583272 -2280388.935181715 -1099175.2930000715 660277.4915646828 -5100239.613613216 -3917143.5929454183 -4960902.346294721 -246387.5192922885 -6708369.10548411 -5802243.294117164 -503605.1573952587 -3268568.31533711 2749002.609307124 -1849784.071159481 4054559.6807993837 8941577.430895701 33912357.018417954 745599.1621936874 -9350126.458044335 -2462445.6441184552 1382385.0756760656 1071547.612741975 139936.00792164347 6502403.597864369 -157403.1159984402 1380998.0484827217 -526996.7843678367 -311282.2052902215 -604596.9037678449 -2517138.3675956167 -3735985.8078445327 -3621814.0243558637 2339404.0611584415 571586.5483228816 -3148047.458866105 -2949591.65847069 3357048.540464654 -383330.47601596906 -691645.7734895096 -7112634.299331374 -2580936.323210905 -4283537.784689791 406508.67812579783 -6567502.883069309 -3699035.335023059 -1654302.6833578453 -1100039.7190883572 -150206.00799394885 -3997140.801916558 -3311501.3860948975 2893981.2014632435 -1108371.7646817795 1041920.4542171152 -7451982.548107968 49795.02063106764 -3787608.156688505 6341706.045335592 -2536834.7740089493 7954648.696699804 -1095210.259970587 -4397895.332607818 -5565704.2384251235 4097929.4100641636 3372562.570598507 -7963518.3817429785 6063495.187641588 -4766417.744400419 -2118462.4743270944 -3112190.6296969606 1098249.6606844864 -2232197.363034486 -2470202.717399838 1999270.0755394327 -7022008.400512967 9020354.248457132 998750.500954257 -1846398.660073154 3676068.065042966 3512439.268608841 -6035538.995401418 -1145349.8482963338 7828380.168587119 -936865.1687662932 -2620163.8595487084 3393080.681820339 1801258.322318355 3795007.3612458752 -7533725.377723711 -676743.0239734381 -15358468.698979545 -1422172.1634801289 3240949.176768773 -3006267.5839176746 528089.2297393847 4592087.107260586 -5597352.795988959 57098.343200738986
