38197992.88236352 -108314.88494395252 -2766770.2082150597 -1803556.416319966 885883.7546265929 -3937165.601472973 -1220927.1449665043 -62914.47564248904 -3386132.644821432 -448448.1767131424 1027622.9822356385 -1931137.1654733845 3755698.0198549475 3219699.610851589 -1457193.6993116671 -1138949.5966649721 234666.00530470515 3326029.661975327 1319896.195482569 2227530.439363135 569230.159285178 3290640.9839706644 -1957500.9579473024 1771656.160757384 1571691.9427968266 -5524530.190092388 1435971.8107308806 2110710.567712435 -1826438.3274850892 183216.32871898092 -360384.3222055257 -393543.7949326738 426887.0844568685 -3496066.085667102 -551404.6926191795 3212419.3755968097 2616515.205718061 -835218.6073924521 -591999.6706018881 818560.6396334105 2502849.6410006513 437709.98383617646 1652942.3961001344 1058428.6200087287 -1703768.2246373543 -1752248.7831510324
-108314.88494395252 35659574.0235316 -276505.53999385145 1661311.2545490966 1823411.1700729812 -135457.4320837015 2104470.6482403004 -1383305.8164142414 2953371.015230337 569996.8102905635 1380023.934192364 -478615.00982379174 2201903.165704074 -961624.4598960968 193963.46531965132 2450267.980472288 3046176.7343020085 -1075812.6422591584 553167.2766631184 -3336.410380943614 1979713.405366022 1034335.6689106526 -2084227.1411821477 1278701.6822871014 -1692172.2643595992 1016872.6454974955 -1839837.0467664774 -1097541.2269621822 -45435.027764797545 -314581.66253555706 -1248877.5347019779 -2437215.02439073 -153257.31008392348 1589017.1713299823 1868785.6003084516 3413155.707560703 2318720.7749794303 -230292.08505367453 629673.2483031395 -1623831.6306867285 1558335.2594853528 -2151956.635435469 -2264169.0584264365 -4061874.303209918 -1755981.7414838194 2765023.76714294
-2766770.2082150597 -276505.53999385145 30538918.114358887 -6417013.669265219 866535.7471902285 5258054.286906591 -2488487.974426513 1719373.2565445495 2679366.7997946725 4245866.606754788 -939976.893620257 -1002626.4931340779 1484440.0348731223 1153258.8595641416 1391835.216075866 1962716.7267265166 -2157969.3280124078 -412465.65390318236 -3616915.0013465877 -607925.518386069 -225510.7780963832 -2381617.3547363332 -1592761.2914222798 2573586.4226248786 490537.9604767805 -1258972.2107809354 1292332.0254883305 -49948.90500984648 -221598.32708244154 615821.1944577056 2125171.3332908666 -3996684.1925315633 -2911887.845588986 342514.1561387604 38667.63622133146 -559673.5255332818 1330279.0170763312 569441.2346383167 1691273.2954398282 -3503275.0472378023 -4998651.109005351 -4503366.008169368 110708.4662838091 674965.1396741018 -1414737.363011435 -445891.79324706894
-1803556.416319966 1661311.2545490966 -6417013.669265219 33917024.993057296 -418183.7645539294 -2519715.102670283 3107428.841177636 -1136302.7661568455 1135015.07187766 -1047622.1080918757 -3757211.8535919003 359936.3574243012 -1345023.2451711404 -383708.38425483013 -608214.0928920759 1813596.1979821078 1168222.2098042942 -2150727.613091895 2064796.5649866369 883622.1128266765 172806.56147425916 -3309565.142764275 2557945.514743368 -769393.2811537568 -123227.5564517891 492393.5629582207 1964048.656365876 4395715.759413839 -1903055.6496105646 -636606.2886666561 -2028817.3946699174 -2863706.961590917 3388820.475268285 3048388.4951784597 -1474631.36381705 -2868179.9862939357 2323333.570953079 897145.2637266336 -773953.4823899156 -15677.330001626902 2113306.5574118267 848527.0083821688 -1953772.069479469 -2372937.9754074956 -568072.7848753568 -736483.988568691
885883.7546265929 1823411.1700729812 866535.7471902285 -418183.7645539294 32956742.567084026 -1547170.6491856584 -1017593.332895593 1471310.2913667532 1255972.4769474734 -1776750.2022499752 3749570.835841487 1852965.5537813825 -3645720.5750891026 982953.5702353193 5724683.205505772 1048675.555164722 -1334360.573586857 800168.4920604938 -1600521.9250559246 -3130941.2207204117 -398816.921676617 3068332.511618645 -41646.32116374468 -987387.4167500482 1146187.4857733208 -514350.43727457296 1318897.0951192908 1174588.9430690638 1305873.0732952356 58536.19899598424 1814496.5070279685 719467.1082977235 -533939.391325027 648251.5775465004 -312464.5894050694 509899.78664457455 2915288.1205672803 1218919.3698252717 -363518.88553684094 -450198.76692662295 -1533519.2565366153 -606332.4751305163 166204.5431415933 -2209030.926455587 -900621.4965388716 -693178.0503979613
-3937165.601472973 -135457.4320837015 5258054.286906591 -2519715.102670283 -1547170.6491856584 33608909.282559715 1913516.5135129448 -184739.3059450199 -2655867.5918855723 -4048841.3401068174 -972533.4953267266 -2174282.8388295877 -1987826.8010563066 2421303.016190326 2181399.7542655175 2472730.8125782283 -874776.7374152655 -2231279.6618822883 156147.02227803122 -1156966.8071457692 -3252397.0303246425 -3510465.256811226 -1355217.1391646455 -1292626.6546593658 -1955411.7241870426 -81462.71459688056 -2308955.36668129 1309097.1598217955 2136328.332662378 945592.6180555321 3649727.272105102 -927440.7001430019 -932774.1520978158 567008.6605374449 -6687889.250551295 -877558.4480459798 2677151.864357898 -18996.276879806253 -1410864.9824089964 265359.2634929301 -3204439.2221277216 -3896045.16239868 -2646839.857723787 3352576.282457332 -820571.395800174 1670669.7077840266
-1220927.1449665043 2104470.6482403004 -2488487.974426513 3107428.841177636 -1017593.332895593 1913516.5135129448 33045623.237796303 686197.9646043184 -510637.1864570079 -724223.3458239586 3730873.809608903 2069349.1828571751 1869211.4056662219 -2316606.095804754 -379448.1819150939 1899884.2489816935 372610.2416469038 499414.99282958574 -378320.0749075757 -1785054.483672769 1992701.993078464 -3644030.3984111766 5295094.8615187295 -4760908.269144907 -2410698.130260606 -1986131.6773757485 1199779.4820470754 1934899.6719401476 925243.4078043959 553649.9179207602 4784368.493044042 1634107.7528166645 -2382546.1858092635 -1445931.2375006326 -2060079.745670832 -614736.2511766658 -370227.3452861211 -1409163.4141691127 1170729.022958166 2125203.069316922 -749073.954090334 -2110761.072807916 5260266.264841814 1636885.1686030931 1151764.7554667734 163022.5188929131
-62914.47564248904 -1383305.8164142414 1719373.2565445495 -1136302.7661568455 1471310.2913667532 -184739.3059450199 686197.9646043184 31699953.00500457 990805.7059195436 793062.8878398456 1794362.6140989673 1978137.3708245442 -536758.7187120739 1889094.3588381938 555181.3971034748 -1799863.5830047324 -2498533.9350595195 -939921.0253906123 -1639736.5267541516 2747709.6650200477 -339984.7018463472 -4556047.599204663 -284168.45291483967 3028636.972021596 -944166.587870699 1935452.538363259 451354.1680785368 -1506822.6041742358 2013666.5743677001 -1789223.3584388376 -39597.63150230837 1895993.196031136 -2004100.0945631159 1642623.2462095646 -1261698.5612538818 -758898.3577940525 545724.2256049043 -863446.8756944595 -1516181.2403142413 -133113.41236075346 704224.1490011908 -1462565.8492371617 -275387.27934647584 -2097151.09630926 -997512.2758861855 -1179618.2680317983
-3386132.644821432 2953371.015230337 2679366.7997946725 1135015.07187766 1255972.4769474734 -2655867.5918855723 -510637.1864570079 990805.7059195436 31048915.935194 2678659.5221925904 -1680856.5516672237 -1348140.57029679 1367188.351106094 143967.3814434179 -665728.966966586 -552889.215295267 1146443.4483203047 3447569.6619165544 -2083902.0072857752 -2405348.843796377 -128941.85684926713 1177424.7484178205 -1365879.9602291896 1808404.6322305126 882775.8124189373 185333.05675184462 1165538.021270824 -1877126.7158710784 -68253.44675481856 -927436.8635814675 -1173351.2496314251 -4269577.752253314 -374972.0624358416 -3418385.143678598 9783.04667560645 -1949484.1064543384 -1325983.4176329663 2243988.3436533385 -1374451.2708207348 1335723.7261214221 -1011827.2067483965 -1713916.7858107612 1263178.8008039803 -1070931.7135703503 -3272737.1052617617 130574.7773235584
-448448.1767131424 569996.8102905635 4245866.606754788 -1047622.1080918757 -1776750.2022499752 -4048841.3401068174 -724223.3458239586 793062.8878398456 2678659.5221925904 34476740.68879112 3280431.801032175 798234.3693472221 -515649.1559872421 2497992.9410151336 -1363692.6190697844 1096654.314106844 -192876.09022290376 1033548.8887851979 -520795.4320473982 79279.72392079509 2290255.0217056125 -2029407.1165865348 2330160.6575984997 1929568.6749510746 1452373.2427796426 -348019.13973716035 -2271530.4546288936 48210.61425127258 -2454854.762135786 -1269407.3773887435 -433651.1465616758 -3021638.0074933036 1513818.443293212 -1815468.8581115156 -3562265.3892527926 -3184077.010674516 2221935.361676541 1786552.1532771236 386945.81995870994 -2562528.0514589585 206099.7206283848 1005679.128909266 106168.6206502343 -816647.2792269501 -3351332.784772014 -2766422.015396538
1027622.9822356385 1380023.934192364 -939976.893620257 -3757211.8535919003 3749570.835841487 -972533.4953267266 3730873.809608903 1794362.6140989673 -1680856.5516672237 3280431.801032175 32684400.239794508 6557362.766065368 353049.71706109203 2698783.413190264 -1106268.6422269556 852328.4907288363 -1468747.9575032433 1454278.9606060446 -743985.9862355577 201205.00076599733 1313681.7532329955 -1923102.2936299022 -924374.42664627 96487.20595358059 -3256597.054080857 -746661.7474701134 -1798401.4809648306 -2204426.2404604345 2673642.6587956585 148376.06823666042 2888402.708047978 1087382.547097565 -1385866.3868550244 1768837.8945897552 -3188306.7394865733 2818880.503216789 2283423.0877555967 2504902.6220258065 -448111.78094407346 2758233.1308382917 -728999.9342642118 -598994.748187261 -30429.634091372773 -1007302.6916381972 -2978509.26999959 -785099.8586641803
-1931137.1654733845 -478615.00982379174 -1002626.4931340779 359936.3574243012 1852965.5537813825 -2174282.8388295877 2069349.1828571751 1978137.3708245442 -1348140.57029679 798234.3693472221 6557362.766065368 35028402.56893848 -3111118.5070289546 453069.49060567585 -1475140.3266298247 199174.46499053697 408759.32969246747 -3609718.14327439 -4187771.243696879 -75420.7012621236 -1773396.135400125 -1055905.664285353 2434192.1834251126 4019854.616613805 115952.51830932905 -2816417.4703184688 1908995.8088511294 4118077.807553627 -962893.6058194243 -2003985.700966118 2078273.7796967872 2502606.394595149 1220234.1520531597 617405.1766135672 -997370.4799783357 2608729.8067144626 -922875.9605680256 2038664.9607012293 3166188.753675438 356349.03130965534 244252.38917415045 -464462.8250907603 1920322.0736634552 446459.45015553327 1179056.7358005526 1343633.128953783
3755698.0198549475 2201903.165704074 1484440.0348731223 -1345023.2451711404 -3645720.5750891026 -1987826.8010563066 1869211.4056662219 -536758.7187120739 1367188.351106094 -515649.1559872421 353049.71706109203 -3111118.5070289546 35227432.72673788 -151518.75847192615 2215913.229059608 451674.95135542646 -4531911.430035288 -1207870.2278543669 1476237.2673932074 -857036.6454585583 882973.4410567061 686891.1850040323 1981382.9384411257 2953161.7756340425 -294672.7169989457 1166558.3621149606 2835902.774581142 1413943.9493768301 -1139905.9939218278 453522.00853788987 1510473.1718520145 -146150.36549461295 -2685445.210381976 2733243.299106557 4365944.372220684 -659206.142535063 -2903515.842300979 -230679.71427257353 2986616.1860212316 -2268218.8183242637 -1475633.9634210153 2713419.974310714 2391815.823276276 -438424.66165582626 1125939.4881734396 75354.61992212369
3219699.610851589 -961624.4598960968 1153258.8595641416 -383708.38425483013 982953.5702353193 2421303.016190326 -2316606.095804754 1889094.3588381938 143967.3814434179 2497992.9410151336 2698783.413190264 453069.49060567585 -151518.75847192615 33715881.72572565 -547661.2857805698 -2345170.485295452 3310952.9956032885 246016.85875380432 2488873.7965407255 -2132241.949498781 -513390.74150031613 -1376440.7583819607 -1508372.042446325 2715418.2918627895 3498904.054781445 3741915.416418851 -963172.1314094261 138464.3203494883 -368686.99213836284 -3706822.703175563 -743816.965516529 -3187215.6552170664 1400771.8532543445 2664716.6573715075 -1525592.9781361797 2118005.751245261 -120315.99744068983 614815.0559244141 -1202598.6893544584 948352.4706678931 2075695.868180085 342011.5066016806 -1898544.130960505 -145154.74535100305 6394419.665277611 49428.933435093946
-1457193.6993116671 193963.46531965132 1391835.216075866 -608214.0928920759 5724683.205505772 2181399.7542655175 -379448.1819150939 555181.3971034748 -665728.966966586 -1363692.6190697844 -1106268.6422269556 -1475140.3266298247 2215913.229059608 -547661.2857805698 33391310.438345347 1395084.4364873061 618277.9953348802 -823809.3605698907 655811.0306566822 -1489960.4947183374 159221.81775291896 1687047.3462409023 -725776.6247399728 -1611437.6464267212 2357219.4678148706 -3141405.7358975764 580565.1473456575 -669486.2219134128 1897470.447473822 98908.30441448934 877442.4050127531 -576084.4841087715 -3158329.874485453 -132421.5131486053 3698914.402508209 -4931761.357235249 -2166711.870695561 -642683.4766326887 6534433.365463811 216846.09019400435 -4355836.526646029 -290820.8814305452 2557926.8427377995 2160821.7131249434 1704948.723137859 -390535.13082453876
-1138949.5966649721 2450267.980472288 1962716.7267265166 1813596.1979821078 1048675.555164722 2472730.8125782283 1899884.2489816935 -1799863.5830047324 -552889.215295267 1096654.314106844 852328.4907288363 199174.46499053697 451674.95135542646 -2345170.485295452 1395084.4364873061 30982149.289054874 2037146.35606955 3287341.885445642 2101057.662078872 -961845.7203303141 -1837845.4592300607 -59179.06205986256 -2148791.1403200477 -403919.68601712695 -4366840.293070458 -1064502.4987058863 -22244.3515829351 -1425289.3527714638 -2288977.83864725 2645935.328468137 1875334.2877165384 -2891228.466745363 -1223639.3468541177 4932823.668428444 857966.7038322536 -192493.11444272584 -322076.67303864536 2706155.3536678236 1051101.3789446128 -1961513.1222726938 -1425085.1685157146 -748180.8113120622 874078.9668947785 -2794214.5939562665 105372.1595120582 -2760835.62845264
234666.00530470515 3046176.7343020085 -2157969.3280124078 1168222.2098042942 -1334360.573586857 -874776.7374152655 372610.2416469038 -2498533.9350595195 1146443.4483203047 -192876.09022290376 -1468747.9575032433 408759.32969246747 -4531911.430035288 3310952.9956032885 618277.9953348802 2037146.35606955 35377362.78816415 -986366.7757820244 2359313.646683827 2693315.66806946 -876333.0710987989 1881743.0409742726 -4309691.086620434 5140496.058877019 59074.87647867605 2969253.759886314 342930.37154915044 596599.8432351727 -989728.8440352079 2166311.1120149787 -1413946.5584721547 -1774140.229327851 5247494.754663289 -1850349.705799311 -3535779.0669822553 5725028.804656486 914078.859768211 -3403068.0781364306 1380903.64282956 -1942238.3856719849 -3703670.0470502404 2994762.0254009417 937112.0948777815 -262622.6395915695 1218524.7659330727 505485.45835157123
3326029.661975327 -1075812.6422591584 -412465.65390318236 -2150727.613091895 800168.4920604938 -2231279.6618822883 499414.99282958574 -939921.0253906123 3447569.6619165544 1033548.8887851979 1454278.9606060446 -3609718.14327439 -1207870.2278543669 246016.85875380432 -823809.3605698907 3287341.885445642 -986366.7757820244 34108582.68375971 2808847.331697662 -3094401.9971539886 60930.12464356643 320974.6736809177 -1088385.501038148 -3061104.0465205447 -163194.93487348864 -423703.81983384374 -3578748.254829816 -1316994.093542434 -3502862.0085953474 -1297423.8127295189 409506.123575327 -1354045.7842672537 943691.473953148 -5016695.032745937 2967049.8534128126 2422418.7504647733 -2936400.44692409 -2571438.13636969 -2740262.0913473074 193519.09373863018 1776656.9411857761 -3432663.8402946563 -1348945.7821833394 1740617.2316221583 551173.4426511335 -1690656.8299622932
1319896.195482569 553167.2766631184 -3616915.0013465877 2064796.5649866369 -1600521.9250559246 156147.02227803122 -378320.0749075757 -1639736.5267541516 -2083902.0072857752 -520795.4320473982 -743985.9862355577 -4187771.243696879 1476237.2673932074 2488873.7965407255 655811.0306566822 2101057.662078872 2359313.646683827 2808847.331697662 32617551.61024637 -230460.57792348182 -452609.3924050493 -1129402.5612124505 766665.092836151 -2316184.6788022746 2426844.485084172 -560536.9072697685 -815904.2128968716 3570069.471339573 124709.06982390003 -194541.34674986315 -1215000.2361525302 522030.6648329742 871549.2540132598 -2620896.840995051 4229246.753282724 264839.14000733325 1430497.974781098 -2955708.393167095 1625262.3888383706 -1107034.9313492791 -2052562.915998232 1198529.7715136823 798358.5814276243 -245189.71854478458 5593101.238682764 -407628.8543613912
2227530.439363135 -3336.410380943614 -607925.518386069 883622.1128266765 -3130941.2207204117 -1156966.8071457692 -1785054.483672769 2747709.6650200477 -2405348.843796377 79279.72392079509 201205.00076599733 -75420.7012621236 -857036.6454585583 -2132241.949498781 -1489960.4947183374 -961845.7203303141 2693315.66806946 -3094401.9971539886 -230460.57792348182 36621292.48952602 -2618568.4237502315 2699303.116030606 -1066053.4371609776 2027219.39066461 179271.57329160426 -2397202.0450615617 -2769424.1913282303 -3364974.0159658226 -1190870.2572205602 172832.88962918104 1707366.5207817196 2133420.0514943567 -490551.42562965275 -1266848.588666037 1916844.4513575006 4826945.961886326 974782.8211104027 1453730.2088360337 -2535098.578235508 -3566439.9077024246 1116059.6855880956 -57930.53351498459 -2075235.0869323276 -4360770.602172499 -290625.40134491917 -550497.0211030861
569230.159285178 1979713.405366022 -225510.7780963832 172806.56147425916 -398816.921676617 -3252397.0303246425 1992701.993078464 -339984.7018463472 -128941.85684926713 2290255.0217056125 1313681.7532329955 -1773396.135400125 882973.4410567061 -513390.74150031613 159221.81775291896 -1837845.4592300607 -876333.0710987989 60930.12464356643 -452609.3924050493 -2618568.4237502315 32903429.547045834 -1659751.753637556 -835203.1904062148 -227876.13986793355 -3679001.3505738894 430916.6941560458 881570.1404322989 686061.1594784233 -285759.00218079094 -2249486.850696883 1120748.229470709 2155850.667396195 -593882.9899554069 -1678068.200385697 -242737.2714736119 -1891102.191303877 -3079.8227408095167 3103066.2108434127 -4886059.063572809 -1298970.1086225302 1096561.8221493668 1182630.6457690324 1876558.2804645798 -4486252.946542084 -1999173.6045512506 -1623925.6265668925
3290640.9839706644 1034335.6689106526 -2381617.3547363332 -3309565.142764275 3068332.511618645 -3510465.256811226 -3644030.3984111766 -4556047.599204663 1177424.7484178205 -2029407.1165865348 -1923102.2936299022 -1055905.664285353 686891.1850040323 -1376440.7583819607 1687047.3462409023 -59179.06205986256 1881743.0409742726 320974.6736809177 -1129402.5612124505 2699303.116030606 -1659751.753637556 35483006.308250695 1073922.3933228722 -3090312.5601444235 4706635.814459547 -3386277.9137036125 -1023302.711138402 1471148.0828043025 -4255285.706326721 1800697.7064711475 -379108.551349635 -377170.0935466917 900640.7521668979 -1025586.8387974609 743408.5560210957 3183617.178978832 703887.2859472972 1011947.622980057 16668.513810728455 498945.48797237856 551971.8782823134 -393500.5918790185 -949066.3925259003 -84797.78781344117 -615523.8676166704 2238040.804900287
-1957500.9579473024 -2084227.1411821477 -1592761.2914222798 2557945.514743368 -41646.32116374468 -1355217.1391646455 5295094.8615187295 -284168.45291483967 -1365879.9602291896 2330160.6575984997 -924374.42664627 2434192.1834251126 1981382.9384411257 -1508372.042446325 -725776.6247399728 -2148791.1403200477 -4309691.086620434 -1088385.501038148 766665.092836151 -1066053.4371609776 -835203.1904062148 1073922.3933228722 31195101.923221797 -3219748.8381614257 2920516.071518377 -1211009.6909859488 1383817.2321982358 2883491.7263607853 -1177994.2467819161 -1015861.9721271297 482667.92735696275 345960.6715435507 1456344.2378086443 -91898.37794144117 2936505.0010213223 1591979.3826670325 -917691.6100883993 -1401283.6368270712 -193456.8674184021 -1747850.7963345328 2942700.763893002 -2027660.4876715324 3267926.427508549 -4105041.147094451 430134.3664194316 -417895.24607486103
1771656.160757384 1278701.6822871014 2573586.4226248786 -769393.2811537568 -987387.4167500482 -1292626.6546593658 -4760908.269144907 3028636.972021596 1808404.6322305126 1929568.6749510746 96487.20595358059 4019854.616613805 2953161.7756340425 2715418.2918627895 -1611437.6464267212 -403919.68601712695 5140496.058877019 -3061104.0465205447 -2316184.6788022746 2027219.39066461 -227876.13986793355 -3090312.5601444235 -3219748.8381614257 34452557.07161243 -192025.4122095707 -1296547.070174678 2305608.3770620674 -1054307.2144474282 343419.90474370605 3628024.066136978 -1328626.8637567111 -200408.81727146253 1969808.0802752557 5433457.875350496 2358690.5420340053 3392824.1181771755 -592482.6050591941 -944393.9614587006 2315438.329815877 1078430.4504987267 427704.60219782114 1807358.5349120072 -41228.84427890381 -1247218.8553346188 -1073948.411738737 -261559.97590841833
1571691.9427968266 -1692172.2643595992 490537.9604767805 -123227.5564517891 1146187.4857733208 -1955411.7241870426 -2410698.130260606 -944166.587870699 882775.8124189373 1452373.2427796426 -3256597.054080857 115952.51830932905 -294672.7169989457 3498904.054781445 2357219.4678148706 -4366840.293070458 59074.87647867605 -163194.93487348864 2426844.485084172 179271.57329160426 -3679001.3505738894 4706635.814459547 2920516.071518377 -192025.4122095707 34814740.151062325 -2597508.35305005 -2496706.2900591725 1122340.8601942216 -3603025.2862245743 1746506.6789747067 2046807.6104821267 3502460.429566432 2258710.4453257816 -722993.0998465872 -1055524.4619552789 5147220.6105881985 -2122915.5239654575 1856061.8385056197 1408986.1278013035 -3459770.2088395907 -1148612.1141815514 -3123379.767073557 -802683.601073037 449598.8698734212 1257948.9710456065 204849.64552702298
-5524530.190092388 1016872.6454974955 -1258972.2107809354 492393.5629582207 -514350.43727457296 -81462.71459688056 -1986131.6773757485 1935452.538363259 185333.05675184462 -348019.13973716035 -746661.7474701134 -2816417.4703184688 1166558.3621149606 3741915.416418851 -3141405.7358975764 -1064502.4987058863 2969253.759886314 -423703.81983384374 -560536.9072697685 -2397202.0450615617 430916.6941560458 -3386277.9137036125 -1211009.6909859488 -1296547.070174678 -2597508.35305005 32843934.223983705 -3054123.7610354517 1629723.2860181227 1485980.4035485624 887239.0959074444 990947.7031979387 -3865910.883333236 550868.332493129 2589269.3573034424 -2954404.8988580634 4836298.439053428 624548.4601999512 -5193213.71023097 502524.23859696847 -493710.50919030013 -854630.3911223537 2539610.843853238 -721479.9911976593 2742511.9577209074 -392431.9050437137 -1075475.0425371898
1435971.8107308806 -1839837.0467664774 1292332.0254883305 1964048.656365876 1318897.0951192908 -2308955.36668129 1199779.4820470754 451354.1680785368 1165538.021270824 -2271530.4546288936 -1798401.4809648306 1908995.8088511294 2835902.774581142 -963172.1314094261 580565.1473456575 -22244.3515829351 342930.37154915044 -3578748.254829816 -815904.2128968716 -2769424.1913282303 881570.1404322989 -1023302.711138402 1383817.2321982358 2305608.3770620674 -2496706.2900591725 -3054123.7610354517 38332351.26525356 1535069.6451141685 2551932.7850648537 831902.7200148373 -2487223.1329787932 403472.3745879302 -1378954.9370981243 -1364216.5189185957 -1989026.8540917237 -2258267.6638385486 -1080344.4157607844 -92924.33820196679 -2250321.188254831 -1491369.4485858139 2107143.547978397 -744838.3153843418 -264893.7202822821 -41258.34227619323 2123604.602839718 -1130198.5406401504
2110710.567712435 -1097541.2269621822 -49948.90500984648 4395715.759413839 1174588.9430690638 1309097.1598217955 1934899.6719401476 -1506822.6041742358 -1877126.7158710784 48210.61425127258 -2204426.2404604345 4118077.807553627 1413943.9493768301 138464.3203494883 -669486.2219134128 -1425289.3527714638 596599.8432351727 -1316994.093542434 3570069.471339573 -3364974.0159658226 686061.1594784233 1471148.0828043025 2883491.7263607853 -1054307.2144474282 1122340.8601942216 1629723.2860181227 1535069.6451141685 30792508.380469438 1869434.0811454414 -298168.4751965797 -2090955.1469537632 -60653.25574193071 -183540.54205235007 -474640.41008654755 1695338.0746343131 302316.2952728509 593613.8212668562 -466252.94294379774 -624784.1923571463 1923937.619107359 -689194.7350366267 -2248885.0384719865 635612.7133567396 -1111661.4859850535 1466.9154443986683 946748.4914200434
-1826438.3274850892 -45435.027764797545 -221598.32708244154 -1903055.6496105646 1305873.0732952356 2136328.332662378 925243.4078043959 2013666.5743677001 -68253.44675481856 -2454854.762135786 2673642.6587956585 -962893.6058194243 -1139905.9939218278 -368686.99213836284 1897470.447473822 -2288977.83864725 -989728.8440352079 -3502862.0085953474 124709.06982390003 -1190870.2572205602 -285759.00218079094 -4255285.706326721 -1177994.2467819161 343419.90474370605 -3603025.2862245743 1485980.4035485624 2551932.7850648537 1869434.0811454414 31526486.17388526 -2544980.3315273914 928546.4766648607 3778503.9246137966 -1332205.5718552805 1432826.826910179 -1739218.9570230928 -483101.3190215041 21218.565954827798 -552092.380658648 -1499459.1012085339 3828697.3774397722 -532030.3413101742 -1085081.4353199936 1629476.469879158 1435365.2940044228 1492860.0495913476 3031863.8869640366
183216.32871898092 -314581.66253555706 615821.1944577056 -636606.2886666561 58536.19899598424 945592.6180555321 553649.9179207602 -1789223.3584388376 -927436.8635814675 -1269407.3773887435 148376.06823666042 -2003985.700966118 453522.00853788987 -3706822.703175563 98908.30441448934 2645935.328468137 2166311.1120149787 -1297423.8127295189 -194541.34674986315 172832.88962918104 -2249486.850696883 1800697.7064711475 -1015861.9721271297 3628024.066136978 1746506.6789747067 887239.0959074444 831902.7200148373 -298168.4751965797 -2544980.3315273914 33688240.233429946 -335867.2165580685 -296022.5292651403 3168021.703539414 -1497978.85165951 -218843.38227901436 585466.6235178992 645977.0507654458 -809760.9215141225 -4180427.7101475294 -1815944.8805032354 -4537523.26589248 1180166.641408907 -1054380.7870278638 1986403.1117766208 -799825.9708847073 -3302073.62203415
-360384.3222055257 -1248877.5347019779 2125171.3332908666 -2028817.3946699174 1814496.5070279685 3649727.272105102 4784368.493044042 -39597.63150230837 -1173351.2496314251 -433651.1465616758 2888402.708047978 2078273.7796967872 1510473.1718520145 -743816.965516529 877442.4050127531 1875334.2877165384 -1413946.5584721547 409506.123575327 -1215000.2361525302 1707366.5207817196 1120748.229470709 -379108.551349635 482667.92735696275 -1328626.8637567111 2046807.6104821267 990947.7031979387 -2487223.1329787932 -2090955.1469537632 928546.4766648607 -335867.2165580685 34072019.82098562 998857.5036277045 -2977768.1176753216 1704977.9843591172 -2855238.892781893 1899257.4539703054 102659.64292439833 2582879.4050087314 3119409.5745581733 4858288.075893969 -1238398.2798695364 195413.56540031603 753977.412542168 820513.7113261407 -1110938.028860182 -683717.8683366741
-393543.7949326738 -2437215.02439073 -3996684.1925315633 -2863706.961590917 719467.1082977235 -927440.7001430019 1634107.7528166645 1895993.196031136 -4269577.752253314 -3021638.0074933036 1087382.547097565 2502606.394595149 -146150.36549461295 -3187215.6552170664 -576084.4841087715 -2891228.466745363 -1774140.229327851 -1354045.7842672537 522030.6648329742 2133420.0514943567 2155850.667396195 -377170.0935466917 345960.6715435507 -200408.81727146253 3502460.429566432 -3865910.883333236 403472.3745879302 -60653.25574193071 3778503.9246137966 -296022.5292651403 998857.5036277045 30127497.437917035 -559510.7117246494 -405471.5521803934 -586125.5029375311 1098889.18277581 -3119136.9619811387 -1037617.681845447 -2651194.7962138993 -2108198.366845516 -861252.4487412617 1343139.2008024096 567878.2544211561 -3907541.059988434 -949680.6149183945 391521.61245101696
426887.0844568685 -153257.31008392348 -2911887.845588986 3388820.475268285 -533939.391325027 -932774.1520978158 -2382546.1858092635 -2004100.0945631159 -374972.0624358416 1513818.443293212 -1385866.3868550244 1220234.1520531597 -2685445.210381976 1400771.8532543445 -3158329.874485453 -1223639.3468541177 5247494.754663289 943691.473953148 871549.2540132598 -490551.42562965275 -593882.9899554069 900640.7521668979 1456344.2378086443 1969808.0802752557 2258710.4453257816 550868.332493129 -1378954.9370981243 -183540.54205235007 -1332205.5718552805 3168021.703539414 -2977768.1176753216 -559510.7117246494 33725157.418238066 -1117387.2175671153 -2506570.216633653 1393446.8595453096 -1505476.7350371087 -2618296.1256979792 -3598159.8542223135 -1964541.3436144595 -236346.29016693318 2498339.7990145427 -2619337.265906854 451248.50808345096 -417431.86363559955 2607993.824087283
-3496066.085667102 1589017.1713299823 342514.1561387604 3048388.4951784597 648251.5775465004 567008.6605374449 -1445931.2375006326 1642623.2462095646 -3418385.143678598 -1815468.8581115156 1768837.8945897552 617405.1766135672 2733243.299106557 2664716.6573715075 -132421.5131486053 4932823.668428444 -1850349.705799311 -5016695.032745937 -2620896.840995051 -1266848.588666037 -1678068.200385697 -1025586.8387974609 -91898.37794144117 5433457.875350496 -722993.0998465872 2589269.3573034424 -1364216.5189185957 -474640.41008654755 1432826.826910179 -1497978.85165951 1704977.9843591172 -405471.5521803934 -1117387.2175671153 33906754.15239699 1615318.4180769264 2494705.552214306 -1670040.3552776654 -2110534.6797707872 -872769.1018268194 -170113.92735786657 -649684.5613547292 -1194858.1462718842 -4874531.308823939 -2067064.442449139 -2515281.930447292 -3202698.9892805326
-551404.6926191795 1868785.6003084516 38667.63622133146 -1474631.36381705 -312464.5894050694 -6687889.250551295 -2060079.745670832 -1261698.5612538818 9783.04667560645 -3562265.3892527926 -3188306.7394865733 -997370.4799783357 4365944.372220684 -1525592.9781361797 3698914.402508209 857966.7038322536 -3535779.0669822553 2967049.8534128126 4229246.753282724 1916844.4513575006 -242737.2714736119 743408.5560210957 2936505.0010213223 2358690.5420340053 -1055524.4619552789 -2954404.8988580634 -1989026.8540917237 1695338.0746343131 -1739218.9570230928 -218843.38227901436 -2855238.892781893 -586125.5029375311 -2506570.216633653 1615318.4180769264 32408807.98789093 1873797.6416863624 -1033430.8315610118 1294455.5451052678 967426.7558260169 -2265949.1337530697 3076972.2082004636 463524.26397368487 3233407.223330625 -878127.9918814106 2168015.169784035 167638.13320719532
3212419.3755968097 3413155.707560703 -559673.5255332818 -2868179.9862939357 509899.78664457455 -877558.4480459798 -614736.2511766658 -758898.3577940525 -1949484.1064543384 -3184077.010674516 2818880.503216789 2608729.8067144626 -659206.142535063 2118005.751245261 -4931761.357235249 -192493.11444272584 5725028.804656486 2422418.7504647733 264839.14000733325 4826945.961886326 -1891102.191303877 3183617.178978832 1591979.3826670325 3392824.1181771755 5147220.6105881985 4836298.439053428 -2258267.6638385486 302316.2952728509 -483101.3190215041 585466.6235178992 1899257.4539703054 1098889.18277581 1393446.8595453096 2494705.552214306 1873797.6416863624 33534776.028470866 -1837881.9111823575 -2347810.624005506 -3189398.3065896323 -699269.3264031039 -12392.394354369613 2683278.4717679075 -575025.7421078371 -127814.060771413 -161305.56860782087 -1084687.786730169
2616515.205718061 2318720.7749794303 1330279.0170763312 2323333.570953079 2915288.1205672803 2677151.864357898 -370227.3452861211 545724.2256049043 -1325983.4176329663 2221935.361676541 2283423.0877555967 -922875.9605680256 -2903515.842300979 -120315.99744068983 -2166711.870695561 -322076.67303864536 914078.859768211 -2936400.44692409 1430497.974781098 974782.8211104027 -3079.8227408095167 703887.2859472972 -917691.6100883993 -592482.6050591941 -2122915.5239654575 624548.4601999512 -1080344.4157607844 593613.8212668562 21218.565954827798 645977.0507654458 102659.64292439833 -3119136.9619811387 -1505476.7350371087 -1670040.3552776654 -1033430.8315610118 -1837881.9111823575 33164012.70439136 2243713.117170285 -1346859.25833926 -1079878.9978631183 -429447.16195713595 -1916131.9717737471 -1521057.013549007 784045.686050349 -1510813.8327359026 -180853.39866340908
-835218.6073924521 -230292.08505367453 569441.2346383167 897145.2637266336 1218919.3698252717 -18996.276879806253 -1409163.4141691127 -863446.8756944595 2243988.3436533385 1786552.1532771236 2504902.6220258065 2038664.9607012293 -230679.71427257353 614815.0559244141 -642683.4766326887 2706155.3536678236 -3403068.0781364306 -2571438.13636969 -2955708.393167095 1453730.2088360337 3103066.2108434127 1011947.622980057 -1401283.6368270712 -944393.9614587006 1856061.8385056197 -5193213.71023097 -92924.33820196679 -466252.94294379774 -552092.380658648 -809760.9215141225 2582879.4050087314 -1037617.681845447 -2618296.1256979792 -2110534.6797707872 1294455.5451052678 -2347810.624005506 2243713.117170285 36444778.17741072 1653201.2036159309 -444207.860838052 -1829636.962512707 -971619.6653512901 -1365310.853066116 -2232830.2196791577 -1946750.2713533917 268058.76808629953
-591999.6706018881 629673.2483031395 1691273.2954398282 -773953.4823899156 -363518.88553684094 -1410864.9824089964 1170729.022958166 -1516181.2403142413 -1374451.2708207348 386945.81995870994 -448111.78094407346 3166188.753675438 2986616.1860212316 -1202598.6893544584 6534433.365463811 1051101.3789446128 1380903.64282956 -2740262.0913473074 1625262.3888383706 -2535098.578235508 -4886059.063572809 16668.513810728455 -193456.8674184021 2315438.329815877 1408986.1278013035 502524.23859696847 -2250321.188254831 -624784.1923571463 -1499459.1012085339 -4180427.7101475294 3119409.5745581733 -2651194.7962138993 -3598159.8542223135 -872769.1018268194 967426.7558260169 -3189398.3065896323 -1346859.25833926 1653201.2036159309 35302564.07242419 1693423.3048150453 1532081.9340279521 2137351.332744953 5085656.431314842 1678087.576917987 702821.8470627434 -820975.1917458676
818560.6396334105 -1623831.6306867285 -3503275.0472378023 -15677.330001626902 -450198.76692662295 265359.2634929301 2125203.069316922 -133113.41236075346 1335723.7261214221 -2562528.0514589585 2758233.1308382917 356349.03130965534 -2268218.8183242637 948352.4706678931 216846.09019400435 -1961513.1222726938 -1942238.3856719849 193519.09373863018 -1107034.9313492791 -3566439.9077024246 -1298970.1086225302 498945.48797237856 -1747850.7963345328 1078430.4504987267 -3459770.2088395907 -493710.50919030013 -1491369.4485858139 1923937.619107359 3828697.3774397722 -1815944.8805032354 4858288.075893969 -2108198.366845516 -1964541.3436144595 -170113.92735786657 -2265949.1337530697 -699269.3264031039 -1079878.9978631183 -444207.860838052 1693423.3048150453 31416677.68119052 715644.5387866512 -829998.3777030135 -1016395.2759892545 2753623.239539494 541878.1743021677 130976.88656756358
2502849.6410006513 1558335.2594853528 -4998651.109005351 2113306.5574118267 -1533519.2565366153 -3204439.2221277216 -749073.954090334 704224.1490011908 -1011827.2067483965 206099.7206283848 -728999.9342642118 244252.38917415045 -1475633.9634210153 2075695.868180085 -4355836.526646029 -1425085.1685157146 -3703670.0470502404 1776656.9411857761 -2052562.915998232 1116059.6855880956 1096561.8221493668 551971.8782823134 2942700.763893002 427704.60219782114 -1148612.1141815514 -854630.3911223537 2107143.547978397 -689194.7350366267 -532030.3413101742 -4537523.26589248 -1238398.2798695364 -861252.4487412617 -236346.29016693318 -649684.5613547292 3076972.2082004636 -12392.394354369613 -429447.16195713595 -1829636.962512707 1532081.9340279521 715644.5387866512 32970884.12905832 -2756157.1480678413 237997.60890923045 -1621854.1667500474 1110318.0939686932 1672851.3315391503
437709.98383617646 -2151956.635435469 -4503366.008169368 848527.0083821688 -606332.4751305163 -3896045.16239868 -2110761.072807916 -1462565.8492371617 -1713916.7858107612 1005679.128909266 -598994.748187261 -464462.8250907603 2713419.974310714 342011.5066016806 -290820.8814305452 -748180.8113120622 2994762.0254009417 -3432663.8402946563 1198529.7715136823 -57930.53351498459 1182630.6457690324 -393500.5918790185 -2027660.4876715324 1807358.5349120072 -3123379.767073557 2539610.843853238 -744838.3153843418 -2248885.0384719865 -1085081.4353199936 1180166.641408907 195413.56540031603 1343139.2008024096 2498339.7990145427 -1194858.1462718842 463524.26397368487 2683278.4717679075 -1916131.9717737471 -971619.6653512901 2137351.332744953 -829998.3777030135 -2756157.1480678413 34538827.366679795 1842432.661346926 2900974.0685134106 1305071.3743397407 -452174.2303505044
1652942.3961001344 -2264169.0584264365 110708.4662838091 -1953772.069479469 166204.5431415933 -2646839.857723787 5260266.264841814 -275387.27934647584 1263178.8008039803 106168.6206502343 -30429.634091372773 1920322.0736634552 2391815.823276276 -1898544.130960505 2557926.8427377995 874078.9668947785 937112.0948777815 -1348945.7821833394 798358.5814276243 -2075235.0869323276 1876558.2804645798 -949066.3925259003 3267926.427508549 -41228.84427890381 -802683.601073037 -721479.9911976593 -264893.7202822821 635612.7133567396 1629476.469879158 -1054380.7870278638 753977.412542168 567878.2544211561 -2619337.265906854 -4874531.308823939 3233407.223330625 -575025.7421078371 -1521057.013549007 -1365310.853066116 5085656.431314842 -1016395.2759892545 237997.60890923045 1842432.661346926 32708135.14702691 4610859.861442419 2119997.896352541 621095.4531042685
1058428.6200087287 -4061874.303209918 674965.1396741018 -2372937.9754074956 -2209030.926455587 3352576.282457332 1636885.1686030931 -2097151.09630926 -1070931.7135703503 -816647.2792269501 -1007302.6916381972 446459.45015553327 -438424.66165582626 -145154.74535100305 2160821.7131249434 -2794214.5939562665 -262622.6395915695 1740617.2316221583 -245189.71854478458 -4360770.602172499 -4486252.946542084 -84797.78781344117 -4105041.147094451 -1247218.8553346188 449598.8698734212 2742511.9577209074 -41258.34227619323 -1111661.4859850535 1435365.2940044228 1986403.1117766208 820513.7113261407 -3907541.059988434 451248.50808345096 -2067064.442449139 -878127.9918814106 -127814.060771413 784045.686050349 -2232830.2196791577 1678087.576917987 2753623.239539494 -1621854.1667500474 2900974.0685134106 4610859.861442419 33459048.922690306 324296.91243748635 3073808.0020662863
-1703768.2246373543 -1755981.7414838194 -1414737.363011435 -568072.7848753568 -900621.4965388716 -820571.395800174 1151764.7554667734 -997512.2758861855 -3272737.1052617617 -3351332.784772014 -2978509.26999959 1179056.7358005526 1125939.4881734396 6394419.665277611 1704948.723137859 105372.1595120582 1218524.7659330727 551173.4426511335 5593101.238682764 -290625.40134491917 -1999173.6045512506 -615523.8676166704 430134.3664194316 -1073948.411738737 1257948.9710456065 -392431.9050437137 2123604.602839718 1466.9154443986683 1492860.0495913476 -799825.9708847073 -1110938.028860182 -949680.6149183945 -417431.86363559955 -2515281.930447292 2168015.169784035 -161305.56860782087 -1510813.8327359026 -1946750.2713533917 702821.8470627434 541878.1743021677 1110318.0939686932 1305071.3743397407 2119997.896352541 324296.91243748635 33366009.93053284 600550.6499216387
