34725796.08197075 1128762.2769605038 -678674.2454527706 -394079.3301983456 -994235.9738239984 1039736.7788509139 -1812610.449218213 2061260.4946104402
1128762.2769605038 35103811.12149704 813369.8480584669 168143.6420819068 -507111.1597692523 2197251.911304162 59383.28391522186 2513331.5863894816
-678674.2454527706 813369.8480584669 35181298.39757659 172636.7028154202 629940.7108774428 -189840.45506869355 882097.625093809 -1258473.347284142
-394079.3301983456 168143.6420819068 172636.7028154202 31939986.742045455 1154677.9930076208 -307459.2808318964 -706457.5002344835 -20483.895989052948
-994235.9738239984 -507111.1597692523 629940.7108774428 1154677.9930076208 32755887.74983494 -1071771.681162888 1830750.633761291 -290298.43440580065
1039736.7788509139 2197251.911304162 -189840.45506869355 -307459.2808318964 -1071771.681162888 33481008.76861675 1749764.9080176647 -898772.6989274091
-1812610.449218213 59383.28391522186 882097.625093809 -706457.5002344835 1830750.633761291 1749764.9080176647 31934765.330619413 -1475503.9287807662
2061260.4946104402 2513331.5863894816 -1258473.347284142 -20483.895989052948 -290298.43440580065 -898772.6989274091 -1475503.9287807662 30729447.121224236
