35577756.144261055 4558996.307755419 -1172836.2526308876 -845376.7980127198 -2244187.9038774036 100276.02037425249 4008262.0264762505 2224866.2832602356 -1871862.3371923505 3444684.455384447 4543948.754133364 -4201999.695253231 1937969.3797614644 1600345.5013600525 1000227.07106825 -1668368.7850573556 -2122933.7765906933 2417600.785230012 2423101.335097188 -1206404.7901557456 4072609.271745791 1707881.4921326954 -2369579.2003109534 -5476407.752199076 1022947.6639167456 1634201.916372703 -1143012.7725556395 -681135.1613351187 -3199157.4229186135 1639703.8166693423 -3938756.0817954037 -1543436.5166970477 -3946191.1867933124 931371.6572831834 4233884.227999012 -1928426.2506459444 3847627.9213644494 -5694366.923451783 -1816994.0267485483 -590012.4875505795 1435225.6520532002 -2618177.957476336 -1749283.363352936 -520081.1658372005 -3927948.137523559 3360381.9702195483 -4544536.243983949
4558996.307755419 32694179.56794912 256268.69489692381 -120773.26214001284 -4887603.297615666 1070283.8621473212 1147576.64605115 -397459.00805547804 -1252804.0606825508 -1359568.048264612 3230429.170225362 -2251701.5434323624 1620627.1311229211 42027.608040372885 -3652114.3427514364 -2928029.7376964977 470746.0100640174 1723240.1787157939 1558479.5031651994 -1475940.9671430993 -239758.81148746557 2576995.1669116737 -2154784.7264908827 1361615.3089154125 -4650983.4278539615 -734326.4712960758 1229322.9266159048 351286.49547827616 -2465244.933348944 -207713.14135258543 -1232688.760929589 44442.16067641428 -3210933.057711895 1911521.6746013795 1281627.6341500527 3743487.747959836 1880091.795010549 -2723457.630227933 854086.4751595123 -71792.36690351948 -3463016.1363871624 -4087714.631794874 -528227.5415914973 2198347.0982939755 -3616040.1789212935 -86274.72342372376 -1050019.9935257395
-1172836.2526308876 256268.69489692381 33244863.532192446 6905958.724381469 991587.5005353655 -2084817.9367221887 1801705.7450852457 379366.33949667116 -1183654.4604564246 -1701392.0640195769 -1902142.3945352882 1773693.424611618 -2892578.967058204 1374365.7425322046 -1445289.2765645895 238471.00993190968 2965612.826029841 3000419.307141888 -1780742.0121753542 1985363.361412372 960703.6747470935 321743.64727882005 600638.9248077496 -1852557.440114391 2192625.3155805636 -3600995.5930258757 -2532592.1628927165 1211620.9587949642 -106509.59435996768 7304796.842729882 2280985.141999724 421086.5729826222 1177768.5447813284 -224479.15989652125 -824363.019548475 -2031506.7298988057 -4560292.774426495 -4786458.381751517 4011229.1832507364 1722978.8766294117 -2667345.7915962874 -818155.5314270545 -6618364.188124581 -2108578.5056747594 3253611.5027679433 2668733.94023033 -2368527.177875692
-845376.7980127198 -120773.26214001284 6905958.724381469 33070487.84542334 1447622.5647252377 1890835.1381791262 -79799.19211964283 1945552.6092048797 8558386.849467257 2009960.5974535095 -3375236.838358324 -1660284.0472642162 -958857.1121217782 3344864.013817438 373575.8765452043 -2430380.1139801387 1908721.0252736786 -2729801.7279575802 2770339.8309313296 1242166.2069464037 1838090.0684403125 3029762.7300446606 -2326387.213859493 -882874.887708412 2308325.933465068 1009346.94322323 -2921162.6950185555 -3495116.8807483506 2995157.623677089 6784784.804436915 4075264.1469567916 2325272.3298958857 4019720.516497925 3197662.4780371217 598704.3922367175 338835.57017627003 -2693959.1974371066 -2827448.5652189576 -501876.800395934 2581928.618017482 2591186.871302733 -3280641.764771976 2758465.312595122 -2960241.4779175296 -761256.6107918778 926818.6282967596 -1180833.4788284136
-2244187.9038774036 -4887603.297615666 991587.5005353655 1447622.5647252377 33349249.046346728 -4273511.595300289 515556.29143047845 -443261.0237940942 -1272897.048032155 5425534.477256925 3679789.6819331255 313737.5085128229 -5989087.906021455 1396226.1097103504 -1274780.023902649 -2336948.125296748 -886134.511977186 4250784.946088511 -195366.36473640095 3841664.2213875614 -729872.9487550987 -1619655.2435754668 2238483.5373639828 -383902.23514878034 4673235.5804241095 -1652286.7450891815 -1119211.8197312627 1589757.471625841 -1402612.2876829403 5532240.494001052 -1234201.485641461 559968.8518340482 1502227.8851901907 -3404470.6051890906 -23484.480527206422 -2988882.2344381628 1810103.8431005378 2220534.285268695 4269185.594211924 -4824966.828356718 1300755.1550805587 1213841.7772691469 3099012.764711898 -1008134.4221743457 2637111.9968380514 1692221.5557025557 -156105.56429207005
100276.02037425249 1070283.8621473212 -2084817.9367221887 1890835.1381791262 -4273511.595300289 33301100.790364634 2158469.4532520673 -4157736.8899808982 -3258914.914451436 -1783734.2202872506 544104.1891510286 -1686863.4112048303 169484.4298411678 108939.30915534559 -4065017.5232416443 -2698527.954432478 -3297546.0324794464 -613161.2333159733 352961.8027368813 -1530389.2420033838 -5565549.520100309 2574712.709544733 4020395.1409814507 -424637.3311811487 -2413383.2390985265 -4413121.80370927 -2803935.856564669 297253.75864508795 2147157.92416407 -932817.6909527158 -634422.5058924988 746813.8279993897 3532755.59142462 -2315665.0019246615 -522931.22486303735 538772.0911136706 -587905.5306862263 -1988133.5694616358 -7705606.226658218 -691666.9255176552 248919.51005324634 -2471210.110798991 7562529.035771123 -87361.1757345103 -592893.870631074 -1394610.903771889 -740330.0426326314
4008262.0264762505 1147576.64605115 1801705.7450852457 -79799.19211964283 515556.29143047845 2158469.4532520673 30559382.75254046 2296428.4947569743 -1745402.7919564534 869195.7583275986 199792.9571052716 5394066.029158918 1545933.0440973367 954577.5858297823 -1893589.3530378884 -1699895.1110757564 -5839726.609728647 2690039.725146876 -1417766.2186536584 424544.9391887491 -1213948.8401202944 1814555.5311673011 -1533186.7068299386 2786151.0749594914 -22189.01852629826 737492.6301192772 156199.19708402277 -1239631.554250392 -1490114.4970354724 -21970.2223891132 -151144.1042904907 -482937.4488981376 -1091884.6175179055 4382370.459541729 1814844.07737405 1166674.8751065119 1426701.721875461 -1666904.2582090336 -1363345.1201082242 214141.930501406 -1256460.9985729044 -912408.0284054624 -744356.9686583654 205407.85766734794 -2733638.880286764 3170158.646595738 267229.23642752407
2224866.2832602356 -397459.00805547804 379366.33949667116 1945552.6092048797 -443261.0237940942 -4157736.8899808982 2296428.4947569743 33474730.931615375 -596568.3177971366 -2545337.968649003 1850031.9168363404 1282471.9577074288 1795699.2397004522 -281243.49242857145 5576343.642486821 556163.3942812303 718844.9164650646 -2930290.5433802237 -3226476.0577324983 -1441103.2798911997 1743773.4685203473 -898347.4021848919 2118142.050185786 2322559.9891692065 -1318523.0971131236 2107153.455725821 4468534.55532111 12436.432399424924 915311.7524771078 1399446.1500125634 3652645.2089285483 -1119769.6033939086 -419959.195621664 2796013.5991445817 112686.54489417971 -386934.69527474476 359366.0160438884 -994939.7124436183 -899578.8319942756 6295001.958392171 820496.9294147311 3659633.192924456 90618.63164870323 -860416.2688482606 1522098.8272087793 -1645329.0143535463 559403.3079498655
-1871862.3371923505 -1252804.0606825508 -1183654.4604564246 8558386.849467257 -1272897.048032155 -3258914.914451436 -1745402.7919564534 -596568.3177971366 33010480.87067008 -1790267.6734511778 -4628913.440937779 -654927.1893688863 -475738.78649909387 -2048162.2074001573 -6955473.164817487 -6266480.997768371 -1506165.0153613042 -4015003.813949584 -2106246.983884962 1755687.6230749148 1656381.306558515 1911722.7857025936 -7435822.574363766 734123.9467200445 -3568523.2326169554 3330601.783054816 -3022030.985621856 1176400.6384273665 4619940.703203993 1917763.3930154939 4162085.543732593 -2090711.9140981943 2806987.271221556 -2158264.9415070573 3532605.592439738 1163374.6893800688 -773156.4224939762 -4425826.331618685 -3367012.0881375223 -851833.1304734481 891084.5026433631 -2464990.3313741074 -2725594.4283402837 2043778.8592423494 -2772542.4555023382 -1347663.359827604 -1073127.2725042976
3444684.455384447 -1359568.048264612 -1701392.0640195769 2009960.5974535095 5425534.477256925 -1783734.2202872506 869195.7583275986 -2545337.968649003 -1790267.6734511778 30094188.523453973 2342633.100720512 -5181419.485901935 -1437709.4675864067 -1258430.8671869417 2100176.480580976 -284414.9945354658 2210397.939164198 295355.9413277931 1738281.4462247423 -296991.430927005 -1511662.849125919 -857183.6264952807 -2005602.448699243 2208189.7599556246 229740.78918612123 1686528.2414042843 -442519.95263735135 -659603.6658947313 -3166760.549132979 4886621.206476372 -4717036.764460052 2931098.049886482 1759869.6629693608 -3007889.416274404 4379933.253573326 -1016683.2553576854 2697116.65231882 2103062.6290751817 -1859559.826194485 1087066.5057622492 5243919.214934235 4202433.565982255 3884281.0668721255 -1998816.494658519 265097.48457603616 -1800230.6998260613 -1552654.244137074
4543948.754133364 3230429.170225362 -1902142.3945352882 -3375236.838358324 3679789.6819331255 544104.1891510286 199792.9571052716 1850031.9168363404 -4628913.440937779 2342633.100720512 32171537.78148388 -33941.17307300392 -1157823.0080928786 137339.17765754307 1646415.518811981 -3176694.9743091026 -2365785.996557652 964195.1748010825 -1889791.1712024808 1031016.7427735685 -1696401.0555504858 -1385838.1934847895 4302351.792547719 -1799291.3925058339 2795167.66942353 -2586696.743184456 -2102344.8220109697 190091.46614326647 -5171095.596156249 -3425962.9393151393 2093882.8619877081 3738324.7518060156 -768326.44595841 4349589.829636198 -4183674.2569180266 1594081.6874029094 1492965.2828636253 3321426.816385074 -3662534.80235635 -3459643.1506427326 1794205.6126058183 -779703.7517540867 354503.731253481 4840754.639157562 4186559.405758784 -4425976.753301849 -4041617.301405465
-4201999.695253231 -2251701.5434323624 1773693.424611618 -1660284.0472642162 313737.5085128229 -1686863.4112048303 5394066.029158918 1282471.9577074288 -654927.1893688863 -5181419.485901935 -33941.17307300392 30565341.921516236 -3595859.6125262342 5243553.595825427 -169102.08213079587 -451137.84393946116 143665.9880737199 3221919.323422635 -671581.4057809698 3701034.712804786 -473263.8753353552 2689824.6966948016 -4281400.427450214 2091942.7933319055 2858003.036266435 -1867788.676798066 -3946654.759576395 1274.1327738756802 -4510941.403352248 1501759.7265013477 -1691108.676676016 -3851630.0846125605 293773.60304921586 -1202270.6346511994 -759451.3807880477 -38046.01293700068 2990922.834240188 -3667271.637571486 1731085.427133623 -3660203.526643154 -692633.0548589489 -443727.46472251636 -13128.190319097068 -3017092.864819724 807451.6162225899 -682888.7432600955 -134317.4875506472
1937969.3797614644 1620627.1311229211 -2892578.967058204 -958857.1121217782 -5989087.906021455 169484.4298411678 1545933.0440973367 1795699.2397004522 -475738.78649909387 -1437709.4675864067 -1157823.0080928786 -3595859.6125262342 31789027.606273156 -3490756.2636080086 -1218054.058723586 895702.672952083 4827570.572547543 -4872301.043512642 403346.381458885 -2623422.633668876 3541060.832808432 -606386.6823486646 -1039498.2189374907 4243388.637407008 -935589.0505073012 4759856.295419129 1397579.2895468965 661432.6805249875 574655.972464311 -2173050.539353906 3089325.8935345896 534887.8130549049 -3572586.3542526835 748172.9655933572 -34314.76023132638 2275979.3495827015 294287.1981099832 -896110.5311807089 1006208.5856058915 5384774.287995646 703518.6091166908 -909110.7144428102 1312120.4427329178 -2089426.135641394 525706.1675247682 -2105802.403318072 1891546.8873376076
1600345.5013600525 42027.608040372885 1374365.7425322046 3344864.013817438 1396226.1097103504 108939.30915534559 954577.5858297823 -281243.49242857145 -2048162.2074001573 -1258430.8671869417 137339.17765754307 5243553.595825427 -3490756.2636080086 30497211.843989752 1345176.4800660424 944626.8841047303 -1254100.0537858529 1419131.0718487569 5651185.23802699 834844.4812617494 839673.4854848279 1143517.234293256 -4239631.269937745 17324.170399794522 -729533.7182550385 2192867.2295132363 2734245.174946542 -2549514.249196001 -1145897.3200530123 400712.7988413159 -2620794.6489550266 3267337.0736051463 1353864.246025341 5252988.541885124 -5373786.7468301635 2759575.826964854 3345611.4941340485 539057.7590544125 -2471469.3540530885 2212026.43245131 -575228.5824930938 -2077035.88600703 4554033.996300456 3541530.4160011867 -533056.8413730568 -4360295.907049497 214738.71297993246
1000227.07106825 -3652114.3427514364 -1445289.2765645895 373575.8765452043 -1274780.023902649 -4065017.5232416443 -1893589.3530378884 5576343.642486821 -6955473.164817487 2100176.480580976 1646415.518811981 -169102.08213079587 -1218054.058723586 1345176.4800660424 33680011.2518658 2078882.2813616882 460356.2674761352 -4025166.761464073 1105106.6495641884 912188.5473141924 3110135.680906101 -2622815.287148539 1832368.0950721714 -5958788.602047564 2626538.6066960357 234476.26104301942 2235621.6207089704 -2756899.954323771 -1359670.0320899354 1822956.8229994483 -354113.7487135406 2514117.702792438 -1871494.021623222 -1702706.5766873942 1462955.629566526 319087.26275667344 -4318285.051567064 1431228.2729215752 -1595220.167797925 -2807992.589216042 -4531854.255568856 -3075704.5328758243 2498477.343043143 -1496304.163308359 726185.0385856377 567120.414491842 -499237.59190932964
-1668368.7850573556 -2928029.7376964977 238471.00993190968 -2430380.1139801387 -2336948.125296748 -2698527.954432478 -1699895.1110757564 556163.3942812303 -6266480.997768371 -284414.9945354658 -3176694.9743091026 -451137.84393946116 895702.672952083 944626.8841047303 2078882.2813616882 31545699.878983293 2716946.588181527 -2969202.4377618795 2976225.6283599986 -3551091.276338603 1208015.2387142119 734317.478263773 5925836.59001719 -2924818.433713922 2565003.843262809 4872087.114887835 -2956606.7905812934 84269.13092272768 -88259.4439710609 -1282836.8514047135 -4148825.3190956847 -4467193.023646284 -3405317.8623509137 -1742117.3548954814 -2731164.791347129 -3320538.7024074933 2276022.236880324 5221292.8804382775 4422804.914698151 194452.4011754234 1575025.6395411263 723.0185458658054 424401.0111725381 3725608.5321889557 -2246639.0128176045 1065068.4631604704 1760875.9361420572
-2122933.7765906933 470746.0100640174 2965612.826029841 1908721.0252736786 -886134.511977186 -3297546.0324794464 -5839726.609728647 718844.9164650646 -1506165.0153613042 2210397.939164198 -2365785.996557652 143665.9880737199 4827570.572547543 -1254100.0537858529 460356.2674761352 2716946.588181527 35712617.60606869 -1057070.6822450173 852670.8689973936 -2374320.653533615 2354990.2551675043 -658647.0554085685 -2606641.0228742906 5930999.003397838 -249393.1721517111 2824699.466906078 1910405.0529533138 -3764538.3221867154 1442681.0417562039 5666881.247035266 4332211.463743748 -1598713.5244075684 -3168076.8957228377 -3248222.354964995 922554.0160790442 -1832485.903301056 3821190.418239785 -1789703.431389973 -754921.5745376408 1102344.969010444 1745378.5697616544 4359869.964710385 773725.2410867383 1104618.8620135698 -3652236.2469536285 1804081.4704746944 1399737.8480770777
2417600.785230012 1723240.1787157939 3000419.307141888 -2729801.7279575802 4250784.946088511 -613161.2333159733 2690039.725146876 -2930290.5433802237 -4015003.813949584 295355.9413277931 964195.1748010825 3221919.323422635 -4872301.043512642 1419131.0718487569 -4025166.761464073 -2969202.4377618795 -1057070.6822450173 32576582.450799316 -3531649.6650297055 3680285.6891260273 1385992.0509106268 -428005.16526232276 2587274.57275806 1210446.288365034 3382990.7248239596 -3776075.171433964 2309906.283718238 846697.9678406867 -422110.9885111834 295548.2725358304 -852590.2860517525 -3934288.1958010183 -4866482.7670746045 3280089.663791927 1529088.455647062 -4743997.546921102 1048878.3605334088 2866025.254478832 2135678.829848717 -3517215.825708651 3201774.8566390993 -3188840.620809404 -1300845.7140984426 -3465497.2537685754 1374353.0503128245 3635248.0803816887 -2472809.6661871043
2423101.335097188 1558479.5031651994 -1780742.0121753542 2770339.8309313296 -195366.36473640095 352961.8027368813 -1417766.2186536584 -3226476.0577324983 -2106246.983884962 1738281.4462247423 -1889791.1712024808 -671581.4057809698 403346.381458885 5651185.23802699 1105106.6495641884 2976225.6283599986 852670.8689973936 -3531649.6650297055 35416754.60407589 -5405607.809565414 1232372.6961047323 2824003.035312241 -55951.64968198942 1060431.3253499707 -3048309.0924742 2045923.0799987917 4235476.054444658 2519333.3726037927 -909707.4796747441 475125.435557806 -2349725.138757957 -526313.4142493448 2291972.512985899 -5018886.396535196 -76449.59216163715 -363243.984118346 -374356.26551952556 2282450.9537060643 1341173.0209083885 234422.70048182152 2081581.0705912237 -8689974.34238762 4021053.5250581824 -2845224.5359719344 -2777104.8032760546 -540484.9213257068 -1472598.7688885937
-1206404.7901557456 -1475940.9671430993 1985363.361412372 1242166.2069464037 3841664.2213875614 -1530389.2420033838 424544.9391887491 -1441103.2798911997 1755687.6230749148 -296991.430927005 1031016.7427735685 3701034.712804786 -2623422.633668876 834844.4812617494 912188.5473141924 -3551091.276338603 -2374320.653533615 3680285.6891260273 -5405607.809565414 32284961.991847508 2094593.727963214 -480027.3170780797 2439376.4012163505 -2908126.0722422763 -503679.52530390705 1516413.2578582892 -2068564.1781472468 -3991882.0081030107 458166.4994206657 3874008.8887427966 304181.4941387997 1700744.1080792518 -533225.5331676719 2570805.846252338 -51285.8558594935 -2138798.1738000414 2229607.748436138 -3351211.0101454663 1219010.3616397174 -4985528.96750642 342446.3032858687 -3370163.979499001 -1484659.4101563198 -2497195.547434106 5830989.062418326 34308.95441315429 -2257328.7599419258
4072609.271745791 -239758.81148746557 960703.6747470935 1838090.0684403125 -729872.9487550987 -5565549.520100309 -1213948.8401202944 1743773.4685203473 1656381.306558515 -1511662.849125919 -1696401.0555504858 -473263.8753353552 3541060.832808432 839673.4854848279 3110135.680906101 1208015.2387142119 2354990.2551675043 1385992.0509106268 1232372.6961047323 2094593.727963214 34398069.36935445 1970218.1392097047 2461408.5512439106 -4542509.805239 2006179.635619633 2235933.334713701 -710403.6419824706 -1269133.8952317778 -303647.2232591738 498591.0395166222 4153354.6953911623 459312.540832389 3669826.523482 1382621.2799601345 -1426597.6160864204 1161115.6041180529 -268942.319157055 -1712418.0799921434 -1360281.6563757653 -1234687.2461776221 5226727.761696658 -1090538.3476369162 -3296261.2174845897 925400.5269792997 536319.27068383 -2293556.1653311825 -2275911.195377905
1707881.4921326954 2576995.1669116737 321743.64727882005 3029762.7300446606 -1619655.2435754668 2574712.709544733 1814555.5311673011 -898347.4021848919 1911722.7857025936 -857183.6264952807 -1385838.1934847895 2689824.6966948016 -606386.6823486646 1143517.234293256 -2622815.287148539 734317.478263773 -658647.0554085685 -428005.16526232276 2824003.035312241 -480027.3170780797 1970218.1392097047 34767816.45576275 -3430934.9781988286 -185593.82450503195 -990578.1507614108 -4536588.626405153 213816.89286882346 -2217127.74346145 1906509.6287866554 1497722.1486830902 268141.55910080957 -3217540.315682494 -124553.46740457637 421546.1558554807 3930796.330198921 4699700.360309714 4946940.0784974415 1259361.092063376 446936.14417208236 -1861918.5622685838 4768516.318615339 -1548097.6973580648 859582.0681197228 2171705.5598641583 -456508.77069294685 5123333.726168747 -6182272.667582641
-2369579.2003109534 -2154784.7264908827 600638.9248077496 -2326387.213859493 2238483.5373639828 4020395.1409814507 -1533186.7068299386 2118142.050185786 -7435822.574363766 -2005602.448699243 4302351.792547719 -4281400.427450214 -1039498.2189374907 -4239631.269937745 1832368.0950721714 5925836.59001719 -2606641.0228742906 2587274.57275806 -55951.64968198942 2439376.4012163505 2461408.5512439106 -3430934.9781988286 33791547.0081552 -930743.595917911 -492544.48590671766 -508173.29366519727 -3557816.5489978883 -2509610.7172448006 2483995.161961152 -1400416.025506063 4074893.8869528314 997924.7016150544 1824863.5697182803 679424.7023971686 -576496.0421308543 -636151.7458228953 -1308035.64271097 -712507.4709015735 4841497.456706588 750990.2539230427 3021654.153922974 3281.8002633829074 -453880.8878979786 434612.22291591007 3200446.109765563 -1143171.959780425 967684.463447436
-5476407.752199076 1361615.3089154125 -1852557.440114391 -882874.887708412 -383902.23514878034 -424637.3311811487 2786151.0749594914 2322559.9891692065 734123.9467200445 2208189.7599556246 -1799291.3925058339 2091942.7933319055 4243388.637407008 17324.170399794522 -5958788.602047564 -2924818.433713922 5930999.003397838 1210446.288365034 1060431.3253499707 -2908126.0722422763 -4542509.805239 -185593.82450503195 -930743.595917911 37068577.521912165 -2776624.86066752 -2436954.217191473 859546.2147022828 977289.5804521763 571712.3321584278 4350976.514462606 1255865.3023457814 -2720052.5543714054 860392.0658250274 -741229.9145594564 1188422.626621679 1215296.6272036778 -507602.02858717676 -420014.82326842356 466292.9429711945 2673426.478964677 -375152.60586089 4482328.046737267 -2949234.585669476 2416941.3746003327 -569830.4883976677 -1085982.898589656 -2049701.2388921217
1022947.6639167456 -4650983.4278539615 2192625.3155805636 2308325.933465068 4673235.5804241095 -2413383.2390985265 -22189.01852629826 -1318523.0971131236 -3568523.2326169554 229740.78918612123 2795167.66942353 2858003.036266435 -935589.0505073012 -729533.7182550385 2626538.6066960357 2565003.843262809 -249393.1721517111 3382990.7248239596 -3048309.0924742 -503679.52530390705 2006179.635619633 -990578.1507614108 -492544.48590671766 -2776624.86066752 29438144.481687825 -2924078.1209077258 -1545894.2712363862 526778.5746563473 -3215413.4599627675 2802270.410493586 -1126040.165820139 3995406.9621526967 -399975.1845739557 3451847.8385371366 2010732.1021590936 -2549174.0331157153 1596310.722469401 -1428253.0656689028 1452538.3448053934 -3601819.195704285 -50792.72984932536 -535348.9069151094 5438600.995977835 -2736171.7419531313 -1247163.8083856907 1880828.3026708297 -356617.9025663537
1634201.916372703 -734326.4712960758 -3600995.5930258757 1009346.94322323 -1652286.7450891815 -4413121.80370927 737492.6301192772 2107153.455725821 3330601.783054816 1686528.2414042843 -2586696.743184456 -1867788.676798066 4759856.295419129 2192867.2295132363 234476.26104301942 4872087.114887835 2824699.466906078 -3776075.171433964 2045923.0799987917 1516413.2578582892 2235933.334713701 -4536588.626405153 -508173.29366519727 -2436954.217191473 -2924078.1209077258 33339253.97164745 -4262830.986342898 3456282.9690444698 4247845.650336672 772615.446825673 744214.1672333272 210498.5714877937 -1264290.9596360752 1280243.1195675146 2395100.990939533 -2618335.3157379604 4255821.800408103 2212261.4300980046 -191816.44994387752 -325844.76444569073 3175968.8503407575 -1914577.42143332 -967880.7440639006 2869001.8221493387 -4263088.246666642 -109334.65876496286 5945433.985172873
-1143012.7725556395 1229322.9266159048 -2532592.1628927165 -2921162.6950185555 -1119211.8197312627 -2803935.856564669 156199.19708402277 4468534.55532111 -3022030.985621856 -442519.95263735135 -2102344.8220109697 -3946654.759576395 1397579.2895468965 2734245.174946542 2235621.6207089704 -2956606.7905812934 1910405.0529533138 2309906.283718238 4235476.054444658 -2068564.1781472468 -710403.6419824706 213816.89286882346 -3557816.5489978883 859546.2147022828 -1545894.2712363862 -4262830.986342898 32604365.399837464 -2868472.192817478 -1943524.8467169723 -679797.3903372168 -651692.8231107013 2376290.834602379 560513.147482031 1223754.1646406902 -1348654.3492073964 2100743.79105108 1052944.1524703035 -2176229.956364889 -2540335.8244037493 -5032431.259516093 -2444594.3414054187 935980.3158340885 -844149.9187322808 -1689279.5218245615 2822795.2125697364 -207770.12821127824 -1529689.5486522187
-681135.1613351187 351286.49547827616 1211620.9587949642 -3495116.8807483506 1589757.471625841 297253.75864508795 -1239631.554250392 12436.432399424924 1176400.6384273665 -659603.6658947313 190091.46614326647 1274.1327738756802 661432.6805249875 -2549514.249196001 -2756899.954323771 84269.13092272768 -3764538.3221867154 846697.9678406867 2519333.3726037927 -3991882.0081030107 -1269133.8952317778 -2217127.74346145 -2509610.7172448006 977289.5804521763 526778.5746563473 3456282.9690444698 -2868472.192817478 35499097.42712289 1132613.9762743942 -1598731.55920547 -611242.0745085011 -480024.25105677574 -798116.0875405187 -2941703.3328522285 917498.5930229019 -2573081.79732493 -1093437.40367372 3100838.3467150587 -1195985.5487816336 -1411736.2972933066 -4060306.443147374 1797079.0270975055 -2167431.1505260267 -914278.6322479729 736832.7855404264 658474.1176627601 1778540.3417804085
-3199157.4229186135 -2465244.933348944 -106509.59435996768 2995157.623677089 -1402612.2876829403 2147157.92416407 -1490114.4970354724 915311.7524771078 4619940.703203993 -3166760.549132979 -5171095.596156249 -4510941.403352248 574655.972464311 -1145897.3200530123 -1359670.0320899354 -88259.4439710609 1442681.0417562039 -422110.9885111834 -909707.4796747441 458166.4994206657 -303647.2232591738 1906509.6287866554 2483995.161961152 571712.3321584278 -3215413.4599627675 4247845.650336672 -1943524.8467169723 1132613.9762743942 36044032.17556348 285414.4160224578 3678017.0340041313 -1567209.2226872009 -1253046.988137534 -3515601.1923437486 -2604299.9724317463 1339561.1004328285 -3176513.493623457 -419108.03032092296 -3238751.4843722354 -2037354.0851952522 1924854.81922692 2656551.7435455024 1453445.4921496871 1454100.8509903618 -3896347.3239409477 -276352.3821462975 7566094.789810725
1639703.8166693423 -207713.14135258543 7304796.842729882 6784784.804436915 5532240.494001052 -932817.6909527158 -21970.2223891132 1399446.1500125634 1917763.3930154939 4886621.206476372 -3425962.9393151393 1501759.7265013477 -2173050.539353906 400712.7988413159 1822956.8229994483 -1282836.8514047135 5666881.247035266 295548.2725358304 475125.435557806 3874008.8887427966 498591.0395166222 1497722.1486830902 -1400416.025506063 4350976.514462606 2802270.410493586 772615.446825673 -679797.3903372168 -1598731.55920547 285414.4160224578 33071061.16854058 -356753.3052591679 1063318.9939827253 7203836.401073469 347809.6268880982 2043483.635840109 3461414.1651014686 -1030634.1838786812 -4388596.930475544 3913358.347172674 -205804.56695218486 3033045.3381673326 1933626.0534139064 -216833.6589514881 -2787341.0112392935 -417680.8828316847 5831990.323527058 2012486.585879236
-3938756.0817954037 -1232688.760929589 2280985.141999724 4075264.1469567916 -1234201.485641461 -634422.5058924988 -151144.1042904907 3652645.2089285483 4162085.543732593 -4717036.764460052 2093882.8619877081 -1691108.676676016 3089325.8935345896 -2620794.6489550266 -354113.7487135406 -4148825.3190956847 4332211.463743748 -852590.2860517525 -2349725.138757957 304181.4941387997 4153354.6953911623 268141.55910080957 4074893.8869528314 1255865.3023457814 -1126040.165820139 744214.1672333272 -651692.8231107013 -611242.0745085011 3678017.0340041313 -356753.3052591679 36170444.42617477 -864852.3044928289 1015018.734222906 4407638.761062321 685467.405366218 3994529.6869596187 1480427.6309211536 -1218135.7421528287 892467.5372662117 -348735.02401265025 1691953.0468589405 -3592860.855760833 -285358.41055711743 -5430984.30303884 864241.6307292184 -298804.7845389485 3047169.4008417972
-1543436.5166970477 44442.16067641428 421086.5729826222 2325272.3298958857 559968.8518340482 746813.8279993897 -482937.4488981376 -1119769.6033939086 -2090711.9140981943 2931098.049886482 3738324.7518060156 -3851630.0846125605 534887.8130549049 3267337.0736051463 2514117.702792438 -4467193.023646284 -1598713.5244075684 -3934288.1958010183 -526313.4142493448 1700744.1080792518 459312.540832389 -3217540.315682494 997924.7016150544 -2720052.5543714054 3995406.9621526967 210498.5714877937 2376290.834602379 -480024.25105677574 -1567209.2226872009 1063318.9939827253 -864852.3044928289 32820660.65362435 410814.83981719735 4528233.863478152 -2752403.053914205 1589933.7431930336 -3486412.382092861 6386450.991708943 -4748252.6655173255 1920953.528568549 -2075560.3197180782 -933487.4738758497 4736172.01017106 909680.9653010612 1021415.2050994082 -3610245.3606314864 3887048.4317217106
-3946191.1867933124 -3210933.057711895 1177768.5447813284 4019720.516497925 1502227.8851901907 3532755.59142462 -1091884.6175179055 -419959.195621664 2806987.271221556 1759869.6629693608 -768326.44595841 293773.60304921586 -3572586.3542526835 1353864.246025341 -1871494.021623222 -3405317.8623509137 -3168076.8957228377 -4866482.7670746045 2291972.512985899 -533225.5331676719 3669826.523482 -124553.46740457637 1824863.5697182803 860392.0658250274 -399975.1845739557 -1264290.9596360752 560513.147482031 -798116.0875405187 -1253046.988137534 7203836.401073469 1015018.734222906 410814.83981719735 37288389.40216344 3134163.835338648 -1071206.8664688633 717214.5889755228 -1054773.5982029866 -722773.4841807133 -3211165.975480777 2399098.644952745 -127133.14802069827 3449559.5790421516 -828365.6714142307 1279180.5812437616 5557847.611520752 -2727285.176525774 3198149.7580151907
931371.6572831834 1911521.6746013795 -224479.15989652125 3197662.4780371217 -3404470.6051890906 -2315665.0019246615 4382370.459541729 2796013.5991445817 -2158264.9415070573 -3007889.416274404 4349589.829636198 -1202270.6346511994 748172.9655933572 5252988.541885124 -1702706.5766873942 -1742117.3548954814 -3248222.354964995 3280089.663791927 -5018886.396535196 2570805.846252338 1382621.2799601345 421546.1558554807 679424.7023971686 -741229.9145594564 3451847.8385371366 1280243.1195675146 1223754.1646406902 -2941703.3328522285 -3515601.1923437486 347809.6268880982 4407638.761062321 4528233.863478152 3134163.835338648 33827429.39403851 1264769.3656290558 2045648.0435748487 1098051.2392634284 4475696.526602495 506539.509613994 198128.59382090293 -224059.15085064442 -696845.5349885313 17524.61779611611 2971827.5470063016 509332.4771703272 1337469.503372979 1867805.6664424457
4233884.227999012 1281627.6341500527 -824363.019548475 598704.3922367175 -23484.480527206422 -522931.22486303735 1814844.07737405 112686.54489417971 3532605.592439738 4379933.253573326 -4183674.2569180266 -759451.3807880477 -34314.76023132638 -5373786.7468301635 1462955.629566526 -2731164.791347129 922554.0160790442 1529088.455647062 -76449.59216163715 -51285.8558594935 -1426597.6160864204 3930796.330198921 -576496.0421308543 1188422.626621679 2010732.1021590936 2395100.990939533 -1348654.3492073964 917498.5930229019 -2604299.9724317463 2043483.635840109 685467.405366218 -2752403.053914205 -1071206.8664688633 1264769.3656290558 31806212.56596587 -197960.13340273543 2368631.250889673 -6360097.244745461 591261.9173263732 -879356.4889378952 2137882.54581707 1675100.7996621828 -3164967.264713992 -5866487.890471606 -5579976.581313015 4420036.403935522 597329.9729205288
-1928426.2506459444 3743487.747959836 -2031506.7298988057 338835.57017627003 -2988882.2344381628 538772.0911136706 1166674.8751065119 -386934.69527474476 1163374.6893800688 -1016683.2553576854 1594081.6874029094 -38046.01293700068 2275979.3495827015 2759575.826964854 319087.26275667344 -3320538.7024074933 -1832485.903301056 -4743997.546921102 -363243.984118346 -2138798.1738000414 1161115.6041180529 4699700.360309714 -636151.7458228953 1215296.6272036778 -2549174.0331157153 -2618335.3157379604 2100743.79105108 -2573081.79732493 1339561.1004328285 3461414.1651014686 3994529.6869596187 1589933.7431930336 717214.5889755228 2045648.0435748487 -197960.13340273543 27725189.057242945 -1050255.1518057876 1045688.4954247909 868847.0643419294 -1916244.2125686754 -1033933.0298321277 436522.3356235391 -2438305.257059065 1160919.8219434659 1817794.1911949583 -829914.1447962952 2562433.9466705676
3847627.9213644494 1880091.795010549 -4560292.774426495 -2693959.1974371066 1810103.8431005378 -587905.5306862263 1426701.721875461 359366.0160438884 -773156.4224939762 2697116.65231882 1492965.2828636253 2990922.834240188 294287.1981099832 3345611.4941340485 -4318285.051567064 2276022.236880324 3821190.418239785 1048878.3605334088 -374356.26551952556 2229607.748436138 -268942.319157055 4946940.0784974415 -1308035.64271097 -507602.02858717676 1596310.722469401 4255821.800408103 1052944.1524703035 -1093437.40367372 -3176513.493623457 -1030634.1838786812 1480427.6309211536 -3486412.382092861 -1054773.5982029866 1098051.2392634284 2368631.250889673 -1050255.1518057876 37304367.132158004 -600582.4856172118 -207040.2017716144 -3892570.657119835 -3026095.1584547395 2954339.5035322406 960436.0019656809 3142564.7127890186 3144412.94131346 -1134653.2491414382 3867264.6076820884
-5694366.923451783 -2723457.630227933 -4786458.381751517 -2827448.5652189576 2220534.285268695 -1988133.5694616358 -1666904.2582090336 -994939.7124436183 -4425826.331618685 2103062.6290751817 3321426.816385074 -3667271.637571486 -896110.5311807089 539057.7590544125 1431228.2729215752 5221292.8804382775 -1789703.431389973 2866025.254478832 2282450.9537060643 -3351211.0101454663 -1712418.0799921434 1259361.092063376 -712507.4709015735 -420014.82326842356 -1428253.0656689028 2212261.4300980046 -2176229.956364889 3100838.3467150587 -419108.03032092296 -4388596.930475544 -1218135.7421528287 6386450.991708943 -722773.4841807133 4475696.526602495 -6360097.244745461 1045688.4954247909 -600582.4856172118 33685688.003332734 -2742109.3164263894 856672.1521608485 -404435.00075623713 -1334295.7815824987 3760028.143900977 1370483.0097775229 -851507.5356353091 -1742921.988448964 554904.3843827238
-1816994.0267485483 854086.4751595123 4011229.1832507364 -501876.800395934 4269185.594211924 -7705606.226658218 -1363345.1201082242 -899578.8319942756 -3367012.0881375223 -1859559.826194485 -3662534.80235635 1731085.427133623 1006208.5856058915 -2471469.3540530885 -1595220.167797925 4422804.914698151 -754921.5745376408 2135678.829848717 1341173.0209083885 1219010.3616397174 -1360281.6563757653 446936.14417208236 4841497.456706588 466292.9429711945 1452538.3448053934 -191816.44994387752 -2540335.8244037493 -1195985.5487816336 -3238751.4843722354 3913358.347172674 892467.5372662117 -4748252.6655173255 -3211165.975480777 506539.509613994 591261.9173263732 868847.0643419294 -207040.2017716144 -2742109.3164263894 32647391.25746298 221382.88367838302 2102612.6607368626 -2286713.574421547 -3648994.3956306716 58544.149223615736 3193858.4634833895 6456726.698067216 1006966.83749332
-590012.4875505795 -71792.36690351948 1722978.8766294117 2581928.618017482 -4824966.828356718 -691666.9255176552 214141.930501406 6295001.958392171 -851833.1304734481 1087066.5057622492 -3459643.1506427326 -3660203.526643154 5384774.287995646 2212026.43245131 -2807992.589216042 194452.4011754234 1102344.969010444 -3517215.825708651 234422.70048182152 -4985528.96750642 -1234687.2461776221 -1861918.5622685838 750990.2539230427 2673426.478964677 -3601819.195704285 -325844.76444569073 -5032431.259516093 -1411736.2972933066 -2037354.0851952522 -205804.56695218486 -348735.02401265025 1920953.528568549 2399098.644952745 198128.59382090293 -879356.4889378952 -1916244.2125686754 -3892570.657119835 856672.1521608485 221382.88367838302 34436539.410638295 910766.6499662644 529233.2335885342 3557399.5318611125 -484540.0385629806 -5224976.843507196 -2611475.596117706 2972912.5845807944
1435225.6520532002 -3463016.1363871624 -2667345.7915962874 2591186.871302733 1300755.1550805587 248919.51005324634 -1256460.9985729044 820496.9294147311 891084.5026433631 5243919.214934235 1794205.6126058183 -692633.0548589489 703518.6091166908 -575228.5824930938 -4531854.255568856 1575025.6395411263 1745378.5697616544 3201774.8566390993 2081581.0705912237 342446.3032858687 5226727.761696658 4768516.318615339 3021654.153922974 -375152.60586089 -50792.72984932536 3175968.8503407575 -2444594.3414054187 -4060306.443147374 1924854.81922692 3033045.3381673326 1691953.0468589405 -2075560.3197180782 -127133.14802069827 -224059.15085064442 2137882.54581707 -1033933.0298321277 -3026095.1584547395 -404435.00075623713 2102612.6607368626 910766.6499662644 32452574.38355425 96324.32118461664 3827274.1532155597 -1162583.7723359289 -36640.22766973732 842856.5114073618 -2871024.7159270095
-2618177.957476336 -4087714.631794874 -818155.5314270545 -3280641.764771976 1213841.7772691469 -2471210.110798991 -912408.0284054624 3659633.192924456 -2464990.3313741074 4202433.565982255 -779703.7517540867 -443727.46472251636 -909110.7144428102 -2077035.88600703 -3075704.5328758243 723.0185458658054 4359869.964710385 -3188840.620809404 -8689974.34238762 -3370163.979499001 -1090538.3476369162 -1548097.6973580648 3281.8002633829074 4482328.046737267 -535348.9069151094 -1914577.42143332 935980.3158340885 1797079.0270975055 2656551.7435455024 1933626.0534139064 -3592860.855760833 -933487.4738758497 3449559.5790421516 -696845.5349885313 1675100.7996621828 436522.3356235391 2954339.5035322406 -1334295.7815824987 -2286713.574421547 529233.2335885342 96324.32118461664 31364034.234197322 829159.3598364859 3538583.216562774 347883.05996548 2630234.0811243793 2081585.7758281543
-1749283.363352936 -528227.5415914973 -6618364.188124581 2758465.312595122 3099012.764711898 7562529.035771123 -744356.9686583654 90618.63164870323 -2725594.4283402837 3884281.0668721255 354503.731253481 -13128.190319097068 1312120.4427329178 4554033.996300456 2498477.343043143 424401.0111725381 773725.2410867383 -1300845.7140984426 4021053.5250581824 -1484659.4101563198 -3296261.2174845897 859582.0681197228 -453880.8878979786 -2949234.585669476 5438600.995977835 -967880.7440639006 -844149.9187322808 -2167431.1505260267 1453445.4921496871 -216833.6589514881 -285358.41055711743 4736172.01017106 -828365.6714142307 17524.61779611611 -3164967.264713992 -2438305.257059065 960436.0019656809 3760028.143900977 -3648994.3956306716 3557399.5318611125 3827274.1532155597 829159.3598364859 31293329.68158361 -171607.3351096938 -4919040.364974493 -4798048.882165022 -1784162.58912741
-520081.1658372005 2198347.0982939755 -2108578.5056747594 -2960241.4779175296 -1008134.4221743457 -87361.1757345103 205407.85766734794 -860416.2688482606 2043778.8592423494 -1998816.494658519 4840754.639157562 -3017092.864819724 -2089426.135641394 3541530.4160011867 -1496304.163308359 3725608.5321889557 1104618.8620135698 -3465497.2537685754 -2845224.5359719344 -2497195.547434106 925400.5269792997 2171705.5598641583 434612.22291591007 2416941.3746003327 -2736171.7419531313 2869001.8221493387 -1689279.5218245615 -914278.6322479729 1454100.8509903618 -2787341.0112392935 -5430984.30303884 909680.9653010612 1279180.5812437616 2971827.5470063016 -5866487.890471606 1160919.8219434659 3142564.7127890186 1370483.0097775229 58544.149223615736 -484540.0385629806 -1162583.7723359289 3538583.216562774 -171607.3351096938 30100076.34421249 -1442651.742913247 -401843.0816654893 3326010.288822621
-3927948.137523559 -3616040.1789212935 3253611.5027679433 -761256.6107918778 2637111.9968380514 -592893.870631074 -2733638.880286764 1522098.8272087793 -2772542.4555023382 265097.48457603616 4186559.405758784 807451.6162225899 525706.1675247682 -533056.8413730568 726185.0385856377 -2246639.0128176045 -3652236.2469536285 1374353.0503128245 -2777104.8032760546 5830989.062418326 536319.27068383 -456508.77069294685 3200446.109765563 -569830.4883976677 -1247163.8083856907 -4263088.246666642 2822795.2125697364 736832.7855404264 -3896347.3239409477 -417680.8828316847 864241.6307292184 1021415.2050994082 5557847.611520752 509332.4771703272 -5579976.581313015 1817794.1911949583 3144412.94131346 -851507.5356353091 3193858.4634833895 -5224976.843507196 -36640.22766973732 347883.05996548 -4919040.364974493 -1442651.742913247 30789040.358802706 -1618978.253934708 744881.7619702566
