30077706.12208235 -1626528.7349404818 -102553.14898956519 -369806.4054691494 1589105.7948396737 474578.46145785326 2435179.013799472 1684836.2946350973 2980069.2229761574 -1896757.4158964036 3429992.7193156593 -204278.97962595697 -588949.5726148845 1217268.7267655756 -2283376.3333428157 2249024.0185864293 1211379.0291480634 569966.6497382498 -236162.18069402367 -2340829.5764173926 611159.4770758031 -3271933.9940832346 261056.70071216437 743949.6732728198 556084.1160310005 1319227.1228721524 -2568182.5117974966 -1332884.4944904193 1814184.7685240468 -1043874.1349413727 1439122.7177330672 3674053.199335101 -1405232.4622935131 -1086786.5691561801 2417443.3054234874 -1407148.972325838 -5565328.804367281 -127672.42742577996 -2008597.5186232307 -1539543.3421327528 2397402.225330922 -1441463.8212259652 3408739.819090298 -5218196.015311422 -230932.34084605947 2008952.7355720398 745538.8826074435 -1138858.0498267913 -255998.6874163543 -677315.8398876729 1968044.6644508275 -706814.7407457433 772410.9965763867 -2697060.065321441 2271669.506850534 -72048.21730417847 2448613.158860745 -2634896.8714910164 -1841289.9014382546 -445708.32125722605 -117117.82686939836 -364017.3835733561 -942513.2264404513 526919.200202201 -276509.3710926707 1206726.7802658535 -250641.08381697658 2912101.957066234 822709.7643330958 -2282986.442216682
-1626528.7349404818 32224554.53461104 -111044.03534885812 -1031788.4616197757 438907.5346259363 -1563999.5853456326 -2233103.884779803 -2512297.1326547572 -2059486.528865509 -3634155.3692831006 -4255798.982537704 1387549.2882021638 3130543.702547599 -3511061.705263313 1821163.882426856 -1982125.1391876217 -818467.8793061528 2789348.166971182 -77727.36459335983 901259.4121911944 -122854.9353342074 -32845.98173982224 989107.7618338007 -2890730.9998508636 -350311.7991681019 724087.0568514758 -604431.0834728269 -136228.56336075597 -1928590.6864635386 -2546231.4078890667 640450.4105753865 -2585106.69836959 3040434.3099943395 -628159.4527093868 1624293.8665310428 1304758.69306201 2460796.1092471136 2911324.001905964 -1473693.9785467414 -753676.2687988098 3374560.3754651435 -1581383.7703430033 135061.81596509926 -2870589.5677218805 -386956.60646561865 734968.6955516484 -818980.2626520147 1228108.1607672586 -2759416.931573256 1626956.7598291696 -2302001.0309079713 1306092.9754218182 1433956.6122933896 -2918620.756723401 -7663.171443136358 164907.71441708173 -1666701.6447342157 3346635.791467263 -3468651.7256268742 -2486506.676955381 667418.0941514459 3824226.3157592933 1996489.6017396913 -1984678.503277408 2359797.512189457 -1072922.9784564234 2562137.713547329 1918129.3340468216 696825.9854693181 -726918.0959265374
-102553.14898956519 -111044.03534885812 30815415.25518321 -2840970.5600598804 1390558.7835046384 130874.95963592727 2472064.894245851 -1320150.998833918 337520.68590788986 -141038.5738513995 -1095990.7832257804 1689447.966086897 1684840.8707200065 -435131.6897247295 263181.69041464943 564489.9223364525 1983497.2698511933 -873632.1394280697 -873104.2918275906 434396.23542580765 352981.8875327672 845470.5633344749 185952.2194359619 2983853.937445147 938168.9129981871 1213498.6929432 -157521.16514683972 5132675.4810400335 -1172956.1645224607 -430545.59852839814 -2891523.8872476104 -1100994.1023575813 -2549657.158002516 390319.5966792695 1072435.6995541835 -808094.5178405687 2323025.236774982 -162166.41862016995 3106130.4815193173 1127292.62773929 -1038261.5217497863 669073.1349999355 -579213.4568039952 3014187.5970469792 -2526592.83204485 -1840565.5003301043 -1328514.0797691606 -3129386.716053035 -2711317.269544735 -1165465.2079049174 236491.70477480174 2185081.7209998826 -2061882.161561491 4744585.851699758 204641.41843072991 -2172037.308911093 -987629.1548963041 -3789979.658631217 -271431.7207126516 1851343.2796470898 -999825.7379853318 1428346.8362803536 -428208.03578922665 2281466.760160157 992400.7816841737 -1683219.7521265352 4444683.789189263 -1852323.841393301 -1207166.6248894348 -622080.5435141934
-369806.4054691494 -1031788.4616197757 -2840970.5600598804 32508727.303343996 5615814.827122741 1005558.5236104429 -1585508.5593290117 -2619619.2093562777 1653686.6334848683 -7305758.787522319 475028.52469627495 985450.3052749966 465579.5501549483 -163695.76886645402 70107.83924728454 -168832.90698047457 3498584.887349713 499830.0962612759 -770177.2959274066 5450913.395514943 351057.6095595146 -1829290.1842710394 1513255.4079310354 968018.3387823466 945805.0089554049 -1055539.5821565608 -4474685.704643197 -1327496.1986716057 -2172058.856684322 -229127.62028457125 2194406.162319672 -1616462.2115619609 1000366.7119702796 2584407.382017118 3171639.7087544654 1747812.3318627074 -884460.3278947063 604094.0417775149 -186713.83142746717 2436141.6561946557 -892530.0326760284 -2940527.853508295 3665186.984266623 128318.89366375409 121064.51329889485 -1640062.3724378499 -1381965.5814164418 -2905944.0350632486 -807330.3960743874 -2464698.5939345523 3685560.27665036 -2635949.9082292016 -1168756.4008163435 -1328798.999482583 389558.6276449959 4122460.8749985164 -319426.5457296945 1740834.0785360627 -1518791.1643966327 -1804960.2802411574 1179379.5964417458 1053106.4223166173 -2014742.7335971736 1126137.0931692575 -1093007.7050706414 396796.5835294147 -81442.6403982797 1812564.402399043 4051740.5904364097 822011.4061812174
1589105.7948396737 438907.5346259363 1390558.7835046384 5615814.827122741 32341934.05112264 977058.4193655887 -344803.46401555894 831206.1902955521 1989227.0958399025 754117.3156401044 -906219.0134762253 -539425.5919538199 1203821.5758983986 -643102.2621684702 -2817189.4625663385 -1212672.2945152088 2855103.403358549 832787.6755964361 -1934316.9805341144 3389867.3047302268 -6115885.507917165 -1266577.0558300025 1477251.8145781544 3942644.3886352843 1959553.0617726736 2666398.6477413634 1259357.9869404035 1457930.4146157436 489628.03599562915 3370492.4612271097 -679260.2347328749 4623278.943211438 1975970.3685425185 -667809.7114829894 1005343.1350778667 -1589255.064524291 142408.25999568283 2063907.4101877126 638212.917867171 227531.45285425344 1381614.7978989456 -993680.3735011085 1406672.9890211036 -1450583.5295697362 -1338519.220990345 1635111.8727262027 -3376878.6441018633 295797.18779343064 2712761.313634776 -3244244.628195084 1426914.1601368492 -1085508.039459467 -2973683.652239893 -2804189.195359855 -934136.9451196115 1790934.3327248306 2342403.4108650037 294559.2070958682 -1272712.5656037212 3008967.2594281174 519368.5026028384 1121689.8905524646 917288.7241373814 875404.215102335 -574700.065083283 -177424.89468832818 -1170576.1955949846 -2750269.0819049664 1208267.7039095524 -1729276.9562472007
474578.46145785326 -1563999.5853456326 130874.95963592727 1005558.5236104429 977058.4193655887 33324518.256548505 1611469.009327592 1821369.1979915071 1671524.4027125083 1889926.9659196693 2964040.587051369 2954467.4706296143 728459.5287752949 3955477.7891866043 -671641.9919059813 2421535.758284324 3186312.6934237885 2758469.4511717837 -1760445.1743102442 3147642.305215165 -1876868.6717107373 -3281441.7732768613 -169044.23106191208 2423619.172078124 -697482.0391929685 1650171.173815615 1485900.3085138502 233955.93315485868 2803018.3915740787 1345012.029853988 1109105.573221973 -231735.7825007524 -1600299.1772938096 -1766636.9899605783 -708880.7634820875 -55893.31167691599 3153283.47271149 4733928.284788915 3615652.917597321 -958627.1198905902 -352396.90044514515 1328894.1748156776 4276622.103532812 -820647.4094098576 -2183393.485149231 876646.1149774949 1690892.2125080565 -3288515.842955029 -561343.5159617158 -543302.119764025 -821377.7746761559 6149552.761401678 3673891.7040836234 1499580.8450603397 -338463.0128150525 1488587.0953409672 2208773.267946909 -2560449.3741637394 -73559.6683068645 -320902.9270828095 -4333567.3942232 1366976.3721348557 745338.369203057 -1388401.9222325948 1099690.0871351121 -1798523.7113572864 3455113.5972412415 2975834.0237973533 -462427.18476237817 -1359086.2418330598
2435179.013799472 -2233103.884779803 2472064.894245851 -1585508.5593290117 -344803.46401555894 1611469.009327592 34613623.509266496 275822.79033747665 -2342285.4161441205 3380107.6279309755 3224509.4520624503 -2840569.957549621 4637751.895744936 3919964.961868486 -1999844.3435814006 -1340241.3846054892 -921079.0547282083 917224.1530066909 1662713.4502043095 1739661.9753481916 -227725.06844395536 -1343053.8363914324 565586.1250494092 2384733.3839084418 2012572.6322170626 -282217.30804320384 -2797529.141990473 -1051211.0814392902 1157979.6462780703 -4529095.368581434 -3765999.2377641406 -2138664.3454629024 -18701.661343463933 -503910.39298578387 1361634.3343680662 4075630.0446575605 694417.9593228895 -1502744.1923123659 -912677.0955942696 -1795650.3861701647 -889969.9372608184 -2565309.7017896827 1354944.7442322676 1828200.5191464643 2533304.9259029757 373465.0560461141 -1279073.8196970595 -2202122.48752016 2455344.2526158947 -373449.19372575573 1948666.4228954797 -1393816.4018126673 -3521353.660358152 1258403.2663069789 1142746.7439672637 430606.0938790119 -917364.8832570843 -60702.7257586722 -2161260.5103376247 427727.0803435812 -676448.01096315 -1649829.2792126935 518249.8773526139 -2336410.03908795 -333436.44665081805 1841413.2597246498 3016051.8070612275 1299771.327639364 730869.504472222 -7305.838379748999
1684836.2946350973 -2512297.1326547572 -1320150.998833918 -2619619.2093562777 831206.1902955521 1821369.1979915071 275822.79033747665 32363637.871355567 2624901.3379172753 -1004702.6260099058 1329844.234338932 -273299.7428511302 1006044.3702395154 -1136287.3987150746 1709961.9537959432 -2010717.0235197144 -289996.8099796046 -3310712.5383052295 -979447.4156834029 -153793.80628970367 -147094.64211144543 -967962.3285724977 -6295975.547687186 2055030.227249058 92281.9683441334 625189.0072167712 -1033839.3382260491 1622247.7271594729 -2488274.302381974 1252498.7736598754 2245417.00339453 2280749.5904320274 -1773750.2811040687 2004156.2504868926 -2310980.8190364367 -3134084.4751604064 -5528483.406783141 -1596246.748074732 3139577.768620269 459093.1763051928 -2015932.0413119486 1217065.950724381 -2352855.662818863 3588783.681565436 4504558.232469555 -1115019.6304597238 -2152122.806037062 -4475274.080227781 2623344.299132959 -3825241.5835452927 -1575757.4905180554 -3342208.8681502654 -82502.74448334631 -880542.8594478216 4393190.642559431 -1890737.7286103046 -1461839.3612184552 153330.0507359784 -477.2508609689334 754240.8659837923 -1320464.886170085 -1847123.8797232735 -530913.9719361399 -769971.7811578955 -965988.5032905025 750723.1795577329 -213072.48044754757 677583.942355238 1664292.323083097 -7665702.440625067
2980069.2229761574 -2059486.528865509 337520.68590788986 1653686.6334848683 1989227.0958399025 1671524.4027125083 -2342285.4161441205 2624901.3379172753 33802705.60452564 287029.3737674989 6196950.821154844 4513202.780715671 901675.9524402663 -3131766.077144967 1578735.642047449 -2184071.6733376486 -1955867.1794719046 -719419.8928236088 1439345.5776295757 1833218.1562510072 1554491.072020269 2031940.7997520408 998494.5779583468 3207452.7206610763 -1720719.0315930743 378384.2362100797 642060.7430388741 202982.36039834557 486358.30318774824 2137481.752935737 3354886.486500545 3564194.006487374 -663716.6154454331 1031823.0224001418 -3877738.5541509003 -51012.81644507252 -760175.6811059302 -1162064.369773388 2264363.5330204885 1900677.9723932568 1169006.4299641235 -2128157.6882500057 -2146752.6563952863 1009186.1817813283 -5525519.852301334 -1558642.6959140406 -1623368.967486962 -1515295.3544539139 -1175931.7388299922 -1449402.1324497364 2872253.2404938904 -350531.9744017707 -210559.14494993148 -1708359.7283932266 3414590.71078872 -1061912.111445858 241026.235766299 499029.6803169473 1209479.9921251328 1144136.5936567972 3820630.894263262 1129656.8846930587 -792351.3044735275 4121154.6071760384 -2175140.9123642812 -2471509.873885475 -2659528.968400049 455591.13606502116 910400.2231471784 -3733679.4163666493
-1896757.4158964036 -3634155.3692831006 -141038.5738513995 -7305758.787522319 754117.3156401044 1889926.9659196693 3380107.6279309755 -1004702.6260099058 287029.3737674989 33429703.180368867 -70970.67553996023 -487387.335470831 1485326.3969082308 -2063858.5124641655 -2564217.381198463 -1843255.2731886369 -2112767.3644337957 1515704.6806389259 2384249.172964485 -391213.91299609083 -3812587.4232248464 1616470.949382679 -1852345.8426532957 6104302.94503389 -1053309.5882080765 2559910.9792164383 6280072.662442981 285408.7821115075 -1261304.4552456986 1708724.387706957 -715751.6023249227 269015.9903692543 171432.95187491193 -618285.6097132352 1630442.310331057 -2195454.380366189 3009310.3260139395 -2162966.196767936 2449935.3611460296 -917278.498595848 3613402.6769318148 354761.9435555495 4577142.465043752 973777.700980254 576354.877051969 -568060.4519940818 -625834.2169050198 369680.3338626718 -1076128.5985828862 1484538.9332072008 -2257208.3347466756 2671933.281378765 -1848424.1514671433 1527045.224735001 438368.054188298 1545613.8446415795 658414.3391080954 -404700.4183751245 1176748.8554829885 76965.59451193838 -1329127.2387827658 -326291.6295945078 41697.8804611978 -2301341.474080114 -1470512.498539702 -43279.73175545051 -1050365.3735498115 -1865497.665180206 756182.2753386995 -1795464.588551128
3429992.7193156593 -4255798.982537704 -1095990.7832257804 475028.52469627495 -906219.0134762253 2964040.587051369 3224509.4520624503 1329844.234338932 6196950.821154844 -70970.67553996023 33898665.874635816 341992.0141852781 -5036162.350113608 -1046130.2946237491 1317338.420824659 65849.76983926033 -269887.30344207253 -838390.0844492018 -2188867.836911581 3184638.0814998033 1674958.2062048765 -675164.6703497438 -113127.55556211811 2498931.0115653574 -1118776.8855735667 1170700.5277849939 -2200705.1184807224 -346591.1117783017 56609.36710378823 5526155.667563428 1113221.0207475561 1613300.1822126682 -1608971.1486264772 -1306368.2545220158 -167543.89873136082 2689452.9671351514 -580431.4547036327 1400312.216882368 2392709.6588433194 -1523814.135797876 739401.2339533977 -525350.3069285773 97679.6339257903 189617.10235554137 -1924865.772140226 -357212.3866592416 2026084.7084901817 -3020190.4253050857 954258.9336363213 -3599684.654932102 -1230626.3610643628 -502451.0915220941 1095555.0317623722 -986423.9096169476 955360.831453103 2480951.687720593 418682.6321340561 2415494.652568965 1746135.7260974078 1428987.6707947962 -469970.3483567789 -2640148.6818741467 -1063037.3329132958 419519.51063633524 -1499915.170344937 -2629937.0565385823 -2050823.8662346425 -2318775.0319720916 453124.7176953357 -5540698.760220236
-204278.97962595697 1387549.2882021638 1689447.966086897 985450.3052749966 -539425.5919538199 2954467.4706296143 -2840569.957549621 -273299.7428511302 4513202.780715671 -487387.335470831 341992.0141852781 30903893.135203093 -355186.82826241176 -1168165.0016169024 1259056.7589793426 1561063.4006367067 2836036.593898176 2946669.9813375995 -836355.4891051789 -4046627.3642537994 -664706.4727101299 2482722.2369685257 452579.2476022131 -514783.67858574097 -1524492.650901811 -140446.52883799755 24167.341635825615 -30643.48059206422 4747357.157208557 2226041.0124285636 679267.6239586413 -2529678.774111613 -1683036.6027408384 648841.9611261378 727640.3706156092 -1769567.8993884323 -1249245.9357744963 201418.41731197378 2542917.9259380167 341370.58999211295 305590.6391315874 -3063259.2580439122 -2204168.3499461156 3579739.467530504 -2789050.0526877064 -2754266.6791725107 -1665493.1612983341 1454875.0670338122 -186845.98368793447 3000773.522156347 554787.478725918 1275663.4613712044 -2531479.401151761 -2423658.5626060646 1174239.4496590374 -4249834.825342276 579795.8923885821 2048209.1045277845 -315177.10387589096 3875896.5136306537 -686022.6323564 -204942.36126345547 -552156.6411148063 -992637.0597397081 -877742.2146348616 -1860274.6342924768 2765230.764334299 -62204.806304893085 -4603107.185163319 263834.9474106358
-588949.5726148845 3130543.702547599 1684840.8707200065 465579.5501549483 1203821.5758983986 728459.5287752949 4637751.895744936 1006044.3702395154 901675.9524402663 1485326.3969082308 -5036162.350113608 -355186.82826241176 32826723.41377186 631991.7409201639 -1673579.079446116 292763.95306588913 2664687.0555209233 -3451187.0179623994 2205586.731964517 441709.2811270036 -3117152.8180010547 1739449.979430311 -1944439.3180251608 -4913.953653491245 8729.395536651316 588068.3666683447 2483812.1133326306 -1686298.0010551796 -1323991.4822933788 -864059.6574925993 -3858218.001261433 -908882.6286272705 3044782.7359578703 -2029084.4136579586 -23858.861974828822 1566309.4178415684 -3714921.5584763694 1389662.935961736 3560907.198504647 -621050.9229633486 5935972.3709157845 531755.9694962263 -1211382.388325572 -492960.46313726576 3913537.2230352797 6469.801146302037 -3808707.2347752983 -1286199.9510748393 913136.6253950198 2795207.7063077646 -2301754.997353845 2168725.3759919517 -579503.4107360742 2406955.0672085485 -4066335.914845858 6547.243913837069 -1107153.678843833 1807013.2349564868 972423.5235706343 461889.59795693174 -2162681.776546867 66063.7449074027 62507.02523720373 -2450615.4980654144 -500683.6271466099 -1367917.196120335 589369.903583316 3357928.4520630524 1753563.4623887367 873901.646916208
1217268.7267655756 -3511061.705263313 -435131.6897247295 -163695.76886645402 -643102.2621684702 3955477.7891866043 3919964.961868486 -1136287.3987150746 -3131766.077144967 -2063858.5124641655 -1046130.2946237491 -1168165.0016169024 631991.7409201639 34980295.34390942 -1720845.8116136915 1371520.0473381046 1883216.5613903136 777341.1731705394 -2760806.740536258 1119771.2436967697 -4015390.392713016 -2367734.294629992 -188807.08378241176 1973059.2460762304 3199547.7223462733 533953.2821903379 -2635229.9361158474 2522316.743185466 -756260.5410706255 1555754.671261676 -775504.7175161036 3410172.4487644252 -2594725.414883418 64119.97010619113 -2851773.8126436253 154450.84471520578 386912.7672388041 -158425.07088198027 -2007788.9953015007 1657600.8844626823 294516.93067246507 1451530.9203827705 3120887.518795747 1414770.3131757833 1728818.2433534143 2074101.6424037402 -98541.03062293692 -1755863.0891426073 145295.23053977077 -734479.3595510008 -1344325.0223570452 -123464.65931139693 -3563896.92445038 1928693.4295658378 -675967.5896386305 664928.2130189864 -145199.70324468508 -3551448.577841214 4090377.19325426 -1024737.5047894802 2058713.8279998214 6049232.712734587 406277.7805136011 276987.4366233768 -338417.6911359368 -115577.536023907 3556099.8511985946 1933480.333081887 -893359.1442769996 2147924.420131253
-2283376.3333428157 1821163.882426856 263181.69041464943 70107.83924728454 -2817189.4625663385 -671641.9919059813 -1999844.3435814006 1709961.9537959432 1578735.642047449 -2564217.381198463 1317338.420824659 1259056.7589793426 -1673579.079446116 -1720845.8116136915 35849921.09381231 1404090.2719580159 1790958.225315984 -2342412.3015912166 -1297998.860373299 -3126222.12440513 35627.344959117036 -219005.98555962995 2398206.4725852124 -1616908.0849002972 -3181966.84166598 1496395.0665628428 1827173.7647288314 54930.70627066452 -2659986.349900615 -2062276.3729704968 1600112.099010481 -7577021.901008895 4517835.500282877 293536.88076956914 2666488.149038574 1440060.9284550159 -1451661.420700567 -1029138.0089256251 -2574713.5551435472 -820122.5658180845 415083.09567740455 2800033.25266405 -2247942.2892749547 121138.84280891491 191440.76753348298 2519793.5303932615 -1214762.0223667843 174034.38684793506 2049892.3418223346 1570639.7951246419 -1417419.598979901 195759.46690360364 1358980.8941093779 841346.3587689555 2021055.5859316906 -240345.06447622488 1617312.6306582603 -1045281.2302366351 -4068503.4017527364 -5013907.295397965 -504973.78026410553 747907.8215418756 557087.0419741874 1008722.8052932002 595317.8103148479 1131915.2730738556 1691764.9865268886 -122768.13712922439 2602471.8342912514 1293947.8264949755
2249024.0185864293 -1982125.1391876217 564489.9223364525 -168832.90698047457 -1212672.2945152088 2421535.758284324 -1340241.3846054892 -2010717.0235197144 -2184071.6733376486 -1843255.2731886369 65849.76983926033 1561063.4006367067 292763.95306588913 1371520.0473381046 1404090.2719580159 37291185.27076429 1132041.1644415194 1311241.40198211 -1607349.2505974323 -844524.162075247 -375483.6776811328 -668974.4242293972 -610035.5654942992 3101379.134433852 32859.285806492306 -1260477.490646309 -190398.0682736389 134457.92829395772 -763077.994670258 -693486.3566177586 2143524.7704169694 -1393803.751460557 -501350.8751705036 -259844.23573847263 -2679665.517419849 506573.30193387857 -1991517.1779583073 55891.33014288587 3189289.931396337 -2673560.959015788 -2392663.449870724 3857083.176590386 1822355.8467558168 458788.607375512 -1452261.0960425062 -1222773.8811701818 2081554.3656931873 -2496858.0471599493 225050.21799885176 812782.2948173772 1938538.3232907446 2230742.5073744077 -2090682.5957754687 -794368.6655337695 -828895.8807164303 -1621200.4235776705 -2746295.960262284 6560173.674730195 2450370.015613452 941891.652595289 -2502659.1517659537 -7736413.025868442 -3738.6829101339567 -288343.09687344293 3982305.232617977 1072167.7439342998 -784279.8927284271 1785326.7094673815 -544143.1897968578 3812829.1568820006
1211379.0291480634 -818467.8793061528 1983497.2698511933 3498584.887349713 2855103.403358549 3186312.6934237885 -921079.0547282083 -289996.8099796046 -1955867.1794719046 -2112767.3644337957 -269887.30344207253 2836036.593898176 2664687.0555209233 1883216.5613903136 1790958.225315984 1132041.1644415194 33134138.92381103 -1779951.998514685 471206.6247834381 753107.1765941491 352609.5657718434 -1110354.369138803 22716.511037558903 -483572.1909217555 -2363555.9453078127 831188.570316504 1974086.9495307545 2862002.8518411717 -304377.74261898495 -1321048.4514084312 929942.7032301103 2114817.640620507 197828.93365743873 -2154781.846057572 -580606.1366258864 -990826.237908968 -455867.9926424742 3094889.759265219 -3300247.55763088 -1246188.2000861792 -1610967.6982219578 673817.9971283996 -1134066.356205122 -155786.5219002319 902011.117157783 934843.789045226 -2394313.922792645 -1870201.838525464 -5642889.607317296 -486261.6214117286 -871989.232110759 2105532.634280226 -1173742.9529124517 -1624469.4863748387 -2284419.863087352 -2085642.4718530257 775273.1305663849 252451.21061472048 -61792.270086177894 -155409.66866081525 -2796660.0379497246 2997127.3477308494 356416.13930984976 -1337420.2928828422 -1106785.7596023337 -1064995.1257130208 289854.04073632654 2224855.338626451 -2715669.0007979358 851678.5649098427
569966.6497382498 2789348.166971182 -873632.1394280697 499830.0962612759 832787.6755964361 2758469.4511717837 917224.1530066909 -3310712.5383052295 -719419.8928236088 1515704.6806389259 -838390.0844492018 2946669.9813375995 -3451187.0179623994 777341.1731705394 -2342412.3015912166 1311241.40198211 -1779951.998514685 31263659.77874353 -1433869.4019089872 1020104.927376959 -1559287.6272972769 1775500.8845839056 1587047.2120720765 2274891.015856462 1619619.290641995 -714015.1777203748 2598718.602505586 -1802199.2094714595 -1790976.9744261992 6971887.40928567 2902732.165916848 -621142.4976098113 -1206760.772714986 -1827054.159350894 1195610.6165981805 -1645843.7171818817 81694.15556469598 -1911306.907596508 -2606472.298972921 -3011085.2546352074 -807212.7044816599 373333.15385874076 1003747.6627087683 315913.0306734516 393772.7041949126 2657124.640962352 1225683.435460937 1349511.9705474752 -1379080.717313109 1424802.0673663504 3035342.028865133 -1280401.898206204 140446.4948815748 337061.2385452751 -727871.0023165466 -2459821.0300951703 1112139.9393020077 -433708.5364589552 -1413128.5653299752 -203262.01447070166 1424389.3079962668 -2899143.652956927 549176.2303034478 519460.1360485178 73769.74078989697 -1385700.4258041228 431227.83231654414 1053596.383593547 -2748248.8306182683 -760060.0870406113
-236162.18069402367 -77727.36459335983 -873104.2918275906 -770177.2959274066 -1934316.9805341144 -1760445.1743102442 1662713.4502043095 -979447.4156834029 1439345.5776295757 2384249.172964485 -2188867.836911581 -836355.4891051789 2205586.731964517 -2760806.740536258 -1297998.860373299 -1607349.2505974323 471206.6247834381 -1433869.4019089872 32488036.48237357 -410798.6995818542 2844237.302719915 -882136.9812957015 -2583907.5812823283 -3276445.3418349396 443238.36820851424 -362200.2688338956 1266820.679769544 -2926895.662250078 1422734.0121154771 -2817680.9950873214 -730940.3120454102 1710945.0323875502 -1375137.2707454017 -882040.5745572691 -1839154.0980824998 -1404794.2479135862 -844182.9169528481 -2971740.6033805637 -2577985.474525834 -395300.02788314014 102255.47007133468 2037908.9692931739 831703.3365933317 -1167138.1438278577 3054658.1236651014 553218.961658569 1364468.5782240552 -23859.570413247875 -6493.532896912921 3979449.627153445 -1891723.2365113855 1234311.802110229 511703.9317864875 670461.7445239534 2208951.710751486 -1026279.8136153179 2146516.447762246 -1320210.366708452 422300.4645355537 852263.6089672049 -2097121.3244672786 107051.46119461033 -419814.86787775723 -1338205.9706568532 -577290.7506367227 501996.3067327873 -1789088.3842360987 1837975.182139355 -634887.7791809969 308108.92193528084
-2340829.5764173926 901259.4121911944 434396.23542580765 5450913.395514943 3389867.3047302268 3147642.305215165 1739661.9753481916 -153793.80628970367 1833218.1562510072 -391213.91299609083 3184638.0814998033 -4046627.3642537994 441709.2811270036 1119771.2436967697 -3126222.12440513 -844524.162075247 753107.1765941491 1020104.927376959 -410798.6995818542 31862340.908781048 -1082272.3792389052 -152839.58638324006 2544073.972886628 973472.6887994226 -2612883.298032843 -1669821.0576687907 295184.44354658434 561499.9886440345 -714605.3312228629 1987062.278194953 4032487.9880159167 4226362.620878956 -3652639.0292544556 2256810.732844276 -1212791.073730459 -1978392.8958873565 4327988.358818309 2013806.7963314874 3751887.968642321 2475692.741640729 -2976764.997542238 330714.2254657596 1789168.5274871525 -3697934.208038802 777465.4275406863 809688.9486399046 3171882.859476425 -250784.25900025325 -1528841.406955832 -2340974.0925139706 3387430.2887173975 2646369.7548687 -1491533.2813390105 1654711.956040632 -108385.4745196912 1482117.2521812432 -4089695.453274942 2089575.65340545 -779147.4694552377 -2551471.958677927 -1027694.1442678587 -1320125.271130746 908761.5415877635 -357026.1768296548 -1776141.6004400076 -2299035.159803744 690834.002982527 3562453.9665410337 -867304.1111494038 -2675117.524449561
611159.4770758031 -122854.9353342074 352981.8875327672 351057.6095595146 -6115885.507917165 -1876868.6717107373 -227725.06844395536 -147094.64211144543 1554491.072020269 -3812587.4232248464 1674958.2062048765 -664706.4727101299 -3117152.8180010547 -4015390.392713016 35627.344959117036 -375483.6776811328 352609.5657718434 -1559287.6272972769 2844237.302719915 -1082272.3792389052 32672369.42394912 2979300.7871765113 1304408.3551007388 -3938160.9118116633 962651.1390801613 -461522.8037366264 -2698127.5230429103 -828536.8106341822 -3944101.273029809 -425239.4965514911 -3257816.5019790283 972054.3251039031 508227.6985547336 -713980.1187972723 186208.40008572023 53578.58861072098 803613.7131803641 1504861.9544310695 198515.59912802963 -604681.0054993285 2760635.288228254 -524147.75912152167 2117511.1957187518 3360272.391259773 -2102152.730053274 1229685.943021215 -503499.1563401398 1411059.0876830155 -2354803.509275085 -1777715.9648932687 1743462.3754011968 -19755.285644304306 1473811.49451342 -1170001.7100277783 1798755.990538661 272793.71467073436 -2041855.1177016287 969389.2539733583 1923174.2898504646 -676826.6245077815 -1036073.8977915104 -2077406.165369866 895932.9297136549 744304.4202307237 718446.5482445271 1618571.9258164954 -1468774.6008437963 -1816010.2968893826 2702511.6259781634 -2100867.985882845
-3271933.9940832346 -32845.98173982224 845470.5633344749 -1829290.1842710394 -1266577.0558300025 -3281441.7732768613 -1343053.8363914324 -967962.3285724977 2031940.7997520408 1616470.949382679 -675164.6703497438 2482722.2369685257 1739449.979430311 -2367734.294629992 -219005.98555962995 -668974.4242293972 -1110354.369138803 1775500.8845839056 -882136.9812957015 -152839.58638324006 2979300.7871765113 33795584.22630033 -170985.39201525427 1334416.9726306768 -2932519.253413942 -1019502.0674579033 1027344.3183273042 2808686.690260882 4677857.299113049 6139587.831013635 -1524498.5080565198 -809074.730662886 248849.93381987815 2233204.955673139 -374978.09063023725 -1190508.7771140228 235087.65957973152 262735.41343008017 -1184132.8091014477 3957332.4252172294 2521934.938814328 2485282.1352706314 -2653561.64950716 4291244.224930894 -3726892.1476619793 -2912428.2981131445 -5183072.484631257 6313502.923119163 1071873.8527175204 422850.2540181755 3584194.1613003113 430400.58524326 -1531458.5251258325 -4222783.455745586 -474019.2355560985 -684492.6124052466 -140088.44432891795 3148825.2985523455 5693444.239684806 1047112.7117910922 -2718337.1243748763 -1332264.4167790476 670733.7511024341 -3459472.7095623845 1139722.3182190524 -5298954.947060302 -2400465.287967637 -6207660.167704669 -4965522.252788477 -610265.7768548615
261056.70071216437 989107.7618338007 185952.2194359619 1513255.4079310354 1477251.8145781544 -169044.23106191208 565586.1250494092 -6295975.547687186 998494.5779583468 -1852345.8426532957 -113127.55556211811 452579.2476022131 -1944439.3180251608 -188807.08378241176 2398206.4725852124 -610035.5654942992 22716.511037558903 1587047.2120720765 -2583907.5812823283 2544073.972886628 1304408.3551007388 -170985.39201525427 35178903.83145504 -2445698.783510879 1006203.9275199833 -3126191.4516762244 1345765.5641810764 690543.1171949159 65784.79444345615 -1545288.0010251128 220336.52958185048 -2941080.9584499723 -495196.4580795296 115196.2988355839 1476587.9534053255 1169965.0744412928 2038491.1926344472 2468347.615464778 3273621.947421499 -50461.040992460796 2710954.5857194075 -1127514.813663838 97758.16467507841 -1928031.732202289 -1211813.394482188 -1569796.2849518668 -4243907.681011523 5251167.944334143 -689998.2669205638 2549596.697792369 -2709914.451677766 411032.87179222144 -2032960.6957466574 2468863.4430474653 -1757077.8168088277 -2163029.0953759886 -459835.71005416877 1572804.481884424 3224509.451403427 -3781758.0985924574 -34668.45853185703 853435.8626767937 1887966.540962127 88091.67027902114 -482928.22236295237 371349.0404630005 -328932.4171941915 322451.5599777652 -846571.6749057729 2547549.41065188
743949.6732728198 -2890730.9998508636 2983853.937445147 968018.3387823466 3942644.3886352843 2423619.172078124 2384733.3839084418 2055030.227249058 3207452.7206610763 6104302.94503389 2498931.0115653574 -514783.67858574097 -4913.953653491245 1973059.2460762304 -1616908.0849002972 3101379.134433852 -483572.1909217555 2274891.015856462 -3276445.3418349396 973472.6887994226 -3938160.9118116633 1334416.9726306768 -2445698.783510879 35645799.24199575 -888952.1562138576 -3701099.8923220905 -1251978.1821148682 2687560.6359431343 851267.1145442551 2103549.1877183057 185116.77115266008 4172263.8845157935 96858.58410464824 3398733.2597271437 -1209848.1750497804 994549.549999176 -1346653.4389178304 -2679250.735342139 1208296.7393917372 -880617.5128477233 909086.3592809078 -1711696.1930070396 1486830.1469306352 -3829981.045152341 -912491.6560814545 -332289.80534064077 -1681783.4371039297 -3154083.19446879 628705.9988049658 -835848.4081835351 -771677.7048041881 -1316179.0014865333 -4956954.255976164 205407.30505654408 3602760.6569955274 526125.4385770105 -2022689.5182493338 4540706.17946671 1090121.2518102434 3714504.726770141 771005.8012028793 -671154.9870315887 1064941.3280230341 912020.9259665736 -2185176.6411580034 2192717.5416826587 135081.4142769809 -2372769.2854900267 -2935263.4476039372 490697.94207643595
556084.1160310005 -350311.7991681019 938168.9129981871 945805.0089554049 1959553.0617726736 -697482.0391929685 2012572.6322170626 92281.9683441334 -1720719.0315930743 -1053309.5882080765 -1118776.8855735667 -1524492.650901811 8729.395536651316 3199547.7223462733 -3181966.84166598 32859.285806492306 -2363555.9453078127 1619619.290641995 443238.36820851424 -2612883.298032843 962651.1390801613 -2932519.253413942 1006203.9275199833 -888952.1562138576 30588366.752596315 2049879.6709778737 513037.04917069036 -2950139.691008413 -438715.3853808577 -6066620.978492887 1160307.5655962343 -2074906.6939917973 3536760.2587830373 -2137262.439545824 -2239241.502804724 1025704.2455442935 -355199.61723474605 414267.6373648903 -1497611.6676080693 -2914653.642790189 -208707.65082899912 -900859.3206460093 3804358.841255065 -1136938.9666366212 1246665.798880626 629889.1386334971 137374.6978199598 -2631611.1852125535 -304756.72409312247 728910.3179984001 850696.577316057 618899.3558891842 1163090.9684462722 1643955.618812467 750705.325203019 850367.7514021947 1667423.4457759287 -1581092.084981792 -222505.95720593206 -1427885.8868933276 2318163.0920517007 2723608.1564887646 -3923151.5152498875 -1745293.9252979725 669175.1520516068 3008086.7243100507 138107.6053452471 513976.17884843133 1187132.3002017299 -5505894.181139434
1319227.1228721524 724087.0568514758 1213498.6929432 -1055539.5821565608 2666398.6477413634 1650171.173815615 -282217.30804320384 625189.0072167712 378384.2362100797 2559910.9792164383 1170700.5277849939 -140446.52883799755 588068.3666683447 533953.2821903379 1496395.0665628428 -1260477.490646309 831188.570316504 -714015.1777203748 -362200.2688338956 -1669821.0576687907 -461522.8037366264 -1019502.0674579033 -3126191.4516762244 -3701099.8923220905 2049879.6709778737 34028695.50905307 -1484170.1657435214 -1446818.0555858142 -1202877.1146000272 -2145850.3331947764 -1124455.1212474764 -60949.65006003111 -1331408.6017873453 -1254741.6984201875 3245505.379550794 -2271342.776702182 656001.2263745255 -2538181.1085732346 253260.86798278487 628610.0149080284 -2599383.8642281727 -272981.8322595545 2477675.5962668895 -1226082.101438385 -3480776.677198486 -851989.0133997985 609394.7460714426 -592637.7011908833 -2884526.2920372253 -1832218.666896639 -222264.78484824058 -1241299.552755892 2673195.0147282877 2844646.905068559 -647886.3709892654 1994597.2571908874 -800701.854873017 348706.9110626228 -1020078.4308939873 -1701706.4000246655 -537683.4906971756 1497127.7623884284 -2677350.1427853275 -1453160.1207328704 174986.2027336207 -454796.02407182707 -542471.482727298 -1687113.1144582338 -1121051.679446692 -457322.6539759708
-2568182.5117974966 -604431.0834728269 -157521.16514683972 -4474685.704643197 1259357.9869404035 1485900.3085138502 -2797529.141990473 -1033839.3382260491 642060.7430388741 6280072.662442981 -2200705.1184807224 24167.341635825615 2483812.1133326306 -2635229.9361158474 1827173.7647288314 -190398.0682736389 1974086.9495307545 2598718.602505586 1266820.679769544 295184.44354658434 -2698127.5230429103 1027344.3183273042 1345765.5641810764 -1251978.1821148682 513037.04917069036 -1484170.1657435214 31567123.535112504 -2776280.598965237 -2258936.113497367 -2043088.5658678813 1526867.273918932 -2208803.6343407156 1680007.4113155408 -2172280.612948986 776341.2766124789 -1262486.7383353054 372995.19450335525 -192867.64511980163 -801087.62029247 -2490170.439472313 2754459.1368580535 2400747.0987672163 -3019854.1485378467 -1263016.1435623933 1239959.416794246 -981845.8405180882 -2809722.646941951 -2058075.504958355 2398334.77699627 1164974.4900822854 -3303161.309212024 -2330438.452046863 1596940.544562354 2081499.2080113299 -1186374.7203544597 758004.4704828648 -1263483.475371902 -1051586.8689464477 -620749.4678187432 2718722.907867269 -1743428.7776946903 1143898.5693220394 -645957.9409852201 147224.01091445534 84841.1338936199 1298786.07437863 -911099.4342268433 -2490890.8319110572 1504359.1399657591 -483982.9435371753
-1332884.4944904193 -136228.56336075597 5132675.4810400335 -1327496.1986716057 1457930.4146157436 233955.93315485868 -1051211.0814392902 1622247.7271594729 202982.36039834557 285408.7821115075 -346591.1117783017 -30643.48059206422 -1686298.0010551796 2522316.743185466 54930.70627066452 134457.92829395772 2862002.8518411717 -1802199.2094714595 -2926895.662250078 561499.9886440345 -828536.8106341822 2808686.690260882 690543.1171949159 2687560.6359431343 -2950139.691008413 -1446818.0555858142 -2776280.598965237 34533215.60474268 1136615.8177800914 -985177.9043967833 6660075.7171550905 1994871.5841222464 -3088989.0202034595 1920177.313953218 -2606332.0839761184 1083845.7744413097 2365596.7365716686 -490145.0363048937 1269782.164001116 2293230.922188047 -2976263.8901724457 1239038.080246499 -3470144.1267636265 -1498697.8638980023 -5497844.8154828455 -472329.22772904235 -7493705.059968057 2733924.606366975 -2458451.187204638 -4732471.797981301 -466818.9544852761 4411106.744381104 -5430508.905796643 -2687868.9621404973 -1844194.4815257515 -5673196.259204011 179205.74861849032 -1486336.0363311192 -2975890.406782937 -1855340.509233535 1731044.7889820538 863173.6250117082 3068599.479890783 -13774.35724213807 332985.58463786036 -2543675.1751355757 -66417.07624004081 2079740.6669086209 -366916.8322183109 1546098.5713981567
1814184.7685240468 -1928590.6864635386 -1172956.1645224607 -2172058.856684322 489628.03599562915 2803018.3915740787 1157979.6462780703 -2488274.302381974 486358.30318774824 -1261304.4552456986 56609.36710378823 4747357.157208557 -1323991.4822933788 -756260.5410706255 -2659986.349900615 -763077.994670258 -304377.74261898495 -1790976.9744261992 1422734.0121154771 -714605.3312228629 -3944101.273029809 4677857.299113049 65784.79444345615 851267.1145442551 -438715.3853808577 -1202877.1146000272 -2258936.113497367 1136615.8177800914 34195189.369527146 -79096.4726241652 500770.2694549729 1230802.1859901992 704231.2286424645 -749080.3446058311 4997096.976100141 84657.40198990282 -132625.05542741803 201883.36519005997 514642.9282881038 -898031.0497943675 -525121.476569098 1881966.4501203143 -642120.7502828697 -1767570.97327996 -2675694.0309548676 3081664.0346285887 1824987.2633193948 3899016.4929118156 -396216.66859824746 -153443.71884974133 771481.7827114626 324528.9654318778 -2965084.715527922 1562299.0982978086 -1648742.7542208082 -955384.8833185419 957660.5283827828 187126.18160276706 1711100.936314389 -596245.1336339347 -2534176.791262337 547849.2914310133 4368220.280636268 280572.2374530147 3117294.513709709 -687926.3079703707 -3157795.5781439384 -1791678.996892929 -2868649.9760546014 4204587.928620224
-1043874.1349413727 -2546231.4078890667 -430545.59852839814 -229127.62028457125 3370492.4612271097 1345012.029853988 -4529095.368581434 1252498.7736598754 2137481.752935737 1708724.387706957 5526155.667563428 2226041.0124285636 -864059.6574925993 1555754.671261676 -2062276.3729704968 -693486.3566177586 -1321048.4514084312 6971887.40928567 -2817680.9950873214 1987062.278194953 -425239.4965514911 6139587.831013635 -1545288.0010251128 2103549.1877183057 -6066620.978492887 -2145850.3331947764 -2043088.5658678813 -985177.9043967833 -79096.4726241652 34057783.96818171 -600935.8565522393 -2210344.083516978 -1501275.0332573482 -2260851.7258518725 -2164834.2808060367 -2541541.067916232 -1153416.9612410353 -2336523.099597017 1424835.802739897 2695059.5252705384 1265619.3312024728 733569.1714439513 3755977.283122182 1272363.465965361 -3392017.375005224 -181897.47397705825 -502409.6762465587 1145156.087803578 510094.0545278852 -6205094.522897721 4029091.0723396605 970487.7822722553 43648.6099002518 -448032.2659500328 1410801.4640066975 806163.5696053503 510110.18643794965 -223984.5904333215 2961320.826914123 -3961977.0234417072 2034239.7431540133 -1704162.8187174753 1572078.4943578916 1115361.5582542352 -2097898.002547281 561387.5376894858 108932.5469584426 -4797492.321397995 -5841559.404128348 -2129188.2443841556
