35633176.57018407 -949999.5747736486 -74258.28078428099 5179406.602911778 -4554727.126085405 -1016757.781000757 102165.21368442169 -3470718.963705856 626875.0185073616 3397483.5083646625 -5093670.646393131 2050964.7385366748 -558478.162501431 687880.0838189977 1477412.5051022652 -1324501.7260245064 -2898753.1768249124 -4895884.761392583 -1817925.909142464 4873822.390249345 -3900670.439926755 -3978665.993715291 3609239.8794225915 -626524.3770770787 -2189477.0145230284 -1856142.0223892194 -120955.76027826677 -237972.2129734883 544400.0840361281 692359.9726778665 4268596.619106913 -1554825.5753171952 2636195.02333284 2365580.5863599153 -76145.23031235534 -2059424.1954099122 1069318.9590189306 2248295.665479034 -4283361.646315638 3457782.5263244435 846155.9301773824 -2472713.073766025 1100643.5200559036 -4162499.453838822 -2969159.720764331 -4265878.788857251 4346881.748273485 -1501508.565768851 -1429126.1078602348 -1793406.4971196633 -1414677.3635347947 -204749.4624747411 178057.3385207736 -5699031.604457823 -983150.0890568752 4029206.694005487 -1781866.8350056044 4086819.987896693 -319688.68207277346 -3436708.5929312506 -1657378.1134149528 -2388095.9008676526 -1949007.1317788805 1637039.9329343787 -193722.6621096067 -3382410.8278316758 -471182.6074042 -2108312.416919802 -217099.44986507355 -887613.7343574105 -1948039.5463774067 -2472271.2170553096 4473043.762616294 2597292.0832736962 -1765541.6851643836 -1508695.0396163561 538900.317994303 -2909320.844449953 -1787152.1382549293 298074.98400595016 480859.2736903175 -1507062.7898436494 2949685.6072980505 633411.1373839034 -1394726.9185980516 4408119.523751294 -1326129.1280533446 -707517.7948833497 -3332506.844409893 4831941.500569346 -988215.5928236255 2741726.260048753 -1611536.2448517845 -3239553.3917666487 -1307000.9665678034 604492.6773743754
-949999.5747736486 31957680.860315163 643266.1246421129 -1900453.414448627 2613054.457380893 -1884758.3769277788 1428088.0654918961 -1118208.5550975779 1464737.209621753 4407168.828049455 1834280.5184728072 -1954720.1371666177 -2047025.169774765 5222287.8375072 -3032931.6574835503 4367986.645331005 -682611.476175932 5101966.19510102 6408139.069135935 969899.3409125112 -5084135.988890769 188223.18937407824 1470149.1953250838 2370430.8136161547 -6177102.14355963 -2651596.589806345 -1278861.2851207373 -4077082.5505897608 -2800919.034925812 -2656326.869453086 -5450908.740392279 -344477.1615849511 -2780219.5061878366 773771.0965293715 -1429038.2472312234 19127.614815968813 2099574.127718371 856151.4043214619 -935216.6085844998 -683806.0617863534 1864595.1937120345 -1604081.2032315354 -1469595.854162996 -4417533.314434674 -2842291.9742100253 -2673302.8742790087 -62276.479060119076 2358891.042182797 345284.82259382337 193750.22811143042 1153908.7277631257 -1559658.2998215526 -2655144.928584629 -1123429.6049343874 -1481053.9900624435 -879183.2286589713 -3896740.4555813973 666865.2758614029 3293872.595523196 -398516.7460088234 -636098.236364261 -489906.20159712754 -4614065.72006125 -3179483.5474012396 5371166.323103249 2602285.662956451 -3198981.609523014 -1061068.4306473795 -1841875.725595541 1328928.699335526 888508.5192243569 2246944.0599163407 3016432.949582433 -1229680.6527882451 2722788.962373259 -9966.420172331218 3655981.6399670593 -6778248.45165356 -9025256.994828211 4332635.992783711 5956.758335233253 -177691.03831374316 1916324.3426735164 -2497521.9639816284 -4496156.812028614 281309.20045450435 2431647.960576293 516487.0394070277 -2384507.321206481 716735.8392466088 307222.760003056 -525162.9520628387 -1764551.594457722 2030495.3322998655 -5037825.031241779 828879.3121042242
-74258.28078428099 643266.1246421129 32973366.974020243 -2977101.372125904 -4869617.32181442 -489256.36307524465 2475240.656799705 -524625.1282558648 1183952.2459138648 1293882.209067348 -709202.7449575189 357427.95783901203 -2234151.43427345 802413.4455699848 2669295.756167767 1392572.2965956077 -634056.9727597 696039.366429223 1288761.0537292233 79837.903506754 2614161.9356738795 -3359857.2046934157 -5477113.480406885 1229419.5783115102 -3905070.1268084203 3321878.8214972797 446147.5528206008 -2410278.6012399234 4078723.406477377 -1273409.8122805809 -1786526.4563531657 2635707.9631161382 -1621568.5026879655 1947377.759544457 4324298.938384061 -2878139.5331796734 4024939.732710462 -1091992.3692968406 888419.5689144111 2835653.7349373754 -4380382.665867753 1072728.1152506678 -3369442.4574596095 -3424196.714490311 -3016069.443043689 2374520.8919731956 6656866.823783046 -300991.8425070953 1736580.9629750743 -480315.488982924 4114491.575775431 1575319.2617912886 690727.4858676492 -3837029.0954635143 1367794.1997650843 -838480.3366535545 -254731.34731019827 376048.9748959038 -3299324.3262926773 -304084.6724064124 -1312526.876744101 -723799.0089438194 -7365134.928854145 1223894.233548441 -1443116.3751055193 4827484.526327755 -168362.24847533874 -124330.38806072589 -1274865.079628114 958334.5157154895 263287.7940314808 1941666.409052005 1361145.5831622155 -484360.24176680204 -15615.134037812822 2770435.8345508105 1007931.3584538734 2300038.522782145 1608110.420902471 246945.2420262615 -8787512.513095194 4203093.335260071 -2645003.4576807106 7317110.379594834 3926607.677067104 794546.8773868645 2852646.886723021 -179601.30638238383 3843746.895927584 3690946.776942698 -2084303.7825436916 1858226.086067472 -3777128.6272939765 -957001.3232943602 -2896576.7037187815 121091.97924933524
5179406.602911778 -1900453.414448627 -2977101.372125904 32623979.44900034 1232886.6129096735 1371914.441961565 -3825922.3340328163 2531944.6015849723 394937.1036821837 2982049.026567646 -3133481.014275834 5557484.206153417 -3920614.8763502715 -3549668.691994956 1239672.9267717286 -54726.19539163584 -279209.7710304113 -2777463.631559679 -255624.05225300376 3830818.432637098 1520718.6460629099 -600613.5210064742 -2183712.731252884 -1152906.966681748 1982753.9140160715 1925818.6624668688 668459.2673425523 155948.07847058994 -3187577.7541694213 -1214580.1050761302 3996114.214184571 -2466072.7768453527 3689262.0036676084 622973.9845820887 -2429704.876518679 -1330186.5351252197 -2638064.865052205 -1727936.5861254407 2770813.6555006523 3060597.4511076417 -2270859.0932326224 -1350636.2136506266 1188138.502582677 -1606804.1507973364 -2947256.4877754403 -196082.78397746687 -399848.0384102488 4930602.598013307 438379.1455127293 39172.063378124156 -5016925.78037474 -2046904.3850090285 -3144114.150005441 1471293.6950989896 2180598.308533276 5501162.793433334 -1472642.716656966 -487971.74995626835 -176120.74463208605 -2910228.8495689337 4289379.023772852 -1495421.8669740933 2407616.6196922073 2152441.503062092 -614068.3282151155 881328.3847516533 5101859.326261594 -1261638.0670918915 -4395367.494804376 -106428.78611066197 -745545.9888136717 -395546.6679420583 576713.0808797659 -267102.4684169084 -482780.58755016624 3471408.156929972 -3410109.5735639967 -1081114.4599578972 1108631.2404025935 -2256163.5885057924 310424.2761130218 -1807087.2780081753 1210422.8443647018 1642252.7679037633 971081.3119329568 740245.0726890479 -3343074.8923339476 -936356.5449675197 -898016.6005016317 -3340730.554404346 -634099.6971523399 1088799.5462512777 855060.048536867 2547774.7529682266 5425386.521279382 -2538558.63990122
-4554727.126085405 2613054.457380893 -4869617.32181442 1232886.6129096735 33265152.636167347 -1339784.2987284865 -1616792.9596365169 151383.46688416513 -97663.43724228183 57659.194478887104 1428245.0529804425 -3053184.60647133 3308843.537980869 631132.3476000733 -2453715.0047849896 1973172.240660622 -1104759.888263874 -542876.097273528 237620.1132541299 1291280.0828218502 380586.71012209874 -496274.92496028676 -1593125.8490262725 6778291.707720287 2630518.167516988 -5030943.275324786 -2231386.2489615185 -3044872.238191786 2943150.576025461 -1980060.6347055507 -4046343.727128992 2659419.6172049046 421746.7362577828 1431026.0682845134 1532006.896660783 820992.4457258689 -6357165.551796456 1840777.4968623081 -3096169.6529692146 -1496204.383019315 -1335513.486718415 1066694.2797370418 -45942.94047317654 -2281974.2881057416 -2392444.6769600767 -367439.98578023294 343347.69087417214 3924068.125590773 559676.627144579 3347756.735649891 -1449882.248609688 -1630176.61117553 2946638.7509084377 5000345.808211898 -1975770.4323446131 -1980179.62272626 6548461.120248047 -2485393.9448110806 2395791.2838818682 -2755209.9714979967 -1124070.948142207 4084494.3373995745 -1848589.9774713335 -4411674.4140825085 1754906.7838469278 1014606.6721135293 1999292.8760514613 -1740741.30649605 -3041773.431194827 -673378.3886362244 -1127751.014421601 5006314.266075616 384285.6876745577 -6080901.29318169 -731089.567035351 734184.7645742128 -4577442.532766516 -1377476.8269400578 -3162296.4409228805 -3592372.126283331 -214016.6937380302 -2204263.4344293326 70913.7878788976 -261488.8461289448 263895.02398583764 361021.02312165074 1632054.509624124 -3175967.9440797735 -4032447.1916954755 -2243817.97033817 -2489105.8011894687 1942766.4806330274 4188870.9466758873 6965461.512747162 3604651.6848177603 2717055.8755733846
-1016757.781000757 -1884758.3769277788 -489256.36307524465 1371914.441961565 -1339784.2987284865 35822941.49776655 3526772.7850269955 2391322.273918196 -4323409.178574383 -1144898.160979661 -5082757.933103493 2615162.1376583055 -1027346.5972545684 -1197968.0441932501 -3456101.1084611514 -5237849.699107372 6159918.474148644 -3626026.18384578 -134822.0074694728 -1887838.8137235914 -1275159.5280077872 653676.3332283284 -599414.8391047716 -2802018.300902438 -1670487.7118973935 3538229.747028757 3628050.578194222 -1595780.5678721797 -445322.8612992644 1289645.6519836383 3932389.6558385333 3288477.7021242077 1090079.1463188822 -4849967.488685219 -3506290.3061465747 -4465515.538014769 -290668.79106604954 86852.11951595328 3286217.1612606146 1672009.166528543 -6340439.561255758 -6433833.605392296 2455247.0091321184 -1889874.5307795135 3001076.9102662634 -461890.45694033196 1274161.555527051 -3158863.5002174615 4060554.5403396874 793793.1591956734 1592223.8655042003 1920431.633568568 6197233.180769982 -416759.8133418413 -568587.5839013588 3772412.2524247207 3396749.634720475 527394.1248235926 4048826.1664865348 669999.6305836368 -1352098.8216773483 -4771506.832307939 4658399.6121546365 2084599.1516243885 -672383.3477877281 -6030384.741018942 331942.0420482029 -1039122.7446243125 1895308.504638335 369385.9939462263 -1891855.5802334393 -149646.94282445277 -2541396.9438902773 -2769452.270264161 -1782631.9627867483 -5324053.995531764 904435.8018930065 -3359021.6381639442 -3791911.3132847226 5091505.808740061 -1295230.6583015164 -2433871.3164429134 -1642658.1120956896 -3842483.9987311387 -4900639.234561412 -2681920.2807534477 -1631454.1279544549 2816919.1531215077 1190956.2832470974 3802610.5334103177 1979974.3205597429 -1991926.6643398697 -5228984.73675606 -2523661.4136651326 1922333.1185786908 -3848581.629307663
102165.21368442169 1428088.0654918961 2475240.656799705 -3825922.3340328163 -1616792.9596365169 3526772.7850269955 31314100.918125756 1270040.8299292442 -1777336.2542492712 235265.61796148084 -391940.5216149375 -1689118.4273001598 3335849.387073666 5183006.171292907 -2604367.745192811 563006.1663133858 -4931441.221644825 3671723.567272543 2396854.088969105 177224.51141406072 638272.8052745044 -651348.0736814777 75210.65398093229 -1216490.398695378 -736823.402492635 -3391682.852933154 -525937.8007584371 1514575.3373391167 3895177.6875601024 5190264.808591549 142360.84175805314 -6112907.221920703 3242770.5692721005 -3967165.5125736035 7640688.428730669 2596071.32542083 1786890.460443908 4221516.470809559 2418407.48141855 -4738804.797634309 -3810193.4094151696 -229941.14312994 1754260.0517043741 -2308510.1085097925 -553500.227920575 -890127.2887087074 -116235.6326244018 -426311.17335449456 778700.382756831 -346232.0543433876 545073.6895841431 -2572614.2633347986 778346.8605996155 116468.14980872274 -464417.07222720346 5260379.784777946 730558.8526736349 -222903.6574015058 -870372.5934304406 871621.4276768639 1088097.7532558937 -1647837.2433855548 -2794735.540490799 564560.1512885712 -608178.5501482773 -764519.5029486404 1796649.0299407325 -4052181.2100489023 510589.43840303086 1851137.964541388 1345799.7285829037 -246410.1997275262 6194361.323050723 -3851208.8641034896 -2609465.377534613 2801797.6115322527 -1417695.012665176 -1244741.6499186587 -3807519.9579935465 -1555038.0910775277 4343566.443614819 2313260.039209238 -3004511.2707918813 -2673957.279953163 3379709.9357058504 590942.6344103063 3163838.6156932344 -1619596.4489352664 1068160.4442864156 -75078.63214765272 -2795919.252519806 4151120.6450249096 -6192211.708360452 -377964.3951737487 1867774.7127478768 2836324.6908653965
-3470718.963705856 -1118208.5550975779 -524625.1282558648 2531944.6015849723 151383.46688416513 2391322.273918196 1270040.8299292442 36383592.82817737 -923830.3649565135 -85882.0834406932 156747.66893823686 31416.28354717214 431482.2672925343 2431843.9135164525 1369627.753628316 880483.7429985832 -1709742.5811973829 -7249.671161788509 4351685.262161068 895895.2285896818 -1025023.2046916006 -4736669.186487638 2193849.8404551027 1088880.5869172327 3338592.7824326153 1681994.1696891515 695273.2074616603 667359.6818202927 1318460.7140047434 -49506.56246579567 6467049.050272647 -1484540.3269192756 2593260.8058903203 -1714972.7579252075 2749685.2084431816 3241775.614464739 3676836.3644500207 -3134937.950379972 -2785693.398070697 10662.086609561093 242639.39982818544 -3415007.412824655 1483207.2330552533 4874350.063817783 2915522.0709214164 -3684757.967831883 881697.4765475445 -2276663.5924698184 363521.41331814096 -84948.49293152888 -1289761.0781134937 -2136846.094090265 1208531.1830009453 4908481.336024787 1861952.511618175 1968205.0873490311 248298.8860061154 681710.0604479084 -6209966.356213748 -270785.94862827036 2522339.617341293 -2183501.744456219 -642837.8810890542 2221589.064772616 -7946903.079272799 243775.8573510242 -968838.012219401 -1951731.5308119236 -5689040.915855167 -592426.4525336676 -1278183.0445733343 -592463.2693529788 -4200277.990018503 -4819241.128124136 -863727.5881947018 -1372779.9272576554 -1078361.278765763 -2536453.727906003 -756871.3391065483 -783280.5774412605 -1441829.5758244141 -2053504.6656241477 -1160203.383095811 -1086362.181309313 -2970770.5501879253 5039028.800789313 172196.2959114721 661898.0194387868 -3936758.4334625374 -1175739.134346705 -6411245.828555811 -3865329.041908864 1272509.6158874128 278858.29394890787 620494.4105471919 1228551.9832139995
626875.0185073616 1464737.209621753 1183952.2459138648 394937.1036821837 -97663.43724228183 -4323409.178574383 -1777336.2542492712 -923830.3649565135 33952541.66832024 100603.36688417195 466025.1330865689 -29524.393084823005 -578874.4708323444 3912171.803366122 -2755811.8829983203 -879250.398271547 -1420029.4462192047 -163090.72827082706 7566154.018685673 2777447.9579336406 -2430679.2991483486 -1937242.2616097466 4137120.471219266 729899.3911031865 -83248.8486866598 -710296.1835354005 1009953.8387253993 -2293290.9388456666 1371142.173587766 -4036987.6366301468 -526610.3478760527 68901.40484557628 1701201.330847271 2192651.006948595 -2076209.133892541 -3684651.996868968 -997029.7609378605 -990829.5419398331 -243144.7731409703 -4108996.049508098 3144611.4448749833 2909545.1434167544 -252816.27272069742 660391.838720061 -58575.31997154605 1925030.8462042094 -2222033.3574355603 1324456.260832901 1319319.5833434497 -4511959.633811278 4803179.694407399 3149621.8640803853 -2218263.334961918 1151626.0510384706 3986575.066066187 -1966731.5655238351 928371.8784031242 1065394.0503655425 3246739.050565741 -6216296.055379208 -703766.3539012695 2507299.790171399 2778019.8922764612 5022678.60894701 2518805.828960781 723405.5188949851 -1506238.6141931445 -3093047.6559629273 4553220.382408361 2948598.4239721377 -1735341.0985232303 2854079.0483753597 356377.0698939369 4766271.632898021 7204733.706156808 34456.35667030814 2834834.573469545 699926.2337811724 3917911.079847702 -3373699.2341927886 1657155.9913709965 1333284.321301676 4747125.110502002 1107050.5741177795 -245377.54848247938 3027145.6442048387 -5167863.233778813 -4007445.5701716268 -1658493.0728986308 1089704.8371019312 -1090355.6020912046 229632.7365553377 456800.6710687697 4247428.52544225 1145422.0668933326 166581.78859929994
3397483.5083646625 4407168.828049455 1293882.209067348 2982049.026567646 57659.194478887104 -1144898.160979661 235265.61796148084 -85882.0834406932 100603.36688417195 30590002.920859344 -2779507.5702453125 705229.6946148003 872551.7930863706 -2841542.5040208884 3603495.7323534586 2382195.394766102 -1478640.7038947963 -675125.543038513 889276.8533021595 -557354.3512092049 -3538247.0636231177 -4366132.270799018 -2697932.968833774 -1407648.5600940366 -3411179.783412994 -737657.9995796982 -2105868.905940703 1649221.5209477246 97185.32798925598 1167080.1560583808 3501580.1875646776 -458312.3835279958 -2471841.467735085 -3351915.138959084 2595438.8034723587 704111.7776256977 -3505182.6019140384 -1035026.6341563052 -2819394.7262913245 1926894.155267316 -931890.779070277 -2246864.0843395297 -2384656.156780507 -3207070.8425482893 -2802137.5351046952 3288911.807555478 3080839.782990449 -3289196.717768023 2365605.1605024524 1233609.929204332 -1182147.1676797115 2477101.59031143 99718.643564347 -2081643.279405332 -3837818.0834629005 2980592.002714323 -4349307.318675548 1139032.9746512787 -878768.2172686514 -2111707.8380925255 -2381275.1410954986 944236.5370482837 4017436.9028910277 6459116.321174968 2400947.0317602633 -1691601.2579929933 337054.1337032177 2464225.9152506148 -5589479.769782378 -2190023.8405277613 -5550156.609044818 1877882.5847122658 934130.6559827845 -3210855.8500735154 -4590542.080720906 -1002267.625809126 1347275.7301501012 1578988.4288339198 -5863503.500135177 680875.900723626 -1369643.1841562279 1737951.426204501 612587.4256262012 -940869.5744143532 3435193.2691606046 682762.2850688804 -807582.8175969712 241379.06913025986 1957258.3661848411 -406952.8160782316 6600807.943584247 182236.15759140864 352277.35351696715 633285.8902585608 3810400.1473471965 -237314.34122182906
-5093670.646393131 1834280.5184728072 -709202.7449575189 -3133481.014275834 1428245.0529804425 -5082757.933103493 -391940.5216149375 156747.66893823686 466025.1330865689 -2779507.5702453125 29038588.74817383 -2143732.1321797217 -1746234.0778787644 4671836.392920254 1035714.7498677127 -505868.06443906284 -381796.99827985704 -1785527.0518964147 -1695142.0644266952 -968891.2417604029 -506548.1813321264 4746320.948627807 -2775805.264022342 -4166274.6718662353 -2516531.5983375087 526334.00311964 -1051179.1628339412 -1120266.4263456806 -481323.93619750335 1062618.1443785632 -627068.3333715985 2760939.311518523 -530275.5373362489 2287259.4670057665 -2014798.2448150953 3537324.2111563906 794397.8481255918 289787.66119514673 -3294404.3349922984 -786270.9680259539 6333568.5875090165 3337833.203501451 -5385469.906846404 852800.595116427 4532508.901458822 -220388.72564723555 -3301024.177034404 861696.0128130165 -4698926.701605044 -5952.225050333452 210728.97259775162 -3794663.2116050026 -1656897.0011464527 1029753.277519666 1778636.1606427785 581295.3384117343 2273436.884216136 1629453.8809593343 -478584.3703163543 1262139.4722975343 2485327.399707047 651934.9392917411 161751.47617177162 -1261567.0863588562 -551647.0739511568 2696582.9681804925 -4808130.299928544 913476.7394385601 1708573.756088976 -216017.6607301813 1755936.5650946375 -3046058.3124048207 -12103.761748932759 -4142534.6810038406 3271146.7035470214 899951.0810735145 -4488619.815949411 -4612689.725985442 -528889.4674370108 1014575.0853225111 3594764.4923804454 -1826599.5251146017 4558472.121473496 -2192640.315830307 413609.6445463767 -1932560.0056183715 -187160.9360218015 -1027563.6904954804 -1774929.5061484645 -1418246.123989586 -1377710.3708990088 -4834977.750135911 699502.5668013772 4338284.5525748115 -1705584.254054056 -4068107.219598611
2050964.7385366748 -1954720.1371666177 357427.95783901203 5557484.206153417 -3053184.60647133 2615162.1376583055 -1689118.4273001598 31416.28354717214 -29524.393084823005 705229.6946148003 -2143732.1321797217 32622227.027190916 -2599697.8825024506 -1285203.6563188245 3734369.7259101947 1357781.085732506 -125661.3470595206 1624425.9227091358 1236243.332572128 -1907159.5234959156 -2276907.4137741597 -579507.79219769 -3617521.976073226 -3863934.3656537957 3278441.366760651 2929493.514843805 -1724421.2369739248 -1827088.3826399185 -3385580.72092202 2958701.632510369 3333608.52672903 -1706277.6275360812 -929886.483620327 -2852819.2408312545 2362544.1583484826 4693967.960925669 -2476828.660197313 5330535.5912517635 -3980859.0252535674 1948681.9335273192 -6429185.259388648 654720.1478878377 2682173.2158626816 1548698.9851047401 1698232.0308952352 2094356.4536076402 2394069.50963415 244521.81911431593 -298780.45936208445 2956582.28483026 1555290.1143935765 1572887.717349913 512234.179237383 129567.76255738524 984262.6945003227 151817.06726465322 -1762436.3138726489 -1209260.1735975356 -4009430.724227039 19234.866652187226 2907121.793914115 -2828876.987700937 2849257.2061041556 5446419.915380358 4009283.530858819 -1101367.8603030809 -574440.8654828548 3829404.5467537204 -2824575.478297757 1607559.9822179799 2193221.7295270134 436059.9062985825 3022328.2861158326 4768374.329949005 -3915493.362990507 4576161.316761317 -708579.5889362722 708183.135053682 -1769662.0713465963 -388292.54042623617 -81914.44848804221 2971690.2832236025 1900151.4250187967 1134293.988841328 -567235.1331309482 1417001.6705046035 7730812.275850624 1873836.238697481 1959788.0591614293 4122125.2315713037 -4646332.128140886 2261125.675396393 1305590.0295665727 496839.42869951023 5089609.173189749 1000587.5639333286
-558478.162501431 -2047025.169774765 -2234151.43427345 -3920614.8763502715 3308843.537980869 -1027346.5972545684 3335849.387073666 431482.2672925343 -578874.4708323444 872551.7930863706 -1746234.0778787644 -2599697.8825024506 32242487.303617798 1699326.9484466233 -2634313.805372298 699315.876263424 -1233930.350829404 928685.2901398608 1735430.5592970897 3475735.574895959 926294.4357881434 -772819.3228105796 2885678.5745339463 -1184222.9591765234 -1568488.359242703 1917969.404933425 -2462185.0874965293 -1415119.1161201105 1634975.7198277346 735437.8342364597 -2567099.400063284 424524.61956111743 700402.1739945236 -5265941.632962505 2062260.8557297925 2243756.8621419184 -7416059.447153122 40503.721213903445 -3326148.837154705 -3193211.4225195693 -1211379.1733405136 1037527.700203617 -2103856.9476825395 671814.5508651889 -4339045.2795945415 5736696.223478824 -1214546.3139978233 -64791.46854687773 -3207516.0290641487 1358124.6980731976 -1729806.6906052083 2637687.729001395 874798.1399686898 873161.4536080639 -3819966.9913355857 -3856987.0878247507 919351.2826440242 3904882.6596520394 85555.64764091055 2558872.440893748 -2802901.7116079684 -2507929.3576242104 -1225119.8652902367 875762.4846864411 238814.3528307298 -2316452.2120797895 5271916.626563841 363955.5072139602 -2764691.706526003 996186.583364428 -2042488.4814114466 923070.4354304777 1149923.1117493096 -1004574.855780425 1502235.834409424 -1263586.3014079947 2222999.2962238295 2860779.75146152 -965892.302384677 3285103.077980192 1884609.2264053195 1038430.4790658721 1350353.033445022 -4555504.473731353 -194451.95109501158 144287.06528681016 -1506024.7480731523 -4468441.2624126505 -2043543.908687687 5109461.960879708 559454.7743441191 -2305867.7770976084 20673.44233283987 -3330031.789532059 -4371308.0077211615 1461983.2471236868
687880.0838189977 5222287.8375072 802413.4455699848 -3549668.691994956 631132.3476000733 -1197968.0441932501 5183006.171292907 2431843.9135164525 3912171.803366122 -2841542.5040208884 4671836.392920254 -1285203.6563188245 1699326.9484466233 34632775.36493122 -3436273.0288860053 -2847200.474402942 -826835.2702483791 -745258.8950045868 121339.28244778668 2874868.098143751 -1147209.4791829835 -4782471.856325866 -6268337.987767067 -616796.8297295673 749112.3093509248 777777.1833102043 -2643353.925713575 -2727604.3255471573 658066.1878650964 2324537.9973977753 -505444.1784364668 -6221524.891316515 3493720.3136052117 -3392047.0598234255 5282436.773808001 2347649.222002812 -1679917.2693777652 1629845.4480219125 -6994434.520623764 562455.2081714981 -1884061.6722083276 -1215308.6869977992 -1761466.3876204395 699207.9415477483 -825293.2612005438 415007.8911274145 779892.571003818 -2018127.784258289 1981210.5921222079 -87637.15195438605 2899253.67383487 -1593077.2610149265 -2175961.6516529317 474889.166931728 -507872.22795793344 -591706.8112646559 -38428.02931518271 -416367.8640770466 -1310323.364397533 -24802.19715965068 -2190684.753533594 2075745.5053433483 2525643.4816286173 772225.9036460796 4562506.41429485 -461065.40339518344 1083330.7033991672 746074.414091323 -2998349.7525754985 -2145133.5464318907 -2483261.1326479004 386844.59233804833 -538237.5275696471 -243182.39198228976 837250.3401107227 -4694645.366992626 1858081.4156206893 729598.2424166888 -339582.0854785092 -304568.5025315611 3304115.1275801533 -3022212.7968553896 498204.4867403444 2245035.8785595098 -3296604.2016100907 -911286.7688674954 5681811.365809193 1912073.110306591 -2132025.075286805 1254025.792305955 -4310994.710827116 2340630.1464860477 -2702443.8490771144 796200.9111876163 472150.6880774252 3321373.168744315
1477412.5051022652 -3032931.6574835503 2669295.756167767 1239672.9267717286 -2453715.0047849896 -3456101.1084611514 -2604367.745192811 1369627.753628316 -2755811.8829983203 3603495.7323534586 1035714.7498677127 3734369.7259101947 -2634313.805372298 -3436273.0288860053 32553884.311239876 -92977.67403742058 -1153194.7323943817 123362.3068859768 -5056485.89673515 -956356.1612825209 1168853.348919922 -97679.42768964986 -728464.8608477254 -1918414.349268641 -351636.25400478183 1441494.6508625725 -1330856.8111486253 2070592.6122514617 -4695354.273600076 3085635.3900682176 119395.95626494203 -641312.3288668022 3323632.032965811 2557768.7222434273 3303837.5696272575 1577435.0978476573 2949986.899543901 4362685.985078863 -1389983.2068225518 5862823.695852927 2951732.795367001 -2225807.888250987 -2205794.468731336 2061858.564075325 -2367845.075988492 -1429136.1750160432 2108103.604722088 -1175120.3061170857 -4335901.712927377 284244.0065574501 663710.1731526512 -5441505.4138545105 -1492289.0194274832 -923231.1730541829 -206994.94155917896 3552657.316737091 -4804241.692204218 428627.0487888165 153366.5506872222 -3092671.6107478132 3184469.604386385 605296.1661788161 -1307483.7800061756 1517786.001914179 1159768.4027314363 -1333438.8653022365 -1169939.3553242423 -948870.1688973582 1286919.420835178 903829.7708290635 -4196549.711360255 -1810760.5445773706 652840.8698119427 -1761453.9895310607 196623.92941058124 1946879.540362498 126007.77108889542 -195625.34458165208 435039.51248224836 -1438626.3384752234 1019078.9969384248 -4595155.978710574 1240278.737048876 517500.1549587647 -2102251.035189754 -3745647.0270839785 1893100.5428361567 -2709949.563117246 -907758.3881261107 2017180.9075974773 2737878.4633399276 1608186.5314765158 356177.26738980354 2339183.1160713756 -1912818.3988685666 -637128.6249099593
-1324501.7260245064 4367986.645331005 1392572.2965956077 -54726.19539163584 1973172.240660622 -5237849.699107372 563006.1663133858 880483.7429985832 -879250.398271547 2382195.394766102 -505868.06443906284 1357781.085732506 699315.876263424 -2847200.474402942 -92977.67403742058 33351036.375174332 -2370414.8094693134 2688741.526731984 -1189126.0335316078 -146992.7903907896 -1265475.8306018815 864073.0125307902 2420304.249953518 1588297.6520530907 -764917.1112311563 2522671.6213848675 1972198.2476590495 -588310.9587587018 -366016.81973669113 1924251.4016662363 -3014265.6657656296 585491.1320240494 3748648.0289783585 -1122615.3960509596 1574275.5444121212 -3190.3637053532316 -435377.88763376995 5204383.3514507795 751761.0607955047 -3214244.8557162136 -2137987.80542011 1785668.8200686728 -1961594.1986437086 1612013.3653116573 -1989009.248425037 3749102.2861872814 965268.828895874 -2522072.221321708 900991.0010340675 -2586698.8933807528 2136713.719906408 4047816.898750982 -2305159.5731715267 2636930.2821968556 3132056.115799414 2326250.4027838293 -447562.0027722712 -3304357.281305624 -567455.1250872003 2069830.4615087532 2840030.349104572 -61781.28479655963 -39438.224564470205 -4390227.297403115 2498425.224028816 1879444.879710843 -3364601.3719728845 6726896.6442346275 -2807176.3644699706 1465567.6986249422 -1915859.0872622433 897578.7542854361 -365810.0806994001 -2062007.8878612116 1404490.4608491093 3481216.21318298 4993988.022199684 -134019.226416662 -3231182.4929339984 1574066.5721953416 -1867663.1513705503 3165540.142671594 646747.891316665 -5725161.917328404 1206618.4817567603 2159827.3859402263 653390.4561310662 -2490535.4838665077 -3619100.963714901 4066895.8950486393 -2073393.0307864635 1270332.4415211866 -2280364.6291223723 -2794031.3074435513 -1738688.9153044473 740336.7650570872
-2898753.1768249124 -682611.476175932 -634056.9727597 -279209.7710304113 -1104759.888263874 6159918.474148644 -4931441.221644825 -1709742.5811973829 -1420029.4462192047 -1478640.7038947963 -381796.99827985704 -125661.3470595206 -1233930.350829404 -826835.2702483791 -1153194.7323943817 -2370414.8094693134 32631208.368765417 -6682935.557493626 -698632.5752035475 -1369054.878306066 -423625.6256950871 -3590938.8001788585 -462035.00212367944 -2020560.212602532 -2296335.4297251822 1424983.700622164 216405.8684595191 194100.81406910063 -3759436.74147136 -2340664.1012771297 3008189.530911504 2349490.77771304 -4286636.536701281 1214904.800389136 -6721877.447108167 -1542012.2051420475 3081792.513118315 -1238315.6095800854 2149538.8303069435 815409.04001314 443273.1349999419 -1958839.611534104 -3126200.978124487 -68879.24131122247 4137830.976557642 1233695.1417338958 -660499.7065456857 3881408.782901494 4897940.184281739 2368150.131372523 2753489.2793104514 3741162.7639436168 4927062.262320512 -604348.0234223742 -2056082.8727887066 -2676240.7818087656 1692016.5571559877 5110614.440645811 1886203.9817179788 -1122863.648507004 1504920.7067408694 -1133461.0017874695 4061782.4992017117 868348.1449042234 583163.8791286661 1300441.8023648476 5041597.876244568 -884161.306709775 -1165669.659244958 2375179.9211341995 -377085.7694633371 -3011650.2171123005 2121791.006561276 4327347.287940572 3360505.8253454347 -5864511.366953734 -1583925.4220309842 2425935.4607262504 -1840645.7205692383 4304887.191984035 464822.8625338714 1649600.3886824346 924044.1208177626 891476.1463374525 -1434137.3918549547 2273866.2857555132 489944.5370534291 -3335902.9508100376 4225244.420636943 3000893.5803493406 -1134416.3462720558 -1607838.9238021849 197387.30978940404 -1121255.8078979834 3370539.488053128 2041445.7654723884
-4895884.761392583 5101966.19510102 696039.366429223 -2777463.631559679 -542876.097273528 -3626026.18384578 3671723.567272543 -7249.671161788509 -163090.72827082706 -675125.543038513 -1785527.0518964147 1624425.9227091358 928685.2901398608 -745258.8950045868 123362.3068859768 2688741.526731984 -6682935.557493626 30204048.64808465 1114585.8940371363 -4365439.131773695 -3991212.5848228494 -583971.5738262361 3944571.2381724888 5693497.040899023 -205135.5530921831 795235.6999784785 1016248.6541353134 725834.6477963437 1334167.718336483 4825083.561794569 -3812450.68412701 -369132.5793449668 1369682.7343364144 1478943.3415993352 970030.9902962293 2061579.5993775264 829078.7894598568 1801140.6754693484 1642027.945098817 -414260.52965531923 -2006591.0155433274 -3429183.4395636837 3081501.898205939 -1666174.6638686012 -2695733.713198233 1333887.697464391 -2683477.28691062 -1132966.309279432 2571545.1303680977 3021823.791079815 -3923503.903951261 -1626424.4984260376 -1226427.3865582908 2293527.6987998476 -2983802.0706451247 -1139200.3695836426 -5886635.18457071 -488666.6676620117 2672739.062917822 -1626864.6705285714 3296663.3677646182 1215935.4984860735 -2333570.850289793 2735704.9288137024 285162.8549175693 -1334055.5320579847 -5250246.406717991 1482427.2270055984 2021595.743397928 199815.62009159868 2991579.333713365 1812708.6976273607 -2857417.445783094 -8011363.791890262 417720.7688336266 -3018299.5585456355 6857250.584317443 545831.5269879386 370351.13245340396 -3926677.5785175418 3835252.5869834414 1919321.7337431582 -795753.0343609379 -3997480.193855451 1707148.4824018902 -174046.43590499822 7856247.166417521 1113967.6681927692 -2641537.8595860447 1473447.4866253866 643389.2282031601 1772837.2483632271 -5273079.732803996 -2139691.846037217 -4931639.020574827 3273794.2576902607
-1817925.909142464 6408139.069135935 1288761.0537292233 -255624.05225300376 237620.1132541299 -134822.0074694728 2396854.088969105 4351685.262161068 7566154.018685673 889276.8533021595 -1695142.0644266952 1236243.332572128 1735430.5592970897 121339.28244778668 -5056485.89673515 -1189126.0335316078 -698632.5752035475 1114585.8940371363 32644788.31360684 -359388.09158453887 192743.14322540324 -3218117.337268892 -4839892.485628158 -389763.3371190758 -2238181.7305181464 217865.78755305088 1746821.6424437414 -2472387.0551788583 3174622.901743994 -1247108.2804639256 813316.8820446036 1349132.62828698 -1716584.1055188836 -1913557.3235450045 -1357960.6724258868 -678403.251889047 -2612673.631854085 2663625.162958424 -1898813.8987609325 -2369434.86562255 -3919782.7959109982 74539.3717878478 -2027453.2632381604 -5632057.009575553 1064760.7063649215 -656140.4212532472 -4059372.5127046886 2699799.771092401 -2714804.9745822186 4782281.553915672 2230320.456387504 3091675.552625728 3532150.7260720744 -1090873.4473055508 -180236.36054519887 264918.2055417307 -4336148.757003035 1671848.8047429323 1401743.418803753 1588097.9835397492 -393119.8034420028 -359746.1593272446 36993.48634497206 4151120.4669903903 -8522785.74328785 2539003.7250587665 -2509014.4698727624 -4405024.735250436 72696.90435774764 -177012.11708683003 379970.85267468216 4535716.55123374 -2272730.274927987 -1205028.5318660769 2051111.1306293288 -594680.0589094408 2101593.314724058 -8239071.599924603 -717009.6719200432 1127523.6945246693 638782.2624726831 4545927.507950702 1016210.8281055427 -1399543.1440507458 -3125361.8126160637 2446373.8655569283 170643.46956286713 753955.6559753052 -5040145.07579596 -3999978.0312543814 1416886.7432303238 -4772173.817731472 -187608.34856927503 -934335.8306589732 3988660.3367325873 480256.62786074466
4873822.390249345 969899.3409125112 79837.903506754 3830818.432637098 1291280.0828218502 -1887838.8137235914 177224.51141406072 895895.2285896818 2777447.9579336406 -557354.3512092049 -968891.2417604029 -1907159.5234959156 3475735.574895959 2874868.098143751 -956356.1612825209 -146992.7903907896 -1369054.878306066 -4365439.131773695 -359388.09158453887 31978989.10625771 185109.96265867323 -2936014.6684688646 -3197049.2654377352 -3198755.641010259 -810212.4554582263 -1304355.482481565 1523437.252333854 -4623427.829936892 -3562306.6414414006 -888490.1989363718 -2971746.188610922 -3833327.202194799 2428529.1724127056 -760156.7067641446 1932758.1638414033 -1990996.8191502048 718406.1046904322 1788575.404576618 -4526229.944369926 1055892.708203334 181342.31724916122 1318991.0009880748 -3414221.030609387 -3647397.1493228306 -3606028.2941609467 2494932.3228771277 425307.60585901636 -2852690.806373035 2010819.7492852903 2842865.529237208 -647175.4706082529 -3734639.1763662184 -1939770.26178655 -1714121.641188897 1749965.0563086867 1984978.441933783 3306664.701883819 -2028667.5830879365 1071037.4431902622 1031294.7103995325 73393.5785081352 -3412430.6801966107 -2385093.3502436136 -4579866.103006199 1205741.055864449 1138020.344407332 1831400.803532307 1393239.6151100858 -3983514.787690185 -3014887.5792029114 -7692895.322939571 1017063.6867488386 -970281.6752896367 3000764.470179699 4558600.106238045 3325023.704008993 1084470.4744705611 1265285.0451334913 1206323.6460852833 4301218.025617492 -470328.1774045297 -3387703.9387663445 1106315.2085169896 2880633.81229843 -789049.4357029196 447480.1904306929 -42655.14271079367 -1821885.8729202743 -3792426.610328214 3305345.315271053 76756.55051923562 -2005594.973794344 248029.12688772255 217768.36054475754 -1261522.4970299476 -1175107.1789707965
-3900670.439926755 -5084135.988890769 2614161.9356738795 1520718.6460629099 380586.71012209874 -1275159.5280077872 638272.8052745044 -1025023.2046916006 -2430679.2991483486 -3538247.0636231177 -506548.1813321264 -2276907.4137741597 926294.4357881434 -1147209.4791829835 1168853.348919922 -1265475.8306018815 -423625.6256950871 -3991212.5848228494 192743.14322540324 185109.96265867323 30921419.5369556 2301859.5155551773 -1481945.2822612138 -1747980.9549521958 1168369.8813535299 1134235.7058096554 -2751037.1625932273 3254786.9638047833 211770.25250090272 2402587.633180915 1183061.956468779 -7195634.8954640115 2612586.0334145296 2832562.178880048 -281066.5957632107 -262231.58778685424 1241975.7763857984 -2602943.9717800366 3725294.927768582 -927443.8299971406 -846402.6072611194 3133379.0661256635 287573.2704748511 1828686.793142072 -1654727.909886231 -865684.986432228 454307.9607204363 1661392.017141347 -1243542.3186903165 4513467.841448756 -1843928.7587265857 8699.80812270151 573849.686156474 2943578.314538963 4320985.892511547 -2412103.999048251 -192343.72389115355 -297769.6980317416 -174093.73852549936 -810901.1460463967 1230480.9496403083 1502465.2611986662 -1655902.0195025965 -2264764.712186415 -2241234.058877499 -644615.669361366 4886997.4374857675 -5206005.066588638 4939747.107639507 -3143287.8969735545 -1206809.0871733448 2097423.9993452043 -2384343.7641586256 1351760.9286458818 2650468.669344559 2078557.081649976 -3521016.097751667 -8768.011039557903 4299207.795130144 -3466863.4519057544 -4130423.7615787983 2126663.0147791263 5106901.060197456 -855948.7423114366 2641868.210497669 -3612069.8874562173 -3412602.290738643 -2904773.9100995213 1957774.036054565 -6240810.170486771 -578570.3693040179 -3348258.0745103634 2844396.123105468 3900232.0238895053 1531667.3957990962 -4368746.624991573
-3978665.993715291 188223.18937407824 -3359857.2046934157 -600613.5210064742 -496274.92496028676 653676.3332283284 -651348.0736814777 -4736669.186487638 -1937242.2616097466 -4366132.270799018 4746320.948627807 -579507.79219769 -772819.3228105796 -4782471.856325866 -97679.42768964986 864073.0125307902 -3590938.8001788585 -583971.5738262361 -3218117.337268892 -2936014.6684688646 2301859.5155551773 33872520.257207595 1603987.2920661517 -1911372.421551005 -4527513.811925537 3207064.9125959883 4858809.979454718 -2578017.691315395 -3753334.2600095593 219319.9130061363 -1351393.4055294003 1022246.9433461552 -2539170.998185428 -4937003.385817172 -3345633.7928220364 1426571.2104637153 3408192.3875208995 5301313.752184049 1054197.2702124836 2764364.540188819 -804096.2766563571 4624049.06580708 2325508.7925842535 2186450.769219006 479278.5605135808 317060.3786555772 -4156373.229751195 1748362.5035047154 -705015.4149653104 197391.19654642415 -1868134.5180319252 -1712439.1609018506 1773222.7959017926 -2166006.165781656 5580414.998225276 167312.22749995094 2729509.39366027 -2279264.8851678194 2075535.2609965252 1663091.3160160403 4256375.598612391 -1928847.6165178 -3497829.2548028547 3445752.451287386 6276721.624315216 305055.6764190969 2741788.538798757 -1792043.8565334496 608224.4919697926 7443912.487070685 2833635.53707989 -1991182.3932535213 166932.83454281275 1827513.6115636984 4538688.317728453 4967338.123109494 -211206.29988177872 -1375124.548984052 1130747.2257997887 375434.1718638024 2957702.0417364463 2144476.899770124 1935917.6848158417 2541751.752029671 2432553.190367817 -2021044.3000571185 1035639.2150245394 -2184966.538330872 -195493.0007136365 -4004986.3362868945 -157950.80190305956 -4450684.50979726 -1341902.4757854748 147261.26115173846 -1306095.7611340082 2407809.403349764
