32679387.757530045 -3141609.6851329827 -637526.9797595897 594616.4458246626 2532862.499180633 -594921.4665537485 4013825.135063621 -514531.5074768838 -2003027.8281341125 982684.3959113085 -921904.3021609033 572659.5733460045 2885368.1865718905 841527.1954283781 2649220.3568854737 -929387.0549319233 -2904017.6634362675 360854.78131627914 -1417494.8713747042 -1110364.8422449054 -1113308.1213790793 -1822199.7618056866 -1023082.751577651 -2067738.2259758415 758233.4816563873 517382.48455189884 716732.535005179 -201752.55138548577 -470808.5776791328 -1204374.6705650848 740417.895960547 1886705.804990016 -2087846.501750128 -1632982.3560185311 2541029.4192604027 -951914.36804244 -1886117.4625702843 126958.79796869057 -2206977.464656722 793294.2082597723 1118570.2783532143 -3510025.883909255 -3111838.434125569 -82436.07108940792 85591.23037892074 602486.2913162736
-3141609.6851329827 33930007.18666157 -1561644.3087342626 -3150483.865503574 -54709.536152363165 -1712519.2611232866 -738121.190518212 1554966.855166791 3942654.3304707804 -2333237.5991961192 -1211945.4319266123 733934.8951231678 -3357382.5033403076 502676.06961523305 -2214243.391407899 1485139.9816519069 -1835715.6518564129 -2590038.3118162295 -317902.9251320864 714430.9493556059 -696791.2612414678 2331707.4280722043 2468969.9701234456 146399.19413101708 -991338.1226529637 902623.8608803018 -650666.0886041134 168485.68263755974 -2450396.120591535 -1775071.756748007 -1363885.8475979855 -1303513.1798868107 1638885.7710670237 -1641915.2830465033 1123683.79751728 878121.8086793906 -831378.9032595382 -1922311.3775770983 1448855.8307046476 -1007764.0203058888 2178433.3393774075 1177682.8706894796 1850994.4515834493 -1257591.790851504 -109924.36634263846 -146037.30420451748
-637526.9797595897 -1561644.3087342626 33260028.716285538 1112101.8622563211 1799516.9848129884 -168663.13944977464 -913996.2621162774 1486623.2704855208 2919884.848203689 2457778.1135194413 -1375014.9860519068 -50616.35180815485 -26651.769826190495 1620553.6932546187 98753.96929339616 -3493840.1304644663 2109056.645590038 293574.40303117153 2373570.658175284 -116537.5869213347 1628091.7596210795 1929469.4163799116 2610905.1887932904 -2938343.9538418073 2399361.6450567124 36817.78007518616 -460469.8479484403 756393.0421227632 -287415.54169022903 -1417346.939794456 312228.4364650664 845666.3018727555 1467169.9925456236 1606816.267170817 319691.1060653515 2262712.3985959524 3432657.6170834163 1084888.532893712 417746.85195267975 -2611234.7099595745 -1124162.8700836378 1658378.1914963084 2412633.266731008 -1797149.9072013122 2960547.8642097833 -2415731.2725593937
594616.4458246626 -3150483.865503574 1112101.8622563211 34865421.89230341 -190935.96024027964 710669.6352255318 -2326435.5615937486 591936.4182307618 -649510.155365572 -601696.2766925759 200009.10105213107 -197899.25187199967 -360692.7260743779 -1818165.4848669264 1122681.160356836 -1002497.5875812813 -2965447.954999334 2020661.53723145 -903562.057078439 2451575.819660895 -2274841.683076208 -3099222.987290078 -3596575.8533927877 2785246.7627276154 2804540.4781587305 1032321.1202509428 -1225159.1620836882 2026640.2123935148 -1326438.0536538374 948906.3495045411 2073784.8973180589 667129.6263477458 -11494.497885417633 2524555.1397564863 -738791.6208694743 -2230464.183206287 539442.6755922236 2000660.409326601 1896277.99268447 -2487161.669332271 -1074063.9566408088 1117891.0316252715 -2138019.83281322 533726.6795019815 -821451.4743348807 543190.2758759515
2532862.499180633 -54709.536152363165 1799516.9848129884 -190935.96024027964 32665589.24525627 -374575.15706298116 1084281.3296574545 1893349.2984313432 -2834658.6357151386 -2044672.1364469798 -2284869.8177425046 -2067433.8236788353 -1810859.4504853862 -245529.5861876294 1416816.58303007 -1223917.8972543953 718563.3375202758 1154014.4565759886 127089.43785927436 2503224.253396084 -2064068.015928227 -748028.1264518478 1200352.3317461645 -2613817.2750505502 2266386.24928816 2056838.092832249 -3291016.7814615727 -1130671.3586592688 2215846.2661963454 373516.0522646725 -2163990.0509022297 1431348.1418249726 -993685.3844162433 -1230909.6675616873 690960.5974210871 -2366863.9874499245 1659985.4785982864 -729511.7123943322 -2583098.144396564 857981.2612723125 2051868.7443297345 1346069.8951203062 252734.9378081251 365943.60044103867 -1358285.5806005585 1188542.560952949
-594921.4665537485 -1712519.2611232866 -168663.13944977464 710669.6352255318 -374575.15706298116 35195915.46438776 -760861.1381763058 357703.09569847595 -1165299.936338869 955833.0091059894 -282153.77675909316 -6704.698976315972 1210646.1581920495 -1536198.3443107156 -1924036.6597862784 -936231.9857565194 969879.9320122183 2024961.5670727964 2090150.721033952 -1138662.6262736474 1082580.5733565951 -3090015.6641596104 199680.00461833828 -848164.3915468163 -1531044.51191684 -813952.423373281 200410.01160485536 976697.4358689077 -636521.2931952802 473880.02791811904 165504.19136285264 -1019800.7547667967 -2989237.4843843756 1924770.682686003 2134996.007212813 -69998.92646007061 -775699.3462488241 2668361.1945776525 349623.9722086724 -1146592.0445296133 1761554.3209731127 2656733.07686995 -4447703.802735618 -3090720.8745742533 1166817.008051263 99029.96986954332
4013825.135063621 -738121.190518212 -913996.2621162774 -2326435.5615937486 1084281.3296574545 -760861.1381763058 30954153.46285422 -1509895.519004385 1204887.161339106 -237660.7138008296 -1181529.4006670478 -292329.69099907414 -2197749.7496729754 -432205.79704027594 -1154281.9604873324 -4702.009059561209 -503201.6918428565 515489.9212748206 -72414.35936032057 701748.8962427131 -746215.481680361 -276696.22349507926 -409247.15335883765 729589.6258811648 -309489.2074536123 -388368.88138025353 -1742054.9719194525 -715255.2458992102 470336.62692951574 -1557381.7997222142 1154155.364074335 -646599.7172390674 1605223.9423224032 -1992252.8628836963 1749505.9451999618 532110.1680206379 2600058.91031608 156817.22936428 665180.481073191 1460881.324696955 -2077127.707205315 801231.2848643141 402915.8560926878 997350.5006101691 2529902.2653679047 -173980.65391956133
-514531.5074768838 1554966.855166791 1486623.2704855208 591936.4182307618 1893349.2984313432 357703.09569847595 -1509895.519004385 32553496.243140776 2009937.5767711336 -227907.98712935354 -1623240.7851884249 -1084980.3299188279 304762.5907440045 73849.2174863654 1100945.2313598795 -1205376.7628075194 -2638872.118987354 1657268.6025756467 181350.87952739553 2455230.6820727442 -1675782.213982911 -373510.5284614722 -3403882.450289109 -519150.1199700793 3367217.5566673498 1266369.246608473 1682761.4002150248 2420141.196669182 -939085.2898704828 3794338.0329291965 1290334.8668354196 927602.9880128591 1183713.039013643 2263848.9873025846 -869358.1735203187 369956.065564704 -932800.5650567303 -1121315.712596094 996705.5058205047 -1139077.485611668 -1843583.6928078178 1138540.1515071094 306686.1833861281 -3066.017842093626 -1037851.8455164328 1726357.2556300114
-2003027.8281341125 3942654.3304707804 2919884.848203689 -649510.155365572 -2834658.6357151386 -1165299.936338869 1204887.161339106 2009937.5767711336 31361000.70935386 -149474.74707498724 -1526633.768690608 -3277583.84545984 -2583928.046904827 -617089.9169711084 -104152.2550617474 -216142.29921294135 -2357424.777656493 -277450.40532221994 260832.74498460846 1382215.9078943802 978234.0448383177 -29050.583241130997 139667.75601138492 1634966.04277972 358925.2600759124 411269.4433931797 2415213.145235706 1954211.5713636037 1701668.275000615 -1547920.7601383654 1700631.1618213048 1122789.758385278 -1715401.2781657819 -448397.92301231535 649157.520305424 1200659.194141688 106175.15423803718 -106460.92785448766 603934.9018745379 -2887759.125194797 -1834503.6986522574 2541272.6131145204 2258516.2955416185 -1851557.3746096918 388654.48935121397 1192027.158158728
982684.3959113085 -2333237.5991961192 2457778.1135194413 -601696.2766925759 -2044672.1364469798 955833.0091059894 -237660.7138008296 -227907.98712935354 -149474.74707498724 36261709.03748575 3423877.7755081467 -105363.15878069325 170347.64101028687 1415577.7014861633 -999444.8091069723 1995016.5406112073 1002510.6333000405 -1502387.4874332235 -1589877.15575129 1855704.1680198552 -1201929.4816947707 1546432.1798252924 -1018870.7238965401 1922101.3077740907 3294228.8614765 749170.0636398045 -569597.700639217 1937120.0257756163 -968920.05556392 2340211.727668893 3597768.958168469 687901.0362691035 324362.02252965554 1515282.203149582 605821.6378722659 1611217.53069264 2507603.348377628 -1476093.7473311243 22721.969252511564 -2125616.0367161366 -297469.25788217963 -919006.6859916361 100124.58916683386 -621033.4217288966 941639.293206881 -2679038.0772590064
-921904.3021609033 -1211945.4319266123 -1375014.9860519068 200009.10105213107 -2284869.8177425046 -282153.77675909316 -1181529.4006670478 -1623240.7851884249 -1526633.768690608 3423877.7755081467 33287438.503960665 2903215.895100521 2267061.5109028346 376183.0944579509 136306.94072362894 4134960.9185940768 3137853.6895082267 -1049946.1606061475 -1181958.5460233581 811879.4607631409 -565079.8404803044 -1650773.0145126912 452390.99218515627 1186001.4623297655 199876.8869240235 -1027017.0713950976 -1098221.230821422 -1936118.655393727 -1027314.3756719185 990158.8237111389 3016060.7801979748 2276484.021837327 -1136177.058267662 787591.7697438523 347701.11136092275 -853263.1054759795 1180110.6194820504 253065.84317568224 -2270534.0980935376 4248503.285210673 -960413.3971991471 1613337.4283359628 541584.2332408184 -830242.6564276902 703843.3239561184 2615871.9353315514
572659.5733460045 733934.8951231678 -50616.35180815485 -197899.25187199967 -2067433.8236788353 -6704.698976315972 -292329.69099907414 -1084980.3299188279 -3277583.84545984 -105363.15878069325 2903215.895100521 32868470.264330253 734739.3424204409 844227.3217774591 -3460654.5941832876 -405679.29793740273 -1151130.5577824851 1957236.137010001 -827021.075894235 -1747899.0259297146 1601053.2852865865 1699351.3602814714 1687538.5885254438 159825.41167711618 -1888991.3596466416 -136839.55534798137 -496285.9106200535 -269336.8039634838 668603.267817907 494660.4564858403 769442.3898926844 1519937.2557650607 1742260.5079375235 108589.94110854134 1982591.0898282062 -1279977.9879174214 1200231.5629742595 -18388.539926706013 24393.650328777232 1896735.4921046484 453027.78959621274 -2785744.4145560116 -2319434.9157076366 786947.4549223294 2106767.368423916 618889.821634963
2885368.1865718905 -3357382.5033403076 -26651.769826190495 -360692.7260743779 -1810859.4504853862 1210646.1581920495 -2197749.7496729754 304762.5907440045 -2583928.046904827 170347.64101028687 2267061.5109028346 734739.3424204409 33897252.19903696 1764124.8692767748 -286493.15122451464 -1658340.409917633 2278015.9345374303 214085.88796543467 234574.5268180098 -2518053.6519166883 3432522.095860776 -2931608.9198217806 -691438.0133215073 1670283.9912338136 1048122.3000193627 993497.975405781 -1303303.3181835879 2105519.1425083317 -1462588.6773947284 -880684.4340775764 -827803.9144072031 1587645.914988356 -2012954.0417381327 -196855.48835978514 -579859.7210270837 585269.6452878037 -1151194.8749390128 2100988.390350377 845799.2757435008 -587478.2927488695 -2072673.6146945988 -1563636.163615301 978042.6724891133 689825.098794697 734450.7110226272 1274974.1592885018
841527.1954283781 502676.06961523305 1620553.6932546187 -1818165.4848669264 -245529.5861876294 -1536198.3443107156 -432205.79704027594 73849.2174863654 -617089.9169711084 1415577.7014861633 376183.0944579509 844227.3217774591 1764124.8692767748 33606926.796835646 697971.3851333319 127341.18629881387 62921.76787565397 174354.42913896957 -1348571.0901801318 -542857.7502409415 -1326399.1124141996 428073.1533480401 506406.1709681392 -1434319.3068636288 -2150771.8642614274 2428229.7348923422 579983.6644606281 2271028.491658507 472069.9502416462 3141304.7466009143 528151.70197019 2517719.6353517147 -515981.1223366904 275257.8855793671 1303276.3620902495 -761075.1747374297 1747461.0211111193 -2465830.3794847447 917419.0353406413 -973518.3577097616 156924.44916644855 2071432.7999353174 1594595.7531039417 -1662935.756346484 15908.198888007724 2685098.417743085
2649220.3568854737 -2214243.391407899 98753.96929339616 1122681.160356836 1416816.58303007 -1924036.6597862784 -1154281.9604873324 1100945.2313598795 -104152.2550617474 -999444.8091069723 136306.94072362894 -3460654.5941832876 -286493.15122451464 697971.3851333319 30305958.557977542 -106862.19455543629 -1004976.6427348444 -2863078.6581510226 1728566.7383251304 352460.5696535512 1785602.966209954 -1766629.9762605682 546757.6381615974 308678.09467130894 936943.3267323746 -336961.906162701 -1944098.2517752345 643548.9284628185 -1448578.527468953 -2993995.9644325823 2730034.0218544034 -313914.16714102874 804575.9814708716 -950521.7810657509 1151376.297270307 208912.1090258228 294635.504109909 -141578.444393591 -63651.83196859806 -1352485.6581206343 -283178.8734645192 991819.7793887883 99168.16278997411 -1029405.8120757332 1237527.498169721 717823.3095776265
-929387.0549319233 1485139.9816519069 -3493840.1304644663 -1002497.5875812813 -1223917.8972543953 -936231.9857565194 -4702.009059561209 -1205376.7628075194 -216142.29921294135 1995016.5406112073 4134960.9185940768 -405679.29793740273 -1658340.409917633 127341.18629881387 -106862.19455543629 34811916.33446076 -1841173.3445870145 -1690434.0326746562 -1890245.3152362981 1518629.5952839723 634686.0483661433 -61610.63712219494 1071091.466338993 -436900.0086552839 518336.53502048005 1196528.8447323423 649683.1519755969 -1508255.9612189252 -1161698.5097506451 3131906.0957163405 2243173.0324258828 959089.7026421786 -98259.63908418309 -2021162.4016071628 -31513.616844134373 -1843118.5953236336 -1462414.0774227674 371900.427697951 1915937.1609457831 519571.1176873163 -1226234.8229712264 -1727813.1396000902 -2451869.6922273347 1990042.053823212 513316.3690665363 -2036117.4028225583
-2904017.6634362675 -1835715.6518564129 2109056.645590038 -2965447.954999334 718563.3375202758 969879.9320122183 -503201.6918428565 -2638872.118987354 -2357424.777656493 1002510.6333000405 3137853.6895082267 -1151130.5577824851 2278015.9345374303 62921.76787565397 -1004976.6427348444 -1841173.3445870145 36035741.72727715 -167991.24241574522 1795942.6958210426 -2642953.2964087664 -1950564.5635675448 -518198.19899722893 -1421665.7821275876 -1033914.835105772 -1758202.7219963113 -3231320.98360121 -1104480.1078186466 2186017.310163646 1709341.8381512335 -1612307.36998938 764889.8757533069 -44163.4598986066 -411802.85354570404 -947140.8284953708 774731.4748819424 -1217025.622166778 1223796.3947378104 2689336.502086574 -158637.64901650508 193608.2335274112 -160541.28028250075 1317348.623052829 4955281.897720137 -3071766.4171806592 -894135.3830542708 2187212.6059064213
360854.78131627914 -2590038.3118162295 293574.40303117153 2020661.53723145 1154014.4565759886 2024961.5670727964 515489.9212748206 1657268.6025756467 -277450.40532221994 -1502387.4874332235 -1049946.1606061475 1957236.137010001 214085.88796543467 174354.42913896957 -2863078.6581510226 -1690434.0326746562 -167991.24241574522 30657495.063623447 3851311.915738521 -397811.0458374862 -1286309.2445170498 -553432.8752989533 302852.29022231797 1270359.7890146056 883203.684452294 -326742.5647026692 2854637.4138706345 1878943.669320313 2151448.3291697786 967951.7188682734 -1324443.4030041303 162117.4413835363 2348531.748646555 -491856.5773429413 139797.18290112363 -512142.91946809326 1380868.5537332892 -327616.2089870933 1155757.3884394837 2399437.587621903 2266253.134826267 -41684.034882568856 910587.8251755993 1916269.4209069018 966203.4798886796 154950.56109029704
-1417494.8713747042 -317902.9251320864 2373570.658175284 -903562.057078439 127089.43785927436 2090150.721033952 -72414.35936032057 181350.87952739553 260832.74498460846 -1589877.15575129 -1181958.5460233581 -827021.075894235 234574.5268180098 -1348571.0901801318 1728566.7383251304 -1890245.3152362981 1795942.6958210426 3851311.915738521 31602735.417873424 -888496.851536963 -1653809.9883578739 610412.0679714383 455430.1220316767 430923.0376523169 701289.953135329 -856281.5116940757 1112180.8603203245 2471160.1088224086 -1418531.1057110538 1859616.2197840735 172173.7293201197 -1749425.7123383463 -1290828.9097152795 334524.6917946052 284568.47206362593 1306786.863400914 -1093457.1912041863 -255578.05850672632 259207.816811093 -2606515.0511790165 -1072185.8500230704 -3121449.6334929983 2434941.4555730084 -81730.70275474919 2262509.567681565 458243.6387435291
-1110364.8422449054 714430.9493556059 -116537.5869213347 2451575.819660895 2503224.253396084 -1138662.6262736474 701748.8962427131 2455230.6820727442 1382215.9078943802 1855704.1680198552 811879.4607631409 -1747899.0259297146 -2518053.6519166883 -542857.7502409415 352460.5696535512 1518629.5952839723 -2642953.2964087664 -397811.0458374862 -888496.851536963 32034465.359855417 -3505828.7042544656 1205437.257677201 -3106969.859195665 271222.1382147985 -280806.28867324156 -991685.2871569614 -2011086.082770452 -2421706.0715125715 1227853.808071673 2242705.5826288485 1195474.3715565593 1393522.3991883558 69243.60089871574 -770126.535422124 -542853.0196949592 -585046.3290790525 -210286.6959498395 -1651333.658342587 864214.131809602 429665.4160173271 626238.576233069 -818886.9890597931 -1534324.9144817959 910962.0994476756 -1053126.4070585188 -1086496.1832695391
-1113308.1213790793 -696791.2612414678 1628091.7596210795 -2274841.683076208 -2064068.015928227 1082580.5733565951 -746215.481680361 -1675782.213982911 978234.0448383177 -1201929.4816947707 -565079.8404803044 1601053.2852865865 3432522.095860776 -1326399.1124141996 1785602.966209954 634686.0483661433 -1950564.5635675448 -1286309.2445170498 -1653809.9883578739 -3505828.7042544656 35385147.565907486 686307.770710804 -660458.3916459004 -612508.9299662834 607465.535818587 318206.8954215765 -449544.9895648968 429557.42147956864 3966745.569012565 -2767054.115039713 -492526.01964467135 886343.9577242689 435126.98299006216 1573168.4652720308 29801.72336678964 466265.2791892635 -443698.1681198635 669841.6661435752 3769273.973474508 3709712.4606584064 -1971469.8893459418 3359950.4303767323 2064304.7561898783 -3811533.1074415985 180536.16247901222 711878.4728409491
-1822199.7618056866 2331707.4280722043 1929469.4163799116 -3099222.987290078 -748028.1264518478 -3090015.6641596104 -276696.22349507926 -373510.5284614722 -29050.583241130997 1546432.1798252924 -1650773.0145126912 1699351.3602814714 -2931608.9198217806 428073.1533480401 -1766629.9762605682 -61610.63712219494 -518198.19899722893 -553432.8752989533 610412.0679714383 1205437.257677201 686307.770710804 34422498.11766077 188033.10403075852 -919469.0122617821 435850.999140672 -1577032.48965621 864166.2713799422 1497773.9706821765 1571718.987491426 -1683095.1232825618 3029473.530469263 -1173173.559158335 1034333.6575717801 1120780.6937121688 -1367014.3881008057 2208631.7372194077 -583355.3216976802 -181251.061492547 1210017.4238091859 1277017.534550494 -1856448.5302624968 658897.9601815173 -396973.4729824359 -1388427.9232368937 -1436209.8482845742 1492553.5416032241
-1023082.751577651 2468969.9701234456 2610905.1887932904 -3596575.8533927877 1200352.3317461645 199680.00461833828 -409247.15335883765 -3403882.450289109 139667.75601138492 -1018870.7238965401 452390.99218515627 1687538.5885254438 -691438.0133215073 506406.1709681392 546757.6381615974 1071091.466338993 -1421665.7821275876 302852.29022231797 455430.1220316767 -3106969.859195665 -660458.3916459004 188033.10403075852 32549128.867581487 -580848.8828601259 -792607.5329118798 2216927.4442984625 1151708.7391722084 -114340.20328355474 -522377.7188301493 -897475.9378514963 -678190.4798617272 -20934.032580545794 -1424127.6803628409 -2950089.885364056 3475193.986192775 -3550661.7732727835 -214249.31809391096 -1660097.490255977 293178.0046323529 428153.7925105784 -1416039.4638825136 -290950.15774931235 1354378.4002161394 -1676732.2852832968 -1122868.7511236588 -2128092.325974136
-2067738.2259758415 146399.19413101708 -2938343.9538418073 2785246.7627276154 -2613817.2750505502 -848164.3915468163 729589.6258811648 -519150.1199700793 1634966.04277972 1922101.3077740907 1186001.4623297655 159825.41167711618 1670283.9912338136 -1434319.3068636288 308678.09467130894 -436900.0086552839 -1033914.835105772 1270359.7890146056 430923.0376523169 271222.1382147985 -612508.9299662834 -919469.0122617821 -580848.8828601259 33442397.935658403 1062053.3078320902 4366718.602193974 -755063.2111682493 1860054.3497882825 -1567867.216793785 856051.9059138371 2692529.3086090544 -386316.2247184938 -1588680.200689946 1355726.0171350022 324367.06756273535 3653822.4231583443 -1411864.2534557257 541601.837646445 -1681380.6986066615 -3113423.1915267673 -905586.8121730923 -3850681.7190154884 -1053510.9505550647 -632044.445421358 -1779385.2567550158 147344.31611129764
758233.4816563873 -991338.1226529637 2399361.6450567124 2804540.4781587305 2266386.24928816 -1531044.51191684 -309489.2074536123 3367217.5566673498 358925.2600759124 3294228.8614765 199876.8869240235 -1888991.3596466416 1048122.3000193627 -2150771.8642614274 936943.3267323746 518336.53502048005 -1758202.7219963113 883203.684452294 701289.953135329 -280806.28867324156 607465.535818587 435850.999140672 -792607.5329118798 1062053.3078320902 32969721.063313127 1082852.1773164032 582657.3818539693 213238.5395033719 687464.1391791845 1208790.6112913883 2650696.0275313673 -602050.4926637599 3327199.505025944 1347073.7569789516 216755.80873945786 238482.74629511026 -3066767.1420874414 -1420555.9748724413 2203494.1178773525 -3792537.214626577 190158.3300846949 -1788875.2475683242 -930835.1157342298 594785.1636196139 1595744.7711654902 231832.65040282506
517382.48455189884 902623.8608803018 36817.78007518616 1032321.1202509428 2056838.092832249 -813952.423373281 -388368.88138025353 1266369.246608473 411269.4433931797 749170.0636398045 -1027017.0713950976 -136839.55534798137 993497.975405781 2428229.7348923422 -336961.906162701 1196528.8447323423 -3231320.98360121 -326742.5647026692 -856281.5116940757 -991685.2871569614 318206.8954215765 -1577032.48965621 2216927.4442984625 4366718.602193974 1082852.1773164032 35290207.33254512 658641.4254234292 -773291.0596115389 -1408027.179121866 1136751.4712184265 3312804.3875639085 -1018794.5173143869 -2920769.277631979 1214929.5651622515 1332089.633719002 -1200551.5877582785 657678.0828142769 -2997155.0000243546 -483035.1459485418 453621.9208745748 1371685.2142903234 -97404.1826206108 1020053.2839924709 2333854.27222691 -243963.67636406794 2743846.229803011
716732.535005179 -650666.0886041134 -460469.8479484403 -1225159.1620836882 -3291016.7814615727 200410.01160485536 -1742054.9719194525 1682761.4002150248 2415213.145235706 -569597.700639217 -1098221.230821422 -496285.9106200535 -1303303.3181835879 579983.6644606281 -1944098.2517752345 649683.1519755969 -1104480.1078186466 2854637.4138706345 1112180.8603203245 -2011086.082770452 -449544.9895648968 864166.2713799422 1151708.7391722084 -755063.2111682493 582657.3818539693 658641.4254234292 33709879.02874831 -712220.0640110329 1022146.4314507322 605455.6650520128 1757378.3161654142 -145460.8708629069 -1878390.7970630522 -475877.9037750562 -540689.7265040522 917855.0576229834 -1111755.6711766373 1934569.6815939348 1370715.8725857278 -992169.4305397661 -1035434.3022773447 1073590.179342747 1780352.6379610898 -1057442.1834112864 761080.223750217 -2217456.8153005578
-201752.55138548577 168485.68263755974 756393.0421227632 2026640.2123935148 -1130671.3586592688 976697.4358689077 -715255.2458992102 2420141.196669182 1954211.5713636037 1937120.0257756163 -1936118.655393727 -269336.8039634838 2105519.1425083317 2271028.491658507 643548.9284628185 -1508255.9612189252 2186017.310163646 1878943.669320313 2471160.1088224086 -2421706.0715125715 429557.42147956864 1497773.9706821765 -114340.20328355474 1860054.3497882825 213238.5395033719 -773291.0596115389 -712220.0640110329 31021632.73942991 -1967160.1818201514 1610445.460216895 300656.8537711372 492886.2036744586 -1664331.8825029533 2183593.6460948167 -396589.99300141155 253725.63006556345 820461.3510315603 1822889.531817086 942666.3907042273 -2182394.4464655765 -1385482.6415832213 287058.1050161074 360755.2830993402 -529113.2591236642 275137.0794109909 586307.6005055723
-470808.5776791328 -2450396.120591535 -287415.54169022903 -1326438.0536538374 2215846.2661963454 -636521.2931952802 470336.62692951574 -939085.2898704828 1701668.275000615 -968920.05556392 -1027314.3756719185 668603.267817907 -1462588.6773947284 472069.9502416462 -1448578.527468953 -1161698.5097506451 1709341.8381512335 2151448.3291697786 -1418531.1057110538 1227853.808071673 3966745.569012565 1571718.987491426 -522377.7188301493 -1567867.216793785 687464.1391791845 -1408027.179121866 1022146.4314507322 -1967160.1818201514 32717788.483347457 -1126753.3339139656 779682.1774302358 956249.823056346 -574850.2409900943 1364372.7215185163 115992.80192900663 -827776.9711393291 671843.8140908659 -2497005.141511887 2774703.4349708324 -2162469.7900799816 1787207.488568258 978313.6515593285 -2346841.1844017264 -1719288.3135988575 -740040.9113617128 2464003.4460751135
-1204374.6705650848 -1775071.756748007 -1417346.939794456 948906.3495045411 373516.0522646725 473880.02791811904 -1557381.7997222142 3794338.0329291965 -1547920.7601383654 2340211.727668893 990158.8237111389 494660.4564858403 -880684.4340775764 3141304.7466009143 -2993995.9644325823 3131906.0957163405 -1612307.36998938 967951.7188682734 1859616.2197840735 2242705.5826288485 -2767054.115039713 -1683095.1232825618 -897475.9378514963 856051.9059138371 1208790.6112913883 1136751.4712184265 605455.6650520128 1610445.460216895 -1126753.3339139656 32906127.452856928 -458822.92117989884 1495682.2468262662 -1590920.3937729255 -1514048.451730894 464401.92929266434 -210906.8636674047 1768117.2133135777 -900664.5760673382 769581.840862923 -57704.90617091858 725482.4242715401 339538.4117711089 2664947.5976780024 1805523.1445466334 611560.7875503962 445871.70505505323
740417.895960547 -1363885.8475979855 312228.4364650664 2073784.8973180589 -2163990.0509022297 165504.19136285264 1154155.364074335 1290334.8668354196 1700631.1618213048 3597768.958168469 3016060.7801979748 769442.3898926844 -827803.9144072031 528151.70197019 2730034.0218544034 2243173.0324258828 764889.8757533069 -1324443.4030041303 172173.7293201197 1195474.3715565593 -492526.01964467135 3029473.530469263 -678190.4798617272 2692529.3086090544 2650696.0275313673 3312804.3875639085 1757378.3161654142 300656.8537711372 779682.1774302358 -458822.92117989884 34689657.82248947 -793499.7187274556 -745216.820216517 314325.9175958158 373384.1305849027 113044.34266798201 230492.94070485156 464853.8164248198 2748059.0871075946 -2067524.500308968 -1988261.491517709 -2265862.1077989573 -153937.16943283594 34704.90252396633 851765.0551228089 1310902.8164680097
1886705.804990016 -1303513.1798868107 845666.3018727555 667129.6263477458 1431348.1418249726 -1019800.7547667967 -646599.7172390674 927602.9880128591 1122789.758385278 687901.0362691035 2276484.021837327 1519937.2557650607 1587645.914988356 2517719.6353517147 -313914.16714102874 959089.7026421786 -44163.4598986066 162117.4413835363 -1749425.7123383463 1393522.3991883558 886343.9577242689 -1173173.559158335 -20934.032580545794 -386316.2247184938 -602050.4926637599 -1018794.5173143869 -145460.8708629069 492886.2036744586 956249.823056346 1495682.2468262662 -793499.7187274556 37010596.55615183 345326.70475885895 10794.833875166167 -2282853.9201952037 -1352998.7987060433 707562.3215613879 -2595601.400605693 229031.84522592227 -1355847.0330763247 -286290.3658338937 444009.9858242473 -225345.76960650424 604485.9374650936 -3814625.7062891778 -688470.1836782602
-2087846.501750128 1638885.7710670237 1467169.9925456236 -11494.497885417633 -993685.3844162433 -2989237.4843843756 1605223.9423224032 1183713.039013643 -1715401.2781657819 324362.02252965554 -1136177.058267662 1742260.5079375235 -2012954.0417381327 -515981.1223366904 804575.9814708716 -98259.63908418309 -411802.85354570404 2348531.748646555 -1290828.9097152795 69243.60089871574 435126.98299006216 1034333.6575717801 -1424127.6803628409 -1588680.200689946 3327199.505025944 -2920769.277631979 -1878390.7970630522 -1664331.8825029533 -574850.2409900943 -1590920.3937729255 -745216.820216517 345326.70475885895 31337281.52662499 -1848064.150958395 -2507495.602813333 60533.66641992083 971268.737393068 -3493097.113020655 -3398467.1209423873 -1152744.8186338916 -920703.7928609371 93598.43318398762 -1435057.9153669327 -769550.5355213449 -1019822.6463224085 157434.84559310492
-1632982.3560185311 -1641915.2830465033 1606816.267170817 2524555.1397564863 -1230909.6675616873 1924770.682686003 -1992252.8628836963 2263848.9873025846 -448397.92301231535 1515282.203149582 787591.7697438523 108589.94110854134 -196855.48835978514 275257.8855793671 -950521.7810657509 -2021162.4016071628 -947140.8284953708 -491856.5773429413 334524.6917946052 -770126.535422124 1573168.4652720308 1120780.6937121688 -2950089.885364056 1355726.0171350022 1347073.7569789516 1214929.5651622515 -475877.9037750562 2183593.6460948167 1364372.7215185163 -1514048.451730894 314325.9175958158 10794.833875166167 -1848064.150958395 35018952.4564473 1308341.2281427814 3391863.7967029954 -229814.20417966586 -439529.2303747947 2660023.8703462994 -2438825.3494260577 -1831709.7871871854 877831.3539119959 -1238453.3306248093 1134515.5724335483 308093.23257710924 -1330426.379581916
2541029.4192604027 1123683.79751728 319691.1060653515 -738791.6208694743 690960.5974210871 2134996.007212813 1749505.9451999618 -869358.1735203187 649157.520305424 605821.6378722659 347701.11136092275 1982591.0898282062 -579859.7210270837 1303276.3620902495 1151376.297270307 -31513.616844134373 774731.4748819424 139797.18290112363 284568.47206362593 -542853.0196949592 29801.72336678964 -1367014.3881008057 3475193.986192775 324367.06756273535 216755.80873945786 1332089.633719002 -540689.7265040522 -396589.99300141155 115992.80192900663 464401.92929266434 373384.1305849027 -2282853.9201952037 -2507495.602813333 1308341.2281427814 31056259.752508894 1581795.178096651 -1343485.8633777697 430397.4290515301 1637595.1181217255 -1269752.5165370265 1235545.9964199928 -682594.818975065 153797.9239313724 -1726827.2652791382 -79890.44516620068 274781.79107595317
-951914.36804244 878121.8086793906 2262712.3985959524 -2230464.183206287 -2366863.9874499245 -69998.92646007061 532110.1680206379 369956.065564704 1200659.194141688 1611217.53069264 -853263.1054759795 -1279977.9879174214 585269.6452878037 -761075.1747374297 208912.1090258228 -1843118.5953236336 -1217025.622166778 -512142.91946809326 1306786.863400914 -585046.3290790525 466265.2791892635 2208631.7372194077 -3550661.7732727835 3653822.4231583443 238482.74629511026 -1200551.5877582785 917855.0576229834 253725.63006556345 -827776.9711393291 -210906.8636674047 113044.34266798201 -1352998.7987060433 60533.66641992083 3391863.7967029954 1581795.178096651 33816655.7176808 2267512.5639838893 -3189637.249684767 -1286807.4933605716 -1134507.235764985 1291809.0402075383 78755.21228607585 535584.6275862976 -2541909.6253502253 373995.84806787793 -2548468.7405274757
-1886117.4625702843 -831378.9032595382 3432657.6170834163 539442.6755922236 1659985.4785982864 -775699.3462488241 2600058.91031608 -932800.5650567303 106175.15423803718 2507603.348377628 1180110.6194820504 1200231.5629742595 -1151194.8749390128 1747461.0211111193 294635.504109909 -1462414.0774227674 1223796.3947378104 1380868.5537332892 -1093457.1912041863 -210286.6959498395 -443698.1681198635 -583355.3216976802 -214249.31809391096 -1411864.2534557257 -3066767.1420874414 657678.0828142769 -1111755.6711766373 820461.3510315603 671843.8140908659 1768117.2133135777 230492.94070485156 707562.3215613879 971268.737393068 -229814.20417966586 -1343485.8633777697 2267512.5639838893 32740686.035292152 -1557508.4482346447 507873.7072901635 2697273.547276301 -1972439.204363574 1992754.3857614705 1856500.1441942374 -1156082.6670259796 -3314232.1513116187 -1635034.1867256819
126958.79796869057 -1922311.3775770983 1084888.532893712 2000660.409326601 -729511.7123943322 2668361.1945776525 156817.22936428 -1121315.712596094 -106460.92785448766 -1476093.7473311243 253065.84317568224 -18388.539926706013 2100988.390350377 -2465830.3794847447 -141578.444393591 371900.427697951 2689336.502086574 -327616.2089870933 -255578.05850672632 -1651333.658342587 669841.6661435752 -181251.061492547 -1660097.490255977 541601.837646445 -1420555.9748724413 -2997155.0000243546 1934569.6815939348 1822889.531817086 -2497005.141511887 -900664.5760673382 464853.8164248198 -2595601.400605693 -3493097.113020655 -439529.2303747947 430397.4290515301 -3189637.249684767 -1557508.4482346447 33925690.11764513 -2168239.5136192683 2388816.2465026565 -691298.319274461 1943416.934268872 2078499.387890557 2619511.9128081896 -445368.46719839104 -1482123.1463662246
-2206977.464656722 1448855.8307046476 417746.85195267975 1896277.99268447 -2583098.144396564 349623.9722086724 665180.481073191 996705.5058205047 603934.9018745379 22721.969252511564 -2270534.0980935376 24393.650328777232 845799.2757435008 917419.0353406413 -63651.83196859806 1915937.1609457831 -158637.64901650508 1155757.3884394837 259207.816811093 864214.131809602 3769273.973474508 1210017.4238091859 293178.0046323529 -1681380.6986066615 2203494.1178773525 -483035.1459485418 1370715.8725857278 942666.3907042273 2774703.4349708324 769581.840862923 2748059.0871075946 229031.84522592227 -3398467.1209423873 2660023.8703462994 1637595.1181217255 -1286807.4933605716 507873.7072901635 -2168239.5136192683 32805203.182651613 -431323.57245786535 728879.9923299811 661850.3872181149 -385135.8954953719 1226865.7328806014 -380842.89775998396 -852739.7352724156
793294.2082597723 -1007764.0203058888 -2611234.7099595745 -2487161.669332271 857981.2612723125 -1146592.0445296133 1460881.324696955 -1139077.485611668 -2887759.125194797 -2125616.0367161366 4248503.285210673 1896735.4921046484 -587478.2927488695 -973518.3577097616 -1352485.6581206343 519571.1176873163 193608.2335274112 2399437.587621903 -2606515.0511790165 429665.4160173271 3709712.4606584064 1277017.534550494 428153.7925105784 -3113423.1915267673 -3792537.214626577 453621.9208745748 -992169.4305397661 -2182394.4464655765 -2162469.7900799816 -57704.90617091858 -2067524.500308968 -1355847.0330763247 -1152744.8186338916 -2438825.3494260577 -1269752.5165370265 -1134507.235764985 2697273.547276301 2388816.2465026565 -431323.57245786535 32947437.476719745 1731605.3447255457 486317.31019561394 -1074186.6535801934 3602906.848868626 2950162.6735430416 -426766.1452827796
1118570.2783532143 2178433.3393774075 -1124162.8700836378 -1074063.9566408088 2051868.7443297345 1761554.3209731127 -2077127.707205315 -1843583.6928078178 -1834503.6986522574 -297469.25788217963 -960413.3971991471 453027.78959621274 -2072673.6146945988 156924.44916644855 -283178.8734645192 -1226234.8229712264 -160541.28028250075 2266253.134826267 -1072185.8500230704 626238.576233069 -1971469.8893459418 -1856448.5302624968 -1416039.4638825136 -905586.8121730923 190158.3300846949 1371685.2142903234 -1035434.3022773447 -1385482.6415832213 1787207.488568258 725482.4242715401 -1988261.491517709 -286290.3658338937 -920703.7928609371 -1831709.7871871854 1235545.9964199928 1291809.0402075383 -1972439.204363574 -691298.319274461 728879.9923299811 1731605.3447255457 32601011.51251939 1103771.8402198057 -1867429.8988520328 -877372.94002014 882632.6320580724 1962046.8752874988
-3510025.883909255 1177682.8706894796 1658378.1914963084 1117891.0316252715 1346069.8951203062 2656733.07686995 801231.2848643141 1138540.1515071094 2541272.6131145204 -919006.6859916361 1613337.4283359628 -2785744.4145560116 -1563636.163615301 2071432.7999353174 991819.7793887883 -1727813.1396000902 1317348.623052829 -41684.034882568856 -3121449.6334929983 -818886.9890597931 3359950.4303767323 658897.9601815173 -290950.15774931235 -3850681.7190154884 -1788875.2475683242 -97404.1826206108 1073590.179342747 287058.1050161074 978313.6515593285 339538.4117711089 -2265862.1077989573 444009.9858242473 93598.43318398762 877831.3539119959 -682594.818975065 78755.21228607585 1992754.3857614705 1943416.934268872 661850.3872181149 486317.31019561394 1103771.8402198057 33501235.221568856 3002316.1932123094 -966201.0614845201 -4037102.097399231 -765126.7506203137
-3111838.434125569 1850994.4515834493 2412633.266731008 -2138019.83281322 252734.9378081251 -4447703.802735618 402915.8560926878 306686.1833861281 2258516.2955416185 100124.58916683386 541584.2332408184 -2319434.9157076366 978042.6724891133 1594595.7531039417 99168.16278997411 -2451869.6922273347 4955281.897720137 910587.8251755993 2434941.4555730084 -1534324.9144817959 2064304.7561898783 -396973.4729824359 1354378.4002161394 -1053510.9505550647 -930835.1157342298 1020053.2839924709 1780352.6379610898 360755.2830993402 -2346841.1844017264 2664947.5976780024 -153937.16943283594 -225345.76960650424 -1435057.9153669327 -1238453.3306248093 153797.9239313724 535584.6275862976 1856500.1441942374 2078499.387890557 -385135.8954953719 -1074186.6535801934 -1867429.8988520328 3002316.1932123094 33217036.163723543 -1180765.1307806438 654208.9577963752 -1080466.5284120452
-82436.07108940792 -1257591.790851504 -1797149.9072013122 533726.6795019815 365943.60044103867 -3090720.8745742533 997350.5006101691 -3066.017842093626 -1851557.3746096918 -621033.4217288966 -830242.6564276902 786947.4549223294 689825.098794697 -1662935.756346484 -1029405.8120757332 1990042.053823212 -3071766.4171806592 1916269.4209069018 -81730.70275474919 910962.0994476756 -3811533.1074415985 -1388427.9232368937 -1676732.2852832968 -632044.445421358 594785.1636196139 2333854.27222691 -1057442.1834112864 -529113.2591236642 -1719288.3135988575 1805523.1445466334 34704.90252396633 604485.9374650936 -769550.5355213449 1134515.5724335483 -1726827.2652791382 -2541909.6253502253 -1156082.6670259796 2619511.9128081896 1226865.7328806014 3602906.848868626 -877372.94002014 -966201.0614845201 -1180765.1307806438 33125683.89014607 710123.2136638338 -858695.8121439224
85591.23037892074 -109924.36634263846 2960547.8642097833 -821451.4743348807 -1358285.5806005585 1166817.008051263 2529902.2653679047 -1037851.8455164328 388654.48935121397 941639.293206881 703843.3239561184 2106767.368423916 734450.7110226272 15908.198888007724 1237527.498169721 513316.3690665363 -894135.3830542708 966203.4798886796 2262509.567681565 -1053126.4070585188 180536.16247901222 -1436209.8482845742 -1122868.7511236588 -1779385.2567550158 1595744.7711654902 -243963.67636406794 761080.223750217 275137.0794109909 -740040.9113617128 611560.7875503962 851765.0551228089 -3814625.7062891778 -1019822.6463224085 308093.23257710924 -79890.44516620068 373995.84806787793 -3314232.1513116187 -445368.46719839104 -380842.89775998396 2950162.6735430416 882632.6320580724 -4037102.097399231 654208.9577963752 710123.2136638338 33387030.351947073 817482.371800583
602486.2913162736 -146037.30420451748 -2415731.2725593937 543190.2758759515 1188542.560952949 99029.96986954332 -173980.65391956133 1726357.2556300114 1192027.158158728 -2679038.0772590064 2615871.9353315514 618889.821634963 1274974.1592885018 2685098.417743085 717823.3095776265 -2036117.4028225583 2187212.6059064213 154950.56109029704 458243.6387435291 -1086496.1832695391 711878.4728409491 1492553.5416032241 -2128092.325974136 147344.31611129764 231832.65040282506 2743846.229803011 -2217456.8153005578 586307.6005055723 2464003.4460751135 445871.70505505323 1310902.8164680097 -688470.1836782602 157434.84559310492 -1330426.379581916 274781.79107595317 -2548468.7405274757 -1635034.1867256819 -1482123.1463662246 -852739.7352724156 -426766.1452827796 1962046.8752874988 -765126.7506203137 -1080466.5284120452 -858695.8121439224 817482.371800583 32450381.357221756
