33903925.89718436 -871862.0871722555 986204.4012689939 -2217183.3072951 -690683.7713731654 -930078.0742804203 505912.96023213794 -2152490.6535895374 -923979.14697895 -1820892.645665793 -3319727.8767341287 -23337.331454028204 -1670112.2013964753 -1550953.714212007 -2633904.07757249 -109011.13268535901 1057163.703801965 922466.4011356097 -1316045.6131705933 -1353232.9620485213 1520801.1627662275 1686830.1864863671
-871862.0871722555 33775152.344109125 -3613534.1170731154 -1044654.2265614519 1135776.0738751835 -1791130.4833299061 681356.4482952078 2499432.364867664 601863.305409561 -993985.0868120869 697685.6013358835 946656.4318192891 -1701505.1136848067 -2273154.5052198754 -1919533.298010517 -1253939.2136112822 15737.474904400517 -2632907.073992604 -422922.00683938945 1860857.6311662511 849630.3873117849 1546657.6726180918
986204.4012689939 -3613534.1170731154 31720833.108632766 455991.88826939784 -2660164.269519579 1059019.8356048418 1629897.1138023771 384763.5775657718 -70585.34764053278 -496238.8278360147 1543517.527344117 -772598.6801723664 1826335.4124878019 1398155.9722730662 466907.13086052483 2133856.61578855 2025701.8602485997 -1187281.8953561978 -938148.745682576 22407.182640411156 1496107.0569517345 -169110.90646106642
-2217183.3072951 -1044654.2265614519 455991.88826939784 32545709.761344325 -1744141.636459377 1328797.3361803135 -2169240.1457717624 667901.0162249217 4196371.685761158 923844.0652603942 2530081.8179204855 -219456.31348478424 3606720.5204919893 -1234831.096695201 594113.8390642352 713122.5609845334 766553.6658779158 979319.7625795557 3464557.4526850316 -2054660.3357651306 2707382.3378524035 2124589.910254938
-690683.7713731654 1135776.0738751835 -2660164.269519579 -1744141.636459377 32549292.41669614 -1448068.9089217323 -912868.2282614303 540541.0749347062 -2511325.3862876315 -2023978.1869457385 1420686.9634821932 -134010.8794666486 1559750.195897563 1025017.2838251874 1036910.7432506696 -2455817.403000805 -1485940.911093997 -862284.1045118002 1339418.7382548943 -664046.4783157198 2379876.425884907 665006.040873965
-930078.0742804203 -1791130.4833299061 1059019.8356048418 1328797.3361803135 -1448068.9089217323 34612861.587448545 496028.92495022743 346235.10400462087 -80446.12757446645 -2414503.562932089 -2170231.3516044794 378522.5441708415 3102227.760181141 -3252260.7442121096 -1631679.4740826816 -3372912.4346940494 -2501404.5009849435 88925.00576944379 953012.173583005 1103350.3620291657 -3453126.9442299535 2229077.714342339
505912.96023213794 681356.4482952078 1629897.1138023771 -2169240.1457717624 -912868.2282614303 496028.92495022743 32986778.482168313 -628433.7314347653 254411.57818018206 98251.77766850793 573025.7210693825 -3114134.4710630467 1505414.159900194 -2918996.139600297 1635943.0917281858 1441513.8119203087 1999427.7395707376 -99158.26931358795 -1073017.2542800645 -1978426.828400169 -3561955.9779272573 -1836003.8575759674
-2152490.6535895374 2499432.364867664 384763.5775657718 667901.0162249217 540541.0749347062 346235.10400462087 -628433.7314347653 32250943.126905676 -824768.6798325714 3277956.014804153 -2252259.165787872 -773384.4354081481 -1335947.8211952886 866443.5943409438 -1906733.3146021946 -1325075.3762281514 1178279.83265533 -661128.5588314795 -337757.8002461658 408195.8137690077 -1744283.783547038 8992.227739741547
-923979.14697895 601863.305409561 -70585.34764053278 4196371.685761158 -2511325.3862876315 -80446.12757446645 254411.57818018206 -824768.6798325714 34330940.137674734 -2105953.4441749495 1159122.2375310657 3418465.716324393 -1257892.1134057208 -1043322.5095754932 -1973341.8610744497 -630773.6334762643 -1564648.6961244412 -1051352.002716968 2157093.0128609757 -980407.5302604833 2179395.3744411333 -1294273.7037412883
-1820892.645665793 -993985.0868120869 -496238.8278360147 923844.0652603942 -2023978.1869457385 -2414503.562932089 98251.77766850793 3277956.014804153 -2105953.4441749495 33899857.606058806 -3078265.657409164 1675305.9978198353 -3270706.514816521 2259153.0885639535 583390.1258698737 197560.7105525402 2098455.488003449 -1336919.4754703515 638170.3969639243 -3464676.3912160713 1367838.7796855802 -1396973.138861404
-3319727.8767341287 697685.6013358835 1543517.527344117 2530081.8179204855 1420686.9634821932 -2170231.3516044794 573025.7210693825 -2252259.165787872 1159122.2375310657 -3078265.657409164 32883599.047052577 3921592.044744018 2028105.8414224393 -752684.9137553801 948834.9194329184 -446001.9618120496 -1471086.0302178327 -1233898.2589608962 876217.3045393575 -958485.7921859457 -613397.4998981775 -2993862.5309287035
-23337.331454028204 946656.4318192891 -772598.6801723664 -219456.31348478424 -134010.8794666486 378522.5441708415 -3114134.4710630467 -773384.4354081481 3418465.716324393 1675305.9978198353 3921592.044744018 33698222.13557695 -2658268.428219563 1295019.9308571143 -2919723.5608476717 -1532847.8761242994 1273552.257252969 -680447.6052804767 1421696.9005878996 -85842.15905903831 504499.1320024298 -1407905.6152522645
-1670112.2013964753 -1701505.1136848067 1826335.4124878019 3606720.5204919893 1559750.195897563 3102227.760181141 1505414.159900194 -1335947.8211952886 -1257892.1134057208 -3270706.514816521 2028105.8414224393 -2658268.428219563 32849681.910047576 -1043456.056894916 1764318.3925075808 1008261.173978044 -1925642.3775948542 2092786.7350272508 2863836.5607367354 666870.2384496529 -746736.7448570777 -58031.11879881713
-1550953.714212007 -2273154.5052198754 1398155.9722730662 -1234831.096695201 1025017.2838251874 -3252260.7442121096 -2918996.139600297 866443.5943409438 -1043322.5095754932 2259153.0885639535 -752684.9137553801 1295019.9308571143 -1043456.056894916 30394539.03169939 -286040.032426735 2518199.205388759 -3074101.1100005074 810110.3645242775 1783238.0584434515 1082781.2460065992 711010.4646380018 -814628.0866911857
-2633904.07757249 -1919533.298010517 466907.13086052483 594113.8390642352 1036910.7432506696 -1631679.4740826816 1635943.0917281858 -1906733.3146021946 -1973341.8610744497 583390.1258698737 948834.9194329184 -2919723.5608476717 1764318.3925075808 -286040.032426735 31624959.037884813 -1241091.5176440312 -3470864.283520235 -162695.23242915832 2270838.0229784604 -473680.94801330334 89067.13962631908 -1271095.409332701
-109011.13268535901 -1253939.2136112822 2133856.61578855 713122.5609845334 -2455817.403000805 -3372912.4346940494 1441513.8119203087 -1325075.3762281514 -630773.6334762643 197560.7105525402 -446001.9618120496 -1532847.8761242994 1008261.173978044 2518199.205388759 -1241091.5176440312 32292141.559389677 1234681.2413910984 -2552128.2199939694 -611352.3704275114 -1374318.2949816922 -1011091.8014339785 797335.7095936786
1057163.703801965 15737.474904400517 2025701.8602485997 766553.6658779158 -1485940.911093997 -2501404.5009849435 1999427.7395707376 1178279.83265533 -1564648.6961244412 2098455.488003449 -1471086.0302178327 1273552.257252969 -1925642.3775948542 -3074101.1100005074 -3470864.283520235 1234681.2413910984 30188507.446742162 -848471.370586878 979411.8870669879 -432857.76973196067 1097783.8569869443 211525.2269104459
922466.4011356097 -2632907.073992604 -1187281.8953561978 979319.7625795557 -862284.1045118002 88925.00576944379 -99158.26931358795 -661128.5588314795 -1051352.002716968 -1336919.4754703515 -1233898.2589608962 -680447.6052804767 2092786.7350272508 810110.3645242775 -162695.23242915832 -2552128.2199939694 -848471.370586878 31007289.26699562 -115384.28713445559 -180259.24822958524 1693028.1200836527 -502897.63340799825
-1316045.6131705933 -422922.00683938945 -938148.745682576 3464557.4526850316 1339418.7382548943 953012.173583005 -1073017.2542800645 -337757.8002461658 2157093.0128609757 638170.3969639243 876217.3045393575 1421696.9005878996 2863836.5607367354 1783238.0584434515 2270838.0229784604 -611352.3704275114 979411.8870669879 -115384.28713445559 33597128.310137525 57539.44260402342 948138.3562072869 1506135.822432959
-1353232.9620485213 1860857.6311662511 22407.182640411156 -2054660.3357651306 -664046.4783157198 1103350.3620291657 -1978426.828400169 408195.8137690077 -980407.5302604833 -3464676.3912160713 -958485.7921859457 -85842.15905903831 666870.2384496529 1082781.2460065992 -473680.94801330334 -1374318.2949816922 -432857.76973196067 -180259.24822958524 57539.44260402342 31548696.393974513 2077975.1722017317 -965966.9894087297
1520801.1627662275 849630.3873117849 1496107.0569517345 2707382.3378524035 2379876.425884907 -3453126.9442299535 -3561955.9779272573 -1744283.783547038 2179395.3744411333 1367838.7796855802 -613397.4998981775 504499.1320024298 -746736.7448570777 711010.4646380018 89067.13962631908 -1011091.8014339785 1097783.8569869443 1693028.1200836527 948138.3562072869 2077975.1722017317 34419543.16146261 -121079.68829768187
1686830.1864863671 1546657.6726180918 -169110.90646106642 2124589.910254938 665006.040873965 2229077.714342339 -1836003.8575759674 8992.227739741547 -1294273.7037412883 -1396973.138861404 -2993862.5309287035 -1407905.6152522645 -58031.11879881713 -814628.0866911857 -1271095.409332701 797335.7095936786 211525.2269104459 -502897.63340799825 1506135.822432959 -965966.9894087297 -121079.68829768187 32363778.727310505
