37373908.70631102 -75561.54366777519 -1225921.633412706 -382369.370932136 1582401.549683291 -1373614.7639278567 5193018.291824247 -1254661.2239345687 -792675.822906726 875159.3176763519 1264284.5521091588 -1735202.2518338722 43800.7030936662 2696619.015380171 5218360.217432019 -5220413.277074447 -1181028.3534482806 946358.4584925161 1810541.7792084995 1416163.437439722 -250320.02712152537 -710803.5974755584 614921.7831118399 -4574452.311095634 -5382114.844868902 -435525.31837944716 -4398413.448995582 -5629112.751147369 397090.53117370623 217012.15821169573 -3816065.234809622 -1774063.4004252928 -2578283.6140992865 1218508.7852947207 -2625373.724665433 4101621.1933886553 4565503.820343632 -2429833.683199082 -3010784.921187234 3092401.7020484437 92161.15716374465 1582530.5266848444 -1491126.9234796208 -2369054.10388032 -4632802.9243865935 1981043.4952220465 -2630625.1205840907 -1181331.7860642667 -1449900.4526464383 862263.3729671583 -5498398.711426966 251456.82285747404 413493.8379634839 -922407.5716522848 -3541568.2805037843 3316383.035861058 -1261628.5945116377 -1064175.281356106 -1570027.842744881
-75561.54366777519 33130461.044770747 579492.8315926081 3150224.341369386 -2415198.281307525 1946676.158038952 -1992418.674032664 -1797029.465163213 3116548.177206901 -4944031.414936806 -3106318.3613316184 2361487.0539259603 814701.1048786798 2705304.68109408 -1516930.9702431953 -4022650.8337875935 3886373.8672586894 3209848.1385366837 288049.11641604034 3495308.326329194 -3974960.7177178785 1667185.337680029 -2548605.484794885 -1791636.8550759852 -6583170.588484287 -3110834.80543393 324721.08058824966 6263507.806068145 5190546.109711074 -1472517.5941745932 -3909955.8636865583 2742983.5131605333 3660785.9034364116 -2613203.310530747 -4100983.700947343 -3652632.660024753 4058028.1061422317 -3256829.3702978767 -3286305.4312226647 -2484390.994714158 22560.495807672472 -1744055.9908290107 6201978.385881423 -4181040.4469233537 -2980463.64235115 -507037.4229297309 14676.898789123066 2733094.236671867 -146296.84710461722 -273453.067099191 1070829.546265381 986141.7779657847 -2468331.9514179304 -3627443.8369811983 -3534751.715172335 469183.2529889485 535347.2205104096 61183.987115450436 1841453.5339221288
-1225921.633412706 579492.8315926081 31749237.519023888 -3414541.918613842 -4852742.282316345 -1876703.1298384275 -8756.12900786734 -2897467.9322063527 965066.4661415057 3057653.023540536 2408147.942528661 -551661.9068263683 -5592332.541988948 1537165.1121770316 -2565526.580334951 -4918939.029905869 330117.6593216275 5908376.59339234 885240.0278890783 -4110329.862167998 -5603377.320961916 757599.5632082676 2230236.037784861 -365501.59549212316 4398733.632785441 -2098236.1410088516 3743825.7310330844 909990.9642954873 -1512817.4978713682 -1604734.9727710544 4563091.752044095 1462816.3473302736 -4245768.408689587 2062505.2508097817 -282220.86713255156 -2358785.7525093094 -5690815.048045163 -2278809.4459462147 -7315482.130356939 2332175.9952466753 -781202.4172907134 2902286.0713036414 237567.89532836722 -61455.74668478935 -621019.3676966223 -5398934.096582974 -1808734.280956666 2167189.516840197 -2514863.7481271243 413379.8205529952 -3230637.7361936267 2790551.937910242 -1902289.4054275025 -1997686.1371804588 3338726.885257303 315189.94373198296 -1098845.623873715 2497889.1363132917 94380.43779766257
-382369.370932136 3150224.341369386 -3414541.918613842 33607367.74054086 -3272117.013174239 1045703.619130795 -2272482.16438384 -3346962.009200239 3113994.9246247876 -2172334.5878513767 3443845.6519923136 293686.5942018464 2323116.137644652 1947849.3867383513 1418233.2453510805 1034219.411004281 1395380.498585928 6008489.388544536 -1490061.9980138082 1000156.6334100446 -1008841.4150520576 1272285.9081893165 -3511190.175348827 7002040.1139296815 -2767745.6904827375 -4056337.17509236 -3861676.6048885747 36847.01640036507 2430961.018246372 4456304.022594369 -5918924.023959534 -3024822.710135419 598597.3974425446 -3167395.719545112 -4223333.30200438 3074237.855335539 -1110975.931317825 -184169.7409345705 4778122.58953706 -5008853.743362047 308858.1060079002 2614340.2015210534 6750982.938895936 -888917.1788669393 -8660.330588885423 -1569028.044251283 -7359034.838590159 -2663324.4253094043 5828139.842896709 -2535685.858423477 -881083.5736082193 2191137.2898667883 -245336.89744831467 1395298.8267051866 -1228864.9881738292 1452044.724412312 1650566.464091367 -2585903.7596499235 1715410.2727699757
1582401.549683291 -2415198.281307525 -4852742.282316345 -3272117.013174239 30542520.06756468 1297553.305011212 2125239.08916546 1077632.1649566796 2152770.24595408 1652693.9948498297 71544.33648142916 2233368.6376041262 3831309.0449297107 -1354756.2314681185 64267.238814851065 81042.94225329396 135036.45805070328 -3756381.4890683726 -3568329.6376336054 3751481.9318846078 -1251311.1979088828 -18664.054008907762 -64910.11431514138 -2648763.235886878 -707885.7834804632 -166958.66909790604 -2794670.935342701 1336220.8352870196 -3034057.7942121658 3890668.775139768 2025575.2281834483 -909472.7261482483 -1894580.9763410992 -101470.06561064745 1972141.7322810234 -797551.3514774481 4018157.758474803 -1818104.7629515433 2702335.6423541936 1846783.592451428 825496.8427610603 -2881463.3162713433 1988606.5577115573 682975.0238320017 -1897566.4542384592 5538188.649225293 2916227.791598375 -1380831.2032469434 -3523171.190981489 2377266.372167343 -567627.9112157271 -3211859.714969195 -730187.9894033809 -890535.522252625 2214109.432000817 4012579.9436192703 -2112320.8461743277 -1690953.629632753 -2514293.8372486113
-1373614.7639278567 1946676.158038952 -1876703.1298384275 1045703.619130795 1297553.305011212 38588610.17928995 4478338.111551936 1068115.364412455 4511746.197298593 -520304.8415006246 -4716509.152732196 71699.18662645268 -878620.1939909522 -881157.5246194738 -159217.33588824366 -3870899.022903076 28363.694756667315 3914128.4433600097 -4479038.237897838 1958567.0123640632 7781631.369211968 -1939770.318420069 3080404.7641217485 -1201724.7380626195 2218646.099651356 1731640.977439313 756516.957386409 -2051491.5179301118 5103106.944191623 420698.72209062276 1392249.1698202428 1008577.2175268958 1036618.5560602978 -2730920.1534279976 -4026040.527599947 272345.15153302083 1378933.3781261493 2815881.118336782 -4681521.008561324 3630482.55870471 4060916.818656513 338084.1147610427 820192.7037332783 643775.7144500079 -1632835.0459726108 -67643.03962615994 2987003.059372236 1971166.1610893789 3111118.212345465 5552559.104718298 2462184.6942626624 -3991773.870383849 1230310.7508682986 -2156819.018848698 -776117.646453761 -1651425.8467214163 -3604.107093738225 -517824.03346539696 -835523.4004095291
5193018.291824247 -1992418.674032664 -8756.12900786734 -2272482.16438384 2125239.08916546 4478338.111551936 32053335.992843535 -1495348.475385053 33927.776495641636 1338173.1808690212 1824933.543424064 -1565586.628040644 2402744.2917841603 89508.15058702862 -2869200.2459324435 1694394.047991817 489846.70381329296 1170391.8495010047 -1589408.5784306598 -1911224.2941378162 5084911.246063054 -1701734.4348473188 -4246519.243492019 -2838779.286143746 -191938.647431071 2069989.116675892 -839562.8123012391 1385428.13860062 4069421.9649115307 425720.8765719496 4708184.332480482 1690814.5847724136 -268392.5103772495 -4177979.9079815065 -5051466.800648279 -1235623.2169599202 -437503.2912324409 -599298.65276673 -2858837.2313231863 2027027.2216181357 2883809.0794756883 1846082.436819546 -4421038.235535885 5840568.074766429 -7075382.284430155 166422.7285284802 -730997.2444842135 -393509.7039133361 -497525.88708423614 -2682048.3462676704 -102655.47448139024 987729.2980263464 4369924.240023144 1570111.7413940462 -1037516.3115554809 1443882.3421203536 -4274547.997672139 -71432.37901141324 -34599.41575566813
-1254661.2239345687 -1797029.465163213 -2897467.9322063527 -3346962.009200239 1077632.1649566796 1068115.364412455 -1495348.475385053 37381331.4492227 2047416.6856729302 1915391.4334206367 -3177051.269260702 319254.90261585586 3351222.0668876106 3590816.9818182536 3785642.805370634 1599858.5679809581 2403184.4340111203 1884759.882160081 5000583.09772035 -8280652.1679104185 443434.47152934247 -4603285.497244059 1737787.1455082623 3410350.9138298924 -2306338.8424125873 -2307805.8634079434 2728997.2392230825 -1716953.707903441 -491167.09324421495 -4865243.082994986 -619498.312012988 1586141.3295079095 621580.5368493482 2297793.177811561 -1580933.4633107411 -3194656.735214217 2301515.9207517905 1199020.9552652559 3736747.763515854 5694346.607855776 2676361.115283624 -3782726.067587703 -1237874.6693265412 -4393844.140444901 -1787628.1651508044 -3793613.4730937267 2233093.5181000354 -573911.5536660353 638565.0367357968 -1816710.687703027 -1226245.7717747777 -5232033.588485691 -1493928.3266155391 655141.7933410436 1918118.499283012 472668.67860598443 5512331.908655566 4858239.126329285 185783.62270382524
-792675.822906726 3116548.177206901 965066.4661415057 3113994.9246247876 2152770.24595408 4511746.197298593 33927.776495641636 2047416.6856729302 32392450.424013883 2619252.899265082 389483.44747299777 865471.9345574793 3232831.1612121575 1248726.923802761 378157.44029578764 -3266241.5261766077 1469336.3792655577 -1565006.5322032543 -3767786.501191513 -24589.94511780482 2602886.592525396 -2139714.9544622432 5932837.741930564 -507703.6626174329 -5375097.494756218 -2225005.176386237 -3234210.209743717 -1295633.6666237891 8329873.726401475 5270096.443495638 278683.0632485956 -7962.946432874865 1199405.2244841328 -2443567.094695491 -1630463.9724596 -966822.7593135514 4181775.474397973 -7611907.23254378 -240651.8960803145 -2987119.8956230246 4353780.397154118 3071227.450130712 2178023.279260952 -1942832.140357306 -195362.77451309984 -2470939.731986666 2481009.9572307207 745078.9627345115 -4044325.2330645407 2381510.851128762 -1534695.9450338613 -1815355.4084938774 -1589970.016884835 1814672.0796721098 -1388298.8341218932 -284973.90949766885 865625.0355496466 2329777.1128997365 -1034304.1393460715
875159.3176763519 -4944031.414936806 3057653.023540536 -2172334.5878513767 1652693.9948498297 -520304.8415006246 1338173.1808690212 1915391.4334206367 2619252.899265082 29382287.29164947 1330980.3704527556 2763672.7907302557 -284930.6765829378 252552.15849740716 -1246112.841067415 -647175.5766745267 396572.4989029662 2097018.0158304423 3417988.5978821237 -1110385.7426475657 -1368036.0513636603 -3111824.141002822 5437652.896213179 -177557.65835200826 4669085.499108677 -2798638.0038350387 -3566761.7665781607 1537934.3425634645 440774.04006022017 4186154.359808326 -305565.44107110077 -1784481.2688019655 -924023.6948636705 -624393.02802199 229588.94506788038 -3141960.6346491138 1823970.4414620115 -2220767.2190546473 -241299.51757773265 -638523.0772326245 860274.942301373 1347685.05604307 280423.168684903 4245746.6758446125 -1242532.0370824165 -2433775.0665384103 453797.5654318777 -2149509.375024856 -171025.44624751876 4649318.647098809 3084409.48983875 -945019.9244997471 -9177512.621474242 -3497463.184535975 753254.2509533623 -2915512.6850233655 -276918.1477812242 992933.5511254615 -2208989.1252180818
1264284.5521091588 -3106318.3613316184 2408147.942528661 3443845.6519923136 71544.33648142916 -4716509.152732196 1824933.543424064 -3177051.269260702 389483.44747299777 1330980.3704527556 30508136.297300234 3549581.7049839688 -2013822.9205849825 2240832.618547856 -1433708.1537274774 -1190637.5612772482 388271.9633988751 3638219.838122788 2014800.7209922457 1135132.604324343 -1727985.9881669928 -28199.671510106724 477087.49241203204 -1080339.5434389615 1336791.6588198175 1501654.019003605 1090534.9890262028 -5429252.120253562 2357885.526976718 788724.2500304801 -4136741.6319775702 -1904670.4298775513 -1175211.157981784 -3216039.872548532 -1524585.252997956 2531567.0306778117 3079549.4720123596 280884.3533786878 -664362.9283236346 -341435.9322038729 -1462684.3447867886 2748996.676209993 997150.3461101458 2913982.7490473627 816800.1623435729 1768754.0264459136 1350739.1773057869 -4284413.332879572 1835454.6422626227 -6184561.332692388 -213275.44178082584 5780417.799926012 530233.4301600934 1858793.738030344 2102697.0504310727 4737537.668623655 -1451659.3358918934 -2036010.6307550175 -24555.38276638355
-1735202.2518338722 2361487.0539259603 -551661.9068263683 293686.5942018464 2233368.6376041262 71699.18662645268 -1565586.628040644 319254.90261585586 865471.9345574793 2763672.7907302557 3549581.7049839688 32986923.747473434 -2127164.877190703 3794146.7430058233 -614039.0538527052 -88115.01819798844 547733.1879918545 4041535.882864242 -402314.7918118413 -1465588.898529344 -858551.3651665192 185754.75346615567 1079713.0560655785 2662202.0269911233 -5254259.308063092 -1298487.2111261305 5166405.133141878 2599942.666812899 117263.07159354923 39952.49256491607 1285476.6762802145 -1070112.6839997016 828252.1859169344 -458994.36182989465 1839165.1561236726 -2921052.1677054977 1005480.508266925 1935551.234987036 -198448.52212631458 190057.91792075962 -1675407.2295962526 2810459.589027555 -180248.04409865884 -321945.43529345695 3866206.032876409 -3001359.0506151966 -2797869.9622041187 -2584490.9082683367 869854.7409135043 -1451832.1178084703 -767209.7776819799 2554703.139942959 1847378.7645660138 545374.7074998835 1743226.4011089408 90577.16374421201 -580328.7688351464 217723.01606283634 -685930.716777307
43800.7030936662 814701.1048786798 -5592332.541988948 2323116.137644652 3831309.0449297107 -878620.1939909522 2402744.2917841603 3351222.0668876106 3232831.1612121575 -284930.6765829378 -2013822.9205849825 -2127164.877190703 30682799.558314115 3895159.0288211964 936379.231828148 948643.6532947137 -195124.22417357826 -650565.1131293495 1413993.1890950024 2452268.603931283 2801538.7204046864 -3477072.6411202718 3978481.530948366 -5605441.132747793 -5847755.310459501 1252629.1405493624 1478056.4040117296 842586.9463262027 2098661.2844761866 1778315.1456923387 -562044.3634994209 3841991.2848043847 4366397.472699687 -3420592.6791371037 1770908.8635043679 -1236190.7474246195 2197556.3838981614 -4548343.654739174 -13616.976901983033 2154982.658761573 -685138.2793424362 1374563.39410752 3454513.8292716253 -2879857.614807131 3628871.701612906 712369.5406790162 -2693247.884485223 -715918.7801334006 -4826338.369493802 -4400312.419016986 2821058.4147232193 -113190.64923752993 -2529331.552046115 -162744.0126016703 1649944.0884292196 -291891.6705812073 2182464.6748976214 -928623.5774932327 3101699.186183861
2696619.015380171 2705304.68109408 1537165.1121770316 1947849.3867383513 -1354756.2314681185 -881157.5246194738 89508.15058702862 3590816.9818182536 1248726.923802761 252552.15849740716 2240832.618547856 3794146.7430058233 3895159.0288211964 32159802.649686333 -2557639.9754827027 1493690.936676165 6434380.38933445 2666648.077791378 3330068.2355133486 2090927.8444804775 123279.68430128042 -3731508.986677099 -3210233.485620688 144273.7759870864 -5387797.597570444 2860688.560541641 -1587447.9470000593 -2090138.1285326765 2573815.180169687 -2144664.0563042313 -23600.028613956478 -809268.8589811285 1377167.4550222163 -2508459.508021842 -176498.34694770857 808633.2662949173 7355113.6172479605 575800.5391323443 -5904648.922832794 245803.9812539448 -881713.796251803 5332232.0060086595 2162937.6283808257 4499023.767983123 -423406.162492334 -1958192.5957033436 -1731719.203938386 2301133.6347783785 939475.9788768366 -9186650.841056775 3474555.542869948 3469739.731643891 -396143.7725671835 -2723161.8324890085 -2583713.450421469 1500674.7160695891 -708793.2991711943 63116.2738036243 4647306.985750911
5218360.217432019 -1516930.9702431953 -2565526.580334951 1418233.2453510805 64267.238814851065 -159217.33588824366 -2869200.2459324435 3785642.805370634 378157.44029578764 -1246112.841067415 -1433708.1537274774 -614039.0538527052 936379.231828148 -2557639.9754827027 34969477.942415595 -418015.2427327941 -4065949.989657245 2879295.1851671548 848836.3108691826 3398955.477548223 440323.78019478795 -3913110.7634726786 6090222.731438195 -3362568.3009334365 -3826170.542622632 1743645.521866184 763383.491888031 202943.99911032763 -4681716.1507941745 1283557.264617922 -4565500.018088091 -5809358.235393991 -2612851.5452941805 -1955800.8146325538 -799681.2854548392 2439566.46525399 1261857.0863210096 -3344917.04456933 1274222.5499854707 2253804.62108019 -4404090.151240322 -2042709.6042296002 -5192061.316820471 -2008701.0584864256 -66985.1355457014 481712.47797407035 3014398.1520488034 66726.5131765477 2232878.6269603185 -3251999.970186991 -3883588.7644935483 -2674938.205289564 -688270.6799614171 -2367988.394336118 750507.4075820516 -5428587.781183534 2069000.924766451 1778286.8147344368 -4602080.36848035
-5220413.277074447 -4022650.8337875935 -4918939.029905869 1034219.411004281 81042.94225329396 -3870899.022903076 1694394.047991817 1599858.5679809581 -3266241.5261766077 -647175.5766745267 -1190637.5612772482 -88115.01819798844 948643.6532947137 1493690.936676165 -418015.2427327941 28277735.26394136 -3199442.65387316 -3194542.2191172764 889410.6735020863 -82412.38563248783 3095867.381268049 -10631.365335136652 282616.85010729794 -74909.66738772104 -2303142.0529548177 3187269.673362433 -151533.75763604784 2788504.512771265 628252.2675161522 -3389288.048917924 -201894.5282831706 -283480.55378344195 2309453.1323944526 -3057854.599316636 5003588.660160035 319736.55267624295 -259761.36548138162 6792681.725441497 890552.3555102318 -2920670.0288887406 -5686697.414029817 -2033069.4904801643 -1021347.3926252575 823756.7544672687 895041.9241475239 -3377519.2045510714 4178244.9694083747 -1341691.9338688243 1172938.552074502 -3363154.745182678 1439716.5813403127 4426551.484661144 2166598.835969524 3165732.8975082105 971783.4595854194 1863293.4593239808 3904304.9786994434 4308596.167846269 -6609870.259076355
-1181028.3534482806 3886373.8672586894 330117.6593216275 1395380.498585928 135036.45805070328 28363.694756667315 489846.70381329296 2403184.4340111203 1469336.3792655577 396572.4989029662 388271.9633988751 547733.1879918545 -195124.22417357826 6434380.38933445 -4065949.989657245 -3199442.65387316 29631727.398405455 2214712.3120551864 1470144.3207409852 -1848823.8123384423 -85390.16693436136 -2798010.158192712 -3691672.8735609218 -251263.63422022638 -3635446.077593774 14940.743551524947 -988609.8462079944 2601946.9405371463 -2253565.230060765 -2684489.155666849 -2939580.1035512104 3200739.144983278 4531109.075137393 -100975.43750183385 -3240863.8356980863 1782028.6055640443 3996216.738377355 334430.7228908875 3948679.743486907 -2775213.1708359555 3787449.7829314354 987625.2068795722 1405119.6912649504 258980.3184296292 1142521.7877573087 -92235.7905298546 -4239088.552928363 2510973.68410181 -2802561.3590691667 -906998.0217134407 3683774.65075765 522383.08900365606 -2299978.134285397 -593451.9925971504 -2520979.7849506014 -220968.466675759 465129.52489826956 -3530036.0933304797 3985574.5005543036
946358.4584925161 3209848.1385366837 5908376.59339234 6008489.388544536 -3756381.4890683726 3914128.4433600097 1170391.8495010047 1884759.882160081 -1565006.5322032543 2097018.0158304423 3638219.838122788 4041535.882864242 -650565.1131293495 2666648.077791378 2879295.1851671548 -3194542.2191172764 2214712.3120551864 36560877.64185793 3787986.6447347593 -1346607.0086474286 -3299500.2140550483 1976170.0829187606 -132346.78834979728 -1513246.0265327105 80489.79501054759 -2684932.413003804 6310691.395309077 -438917.04897686676 -1528272.7383701338 1710869.1976693836 -1622391.8372191882 -322059.03911250696 -245830.10523270137 -1772734.4358480114 -4855758.029616663 349839.5888328352 1677325.9881101681 -5463673.742863664 -2187639.9545837236 -3520501.8497413592 2552619.439342589 2051877.6373266364 909286.4823202353 -4488995.863433106 -4172064.7204290293 -3086775.798628334 -1916139.3767287617 -4480316.784282575 300976.0690749022 -3199172.178098237 1350165.2621187821 3481757.371102537 -2224550.530037004 -3511526.3605892886 3904480.77024795 1888138.8205378174 -2273558.8805509955 -1655835.1349252278 3206807.0822787154
1810541.7792084995 288049.11641604034 885240.0278890783 -1490061.9980138082 -3568329.6376336054 -4479038.237897838 -1589408.5784306598 5000583.09772035 -3767786.501191513 3417988.5978821237 2014800.7209922457 -402314.7918118413 1413993.1890950024 3330068.2355133486 848836.3108691826 889410.6735020863 1470144.3207409852 3787986.6447347593 30532625.73896896 2421254.3219517996 -3388896.8383014887 -316635.2091439697 -411766.26318932377 2636288.163077798 559187.2167710545 2467852.8713044124 819801.1215416556 -820568.1143052258 -261454.9701375631 -6689679.282239941 -6322743.971550117 2280780.2866143323 -1358471.6170216058 940511.7159154332 -4513957.374870758 5138506.12645297 936151.9127423371 -2718867.4909396116 3625380.355717851 -251804.74802143004 -1120788.3617878947 577269.9329346827 396387.9862723098 839127.1799622596 317741.6522157537 1085149.2646487036 -1068710.7421024884 -5636851.565669108 -2282042.375649633 -2601532.802552752 916591.6811971016 1037757.4477844259 -3002407.3018204616 -734114.1959308204 -873623.924309773 413459.606318012 -506109.67103527597 633848.8085244668 1591288.6957483708
1416163.437439722 3495308.326329194 -4110329.862167998 1000156.6334100446 3751481.9318846078 1958567.0123640632 -1911224.2941378162 -8280652.1679104185 -24589.94511780482 -1110385.7426475657 1135132.604324343 -1465588.898529344 2452268.603931283 2090927.8444804775 3398955.477548223 -82412.38563248783 -1848823.8123384423 -1346607.0086474286 2421254.3219517996 36258632.01238116 -2622619.3921632944 -2853207.6476796665 -1829712.4266259214 -356830.4325036273 -2609564.4386154125 5844391.651621177 -681287.2328641656 -145960.01554397884 1248175.4839452945 -2288102.670176633 2059297.0413582528 -3494394.915504692 -3831538.3266817215 -5522909.034291427 1069209.3358308594 1186482.6886646952 5596391.863460144 229218.74228796686 -4567414.863957359 -2901178.857086559 1452778.272165685 1075313.5824401334 4232183.271725577 1623728.0543984196 3189326.4916033517 11018701.906179849 621801.2356288746 100369.83856478384 -140789.73863387044 73438.3607743451 5264674.182829257 2766215.5930534517 1506082.3843491406 -2009992.5072140838 -2854117.481250316 -2238470.7416630234 1546832.7376704752 -2638024.0308065056 -1392662.578571336
-250320.02712152537 -3974960.7177178785 -5603377.320961916 -1008841.4150520576 -1251311.1979088828 7781631.369211968 5084911.246063054 443434.47152934247 2602886.592525396 -1368036.0513636603 -1727985.9881669928 -858551.3651665192 2801538.7204046864 123279.68430128042 440323.78019478795 3095867.381268049 -85390.16693436136 -3299500.2140550483 -3388896.8383014887 -2622619.3921632944 32669073.71499572 -1833886.3793515977 -437863.2552246845 -655251.6802550743 -361221.9030968664 -5776218.808394856 3806181.2576123215 1546644.6849964848 2535117.141773327 -3527630.1774054677 -697739.4971482193 -241859.10323742803 -2243423.705297152 -2289637.223823518 -3704939.946057577 1390959.9779985487 -3703885.8831505654 3440240.55158522 2269179.469832941 1044977.7383178115 -299271.6307925386 -2764028.407796619 -4363361.092417506 2099617.5606916114 2484501.150011319 -4873183.628572242 3150896.447475684 3014660.989194446 5501067.5055978745 1543247.2190705093 -1155346.5240822034 -957755.838790555 1534557.8099344487 1682674.069370555 967896.2260691779 -3138256.163771593 529746.8614228865 2204183.874456973 -5709585.46523382
-710803.5974755584 1667185.337680029 757599.5632082676 1272285.9081893165 -18664.054008907762 -1939770.318420069 -1701734.4348473188 -4603285.497244059 -2139714.9544622432 -3111824.141002822 -28199.671510106724 185754.75346615567 -3477072.6411202718 -3731508.986677099 -3913110.7634726786 -10631.365335136652 -2798010.158192712 1976170.0829187606 -316635.2091439697 -2853207.6476796665 -1833886.3793515977 33911184.703052096 -3734460.092064943 2467014.0930828876 1756732.3189138055 -7494327.635654247 118357.14019422911 -360966.9977755075 5897.5243917357175 -4337032.61702448 -3314676.9529357767 3988047.4457090897 -3976685.4756440055 160257.40159306742 -3812161.1871501436 2365529.817839153 -1612000.5166339097 -3875591.304544656 1609232.533458477 190107.08556285888 -715862.8996985378 4560161.122582237 -3162793.3096962557 -948557.5684581868 1751794.155471431 2840065.3254112457 -4147906.636892553 -1395946.499144061 -2998708.4237116263 1332026.676438986 1056202.2812670115 5680923.886182247 -792579.7507485149 -3256390.0760671613 -2493597.13956811 4048084.5598144135 -790911.0741548148 4184466.3394428967 -2180975.879518731
614921.7831118399 -2548605.484794885 2230236.037784861 -3511190.175348827 -64910.11431514138 3080404.7641217485 -4246519.243492019 1737787.1455082623 5932837.741930564 5437652.896213179 477087.49241203204 1079713.0560655785 3978481.530948366 -3210233.485620688 6090222.731438195 282616.85010729794 -3691672.8735609218 -132346.78834979728 -411766.26318932377 -1829712.4266259214 -437863.2552246845 -3734460.092064943 32026236.36251737 -1099526.9142696122 231047.96187370774 250696.30083913397 1956301.3575220597 -1253138.3146456135 1730323.3418297763 2889169.2661677883 -1691101.1783966434 -4390572.699049317 -944620.6949136048 2263671.146512664 165895.8042991689 -2697752.6622730168 549118.211140168 -4010706.2799413614 -5272636.617677318 1574055.8413942764 -1884552.931871302 -422576.5642640367 -260105.84385534757 -320098.1499157521 2569124.3429937875 2503712.4993150462 3509444.930986149 2881886.654285463 -484500.28851790214 4148468.565155637 -596769.2661073945 -2995244.4635460605 1240869.8367150372 410849.22177028295 -1441488.863281037 2319571.79656519 -919690.9057672257 -374226.6610755618 -3654850.777361088
-4574452.311095634 -1791636.8550759852 -365501.59549212316 7002040.1139296815 -2648763.235886878 -1201724.7380626195 -2838779.286143746 3410350.9138298924 -507703.6626174329 -177557.65835200826 -1080339.5434389615 2662202.0269911233 -5605441.132747793 144273.7759870864 -3362568.3009334365 -74909.66738772104 -251263.63422022638 -1513246.0265327105 2636288.163077798 -356830.4325036273 -655251.6802550743 2467014.0930828876 -1099526.9142696122 33959143.585414715 7034803.048643737 -1384978.870349032 3989928.846943809 283226.3692783476 -2944888.7221800154 -185644.79427584904 -2593256.0864217854 -3353407.456997613 -2583478.310831613 1848147.7448197007 -2967727.90894471 3863930.341600617 2810875.2320305565 -137037.85743505455 1344739.1852708953 -2196054.794706807 2318399.4069558633 3749315.874775066 -2105964.2304829108 -1539655.2108471736 1003918.3174936258 -2538737.3205625922 -3859192.033213725 -357202.1050669033 431981.7514579261 -932893.0871103186 894505.3954886828 283610.33984756784 3968964.58515753 3577329.9058899144 398678.9098640495 -4050377.5805820874 -1194666.425283049 3862007.3327521053 3706183.625552333
-5382114.844868902 -6583170.588484287 4398733.632785441 -2767745.6904827375 -707885.7834804632 2218646.099651356 -191938.647431071 -2306338.8424125873 -5375097.494756218 4669085.499108677 1336791.6588198175 -5254259.308063092 -5847755.310459501 -5387797.597570444 -3826170.542622632 -2303142.0529548177 -3635446.077593774 80489.79501054759 559187.2167710545 -2609564.4386154125 -361221.9030968664 1756732.3189138055 231047.96187370774 7034803.048643737 34921765.804906376 -1695089.19860093 1511251.7243267163 -1727015.9870535817 -2307626.2201347197 -317775.08267792425 -5667705.477611931 457702.9567275776 741257.0974738006 3956184.9796972256 -781068.3246417221 -3210683.2229421963 2329290.957419429 2001163.9940573692 -1681403.0142240946 3661909.8052204014 6722024.319284256 -240008.01810792417 -3296594.043103968 -1454758.3835175214 6933765.619265047 -378438.58398755576 1516534.6198891571 893139.7810679792 -1202893.8962273858 5337288.032484043 -2499963.3249010015 2033230.109980316 -1817693.9510885468 1785813.9259893056 -1944026.8254808278 2676038.430119683 -2822373.493610243 1293572.0467178728 2890957.332694238
-435525.31837944716 -3110834.80543393 -2098236.1410088516 -4056337.17509236 -166958.66909790604 1731640.977439313 2069989.116675892 -2307805.8634079434 -2225005.176386237 -2798638.0038350387 1501654.019003605 -1298487.2111261305 1252629.1405493624 2860688.560541641 1743645.521866184 3187269.673362433 14940.743551524947 -2684932.413003804 2467852.8713044124 5844391.651621177 -5776218.808394856 -7494327.635654247 250696.30083913397 -1384978.870349032 -1695089.19860093 32158039.862772994 1080990.779034093 -2166713.9968043547 1527639.9405434444 -2380502.684543165 1237993.8402813717 -1040922.5844237031 -1314006.9190377626 539433.6192682248 -1784775.4201529666 1534470.0118893224 -4310855.806109597 1536625.9737040293 -2853176.8744235374 -390467.69588712853 6073228.990620302 -715655.7162749423 2128398.449040329 4976933.8529648 -3550053.249874877 7824.715063480352 2019942.7710690042 -3756733.280453889 -4036134.8610636257 1681815.497412532 1027614.4842781856 1856811.0472732466 4156457.204918206 1095398.1456993234 1094216.4314308523 -2208793.3086517546 4442222.765712001 2947014.6825401625 -1458358.363112745
-4398413.448995582 324721.08058824966 3743825.7310330844 -3861676.6048885747 -2794670.935342701 756516.957386409 -839562.8123012391 2728997.2392230825 -3234210.209743717 -3566761.7665781607 1090534.9890262028 5166405.133141878 1478056.4040117296 -1587447.9470000593 763383.491888031 -151533.75763604784 -988609.8462079944 6310691.395309077 819801.1215416556 -681287.2328641656 3806181.2576123215 118357.14019422911 1956301.3575220597 3989928.846943809 1511251.7243267163 1080990.779034093 37446879.609019086 1688139.6664626717 2075199.2300872072 -3884783.9780723434 1248022.5714209944 1169.8096450009737 -3516368.9539198354 -5018570.390404707 2256865.1408675504 1960885.7974133077 2650236.6814167975 -3802026.894433551 -1363278.5889565593 992261.3798435199 5770657.43520847 -1002783.1657384867 -4060447.7595393155 -4105633.1763173398 3239212.056952624 -359577.347207601 -1885039.7999276326 -149174.87812685868 65062.47886756066 -250827.30028319568 2795588.5276989955 6105557.578898633 737889.2768375243 2056352.388025771 6194298.991908694 -394617.7947133456 4667849.992464433 -1479780.549862591 -4116555.0046787993
-5629112.751147369 6263507.806068145 909990.9642954873 36847.01640036507 1336220.8352870196 -2051491.5179301118 1385428.13860062 -1716953.707903441 -1295633.6666237891 1537934.3425634645 -5429252.120253562 2599942.666812899 842586.9463262027 -2090138.1285326765 202943.99911032763 2788504.512771265 2601946.9405371463 -438917.04897686676 -820568.1143052258 -145960.01554397884 1546644.6849964848 -360966.9977755075 -1253138.3146456135 283226.3692783476 -1727015.9870535817 -2166713.9968043547 1688139.6664626717 33167997.63647803 -679924.7065277909 -5208084.768560847 -233904.13086049957 927342.130189494 -4518313.053497575 -4756512.154412716 -351058.7987693054 2885099.702446626 -2245753.8522724505 2541205.3493147716 -2168777.3962584506 365556.8203232134 1704669.0168901961 -264604.20851739834 935860.6863420464 -1984580.187899022 -2148037.2714992254 536741.5686569727 6109905.966850553 2471437.817828347 -1205393.1496180587 2255881.722491343 -644029.8423045872 2394624.587909178 -991732.7029561879 -3971818.7845534356 -2458675.8536947286 -5137467.7883159425 1169579.7681748813 1035671.9954052173 -3324458.7374080075
397090.53117370623 5190546.109711074 -1512817.4978713682 2430961.018246372 -3034057.7942121658 5103106.944191623 4069421.9649115307 -491167.09324421495 8329873.726401475 440774.04006022017 2357885.526976718 117263.07159354923 2098661.2844761866 2573815.180169687 -4681716.1507941745 628252.2675161522 -2253565.230060765 -1528272.7383701338 -261454.9701375631 1248175.4839452945 2535117.141773327 5897.5243917357175 1730323.3418297763 -2944888.7221800154 -2307626.2201347197 1527639.9405434444 2075199.2300872072 -679924.7065277909 33471514.129671123 61870.531121387525 -522722.50712216436 71379.07173202842 5629125.049949488 1289431.5557933312 -4656935.797382994 313972.74376654153 1279303.3933732822 -6671283.268158885 -684510.6291978372 -58993.8990279047 3730283.6750277067 4129845.2826339416 3974188.215409457 3101353.5770966318 -819635.403690428 -3928610.9086636044 -1743171.0930768126 1565581.306068512 3555552.992344415 919175.051525724 3440668.677304399 -139188.22496024347 886208.064051011 -4692137.041912303 -287577.1636970378 -3541950.3043514937 -620044.504219432 1819177.147009593 -1538971.4654756275
217012.15821169573 -1472517.5941745932 -1604734.9727710544 4456304.022594369 3890668.775139768 420698.72209062276 425720.8765719496 -4865243.082994986 5270096.443495638 4186154.359808326 788724.2500304801 39952.49256491607 1778315.1456923387 -2144664.0563042313 1283557.264617922 -3389288.048917924 -2684489.155666849 1710869.1976693836 -6689679.282239941 -2288102.670176633 -3527630.1774054677 -4337032.61702448 2889169.2661677883 -185644.79427584904 -317775.08267792425 -2380502.684543165 -3884783.9780723434 -5208084.768560847 61870.531121387525 33141780.179948762 889623.3792362447 -376771.56605918246 2305069.2728737807 853047.5144425574 -4534350.256637464 -6160805.013970625 4540854.849889547 -429445.97655229724 2650352.471714467 964934.064158186 -3152546.1420137146 578966.1079225094 1603964.3786940237 -141444.29039555445 -1258201.3261293885 -3333552.583209261 -575505.3630596496 1078658.2133630295 2173769.352382574 1653073.2478904452 672785.625706993 -3679184.188580224 -2147709.044313145 2929268.0368829006 53115.60223895889 825994.4851460768 -94807.67221835184 687018.4688513385 -1057748.2951420925
-3816065.234809622 -3909955.8636865583 4563091.752044095 -5918924.023959534 2025575.2281834483 1392249.1698202428 4708184.332480482 -619498.312012988 278683.0632485956 -305565.44107110077 -4136741.6319775702 1285476.6762802145 -562044.3634994209 -23600.028613956478 -4565500.018088091 -201894.5282831706 -2939580.1035512104 -1622391.8372191882 -6322743.971550117 2059297.0413582528 -697739.4971482193 -3314676.9529357767 -1691101.1783966434 -2593256.0864217854 -5667705.477611931 1237993.8402813717 1248022.5714209944 -233904.13086049957 -522722.50712216436 889623.3792362447 35561071.88518824 33937.353922505725 1262315.392878551 -2825715.3037691484 5042794.73561721 -1444260.2931627673 -6675819.728650478 48177.91922220937 -1047291.6596080104 -495622.01702336065 -940802.1709615785 1607181.6664198316 -4743790.2651362475 7690207.08302412 -5271132.921838327 3524368.9573507793 -1582123.6277877602 -868023.9010414082 -1588721.910936439 -1031078.4484222332 1978019.5060533532 969419.6157964324 -816913.5576652825 3170562.2140263394 4898106.023105799 441581.32390432456 1558826.955391641 -1233405.7917820737 2695922.46100316
-1774063.4004252928 2742983.5131605333 1462816.3473302736 -3024822.710135419 -909472.7261482483 1008577.2175268958 1690814.5847724136 1586141.3295079095 -7962.946432874865 -1784481.2688019655 -1904670.4298775513 -1070112.6839997016 3841991.2848043847 -809268.8589811285 -5809358.235393991 -283480.55378344195 3200739.144983278 -322059.03911250696 2280780.2866143323 -3494394.915504692 -241859.10323742803 3988047.4457090897 -4390572.699049317 -3353407.456997613 457702.9567275776 -1040922.5844237031 1169.8096450009737 927342.130189494 71379.07173202842 -376771.56605918246 33937.353922505725 37967774.75637273 1776348.6758271137 -2406389.59879952 2151565.0419923645 -7866001.948818766 1496701.78566684 -2931303.0527562257 -359879.47582895006 -55498.873949891946 5393099.440874025 265563.72950898996 -4444952.331135799 1753839.028748082 1831147.955995906 3406039.4648190145 -9872620.488073502 -4123234.7712935265 -1187424.460575648 -418862.2874162381 4428225.423199511 353479.62894085655 -1185619.913574728 730767.7456588445 554974.2967205622 -2563851.6003732397 -307440.3669967743 -261071.45858297416 5039399.035432933
-2578283.6140992865 3660785.9034364116 -4245768.408689587 598597.3974425446 -1894580.9763410992 1036618.5560602978 -268392.5103772495 621580.5368493482 1199405.2244841328 -924023.6948636705 -1175211.157981784 828252.1859169344 4366397.472699687 1377167.4550222163 -2612851.5452941805 2309453.1323944526 4531109.075137393 -245830.10523270137 -1358471.6170216058 -3831538.3266817215 -2243423.705297152 -3976685.4756440055 -944620.6949136048 -2583478.310831613 741257.0974738006 -1314006.9190377626 -3516368.9539198354 -4518313.053497575 5629125.049949488 2305069.2728737807 1262315.392878551 1776348.6758271137 31708175.382682733 -218798.75079117916 -2260946.5332651283 -3047510.7555500427 838737.5153762563 1733616.7685297062 3174052.3109656256 3431742.364084174 -2936067.6212119735 672996.2545391364 -1204082.9269155196 2183357.3382509556 3274684.345165658 -49855.882440201385 -3478166.0539499167 -2123552.3371647694 -2984551.218458559 1051166.102761502 4358438.763921902 -52655.794786265185 1722348.9466995606 2271510.651745383 582030.0125036936 4200122.76238069 2149361.6768010976 -4175115.443082745 4004576.074483227
1218508.7852947207 -2613203.310530747 2062505.2508097817 -3167395.719545112 -101470.06561064745 -2730920.1534279976 -4177979.9079815065 2297793.177811561 -2443567.094695491 -624393.02802199 -3216039.872548532 -458994.36182989465 -3420592.6791371037 -2508459.508021842 -1955800.8146325538 -3057854.599316636 -100975.43750183385 -1772734.4358480114 940511.7159154332 -5522909.034291427 -2289637.223823518 160257.40159306742 2263671.146512664 1848147.7448197007 3956184.9796972256 539433.6192682248 -5018570.390404707 -4756512.154412716 1289431.5557933312 853047.5144425574 -2825715.3037691484 -2406389.59879952 -218798.75079117916 32412145.86123743 2171518.6178744393 -193327.17322183764 2091021.244544046 3504490.30385349 -3302896.9345289283 512856.8529723969 1182090.778463506 512678.517340038 -338259.9228145506 -1001243.9427071472 -1041285.8794413907 -2693300.461311022 450229.9838560226 3299671.45607874 -1902883.490914006 -63839.92702905149 -1829968.0538247155 2232529.8561990377 -1216820.0196177394 -1767786.9816444868 -684451.3274068728 -3481057.6259682504 -6114887.530210385 -1861569.5597125667 1432821.7581797335
-2625373.724665433 -4100983.700947343 -282220.86713255156 -4223333.30200438 1972141.7322810234 -4026040.527599947 -5051466.800648279 -1580933.4633107411 -1630463.9724596 229588.94506788038 -1524585.252997956 1839165.1561236726 1770908.8635043679 -176498.34694770857 -799681.2854548392 5003588.660160035 -3240863.8356980863 -4855758.029616663 -4513957.374870758 1069209.3358308594 -3704939.946057577 -3812161.1871501436 165895.8042991689 -2967727.90894471 -781068.3246417221 -1784775.4201529666 2256865.1408675504 -351058.7987693054 -4656935.797382994 -4534350.256637464 5042794.73561721 2151565.0419923645 -2260946.5332651283 2171518.6178744393 32804795.144311294 298677.24720512354 3806716.1889228034 1669079.1872417126 -2280875.2073033713 -5014518.104019203 -2157362.3806951623 -13332.86128548651 1192819.370298694 2392091.6202257816 525060.5882308339 1167243.919756661 -256214.39248264063 -47071.73523091715 1214542.6337402577 -2154407.1699318895 3371014.7149409037 6089786.275315463 2011791.635166958 4283016.754078064 3038260.548060712 1844636.229965183 168346.04487342187 2735503.709506461 -616611.3948163658
