32294897.665511444 -1563193.1993815824 -183624.1482836721 1841506.411980993 482683.5278126216 -727662.3184624874 1438527.5250699797 383988.15002304275 1512371.7835253004 2707108.2553117042 393239.97242293175 431331.8596728339 642499.7605427962 1257763.809561131 139162.00587301346 2072217.2988724052 1764670.6406289975 -1294608.2146008052 -170413.01093604323 607424.5525577717 1153030.8177162134 -1310910.9687355182 57208.80319086542 1353863.8827177666 -2700793.30405435 707051.3621903108 -364129.38452944683 -1218024.3174627642 2315049.6034083697 -744631.7342187039 802744.2729154669 -1136948.4734038603 -3280420.6809888175 -1384632.0159267527 1319440.483491302 -331522.70285028405 96177.46396669217 -842619.501761438 1772467.7830616473
-1563193.1993815824 31210609.802452542 9755.805589439626 -2888348.280112845 -312507.48835576006 -789068.7288901029 242097.02101449063 -899696.4362165132 -1052608.112080887 2164612.7493138295 -311643.5778240048 2558760.261091262 628444.172999841 41888.544519384865 -1519029.197978439 1038780.698990001 -327216.62588682346 -1413481.3167484587 -1472422.4596831123 -353996.9631509493 -141265.66940467723 -99668.13300033277 -540220.1980829649 508835.4406058393 -1441038.2671729212 -2425558.0788029656 -247534.12944552963 325313.27264437574 -3044398.8602138 -209104.23261278647 680990.5672607141 -1226471.1962298593 2261560.8675249447 201943.93235187532 10891.064483853741 -3125967.71436571 -51576.97656266807 -1330531.9586051644 1686220.1760697744
-183624.1482836721 9755.805589439626 34869880.6423875 -2722111.92067734 263402.85834429006 1760588.6309431377 889863.6114658575 992652.4712461388 -270702.9268189934 4072641.288236855 -446227.09918085596 1036179.065018054 2496791.3283364763 924351.7728109693 2277219.5118492544 447435.39800581493 2035636.450090749 566807.2345138268 420871.62245538953 -293089.9743622565 1783125.7301090024 -36348.381369526425 -2120904.0126743787 -708301.1570792174 -81645.09694329496 -2342682.8477221634 1338383.004876915 3111303.2356024636 -122600.6884348385 1478347.861011616 365533.9944907849 -304699.7593638691 2837285.212106465 -75515.84920222347 3237806.825523323 -4162782.663786292 -858188.7811356487 872682.291711875 71854.6008076837
1841506.411980993 -2888348.280112845 -2722111.92067734 34282189.795330144 1456405.4107834897 2122299.346074806 1944930.6649759156 -1969230.2990172354 238617.40119191227 -980522.4504279835 1294249.5631641403 -2472349.4547119243 -2573618.2612762796 1590074.817978506 -206776.2229072254 -1365255.1987592832 -330736.2669915064 -1531603.247202201 43960.952957813235 347303.74262522766 -1501851.1885098252 605080.1250821106 -1152038.4898161287 -1902788.7339995431 726468.794071829 -555715.0287175833 -2516514.5492636594 -1852457.8636798623 2867455.110914711 1215581.2926482866 -411578.3378717564 817034.8543110347 1859484.624219708 -584172.170381031 1380053.913398842 2007383.7005959335 -833949.1147060839 -1586268.58137159 381689.9442254846
482683.5278126216 -312507.48835576006 263402.85834429006 1456405.4107834897 33308507.49922898 254833.43432017448 1086546.6143929535 -940945.3500444494 1974662.8521483606 -353150.22511646204 -85931.28456923761 791625.1980548924 17262.788364978893 1136867.547723649 472097.62694547407 -895716.2029545496 -534513.8630498354 1709858.6299428055 -1173382.4163905429 1455709.2718702834 362236.7044019002 -1164346.1861045666 -2240137.9387339014 -575123.3086319468 -972243.2971570633 200852.40745228078 -3186289.9139743913 -13398.172706057134 -1044322.600057758 -753043.3486643446 -1015289.0909813916 -57752.33880277086 -1704169.7716512505 -21027.691937319487 1058825.7731754899 -1008737.8990791439 -694337.8244230021 664407.8684169572 355665.40221125976
-727662.3184624874 -789068.7288901029 1760588.6309431377 2122299.346074806 254833.43432017448 34955354.31314446 1928284.7273071294 -824861.1262969018 -518320.4177603805 -1773653.1643319773 626692.600156929 -1986269.8551582147 -1177105.3040358846 -603747.22290012 354009.59358653217 4402977.3805917 40255.27935667782 352022.838868241 1522307.4103809441 3241104.7191542797 -2658666.3206058843 3039501.7283787467 -1670555.1526524327 -43718.35849480787 385977.27991481905 -74416.40822410924 478433.0663485625 -151151.74617192693 31410.517208547815 503691.79924408713 2020739.001361211 -98788.31659006911 1218171.666928335 61448.832339563254 -9876.902087081671 1473871.7816103166 1288312.2427059088 -1430723.4663290074 -111993.4911005833
1438527.5250699797 242097.02101449063 889863.6114658575 1944930.6649759156 1086546.6143929535 1928284.7273071294 33338771.57610834 956560.1354383292 2267612.0149132144 454057.5439737933 260089.99717861164 -1686638.4192008509 2289615.372043401 2830885.7705315994 -844260.2704898735 -2252803.882153641 1057179.8509639965 -2871595.747733128 -61294.40925952119 295658.9856820247 1395051.4481815617 439160.5684056981 -232387.83138938714 46419.33405844201 -1801222.8188625595 125766.19910841844 -3379618.74849129 441550.3887470265 1194091.4307485195 -4232.880098424493 782034.4302619772 -552418.6301221418 -2525911.474772375 -96740.84154833778 -856713.2639994564 478954.0328971055 -893852.692984293 -1192459.4549090436 113829.84564879308
383988.15002304275 -899696.4362165132 992652.4712461388 -1969230.2990172354 -940945.3500444494 -824861.1262969018 956560.1354383292 36133014.329405084 2448193.1160310586 -1278328.3345887382 -849501.3369243431 372471.72498600034 -877762.2950257566 1038464.4627613846 -1952272.1115976053 1132257.5443266742 300383.1745684282 2559503.434923383 679756.5988353537 1374800.9979207283 1224317.1118283977 -2624210.00047873 -179821.6740789175 350647.0694754271 757429.5648568118 1250986.545362968 148163.2650056693 754649.7888734563 1170923.8408996111 -38402.86980799378 4309598.501615646 -1317385.1218325773 -1794026.997478827 -745337.7472836691 915175.8043512424 449043.08075089956 1225537.658366704 -448066.0247615191 -336199.46619570954
1512371.7835253004 -1052608.112080887 -270702.9268189934 238617.40119191227 1974662.8521483606 -518320.4177603805 2267612.0149132144 2448193.1160310586 34315761.7461884 320802.6325303212 1999462.331516428 1786239.3482163637 283819.7774381518 -840257.2482482098 1251581.6915238001 18104.043690030107 -277756.66944431054 168458.8191711996 -163300.52853281004 1574781.225630534 1348056.598936429 891820.3925292566 1316400.7111593178 1039347.3827048521 -143158.06318452416 2938035.6607541856 -3264514.801751147 690479.6957621416 -2195663.2429750552 695196.8511093879 -1959439.500251169 1539884.9905807814 -1149457.770868908 692504.6949042982 -695345.949764866 -34812.18183682493 -836594.2564784911 -2425697.4928560653 718542.788536392
2707108.2553117042 2164612.7493138295 4072641.288236855 -980522.4504279835 -353150.22511646204 -1773653.1643319773 454057.5439737933 -1278328.3345887382 320802.6325303212 31757197.675346676 -1357697.9319833228 766129.6388923812 729156.4324270198 -930146.4421626156 -834836.1932782293 -2130335.1860493603 1881164.9481360298 -2186042.4547622357 673137.6038548219 -770794.8459694862 -273123.2349796005 1187454.8624160034 -396642.4263165969 1644702.4495947876 -923801.5188402532 2872009.8762065824 -193838.11628201697 940806.4547070297 -654050.9662517072 2367293.299574429 318449.4261901544 -798161.663873945 83551.43100501972 2244599.9678134862 -1296280.255380227 -350500.9679304565 624367.0796711489 -728386.4148069504 447500.6422484737
393239.97242293175 -311643.5778240048 -446227.09918085596 1294249.5631641403 -85931.28456923761 626692.600156929 260089.99717861164 -849501.3369243431 1999462.331516428 -1357697.9319833228 33002282.866527706 2449427.170411131 764899.4039885295 774185.5982031301 843001.7614293109 3819772.5684547494 -446808.1723503592 742786.1795198848 -1354889.020548445 675504.8339864307 349220.00426218205 2125594.7864114945 -1962673.2624531195 -1616326.8413608246 1225649.6658405832 755419.7796087271 2147357.124082979 -2062029.4484829712 1500601.164561898 -659124.0340850687 -1889496.8575122925 -1120287.672143282 162746.47964929946 3261983.313692892 1991226.0761625106 1321414.4464640857 -772289.7691638207 305540.82156992407 -540428.3793575288
431331.8596728339 2558760.261091262 1036179.065018054 -2472349.4547119243 791625.1980548924 -1986269.8551582147 -1686638.4192008509 372471.72498600034 1786239.3482163637 766129.6388923812 2449427.170411131 33903211.20502341 -1999100.943124251 689814.6747807845 2727968.2539867996 -84505.45651165239 -2091462.2397323917 -671302.2064431759 -1398068.2226547597 -1787377.4805236692 572353.1722484328 869823.1897230769 -128591.34687703276 886036.8042103539 1372286.1926286048 -2134816.9120551287 3036704.0751232426 -323698.15177455667 -1936928.063579552 1636837.7141951607 1066194.7153833301 1411962.3802116166 631580.3532111167 132909.58977752726 -279772.505983841 2403078.55623384 -753631.8608293395 3571339.782080036 -845262.2441591704
642499.7605427962 628444.172999841 2496791.3283364763 -2573618.2612762796 17262.788364978893 -1177105.3040358846 2289615.372043401 -877762.2950257566 283819.7774381518 729156.4324270198 764899.4039885295 -1999100.943124251 32980981.651461065 -269693.50665227696 674726.7084208109 1236506.6844862266 -470784.6874606839 -1052232.5127135194 1053138.2034867527 617144.4311836619 2392099.395143227 -1606187.1918817454 167919.92346004333 758021.3349651358 -889877.9419887881 1174547.7145958783 -1116497.2868953769 -583322.1295430006 191801.29501662793 531203.3891688515 -2352053.8165767146 2152378.3565872996 1002269.7352758076 1506403.2771495248 -176437.781403394 1274414.8902459047 2656092.1751886634 969418.5656111314 320196.89858254936
1257763.809561131 41888.544519384865 924351.7728109693 1590074.817978506 1136867.547723649 -603747.22290012 2830885.7705315994 1038464.4627613846 -840257.2482482098 -930146.4421626156 774185.5982031301 689814.6747807845 -269693.50665227696 33185109.505490623 1220226.1397354184 -1631602.6551148165 -893977.8981567696 -3397711.191405838 20100.375784589614 -893711.2420412092 570384.428062843 214442.5361837274 -1780855.8953493992 -708143.6774121793 -2592618.5551963053 -47828.85276628522 -1945544.3534514345 -1033840.6937218349 -769286.9430227072 792215.4518120065 -93916.23101949226 -920604.6999426013 -1703087.9546685757 817944.6368217536 1438430.2992378573 -2499830.9688984994 -2887444.8981318846 -513484.1759811746 849588.1853778114
139162.00587301346 -1519029.197978439 2277219.5118492544 -206776.2229072254 472097.62694547407 354009.59358653217 -844260.2704898735 -1952272.1115976053 1251581.6915238001 -834836.1932782293 843001.7614293109 2727968.2539867996 674726.7084208109 1220226.1397354184 34704796.31382722 -2031455.6147889704 -377590.9035455745 -3495286.3151266607 2601273.2179723973 2728707.6055597137 -2260100.2668151017 -2108968.299545156 -132816.541679109 499349.65497811773 656561.6050517958 -2440356.8914611945 -1018033.936846818 184576.15378271995 -9445.805047367083 2734543.086575729 1335635.426784233 -1758423.1660094676 -462614.46066272317 357084.03909123834 -522202.22367984906 2608795.649171035 -1828650.1612505843 -874018.3582237206 955752.543506801
2072217.2988724052 1038780.698990001 447435.39800581493 -1365255.1987592832 -895716.2029545496 4402977.3805917 -2252803.882153641 1132257.5443266742 18104.043690030107 -2130335.1860493603 3819772.5684547494 -84505.45651165239 1236506.6844862266 -1631602.6551148165 -2031455.6147889704 34148832.56769957 -1335997.7374321036 -851324.025638427 -152743.12189428785 -1291450.5378459059 1133864.5911153113 -1724567.5277841105 -1376419.3953209966 329452.70133837534 1793253.6402859034 471681.56708212354 -202688.78934055447 -523616.64625389694 2621393.015927392 -3661077.309636389 -443446.66767887236 578066.7201588912 -2093445.5821411621 -1287750.2016717845 662020.230072544 315232.5285322803 664556.5416147286 255406.02631337385 1138673.810973043
1764670.6406289975 -327216.62588682346 2035636.450090749 -330736.2669915064 -534513.8630498354 40255.27935667782 1057179.8509639965 300383.1745684282 -277756.66944431054 1881164.9481360298 -446808.1723503592 -2091462.2397323917 -470784.6874606839 -893977.8981567696 -377590.9035455745 -1335997.7374321036 34512119.22376127 -50524.79573654776 -1602698.4562520608 -1051837.0823207141 362566.12497666304 1011069.5920272478 138033.78825824498 609311.0705131431 1247319.4252254642 321830.16972055327 -1348642.6649286286 -342574.1572308556 -1599594.7379372483 -603180.8182033245 837210.7269659842 -1171972.1036293744 -1288650.7155724524 1824658.7767649668 -332746.4305876678 -2107229.4234213596 675896.0790338613 2840004.6816873183 817830.9482284997
-1294608.2146008052 -1413481.3167484587 566807.2345138268 -1531603.247202201 1709858.6299428055 352022.838868241 -2871595.747733128 2559503.434923383 168458.8191711996 -2186042.4547622357 742786.1795198848 -671302.2064431759 -1052232.5127135194 -3397711.191405838 -3495286.3151266607 -851324.025638427 -50524.79573654776 33076382.66881724 158856.46052307187 -625047.1108664618 -2750338.180239704 1002374.0011401643 93533.75430043641 2812717.8707289225 -35876.17224982906 1157073.2817735616 466761.099702237 254092.46140890755 -1404446.7203160678 -1687000.6360372272 938470.8109547505 412908.7751555204 -477696.0315157037 -808265.8015797491 -1318577.2548170052 -2182806.9547750573 1013318.033197021 358384.11739612406 -2133674.192930388
-170413.01093604323 -1472422.4596831123 420871.62245538953 43960.952957813235 -1173382.4163905429 1522307.4103809441 -61294.40925952119 679756.5988353537 -163300.52853281004 673137.6038548219 -1354889.020548445 -1398068.2226547597 1053138.2034867527 20100.375784589614 2601273.2179723973 -152743.12189428785 -1602698.4562520608 158856.46052307187 33753870.68187112 -468792.5716579029 1230063.786085662 425661.62022444856 -1592013.9488108768 -1718006.6867269075 589321.7709733689 639144.8453496966 -4321573.386301133 3376302.7194817145 -346743.68422448303 -523336.5803156061 801901.1202095656 -55225.34847785793 742678.9737068987 1667906.2868585242 -1282151.1607406868 168146.20242633775 935626.7176400368 308637.00658448 -448798.7982066657
607424.5525577717 -353996.9631509493 -293089.9743622565 347303.74262522766 1455709.2718702834 3241104.7191542797 295658.9856820247 1374800.9979207283 1574781.225630534 -770794.8459694862 675504.8339864307 -1787377.4805236692 617144.4311836619 -893711.2420412092 2728707.6055597137 -1291450.5378459059 -1051837.0823207141 -625047.1108664618 -468792.5716579029 34568616.47282068 1092211.622818071 1969069.3868141305 1639319.1573455443 -619088.1326225993 -742078.530512827 261626.88242085325 1968584.637057429 -1536748.2905393331 1133297.8802815652 483381.4622381842 1402677.8938391434 493768.2597049414 -2732055.2906999076 -220672.083438628 -73158.26634860769 -1177609.3800922409 -2395932.034075768 2267386.2695529982 -1209582.6396613673
1153030.8177162134 -141265.66940467723 1783125.7301090024 -1501851.1885098252 362236.7044019002 -2658666.3206058843 1395051.4481815617 1224317.1118283977 1348056.598936429 -273123.2349796005 349220.00426218205 572353.1722484328 2392099.395143227 570384.428062843 -2260100.2668151017 1133864.5911153113 362566.12497666304 -2750338.180239704 1230063.786085662 1092211.622818071 33050419.289406527 -35981.74113341396 -247239.047889424 1089258.0344747892 469051.4140332391 2481910.2616763026 -1325660.7694485106 2776750.072873461 404682.5804777184 -1792102.5944251139 -1928981.4275837173 1767521.2106784943 836354.9160732371 -233463.19398469332 467229.3557731768 405275.0951110622 -647105.3563531468 1258789.7909627373 -409497.714670429
-1310910.9687355182 -99668.13300033277 -36348.381369526425 605080.1250821106 -1164346.1861045666 3039501.7283787467 439160.5684056981 -2624210.00047873 891820.3925292566 1187454.8624160034 2125594.7864114945 869823.1897230769 -1606187.1918817454 214442.5361837274 -2108968.299545156 -1724567.5277841105 1011069.5920272478 1002374.0011401643 425661.62022444856 1969069.3868141305 -35981.74113341396 32226688.60327531 -30834.69985139477 1347395.9484910036 1671670.9389510555 444851.5204654143 298470.9161123843 -49702.09075011926 307526.2646639735 -820762.1791370932 1222301.675872321 1283383.660406717 -1640966.8770769888 -134427.6111864591 -1208622.422233095 264588.74538366194 -662937.3388690827 -1519266.286558247 -1891674.148015085
57208.80319086542 -540220.1980829649 -2120904.0126743787 -1152038.4898161287 -2240137.9387339014 -1670555.1526524327 -232387.83138938714 -179821.6740789175 1316400.7111593178 -396642.4263165969 -1962673.2624531195 -128591.34687703276 167919.92346004333 -1780855.8953493992 -132816.541679109 -1376419.3953209966 138033.78825824498 93533.75430043641 -1592013.9488108768 1639319.1573455443 -247239.047889424 -30834.69985139477 33788642.28486532 1291200.2062787008 -1674440.9059289182 429935.53900800744 2189793.712141746 1683466.8612149502 1563101.686379433 1278246.2859480153 2613065.3676463333 972418.7872970379 -2433622.5015826067 647218.1716370474 738489.5660087331 583234.9045686236 2167666.480878286 2253386.865282745 1665089.4485382203
1353863.8827177666 508835.4406058393 -708301.1570792174 -1902788.7339995431 -575123.3086319468 -43718.35849480787 46419.33405844201 350647.0694754271 1039347.3827048521 1644702.4495947876 -1616326.8413608246 886036.8042103539 758021.3349651358 -708143.6774121793 499349.65497811773 329452.70133837534 609311.0705131431 2812717.8707289225 -1718006.6867269075 -619088.1326225993 1089258.0344747892 1347395.9484910036 1291200.2062787008 31024710.841173556 794262.4642233724 2598547.395109437 -1377394.8673354147 -370536.9619199833 -960248.2172046476 -2271368.609689598 -725949.3294504061 2457156.7635807064 -611073.3378018822 -4341822.785369336 -1978891.7236176936 317800.1693749953 1184099.9102749254 2407251.8910894636 -644999.2614879858
-2700793.30405435 -1441038.2671729212 -81645.09694329496 726468.794071829 -972243.2971570633 385977.27991481905 -1801222.8188625595 757429.5648568118 -143158.06318452416 -923801.5188402532 1225649.6658405832 1372286.1926286048 -889877.9419887881 -2592618.5551963053 656561.6050517958 1793253.6402859034 1247319.4252254642 -35876.17224982906 589321.7709733689 -742078.530512827 469051.4140332391 1671670.9389510555 -1674440.9059289182 794262.4642233724 33492179.035378817 634454.7446736838 1221073.8283022172 1182433.8727329697 2554112.072766886 -698275.7691453518 2022678.8522542187 1120087.1914396125 2726045.680725542 -467469.9040218461 -1616952.6935321612 2340244.8095433284 -924220.6781869669 851132.2962172565 -544830.7984887396
707051.3621903108 -2425558.0788029656 -2342682.8477221634 -555715.0287175833 200852.40745228078 -74416.40822410924 125766.19910841844 1250986.545362968 2938035.6607541856 2872009.8762065824 755419.7796087271 -2134816.9120551287 1174547.7145958783 -47828.85276628522 -2440356.8914611945 471681.56708212354 321830.16972055327 1157073.2817735616 639144.8453496966 261626.88242085325 2481910.2616763026 444851.5204654143 429935.53900800744 2598547.395109437 634454.7446736838 35062242.418363616 -2542877.9993505506 792513.0536142146 2776569.5123716877 -1453564.060780896 -2197056.4722203705 1571476.2977625385 2370932.5881118765 1554049.716536905 -1119855.6437129935 752836.0822154974 1506141.6691147322 1671582.0877898722 -667053.7110315824
-364129.38452944683 -247534.12944552963 1338383.004876915 -2516514.5492636594 -3186289.9139743913 478433.0663485625 -3379618.74849129 148163.2650056693 -3264514.801751147 -193838.11628201697 2147357.124082979 3036704.0751232426 -1116497.2868953769 -1945544.3534514345 -1018033.936846818 -202688.78934055447 -1348642.6649286286 466761.099702237 -4321573.386301133 1968584.637057429 -1325660.7694485106 298470.9161123843 2189793.712141746 -1377394.8673354147 1221073.8283022172 -2542877.9993505506 33382829.708815616 -1244492.976664138 711286.945966639 -195440.59387110925 2019722.9868363792 2054179.8068517293 1521501.6410943998 -701055.4700052829 2044796.8882167658 -958971.5567923198 -322779.5061869484 2450.9535041430436 2824689.66231429
-1218024.3174627642 325313.27264437574 3111303.2356024636 -1852457.8636798623 -13398.172706057134 -151151.74617192693 441550.3887470265 754649.7888734563 690479.6957621416 940806.4547070297 -2062029.4484829712 -323698.15177455667 -583322.1295430006 -1033840.6937218349 184576.15378271995 -523616.64625389694 -342574.1572308556 254092.46140890755 3376302.7194817145 -1536748.2905393331 2776750.072873461 -49702.09075011926 1683466.8612149502 -370536.9619199833 1182433.8727329697 792513.0536142146 -1244492.976664138 31557332.182744488 1793231.654176226 803626.0200027322 374933.7524083858 -598118.8411572701 2218049.574959556 1242156.7703287865 2150482.5683886167 462351.0169370161 -142228.72310455752 -2668805.683820403 -1190412.5611181762
2315049.6034083697 -3044398.8602138 -122600.6884348385 2867455.110914711 -1044322.600057758 31410.517208547815 1194091.4307485195 1170923.8408996111 -2195663.2429750552 -654050.9662517072 1500601.164561898 -1936928.063579552 191801.29501662793 -769286.9430227072 -9445.805047367083 2621393.015927392 -1599594.7379372483 -1404446.7203160678 -346743.68422448303 1133297.8802815652 404682.5804777184 307526.2646639735 1563101.686379433 -960248.2172046476 2554112.072766886 2776569.5123716877 711286.945966639 1793231.654176226 34201323.54036046 649951.700093716 -2020930.3876488141 -183347.84639391472 -1455141.6249951248 2521505.954445288 2463715.396478878 76787.95168535553 444428.7247571749 -132315.1777368533 -2488869.185125845
-744631.7342187039 -209104.23261278647 1478347.861011616 1215581.2926482866 -753043.3486643446 503691.79924408713 -4232.880098424493 -38402.86980799378 695196.8511093879 2367293.299574429 -659124.0340850687 1636837.7141951607 531203.3891688515 792215.4518120065 2734543.086575729 -3661077.309636389 -603180.8182033245 -1687000.6360372272 -523336.5803156061 483381.4622381842 -1792102.5944251139 -820762.1791370932 1278246.2859480153 -2271368.609689598 -698275.7691453518 -1453564.060780896 -195440.59387110925 803626.0200027322 649951.700093716 33130104.89824774 1674298.5433384592 329338.9867634032 1531434.3582165407 221927.02761405383 -501885.9252807265 -1870606.1831069083 -840320.4005427768 -320379.87959017756 -637331.3460446729
802744.2729154669 680990.5672607141 365533.9944907849 -411578.3378717564 -1015289.0909813916 2020739.001361211 782034.4302619772 4309598.501615646 -1959439.500251169 318449.4261901544 -1889496.8575122925 1066194.7153833301 -2352053.8165767146 -93916.23101949226 1335635.426784233 -443446.66767887236 837210.7269659842 938470.8109547505 801901.1202095656 1402677.8938391434 -1928981.4275837173 1222301.675872321 2613065.3676463333 -725949.3294504061 2022678.8522542187 -2197056.4722203705 2019722.9868363792 374933.7524083858 -2020930.3876488141 1674298.5433384592 34189074.08022085 -206531.16424080508 2505021.801192073 -325250.1149192559 -361636.9314417019 -2305000.4531236896 -633681.2587986761 -1702903.8015608212 2062740.4826616487
-1136948.4734038603 -1226471.1962298593 -304699.7593638691 817034.8543110347 -57752.33880277086 -98788.31659006911 -552418.6301221418 -1317385.1218325773 1539884.9905807814 -798161.663873945 -1120287.672143282 1411962.3802116166 2152378.3565872996 -920604.6999426013 -1758423.1660094676 578066.7201588912 -1171972.1036293744 412908.7751555204 -55225.34847785793 493768.2597049414 1767521.2106784943 1283383.660406717 972418.7872970379 2457156.7635807064 1120087.1914396125 1571476.2977625385 2054179.8068517293 -598118.8411572701 -183347.84639391472 329338.9867634032 -206531.16424080508 33515906.842963386 299575.5363770628 -528021.3204992252 -635237.670475734 327560.9215848418 1530790.5738251808 2394971.57907056 -704347.9146594187
-3280420.6809888175 2261560.8675249447 2837285.212106465 1859484.624219708 -1704169.7716512505 1218171.666928335 -2525911.474772375 -1794026.997478827 -1149457.770868908 83551.43100501972 162746.47964929946 631580.3532111167 1002269.7352758076 -1703087.9546685757 -462614.46066272317 -2093445.5821411621 -1288650.7155724524 -477696.0315157037 742678.9737068987 -2732055.2906999076 836354.9160732371 -1640966.8770769888 -2433622.5015826067 -611073.3378018822 2726045.680725542 2370932.5881118765 1521501.6410943998 2218049.574959556 -1455141.6249951248 1531434.3582165407 2505021.801192073 299575.5363770628 34780981.781433925 -3300086.908415907 -139411.76904522697 -3577634.3493801956 -193259.9043455772 760945.3347329246 239615.62242536736
-1384632.0159267527 201943.93235187532 -75515.84920222347 -584172.170381031 -21027.691937319487 61448.832339563254 -96740.84154833778 -745337.7472836691 692504.6949042982 2244599.9678134862 3261983.313692892 132909.58977752726 1506403.2771495248 817944.6368217536 357084.03909123834 -1287750.2016717845 1824658.7767649668 -808265.8015797491 1667906.2868585242 -220672.083438628 -233463.19398469332 -134427.6111864591 647218.1716370474 -4341822.785369336 -467469.9040218461 1554049.716536905 -701055.4700052829 1242156.7703287865 2521505.954445288 221927.02761405383 -325250.1149192559 -528021.3204992252 -3300086.908415907 31307849.962624896 -212813.73795639919 1475297.641502506 471197.5557378697 -1920274.4623473622 -289425.5907775392
1319440.483491302 10891.064483853741 3237806.825523323 1380053.913398842 1058825.7731754899 -9876.902087081671 -856713.2639994564 915175.8043512424 -695345.949764866 -1296280.255380227 1991226.0761625106 -279772.505983841 -176437.781403394 1438430.2992378573 -522202.22367984906 662020.230072544 -332746.4305876678 -1318577.2548170052 -1282151.1607406868 -73158.26634860769 467229.3557731768 -1208622.422233095 738489.5660087331 -1978891.7236176936 -1616952.6935321612 -1119855.6437129935 2044796.8882167658 2150482.5683886167 2463715.396478878 -501885.9252807265 -361636.9314417019 -635237.670475734 -139411.76904522697 -212813.73795639919 33091217.269182056 -335435.44046589534 407663.30411979393 533492.2602857165 2934503.7707904703
-331522.70285028405 -3125967.71436571 -4162782.663786292 2007383.7005959335 -1008737.8990791439 1473871.7816103166 478954.0328971055 449043.08075089956 -34812.18183682493 -350500.9679304565 1321414.4464640857 2403078.55623384 1274414.8902459047 -2499830.9688984994 2608795.649171035 315232.5285322803 -2107229.4234213596 -2182806.9547750573 168146.20242633775 -1177609.3800922409 405275.0951110622 264588.74538366194 583234.9045686236 317800.1693749953 2340244.8095433284 752836.0822154974 -958971.5567923198 462351.0169370161 76787.95168535553 -1870606.1831069083 -2305000.4531236896 327560.9215848418 -3577634.3493801956 1475297.641502506 -335435.44046589534 34286204.534136765 2672747.813064953 -1256698.2958796546 -588553.9086537801
96177.46396669217 -51576.97656266807 -858188.7811356487 -833949.1147060839 -694337.8244230021 1288312.2427059088 -893852.692984293 1225537.658366704 -836594.2564784911 624367.0796711489 -772289.7691638207 -753631.8608293395 2656092.1751886634 -2887444.8981318846 -1828650.1612505843 664556.5416147286 675896.0790338613 1013318.033197021 935626.7176400368 -2395932.034075768 -647105.3563531468 -662937.3388690827 2167666.480878286 1184099.9102749254 -924220.6781869669 1506141.6691147322 -322779.5061869484 -142228.72310455752 444428.7247571749 -840320.4005427768 -633681.2587986761 1530790.5738251808 -193259.9043455772 471197.5557378697 407663.30411979393 2672747.813064953 33205920.84510715 618162.3254092047 -366868.1496621394
-842619.501761438 -1330531.9586051644 872682.291711875 -1586268.58137159 664407.8684169572 -1430723.4663290074 -1192459.4549090436 -448066.0247615191 -2425697.4928560653 -728386.4148069504 305540.82156992407 3571339.782080036 969418.5656111314 -513484.1759811746 -874018.3582237206 255406.02631337385 2840004.6816873183 358384.11739612406 308637.00658448 2267386.2695529982 1258789.7909627373 -1519266.286558247 2253386.865282745 2407251.8910894636 851132.2962172565 1671582.0877898722 2450.9535041430436 -2668805.683820403 -132315.1777368533 -320379.87959017756 -1702903.8015608212 2394971.57907056 760945.3347329246 -1920274.4623473622 533492.2602857165 -1256698.2958796546 618162.3254092047 32433138.15794524 898858.9575412413
1772467.7830616473 1686220.1760697744 71854.6008076837 381689.9442254846 355665.40221125976 -111993.4911005833 113829.84564879308 -336199.46619570954 718542.788536392 447500.6422484737 -540428.3793575288 -845262.2441591704 320196.89858254936 849588.1853778114 955752.543506801 1138673.810973043 817830.9482284997 -2133674.192930388 -448798.7982066657 -1209582.6396613673 -409497.714670429 -1891674.148015085 1665089.4485382203 -644999.2614879858 -544830.7984887396 -667053.7110315824 2824689.66231429 -1190412.5611181762 -2488869.185125845 -637331.3460446729 2062740.4826616487 -704347.9146594187 239615.62242536736 -289425.5907775392 2934503.7707904703 -588553.9086537801 -366868.1496621394 898858.9575412413 35190368.57853159
