35360243.71756406 176388.930155773 -669682.1543770034 -1116862.4051856545 4717011.044468216 1145370.4715879743 1713899.7811255646 -115850.52602821476 2812801.4430502458 2491180.8386786547 -1366551.317894847 -1346575.8808705348 1279710.014714832 1157837.4920829919 -122147.81640180535 259918.8803912135 -308407.2423750212 -628945.635098294 -1793602.3449533381 -601643.6448837203 2195266.8277643435 -532583.7740873276 4363138.973781795 6561139.03505194 -3737667.8279242474 1367029.0936253627
176388.930155773 35515600.747786194 -1624716.2646348386 -1256696.401018955 -4217845.5002611885 174973.39165633472 -308892.296594974 -1185745.9916542668 -1772873.6280470584 -89079.65202462135 2331222.164368322 -98010.14922608239 1661196.207769923 340258.4973895153 -3865159.962659364 885905.1692346506 -2890863.2463525 -1044288.6178148838 3002696.285259731 -2012338.4646123566 -1123955.0395833694 -1403426.8690668242 1284339.6521505674 1724108.6044842862 88599.23647344692 2450151.3192653256
-669682.1543770034 -1624716.2646348386 31531299.90898864 -119794.34507534633 765277.430113468 -718579.4990645641 -1162508.3946283038 -39261.019577828316 -210180.9210200818 -1964593.3045466281 -1843172.9139147152 776179.4259642966 -1760624.1571946603 2759520.835699074 -1434414.1688269249 65333.84495110399 1275679.352603384 733748.7766564036 2362840.4497157135 -2408499.6069562007 252001.00800388047 -1375560.6586305455 -273386.5074379949 3458436.986768413 -1196896.265079694 -2777296.2610288216
-1116862.4051856545 -1256696.401018955 -119794.34507534633 33970419.53438817 1584147.4569733671 -4002423.765515942 -783702.9047741615 609384.9160830581 -3683533.636575645 -761832.359750692 -2971916.8098067227 2167151.3072382556 -2044805.925836392 -1641940.776038146 -3239134.0565169174 -1531637.1130389275 -3433346.6535579925 -1911056.0169023664 -1633316.3878208494 3622727.656703875 2801718.385546427 427865.58312513994 2706288.2480079937 3765971.2074651825 -567569.0883347349 381775.53781162715
4717011.044468216 -4217845.5002611885 765277.430113468 1584147.4569733671 31618880.813989032 -1288820.7873872295 2118806.2997811404 4636668.225520938 -1693113.6617474386 -1779805.4987922914 2012313.3350559445 -598318.1287009402 1390739.224640983 -943686.1453657544 75149.19265388307 2147754.9661798566 -1192235.3960995548 903462.3879076598 2059751.159710799 -5266933.950722262 -467492.779860637 -3318811.0070808087 -9172.838811750897 3641238.973517718 2524109.9114444796 1138683.3758701752
1145370.4715879743 174973.39165633472 -718579.4990645641 -4002423.765515942 -1288820.7873872295 33732823.06859614 3807152.5743031153 36152.12559772472 2976039.448049905 -1307906.9418264853 -1387315.882738414 -471926.5573275551 305554.5405874518 -1942268.997476031 -921195.6347013132 3398848.0188639658 -21548.764950801466 -698153.2838009784 -492819.4875619876 3367492.44447115 -2353304.224701781 3682871.113272253 482639.6296693111 -4242811.333385874 100940.45038718396 -1866327.2671358776
1713899.7811255646 -308892.296594974 -1162508.3946283038 -783702.9047741615 2118806.2997811404 3807152.5743031153 36357424.414151795 -250344.40453038047 -1497579.7714851438 -2939011.453431241 -55671.00296296212 1534722.733214433 -2904772.836787961 -578826.6881128239 -41997.976529611966 400982.6162067609 -526827.9844515071 1658042.9710692891 706931.1592507779 1806375.5909463938 -500389.15135511634 3108372.8467419613 -1150848.0899103398 -418730.0336247384 -191801.38833179767 -3687155.8012990993
-115850.52602821476 -1185745.9916542668 -39261.019577828316 609384.9160830581 4636668.225520938 36152.12559772472 -250344.40453038047 34925059.95171875 -2440871.6063650097 -3064938.606852106 -3793473.1250194157 728498.2246927115 2247718.0061884723 -207150.58627453467 932030.2854551644 -1555631.340360624 4160579.1439106325 291277.2418779857 169375.33190834406 -1071138.7634374634 -3196871.1850967053 -80486.87790602492 -656098.6454017451 1970133.9701805261 398255.41031395714 904182.4025013824
2812801.4430502458 -1772873.6280470584 -210180.9210200818 -3683533.636575645 -1693113.6617474386 2976039.448049905 -1497579.7714851438 -2440871.6063650097 37748189.433221094 3429769.226964269 -1499404.9736496285 -1650922.911626662 -585377.9326190455 2945394.3984095496 -3357117.234305155 -546329.6701474624 980091.445955045 2225298.8928456334 -995927.0497678892 -2811101.2942506433 -282137.832212765 -1239990.7511643183 -2145803.0040615085 399905.90720030933 -412666.7654284841 -1765708.0742694007
2491180.8386786547 -89079.65202462135 -1964593.3045466281 -761832.359750692 -1779805.4987922914 -1307906.9418264853 -2939011.453431241 -3064938.606852106 3429769.226964269 36361754.42722589 -965005.8028519622 617067.2860562237 1212530.3873058648 -567828.6661508189 504910.09605296754 -5110037.911052551 -348635.60090002266 314128.98657627567 -1249336.3422514335 -139170.4139876126 1033395.7136122002 -3903001.6520566256 -1167380.1756805787 1055191.6166000438 405355.6271896808 2100087.626723173
-1366551.317894847 2331222.164368322 -1843172.9139147152 -2971916.8098067227 2012313.3350559445 -1387315.882738414 -55671.00296296212 -3793473.1250194157 -1499404.9736496285 -965005.8028519622 33016660.651491337 -1852872.6445651862 1315609.9099281686 1507397.5778937896 1232082.9053672017 2819420.4094855096 -1431198.1703274495 1461259.2683130433 -991077.5772579995 1191957.2496554102 -2864814.492617652 1080007.4455417292 -1346549.994527109 -473608.94071226066 2588922.023963188 2951155.7061972404
-1346575.8808705348 -98010.14922608239 776179.4259642966 2167151.3072382556 -598318.1287009402 -471926.5573275551 1534722.733214433 728498.2246927115 -1650922.911626662 617067.2860562237 -1852872.6445651862 27087166.9993479 -33929.99135513165 -1097588.918792978 -1410312.5821847157 2565854.2156222975 1677563.4105551846 -772242.5148019479 -565856.0141297568 -877745.8173994756 -1666306.9435730434 640612.9251519337 656212.1482630429 2391173.071094942 -512460.8441547743 828864.5096353398
1279710.014714832 1661196.207769923 -1760624.1571946603 -2044805.925836392 1390739.224640983 305554.5405874518 -2904772.836787961 2247718.0061884723 -585377.9326190455 1212530.3873058648 1315609.9099281686 -33929.99135513165 36329296.91909989 -1999409.910336857 -369047.5007761175 -2799114.5181003893 3192594.0628972184 -2012989.8277900289 2706463.6274458324 -4061006.587665362 -1702386.0148107256 -51030.203652230026 1670336.9530597045 -2318036.940426393 1404379.9228868769 -279288.24456128327
1157837.4920829919 340258.4973895153 2759520.835699074 -1641940.776038146 -943686.1453657544 -1942268.997476031 -578826.6881128239 -207150.58627453467 2945394.3984095496 -567828.6661508189 1507397.5778937896 -1097588.918792978 -1999409.910336857 34430865.31169579 -986685.9875039656 4367122.398931792 -256433.9650163079 -666282.1773551 -4004330.887827679 -889889.1542051457 -3932427.850999606 -2458808.8077403842 -1261531.8854502449 -2874469.77314237 -503705.0739094547 -1611342.1312470173
-122147.81640180535 -3865159.962659364 -1434414.1688269249 -3239134.0565169174 75149.19265388307 -921195.6347013132 -41997.976529611966 932030.2854551644 -3357117.234305155 504910.09605296754 1232082.9053672017 -1410312.5821847157 -369047.5007761175 -986685.9875039656 34152003.0674109 -1896294.1805253965 -349880.1355007264 -2565479.17436448 -3048170.927580495 -993929.8911369547 435384.9498577194 2178597.7122863787 -1279050.6336589132 -1902464.5579464675 1432604.4272823718 -4676347.171160747
259918.8803912135 885905.1692346506 65333.84495110399 -1531637.1130389275 2147754.9661798566 3398848.0188639658 400982.6162067609 -1555631.340360624 -546329.6701474624 -5110037.911052551 2819420.4094855096 2565854.2156222975 -2799114.5181003893 4367122.398931792 -1896294.1805253965 31136954.47941818 -441013.13819787296 1128482.481673303 -461253.66340061044 -1730163.747115585 -243383.3401129398 -44015.979845090886 -3303428.5727112386 -3125605.3297689394 1256607.4320976457 -788911.6502113561
-308407.2423750212 -2890863.2463525 1275679.352603384 -3433346.6535579925 -1192235.3960995548 -21548.764950801466 -526827.9844515071 4160579.1439106325 980091.445955045 -348635.60090002266 -1431198.1703274495 1677563.4105551846 3192594.0628972184 -256433.9650163079 -349880.1355007264 -441013.13819787296 33224803.775609806 505536.3834355742 -104154.43104925704 2213845.1502536642 846383.7199016908 -1823798.82613518 563418.8335776578 2247987.4070315086 266808.7471462342 1238575.3928953267
-628945.635098294 -1044288.6178148838 733748.7766564036 -1911056.0169023664 903462.3879076598 -698153.2838009784 1658042.9710692891 291277.2418779857 2225298.8928456334 314128.98657627567 1461259.2683130433 -772242.5148019479 -2012989.8277900289 -666282.1773551 -2565479.17436448 1128482.481673303 505536.3834355742 33803292.66671797 -458746.264396363 -981145.2653828583 -180523.78651351613 -2394464.463859747 -4051268.6487570265 236270.2998268458 -674815.908526662 1983337.0538730384
-1793602.3449533381 3002696.285259731 2362840.4497157135 -1633316.3878208494 2059751.159710799 -492819.4875619876 706931.1592507779 169375.33190834406 -995927.0497678892 -1249336.3422514335 -991077.5772579995 -565856.0141297568 2706463.6274458324 -4004330.887827679 -3048170.927580495 -461253.66340061044 -104154.43104925704 -458746.264396363 29506296.65362998 -2462417.252553807 2026244.7035340378 -173824.2892911002 -1121170.5708152677 3049406.375836202 -879059.9016060074 238778.00213266525
-601643.6448837203 -2012338.4646123566 -2408499.6069562007 3622727.656703875 -5266933.950722262 3367492.44447115 1806375.5909463938 -1071138.7634374634 -2811101.2942506433 -139170.4139876126 1191957.2496554102 -877745.8173994756 -4061006.587665362 -889889.1542051457 -993929.8911369547 -1730163.747115585 2213845.1502536642 -981145.2653828583 -2462417.252553807 34989214.145613894 1662539.7324805525 2034674.4780486866 3547966.089161874 2224131.8229522975 -1084520.954709807 -185762.2606504422
2195266.8277643435 -1123955.0395833694 252001.00800388047 2801718.385546427 -467492.779860637 -2353304.224701781 -500389.15135511634 -3196871.1850967053 -282137.832212765 1033395.7136122002 -2864814.492617652 -1666306.9435730434 -1702386.0148107256 -3932427.850999606 435384.9498577194 -243383.3401129398 846383.7199016908 -180523.78651351613 2026244.7035340378 1662539.7324805525 31814034.675667018 -1846046.180435924 -1649387.5874377955 -1202474.9147777292 -3079879.3768688473 -87949.07015384646
-532583.7740873276 -1403426.8690668242 -1375560.6586305455 427865.58312513994 -3318811.0070808087 3682871.113272253 3108372.8467419613 -80486.87790602492 -1239990.7511643183 -3903001.6520566256 1080007.4455417292 640612.9251519337 -51030.203652230026 -2458808.8077403842 2178597.7122863787 -44015.979845090886 -1823798.82613518 -2394464.463859747 -173824.2892911002 2034674.4780486866 -1846046.180435924 36137799.73178715 338756.87685260945 -4225635.592006639 -2103899.720666903 -3835260.10910363
4363138.973781795 1284339.6521505674 -273386.5074379949 2706288.2480079937 -9172.838811750897 482639.6296693111 -1150848.0899103398 -656098.6454017451 -2145803.0040615085 -1167380.1756805787 -1346549.994527109 656212.1482630429 1670336.9530597045 -1261531.8854502449 -1279050.6336589132 -3303428.5727112386 563418.8335776578 -4051268.6487570265 -1121170.5708152677 3547966.089161874 -1649387.5874377955 338756.87685260945 32662529.67232348 753185.3630055585 1641968.4781786178 1176573.9667418948
6561139.03505194 1724108.6044842862 3458436.986768413 3765971.2074651825 3641238.973517718 -4242811.333385874 -418730.0336247384 1970133.9701805261 399905.90720030933 1055191.6166000438 -473608.94071226066 2391173.071094942 -2318036.940426393 -2874469.77314237 -1902464.5579464675 -3125605.3297689394 2247987.4070315086 236270.2998268458 3049406.375836202 2224131.8229522975 -1202474.9147777292 -4225635.592006639 753185.3630055585 33001148.879332922 -4879388.28628899 733354.9570818556
-3737667.8279242474 88599.23647344692 -1196896.265079694 -567569.0883347349 2524109.9114444796 100940.45038718396 -191801.38833179767 398255.41031395714 -412666.7654284841 405355.6271896808 2588922.023963188 -512460.8441547743 1404379.9228868769 -503705.0739094547 1432604.4272823718 1256607.4320976457 266808.7471462342 -674815.908526662 -879059.9016060074 -1084520.954709807 -3079879.3768688473 -2103899.720666903 1641968.4781786178 -4879388.28628899 32240359.444693748 -2880068.9491924173
1367029.0936253627 2450151.3192653256 -2777296.2610288216 381775.53781162715 1138683.3758701752 -1866327.2671358776 -3687155.8012990993 904182.4025013824 -1765708.0742694007 2100087.626723173 2951155.7061972404 828864.5096353398 -279288.24456128327 -1611342.1312470173 -4676347.171160747 -788911.6502113561 1238575.3928953267 1983337.0538730384 238778.00213266525 -185762.2606504422 -87949.07015384646 -3835260.10910363 1176573.9667418948 733354.9570818556 -2880068.9491924173 34105834.749732666
