29967207.197974037 501197.72033341794 4382508.131364362 -1719333.0397078397 1405984.206691782 709038.1738386602 -4396595.817915496 -683573.8589384288 3504876.7636228413 -3929137.9236913347 3350761.565584666 -6422138.4046894405 -6911156.234350512 -5589203.461184306 12696000.356227126 -7304201.853029944 -145913.19902021377 479375.6495588389 195335.3698602289
501197.72033341794 39259304.444191314 2261142.1792916534 -5007084.579720789 8922900.341480756 9025107.049193941 946133.7246058923 13738475.50041382 9869158.880160557 4293486.0540495515 -252546.66292899585 1133771.522459139 -943786.5045821317 -5788569.869536463 4127655.439932016 -5163793.897137445 -4890786.2924427595 3226414.0461453814 -3286776.012960383
4382508.131364362 2261142.1792916534 36283661.498839684 3094907.901509427 -10624495.733657299 3183113.1727688746 4500196.016984763 1476298.8264343578 4655159.2139871605 -3218212.064031747 7159344.101893022 4709733.292362596 -4325227.048976147 4989302.085301705 3948482.4845625283 2977049.0790551766 9684725.358290274 -2308909.388377501 299070.17732313904
-1719333.0397078397 -5007084.579720789 3094907.901509427 35678470.159571886 -9582954.490750259 154709.953717991 10254643.348549739 -10631163.87455781 -2384901.322976109 -1739275.5359013039 794595.1142636812 565540.4697009388 -9587851.253919529 -34767.31047701105 -9725816.913826462 13598784.225777224 9380599.337820048 -15643739.141128158 8620980.81349937
1405984.206691782 8922900.341480756 -10624495.733657299 -9582954.490750259 36432352.999686636 1357877.455531013 -5330714.958237074 6198505.48362901 3292219.461366766 -2688847.809684971 -1242238.0616888497 -6435836.421165845 -3959268.7929113116 -2477364.781556911 7371313.907894474 -2920840.774965416 -15685367.79724874 1149843.154971842 -4861396.6393158985
709038.1738386602 9025107.049193941 3183113.1727688746 154709.953717991 1357877.455531013 31544934.363374826 -3141166.3776454153 2403778.408150881 -310757.07716135925 626435.7109295028 -4473977.779238286 626527.8448600112 -2229369.8677301286 12087523.327451605 2246802.264636957 -1976418.023386734 3330217.2346740686 1515294.4769397026 785821.6160515861
-4396595.817915496 946133.7246058923 4500196.016984763 10254643.348549739 -5330714.958237074 -3141166.3776454153 26450353.86444998 -836236.7982126614 -4724495.1283904705 1905877.008138278 4281817.174521829 -8810072.87387567 7685242.776032801 -358511.6796810271 -6871364.850947844 1601496.7267363926 -2016165.6841640049 1080317.872677715 -1064666.8027339547
-683573.8589384288 13738475.50041382 1476298.8264343578 -10631163.87455781 6198505.48362901 2403778.408150881 -836236.7982126614 35777626.79937639 2261275.50389211 -8212415.685131452 -344391.400386006 5708454.733340805 1422862.008133979 -5467615.264443687 14776222.22165896 -7151431.865676594 -14542059.313513897 -6681111.989259189 353736.1797242856
3504876.7636228413 9869158.880160557 4655159.2139871605 -2384901.322976109 3292219.461366766 -310757.07716135925 -4724495.1283904705 2261275.50389211 36760323.01763761 -3918576.9954451025 -2361989.2023779945 -3881964.1130407793 286589.4692557967 -39640.3690462783 3299534.16134323 -7125304.769143182 -512100.6503507495 -3761567.44637292 7041559.534200814
-3929137.9236913347 4293486.0540495515 -3218212.064031747 -1739275.5359013039 -2688847.809684971 626435.7109295028 1905877.008138278 -8212415.685131452 -3918576.9954451025 27082115.488887213 2844187.555186331 11432260.56959311 1735677.3265076312 -3176499.3343917583 -792239.896764345 -519770.25369056256 499039.8864683314 19562788.023049105 -5194325.550806072
3350761.565584666 -252546.66292899585 7159344.101893022 794595.1142636812 -1242238.0616888497 -4473977.779238286 4281817.174521829 -344391.400386006 -2361989.2023779945 2844187.555186331 30882027.484066505 -1434562.52594787 8231790.561286699 1186283.8706743007 -1204440.5383939266 -3572243.877409024 -8107018.723075696 2370996.672786536 -12208472.53540773
-6422138.4046894405 1133771.522459139 4709733.292362596 565540.4697009388 -6435836.421165845 626527.8448600112 -8810072.87387567 5708454.733340805 -3881964.1130407793 11432260.56959311 -1434562.52594787 40650309.58034356 -2223710.262641935 -2241188.928767851 10431507.16198648 9318759.977566099 12295400.985160036 -2121590.650038414 -4408336.400204517
-6911156.234350512 -943786.5045821317 -4325227.048976147 -9587851.253919529 -3959268.7929113116 -2229369.8677301286 7685242.776032801 1422862.008133979 286589.4692557967 1735677.3265076312 8231790.561286699 -2223710.262641935 36262290.16635385 -8392954.686427685 -14867189.381012173 -6098534.337230935 2978871.2797750644 7954748.914608693 1945362.7783144785
-5589203.461184306 -5788569.869536463 4989302.085301705 -34767.31047701105 -2477364.781556911 12087523.327451605 -358511.6796810271 -5467615.264443687 -39640.3690462783 -3176499.3343917583 1186283.8706743007 -2241188.928767851 -8392954.686427685 30169453.521373782 -1317202.7084784629 4393538.404822755 -6541584.89652138 -3440533.118879497 -8233811.575023864
12696000.356227126 4127655.439932016 3948482.4845625283 -9725816.913826462 7371313.907894474 2246802.264636957 -6871364.850947844 14776222.22165896 3299534.16134323 -792239.896764345 -1204440.5383939266 10431507.16198648 -14867189.381012173 -1317202.7084784629 35583379.4693003 -2149475.2555648666 -2572233.3244401254 -7703814.680195208 -5337132.011843816
-7304201.853029944 -5163793.897137445 2977049.0790551766 13598784.225777224 -2920840.774965416 -1976418.023386734 1601496.7267363926 -7151431.865676594 -7125304.769143182 -519770.25369056256 -3572243.877409024 9318759.977566099 -6098534.337230935 4393538.404822755 -2149475.2555648666 25463172.45615333 8964877.183887502 -10698684.583540358 687913.0765048913
-145913.19902021377 -4890786.2924427595 9684725.358290274 9380599.337820048 -15685367.79724874 3330217.2346740686 -2016165.6841640049 -14542059.313513897 -512100.6503507495 499039.8864683314 -8107018.723075696 12295400.985160036 2978871.2797750644 -6541584.89652138 -2572233.3244401254 8964877.183887502 39035734.22710172 -5662390.006282241 6405574.432167666
479375.6495588389 3226414.0461453814 -2308909.388377501 -15643739.141128158 1149843.154971842 1515294.4769397026 1080317.872677715 -6681111.989259189 -3761567.44637292 19562788.023049105 2370996.672786536 -2121590.650038414 7954748.914608693 -3440533.118879497 -7703814.680195208 -10698684.583540358 -5662390.006282241 44684496.400223695 -13918938.785541808
195335.3698602289 -3286776.012960383 299070.17732313904 8620980.81349937 -4861396.6393158985 785821.6160515861 -1064666.8027339547 353736.1797242856 7041559.534200814 -5194325.550806072 -12208472.53540773 -4408336.400204517 1945362.7783144785 -8233811.575023864 -5337132.011843816 687913.0765048913 6405574.432167666 -13918938.785541808 28512317.92190099
