23062834.47132602 -5154674.221359842 -3208419.8278446808 -642336.1743669385 2567479.5757779824 3168573.7259625676 -3328719.1404349357 -1254318.1203121487 295865.8267023751 -5031243.577611683 912850.8673047762 -6231892.110603425 -1102358.5002729225 -2200369.5291016186 3593691.8452684404 2288183.635643217 -5350713.299268908 -2474016.0964333327 4450404.958720442 1185100.962518497 490962.86367505195 -3491247.7386616464 -4995848.381910103 4295815.624520531 -310892.8264725931 -1839434.1399717487 -3898147.4903340396 1949275.8555816782 423106.8141431174
-5154674.221359842 30838297.703739483 5939149.7233807 1815906.083327924 4765880.648950887 -2961100.9997130986 6996515.388292873 8262871.335615651 9628450.645203961 -2349388.987466682 -6311513.133737223 -4855449.552490905 681316.4111642628 481857.3157237906 -7205412.084255262 3411701.7521927664 5554232.134715745 -6453971.611302054 -8515782.34889517 -2583617.47442354 11640884.103251256 3699292.536742677 5824599.21257753 -2949842.7005826826 1135019.914181321 -151834.81903857423 -909141.3739918657 -5662856.851371594 5445809.781350962
-3208419.8278446808 5939149.7233807 37509545.338846676 638525.8220463566 -2141610.521768568 680282.1765371296 -1613010.227457313 2581568.7029070472 -3605241.1008730535 8958034.276996907 1792011.5344613134 -15744884.696114847 -6609293.943205001 -2826013.4438118488 311865.27116965596 2661772.7089349013 5513244.20152429 2699326.1616041255 2240027.739949074 -9097876.971112618 8513114.284923648 -4473553.258600362 2635806.921187827 -4865124.948159423 -8369455.834983862 3427080.1275305925 -1451559.0690901747 653438.9714253132 4882735.264847123
-642336.1743669385 1815906.083327924 638525.8220463566 32846107.893062223 4837867.600254416 4125681.403758705 -9227080.07955282 7167727.657048407 -2134781.9317951472 -365483.2407576126 -6456167.765337182 3115038.8830543435 4807521.929172075 -4663192.846542754 3294562.334249695 -3697050.4547526753 1340450.234339741 -2330927.9964740407 -11335255.029726854 -8966948.273926303 5584743.253310918 3310085.4468674343 72323.10151515412 -6198511.458392621 464959.07195268886 5575662.315085271 -5811873.261803062 -5256945.348921071 539182.6018626594
2567479.5757779824 4765880.648950887 -2141610.521768568 4837867.600254416 39415998.744350865 -4635635.670871618 6093990.989127188 -3316442.754582242 8159390.897442834 -8214640.543954577 1907169.5606257764 4346735.307334656 -5688167.055973647 -3726248.2419792176 -8848190.144143095 11913130.05403888 -2710692.635577836 -6904831.2219329765 4116716.745913595 2024652.0655874456 -10569886.710115016 3929293.3186023226 -11422497.948143333 -2028172.8165049003 15358121.4275463 6990612.032774318 1469900.9353794812 -10651200.305012625 757741.7490191023
3168573.7259625676 -2961100.9997130986 680282.1765371296 4125681.403758705 -4635635.670871618 25276713.86144599 -122773.36658591975 -2984418.7492013653 -82749.37358512345 -3230125.5067682825 -1170542.8749304183 114531.56059821602 -5079966.881451885 6752873.716757092 1253770.8535594847 4593211.804805628 239688.5599765259 -419041.72607764084 -7745410.910229084 3787592.0903467624 1578592.8579161956 626084.5525873213 5105017.727324389 -1729270.6615169279 2679596.0423747296 5913108.45821209 -6944781.121677855 -2240960.8328002677 4977863.030225636
-3328719.1404349357 6996515.388292873 -1613010.227457313 -9227080.07955282 6093990.989127188 -122773.36658591975 39832899.54389534 -4894055.044809693 635251.384734305 -6047189.617545 1400241.934709615 7293134.56624648 -2649553.454990824 -991319.453463697 -230444.64174109092 6639035.5681220405 -18319946.590506166 -8150978.797416631 -8994033.130922101 1533538.4817895514 2798611.8636535998 1045061.0423182561 11574890.108578332 1224415.5002334686 7773949.564483065 265540.1982022247 7636961.082543907 6800801.248495907 3125472.906238527
-1254318.1203121487 8262871.335615651 2581568.7029070472 7167727.657048407 -3316442.754582242 -2984418.7492013653 -4894055.044809693 28245000.752892256 3756319.082978303 1829252.1871989886 -4271508.827955884 -4135169.794190364 897041.373002046 1804985.7415206633 9394084.266004419 -7009698.81819764 7671836.861357888 -849175.4741015125 -5045247.727664806 4071698.1919592917 3174398.0799358804 -1291743.6698798083 3895265.59772378 1085943.877577705 -2019591.0918657645 2423469.4928003135 -3012153.5980555248 1337848.2745621926 4737874.518248326
295865.8267023751 9628450.645203961 -3605241.1008730535 -2134781.9317951472 8159390.897442834 -82749.37358512345 635251.384734305 3756319.082978303 28794954.956624247 -1144271.150780995 -740735.5974329058 -656855.7513437325 1185038.7451067194 1884112.913608884 -474156.68254532083 9942019.0161331 3106179.08177835 6906628.455547295 -4217535.549584998 5380986.721734133 -1650626.0320912783 1477043.2836253196 7602614.968151697 1560387.8588015581 6800172.4177068975 3388860.0244215527 407195.01304849127 5050356.549592921 14932635.621634768
-5031243.577611683 -2349388.987466682 8958034.276996907 -365483.2407576126 -8214640.543954577 -3230125.5067682825 -6047189.617545 1829252.1871989886 -1144271.150780995 26665556.14148464 -1260164.7829844607 -3135823.72438924 -6376231.770934451 -3594297.8753039073 1762655.919783055 1703892.250780478 2093925.6107051906 2495075.418137651 5989690.615915015 7007148.982375566 2814115.9908133 -5566283.430787863 4549875.428527734 -5155441.686607816 1802952.8777426742 -5476331.171296688 8509331.79026373 2467561.1379710026 -120736.04270997434
912850.8673047762 -6311513.133737223 1792011.5344613134 -6456167.765337182 1907169.5606257764 -1170542.8749304183 1400241.934709615 -4271508.827955884 -740735.5974329058 -1260164.7829844607 30277018.780512717 -4917540.565339953 949341.4603884823 1752327.599656253 1406424.9400534437 -2848281.106731048 -1988310.7735864124 4728077.420322207 -2092873.6603678323 10160617.294247242 -7189949.2820761865 -3407563.5966671854 -4933763.983233141 12434831.01516016 -3040041.251366942 7416629.27687176 7265852.703269391 1420382.5021750052 -1853590.5929387058
-6231892.110603425 -4855449.552490905 -15744884.696114847 3115038.8830543435 4346735.307334656 114531.56059821602 7293134.56624648 -4135169.794190364 -656855.7513437325 -3135823.72438924 -4917540.565339953 35474646.811163306 2337770.528498983 7356779.988182375 757775.291559398 -6610299.194044248 -2967879.845095249 2702431.816723915 -4908924.719497334 10199652.76565412 -6603091.956471377 1733653.352713406 260890.80168917542 -4774364.837850105 1889561.531416059 -411725.2452519445 11262448.008340204 -6738741.721809618 -3848875.788478653
-1102358.5002729225 681316.4111642628 -6609293.943205001 4807521.929172075 -5688167.055973647 -5079966.881451885 -2649553.454990824 897041.373002046 1185038.7451067194 -6376231.770934451 949341.4603884823 2337770.528498983 26193344.988139912 -944254.6125142574 3073199.957495564 1553937.92178111 4897756.95634117 1661406.5613671315 -2589844.3812198616 -1830289.8473291413 199277.76036737498 -11637987.440355672 3201845.6156593477 2921540.502614918 -7855241.828948044 7353505.407985902 4615021.644167382 -354582.68797261897 4333567.114378962
-2200369.5291016186 481857.3157237906 -2826013.4438118488 -4663192.846542754 -3726248.2419792176 6752873.716757092 -991319.453463697 1804985.7415206633 1884112.913608884 -3594297.8753039073 1752327.599656253 7356779.988182375 -944254.6125142574 34302819.082367025 4831291.154193509 -12999036.803704044 -334778.718594047 6102490.546755185 -13087912.53283673 871052.1147336243 -7152782.069988143 5796162.03410629 4866734.7515192535 2257784.681790379 -5715365.076524415 11005897.430882491 6840194.873807616 1057453.801759654 6447415.258888817
3593691.8452684404 -7205412.084255262 311865.27116965596 3294562.334249695 -8848190.144143095 1253770.8535594847 -230444.64174109092 9394084.266004419 -474156.68254532083 1762655.919783055 1406424.9400534437 757775.291559398 3073199.957495564 4831291.154193509 30477646.00787852 -8372790.078064841 -3895635.3593290397 -3551207.8467297275 -5900153.222492015 448665.42571991123 -4329506.903512765 -3438571.856437551 -352468.7532640975 -639741.9799262418 -10434744.512279157 -2913640.8475545114 -227659.002432539 11651242.367503101 9236833.699828548
2288183.635643217 3411701.7521927664 2661772.7089349013 -3697050.4547526753 11913130.05403888 4593211.804805628 6639035.5681220405 -7009698.81819764 9942019.0161331 1703892.250780478 -2848281.106731048 -6610299.194044248 1553937.92178111 -12999036.803704044 -8372790.078064841 35848751.2889601 3738939.830063558 -3109575.936351405 7109300.856222704 -690102.1046655611 6236597.769032268 -13334258.800936548 3919699.091883158 -11147705.5597511 13043052.295095684 -729870.1986363113 4117199.084439083 2239702.4929254474 11287843.319794174
-5350713.299268908 5554232.134715745 5513244.20152429 1340450.234339741 -2710692.635577836 239688.5599765259 -18319946.590506166 7671836.861357888 3106179.08177835 2093925.6107051906 -1988310.7735864124 -2967879.845095249 4897756.95634117 -334778.718594047 -3895635.3593290397 3738939.830063558 31780842.996945027 3215299.493586763 5139826.880015896 5153373.150562124 9359269.75128327 -1866521.1516985067 135391.52295533963 -9140831.754730245 -5478746.237617703 -5333652.515617352 933130.729398095 -1950875.2625935203 -1362084.89555958
-2474016.0964333327 -6453971.611302054 2699326.1616041255 -2330927.9964740407 -6904831.2219329765 -419041.72607764084 -8150978.797416631 -849175.4741015125 6906628.455547295 2495075.418137651 4728077.420322207 2702431.816723915 1661406.5613671315 6102490.546755185 -3551207.8467297275 -3109575.936351405 3215299.493586763 23035098.392154206 -665388.1356649618 1032571.5032189708 -1681734.6069551874 -3425872.00286616 134934.8160342914 5392787.327400173 -7568209.432897998 639180.5101363878 3288130.260741519 1525307.4888083076 118847.75886342395
4450404.958720442 -8515782.34889517 2240027.739949074 -11335255.029726854 4116716.745913595 -7745410.910229084 -8994033.130922101 -5045247.727664806 -4217535.549584998 5989690.615915015 -2092873.6603678323 -4908924.719497334 -2589844.3812198616 -13087912.53283673 -5900153.222492015 7109300.856222704 5139826.880015896 -665388.1356649618 32209896.281296413 2747251.1322259465 -3682487.869955288 -836935.8996271548 -15110820.558455538 -2385158.881401568 3586891.9190002424 -15236082.470413571 -9493481.826901587 2895547.1137903603 225340.094412543
1185100.962518497 -2583617.47442354 -9097876.971112618 -8966948.273926303 2024652.0655874456 3787592.0903467624 1533538.4817895514 4071698.1919592917 5380986.721734133 7007148.982375566 10160617.294247242 10199652.76565412 -1830289.8473291413 871052.1147336243 448665.42571991123 -690102.1046655611 5153373.150562124 1032571.5032189708 2747251.1322259465 35712187.761144675 -5858633.686418447 -1232984.161451446 5032910.141329663 6171381.789823412 10080119.591428543 3830455.8948520645 1690105.9309466127 -4065396.066222496 602561.7440666353
490962.86367505195 11640884.103251256 8513114.284923648 5584743.253310918 -10569886.710115016 1578592.8579161956 2798611.8636535998 3174398.0799358804 -1650626.0320912783 2814115.9908133 -7189949.2820761865 -6603091.956471377 199277.76036737498 -7152782.069988143 -4329506.903512765 6236597.769032268 9359269.75128327 -1681734.6069551874 -3682487.869955288 -5858633.686418447 37943412.12506686 396532.95980353246 5221725.031688753 -8470173.93523622 -1697553.0217083062 -5896451.697709136 -1778953.3616418466 3591081.7851051874 22910.008629655233
-3491247.7386616464 3699292.536742677 -4473553.258600362 3310085.4468674343 3929293.3186023226 626084.5525873213 1045061.0423182561 -1291743.6698798083 1477043.2836253196 -5566283.430787863 -3407563.5966671854 1733653.352713406 -11637987.440355672 5796162.03410629 -3438571.856437551 -13334258.800936548 -1866521.1516985067 -3425872.00286616 -836935.8996271548 -1232984.161451446 396532.95980353246 32072566.026205547 -186770.88567128382 -1268597.5769866842 1847388.182051689 -6865221.2370423805 -19138918.23761696 5921876.850225537 -335244.12757573905
-4995848.381910103 5824599.21257753 2635806.921187827 72323.10151515412 -11422497.948143333 5105017.727324389 11574890.108578332 3895265.59772378 7602614.968151697 4549875.428527734 -4933763.983233141 260890.80168917542 3201845.6156593477 4866734.7515192535 -352468.7532640975 3919699.091883158 135391.52295533963 134934.8160342914 -15110820.558455538 5032910.141329663 5221725.031688753 -186770.88567128382 32845925.508251 -3891696.2252716385 3113569.5981779937 6841944.377262635 1441459.504436379 9439747.506946841 8148115.307385688
4295815.624520531 -2949842.7005826826 -4865124.948159423 -6198511.458392621 -2028172.8165049003 -1729270.6615169279 1224415.5002334686 1085943.877577705 1560387.8588015581 -5155441.686607816 12434831.01516016 -4774364.837850105 2921540.502614918 2257784.681790379 -639741.9799262418 -11147705.5597511 -9140831.754730245 5392787.327400173 -2385158.881401568 6171381.789823412 -8470173.93523622 -1268597.5769866842 -3891696.2252716385 26651892.071221605 -772142.7554233109 8522869.715944732 -2607498.9911047043 -2521148.286369141 -5504517.214821449
-310892.8264725931 1135019.914181321 -8369455.834983862 464959.07195268886 15358121.4275463 2679596.0423747296 7773949.564483065 -2019591.0918657645 6800172.4177068975 1802952.8777426742 -3040041.251366942 1889561.531416059 -7855241.828948044 -5715365.076524415 -10434744.512279157 13043052.295095684 -5478746.237617703 -7568209.432897998 3586891.9190002424 10080119.591428543 -1697553.0217083062 1847388.182051689 3113569.5981779937 -772142.7554233109 31194269.210842896 181260.31650499837 -918574.504338857 -130487.01868071663 531591.3723395333
-1839434.1399717487 -151834.81903857423 3427080.1275305925 5575662.315085271 6990612.032774318 5913108.45821209 265540.1982022247 2423469.4928003135 3388860.0244215527 -5476331.171296688 7416629.27687176 -411725.2452519445 7353505.407985902 11005897.430882491 -2913640.8475545114 -729870.1986363113 -5333652.515617352 639180.5101363878 -15236082.470413571 3830455.8948520645 -5896451.697709136 -6865221.2370423805 6841944.377262635 8522869.715944732 181260.31650499837 36635222.64797722 5675021.458462903 -12879809.689976232 2019231.8074960164
-3898147.4903340396 -909141.3739918657 -1451559.0690901747 -5811873.261803062 1469900.9353794812 -6944781.121677855 7636961.082543907 -3012153.5980555248 407195.01304849127 8509331.79026373 7265852.703269391 11262448.008340204 4615021.644167382 6840194.873807616 -227659.002432539 4117199.084439083 933130.729398095 3288130.260741519 -9493481.826901587 1690105.9309466127 -1778953.3616418466 -19138918.23761696 1441459.504436379 -2607498.9911047043 -918574.504338857 5675021.458462903 44274659.36961566 -7909183.686763672 -3771283.2135719163
1949275.8555816782 -5662856.851371594 653438.9714253132 -5256945.348921071 -10651200.305012625 -2240960.8328002677 6800801.248495907 1337848.2745621926 5050356.549592921 2467561.1379710026 1420382.5021750052 -6738741.721809618 -354582.68797261897 1057453.801759654 11651242.367503101 2239702.4929254474 -1950875.2625935203 1525307.4888083076 2895547.1137903603 -4065396.066222496 3591081.7851051874 5921876.850225537 9439747.506946841 -2521148.286369141 -130487.01868071663 -12879809.689976232 -7909183.686763672 32840946.496769257 7187855.950073511
423106.8141431174 5445809.781350962 4882735.264847123 539182.6018626594 757741.7490191023 4977863.030225636 3125472.906238527 4737874.518248326 14932635.621634768 -120736.04270997434 -1853590.5929387058 -3848875.788478653 4333567.114378962 6447415.258888817 9236833.699828548 11287843.319794174 -1362084.89555958 118847.75886342395 225340.094412543 602561.7440666353 22910.008629655233 -335244.12757573905 8148115.307385688 -5504517.214821449 531591.3723395333 2019231.8074960164 -3771283.2135719163 7187855.950073511 32912681.070402466
