34359548.9161598 -854516.163091607 304778.7531179664 -1613341.8962000366 -2824606.103666248 1636911.590921137 979121.5465975326 -1066761.3622470794 -1088363.0640977754 96264.87152246974 -2161760.6311941342 -2530575.1675214 -1922799.2134962284 -30327.515757112385 -1358513.2793570256 -2638128.763050563 1717770.3125905918 1444856.0839170553 918876.7887119898 -654847.0784798784 1056273.846844272 -1221721.0138985815 -856379.8158488871 1094926.0618938552 -253662.5946072756 546506.4901884821 2356586.6701084934 2519033.9099316704 1497621.0060287423 -1183896.4937403027 -1320629.2888168953 -832025.5068615209 1890778.2570662962 2990524.5797227914 -302068.94087168656 -643984.1523462395 1004889.1055091496 1946020.7152733218 2020747.035774065 -1851295.8858157557 -1674196.91671798 784676.9499716088 1042901.0139262768 2241548.984704338 -1959555.0341353065 1453216.7614589965 100515.49629923099 -1245031.915050562 -1183195.9786378297 -1805901.335889921 -433114.7005075329 -1219473.9474106943 453348.3439421067 -1862636.2940782076 984524.9237376476 -258968.7431080157 44553.41483095104 -315574.7122603425 918022.1562692275 2615606.819670548 1119673.557020459 -88632.08754273305 -1342564.8323501528 1906772.9938828156 1733406.3518833737 -493696.0569019294 1192679.0902615297 -1352967.333743814 1978830.7271440406 1663114.6052005007 453529.4931151594 -1452163.423463846 -1161115.043307924 -1049894.9257459063 1406886.550708474 -1293888.264839373 -2348382.02642142 -1722716.859876027 367999.9300299395 708807.6357643518 -1632292.2003222308 -2237173.9828651566 -469602.154077928 251645.21496607 1162063.4383674304 -845053.5530907138 -1417457.200082071 -1436370.0910168444
-854516.163091607 31940245.388967194 -411766.39615862636 -3087500.1004681555 799717.0084038823 -1748038.7813740293 378079.4778713525 276960.7707647062 -2579401.8221825426 148576.45278273278 1791506.621913195 2003997.4342341542 1969862.38564931 2732939.9684861815 -393821.0438910331 -2671374.213304942 820258.0409330132 2493882.5469470993 604505.7805882712 -993544.2831616702 -2581851.8152961414 976517.3404689354 2331085.9416834116 487936.49239751074 -770653.955130626 1119321.6170719932 -2176724.5930501553 -392126.8511127435 -1338240.350395712 1853066.442048527 1694375.232408483 -6786.159635341326 595205.7533308236 -2121249.6302251606 -1245983.8830177374 1905006.3639771696 3384760.8220481398 2045942.4467304414 -1383149.6988923175 1244396.7766402948 2061481.9300141155 1466868.0771659296 478882.19340053917 -1269443.8845702694 706700.1495998396 519663.20892576553 -1593738.1246462527 -75700.08549770345 -1497063.22506366 -198483.84716003714 -1625163.398083623 132589.3705625262 3444634.901377824 496230.6450552336 1297860.889462723 5159063.037163462 2087394.4709692085 -1148873.0898558132 -1120070.7647108943 -4713699.840712407 -1488854.0397898364 -1033227.3128007054 742545.7233808484 -888617.096508438 -326730.99924449023 549030.6361977815 -10114.403047743139 -709791.287908288 3292758.666324226 1639078.5995888216 -663696.1552728657 -2291682.3091126494 834276.7052117521 2812367.1803406645 -1101425.3112400386 2033111.6164084123 -356500.59895232087 -974887.9555999702 -253028.4875459944 -1120254.6090896945 2005716.5224761334 -555757.6120933456 -1128255.5592124646 2977611.740692008 -49012.35303102022 910841.4097477993 -854863.9108700153 347216.7351138068
304778.7531179664 -411766.39615862636 33014049.147988025 -4383963.619863353 899596.803621163 -846546.5183610679 2940443.6623569573 401351.9713892061 948056.2332878836 457704.0464853722 4858204.493589451 -533134.4623283419 514339.19525930256 1525097.17504965 1576470.8873268354 687569.5993086837 -2299932.705034472 -824142.6539439524 -54167.16889704166 -617942.6760888484 -781556.1730976602 -148464.88348002874 -134739.20867606383 -2706475.529316414 -2925239.945961194 82082.22962607423 -1913753.2401018494 790365.1925137045 -2829486.999253668 -1585991.6761830156 -1201472.3736093773 1143714.8512387113 2721305.8718706463 -968809.6725009179 -867825.443731976 362958.01769103174 -1727198.7439638693 -19984.9410957328 -193320.05038774744 1061364.0668037976 777860.2853465691 -350676.9371758367 -1510775.6497177817 -1622798.7608914657 1544802.5611432774 -2876846.9393206355 250965.34960477453 -881354.4150102889 -1204847.5478418812 -2360456.0242883908 2982194.611509013 -2536804.19161172 -499445.8993990692 -1345576.3494352028 64547.32526720176 -1172003.5910800418 1036933.7000995312 465548.6605767163 -646226.7368288838 -358638.0711436949 -500128.14674582717 -2080130.231475366 -1242359.9784143404 -5154116.014882991 136923.05771064173 3277464.330973904 2947915.4188122023 -821929.3570143604 -577116.5870805673 -706542.7303879486 -935554.7399941756 1766976.2159392217 -1239778.6348419334 1222281.358322069 2106437.777219079 1644842.5554556325 238367.35198518477 215137.01659764347 110836.88311527665 546402.3570078553 -195583.2565029818 -1230077.1800646977 2272039.734890613 -1094538.7801071852 -2078751.9688623894 -893341.9617635874 3249414.1051787 -940775.9667152498
-1613341.8962000366 -3087500.1004681555 -4383963.619863353 33539324.744753465 2234486.162091712 1381430.3946896752 -518127.5153826694 -1213603.0513959227 1218543.2588414561 -342820.55706907244 -2448326.3352791658 1552834.521895343 -1740468.5294639554 -2649057.0513282428 136300.78407197708 707261.7117457744 -295973.00969756936 3030246.0982098198 502329.10291891726 517535.10880714416 961135.7519050437 831317.0691217723 1431914.7025069515 -829901.1973857993 2588572.010174571 167737.49026949183 705583.6928420111 -385309.8153922945 2246437.3261559964 -2011473.213408808 -751886.2510076443 2408210.696555586 -1320597.5673393742 2481537.5349904182 1460963.8569921574 761166.8574848273 -148540.6626401318 110310.08026209108 -1229373.8773919544 2631569.399043254 898153.0512559603 -152707.7028670996 -1521296.357747941 2864941.9347991673 216514.44611722048 3547535.487709755 -1462815.4467323055 -1154154.4625051059 445698.314416312 -3173053.761363013 -1322140.995013696 1013226.1491560597 -587490.9727550708 405119.46706920536 96135.72443459125 -2734002.0167665766 1038550.6206449005 74661.57091149031 154166.10644339008 1086919.1421383808 -60896.898402257735 -1248418.9724555 1138199.01239691 2296076.408672194 -1370205.7941633093 -3103895.1225228603 1107900.3024920265 173640.83138779603 1489088.4567869443 -239991.7579461974 1677915.0115570824 -392347.8882629234 -1035064.4269340895 -2430395.0066388273 -1036491.0721429294 -2240760.634809337 -718056.5460933215 2991689.906425785 3036700.2969691395 2577400.4644353567 1222238.521529324 -207008.51048061874 -2115971.859429858 -269259.40420971066 2626766.8769392404 2003172.1524500067 -369124.7551578995 213737.6171634731
-2824606.103666248 799717.0084038823 899596.803621163 2234486.162091712 33111015.927829403 -3447618.3754463936 -259500.3289837506 -2751904.206811192 510851.57776048593 -397635.2818049318 165488.41338943184 2350161.986484992 -495580.24477026355 2178076.3411256154 512395.5682628405 2370894.645171001 555211.7978124006 945019.8069296414 1026766.39176785 -1841324.8707922755 690627.983080661 -464092.8583164123 -1917304.3913986953 628929.7161949327 2400163.3082198463 -167138.412645566 -83324.92470441385 1842090.6374907945 -2467487.3798092837 386265.17494939774 -368550.1312880609 -416988.59388393955 525507.5081163436 -1393373.08944466 702960.1098367386 2385137.691943213 -1575174.0401509907 1233059.4710969815 2342518.5190724838 -253597.58464184677 336258.3338732559 590009.2690899717 685626.6443226731 1080259.5194335706 -1839018.6864489159 -562507.2056196644 887018.550776501 1717217.0043132722 -1524432.0482673354 -623364.8458969861 365448.3895700744 724439.6354721409 1674217.9120598163 1915817.368761643 1723454.7591427495 -979106.3760130163 -428783.0748510437 -3047998.2963660825 2600497.467837272 -4203409.556929701 -1685567.8084849794 -910567.4113149705 -1170773.2749411927 -916753.4678278776 1579488.773088487 495306.37868741056 906269.2862285562 710538.8392442386 434796.43094559986 795243.5379268163 -639851.7136661347 1084328.9395119143 -326035.3260707959 -1449761.8965434893 366328.3478334952 473918.9216853995 1520997.6161564684 535714.6919406628 2190348.545127359 -483673.46124208544 1629191.9742794195 495321.07778599975 61704.210671450404 -218831.2227268433 -390957.0796598881 -2235015.4929983835 -1176227.8342222972 2147713.127990845
1636911.590921137 -1748038.7813740293 -846546.5183610679 1381430.3946896752 -3447618.3754463936 32736668.535092253 -828038.304427828 2593398.1708109668 208822.5173222182 -1887438.2745052 -2101632.6685848935 -155834.09260392477 -1887618.4615872223 2515383.670427532 1059093.9741580884 287163.0962465101 2905936.268960488 -4372.589641944914 895269.0461270364 -1614652.0776783894 2577143.2935966905 718279.0188205473 -511135.27198914706 251435.4192210803 -119417.7509559088 123318.66265731286 476533.5730945236 -1792718.7725205023 3192563.1662898036 -1730412.9502958057 -2452255.6342651583 -1346176.929404943 2716960.6904474455 -1121217.449418206 787610.0505758553 -222886.15609313853 -527584.7277069881 -985567.2691581874 20269.49953016521 2432002.5571847106 34529.02315568897 -863205.4344123545 -213739.16493657485 2844944.2069084328 -2409984.477702629 41308.89696330301 339708.88681811834 2327176.9691441935 -1151924.4942545725 -2072130.6348572522 -1655912.5755168465 -333104.5833107294 -1369415.599798279 356075.86007928534 -2764328.203951156 590234.9016633984 903955.2263786132 535009.6914122273 856523.8226732918 3451577.1698925253 1798298.6311427355 2932132.425562722 2324901.599716381 -340320.69945443893 -1641080.135431541 903836.2593576912 3391319.8018241264 1952395.4692732438 1384701.6009369974 -557528.4544223978 -650314.8156529146 -501461.3805475587 -2032854.4803722089 3601902.4096516464 396724.0024710399 -1087720.269447866 961116.7160644032 2165104.8895173417 2201177.5116973533 -1622782.9212862072 243938.04543002966 1704913.0664934705 119291.70267114411 77592.09385722574 -551491.9120634822 -180634.945304603 1288585.1372357341 2749026.4758450086
979121.5465975326 378079.4778713525 2940443.6623569573 -518127.5153826694 -259500.3289837506 -828038.304427828 33533177.775340144 783278.9393823922 -1404437.6213077453 303364.67062737426 -819920.8688835882 -956646.5212738 265459.1658793597 1237647.6648909026 1575945.7425363816 -248975.74774738925 -463648.80631493224 -799429.0996383672 1804799.4824112048 -205663.12381901787 -43426.720710135996 2430986.136949106 1713486.1267626795 -95023.38029555083 -834174.3807512041 -1587445.6892732293 -782675.4355820025 119227.82503822727 904082.7404486528 868211.6095865456 943392.1078514971 831297.4690808975 1619309.642901615 -356555.8060331541 -843504.5427505589 491462.4495747827 894656.5263367323 -1288489.9612656364 1887547.477543338 638215.6229843968 -391602.32918073935 -266947.13191263087 158528.53336091785 -1457014.210903241 -3151203.290282458 -900302.1930835277 2496122.651844305 -1135725.8498842462 -983931.3939091937 754142.3256020952 -331919.1631549063 1240983.1226295126 -541104.2359093116 -156003.54216336788 3695046.194245769 -1902769.3227558034 -345552.8432475709 -152982.99024490206 -302959.20791988145 945525.744603332 1956810.417908732 -2325099.2970792237 -190679.98454207685 -296751.8280920537 -186074.15475979896 -1689546.4967837178 3604487.460130545 2798747.8729264387 -682053.1539859552 -1124853.7122102645 -2504497.1101389737 1210592.0280071 2177609.6259674574 -2116144.3327025217 218786.2602521334 -1684341.0233785962 501975.05387491954 -1230124.9035274056 -143101.60044453546 772069.7260364589 -591121.8698665404 -1233770.236107244 2048714.3169824805 -354679.85160873906 -1472165.7152633062 148506.8073354394 -267240.6439230706 2129679.6302582617
-1066761.3622470794 276960.7707647062 401351.9713892061 -1213603.0513959227 -2751904.206811192 2593398.1708109668 783278.9393823922 35774213.26696158 2433281.2649362735 -769794.8389189264 -207248.48596201753 -2724467.574154111 954692.0087229117 -1379733.3385600743 -1758852.8277719948 2881187.3819004926 1479434.2170468466 -1115222.4483530347 -1001484.3265755362 348708.3503857299 -2852330.135382865 -215088.1675439662 2957471.861406702 69996.33955225191 2530997.810612967 554828.552081421 -237090.35807785587 -2955050.7063612794 -235796.3707123859 812964.9465922165 -693790.7659748502 1575285.1885356882 664172.9869739097 713849.5034577955 -1113577.359915677 -1628615.6280553075 3626388.2013324685 1612945.1313850752 83913.98248130313 1377969.4083759114 1294861.593768214 -1920009.4698736414 2440478.1004956844 -622630.8645822353 371264.20867381373 217105.8820126332 1760136.959601641 -1012628.5415576475 770863.2544409616 1282472.9633782427 -860768.9641142325 1922591.1924265928 1729603.662143351 1788700.0812611997 -1375537.2337103055 -3903904.1205938915 -836248.4854695256 -827180.4035037695 -266849.7539017122 1732463.3538669273 -822839.7013944013 -276673.78970979224 738637.004806521 -449829.2759368606 -744034.4315985265 -1836785.0984695705 -68222.96205761017 -597070.9824544352 -1713553.1267101404 -1485613.1606405687 1383699.2642290662 4410304.079329502 -1171416.0248221841 -1315718.5222695793 -61454.45982210832 -1669135.723856279 1217384.0465138513 3668060.4809683426 3058668.811819653 -1826988.970675657 -1607172.0759006194 -557935.6677000589 540138.2106026354 574488.7824187016 -457778.2083803449 -3248110.1927065146 1793841.2088278297 723132.0967923582
-1088363.0640977754 -2579401.8221825426 948056.2332878836 1218543.2588414561 510851.57776048593 208822.5173222182 -1404437.6213077453 2433281.2649362735 34076346.88390224 454169.08742370695 -388142.5030222536 643840.3830736805 36319.60120832397 1385102.21648669 -1510270.1246171102 764511.8251742438 2256102.045543019 -1136743.7969043767 -1791115.01056943 -584345.9203216337 -601834.2817628303 670059.3837996324 1131236.2730219555 1179359.1962845395 -809062.2798982522 -463513.529606902 1246065.9018686356 71621.97928399856 1348617.3430329892 403347.34323251946 1230210.0696817518 275752.36179343495 1629562.0892342064 277179.77891670587 -810613.6538574793 -3725156.921019145 -998432.3994020768 -532990.056686191 2634334.6068451903 -778211.6173340569 1396238.0067194996 -646299.3174448573 1268185.3658084085 380903.8911254637 -1159467.7330215536 844041.1839060782 904687.3179354764 1180658.7684536998 -710128.8062217118 -1723067.7764778892 584404.1620444362 -524869.581402676 2091854.3526323994 -1228252.7529996652 -1481466.2847684752 -2699922.262466353 1568083.4761545742 1040811.8987252016 -3116980.692144438 -4479216.230543143 2896056.0369239817 -925999.4217806655 -577899.1579907214 782645.9762430876 290161.7613246113 1436286.626593645 -1567265.9034639448 -318080.6395987921 2552432.3089615456 -2061529.7825893094 388176.8165704465 -395832.251046989 445008.67772744334 58245.27767877787 -606683.4428819807 3261481.408814689 -1552417.357778667 332979.7804483479 -3776133.3921996956 558696.2289426464 21596.993346528878 1605885.2352907208 828757.5811699356 -2305908.5589026636 813638.9874358434 -1989867.4546508272 909240.1004672743 -725626.3704768018
96264.87152246974 148576.45278273278 457704.0464853722 -342820.55706907244 -397635.2818049318 -1887438.2745052 303364.67062737426 -769794.8389189264 454169.08742370695 33106801.26193288 -325640.3579923425 3537633.910351698 1465161.8220716005 -922031.0330299592 -138587.09648560316 -605583.3763732112 3383020.83640297 632916.4868916515 -2165713.358138952 -163732.17116515225 -1387894.6728075196 1051512.1623881632 776183.5532470357 -3072113.8648800766 1080311.8356816263 1956412.5819616902 -2121808.280652122 -897592.7392928215 1314499.8561168911 -503945.9461419314 2133833.284848049 448718.1421955767 1320093.2191930106 1051898.3987343218 914477.7174503566 -2653394.728766069 -1850934.008657459 257173.44995900049 706087.7988349824 1629008.070142397 -604194.7483069231 -488099.1056491916 2413358.9019600884 -525658.904750063 -2683470.720930715 3324800.5612720014 1535900.3296932539 1980436.2937248927 -2563934.9671412474 -1263000.7678995184 -484626.51299640565 2096579.4348713194 1580782.5658427645 -2418251.5257119196 -823353.4328014395 -1219563.7133240358 4327668.9168061605 -800749.4702693529 1129401.280316821 379053.8832598801 -17431.980093977203 -1423274.3162466425 1496658.6956715013 -1372390.299337232 180021.1558716031 1892835.91030912 48836.94435196486 -780011.6311159487 -262751.4146934006 -1773560.5072897566 -1442560.2731496391 2392459.2611849033 -1197373.890541075 -1917137.5663218626 -2278421.5976063977 1391366.9684845258 -1752497.053817484 -94373.94847484624 -2984527.6215017894 -1391806.2073450522 1082274.4992711504 1526279.5840956217 -2207477.882004364 699214.3461923022 3740526.4758785493 946444.7006774081 -2887032.1588779395 -2141766.00738065
-2161760.6311941342 1791506.621913195 4858204.493589451 -2448326.3352791658 165488.41338943184 -2101632.6685848935 -819920.8688835882 -207248.48596201753 -388142.5030222536 -325640.3579923425 32836815.94924924 271149.12792094634 -833618.6995124718 2155898.8402723535 -3304286.926711733 1017999.100004801 939793.4653712047 986631.2396121469 -1682338.554315883 365765.62501194404 -4828186.691131646 -1785046.7112343798 1849816.452260019 1553176.8359314129 760835.9350496539 -250766.72068477815 -1349457.193232559 -1539835.1465699554 -1374929.069815371 2244119.077011453 -861531.8266334048 1054744.712590243 -1199056.0204279977 1782978.1457331264 -170727.64122657196 -711888.1295094672 -3234531.5865206774 -972287.1678603886 1511333.7695202958 1513684.9136761986 143117.1710286158 -2807179.270270302 358153.8477881027 -1994037.1416902547 -308128.86071702006 -1586991.298914682 -383676.5899428048 -1635252.576079769 -203372.33315847788 1584181.3165212115 296029.63683306286 1368041.8910042485 -217725.88551950522 97917.11941218535 -1659234.2317957622 3609400.710736581 2134842.3509823056 -2965186.8826319603 -494856.7653705605 -172888.53475951258 -1142936.3877014308 -1754057.2576050381 1963264.4764239935 -599021.8011698433 -832852.2931827175 1613342.9943664968 -979096.8691227499 931344.116484269 852529.1995227815 1901348.8192749668 -3491056.6365711167 395354.2988762443 -1503021.2238571015 365404.598970109 -1955464.6264615224 2745084.168127846 -1175125.0308066544 25092.508482230212 995691.153283268 -131367.0723219394 2252409.25664286 -2852892.4965482433 -725359.3530407371 337579.0761455995 697182.6691363057 -337336.5576734187 -894621.6987951312 -465902.34279767715
-2530575.1675214 2003997.4342341542 -533134.4623283419 1552834.521895343 2350161.986484992 -155834.09260392477 -956646.5212738 -2724467.574154111 643840.3830736805 3537633.910351698 271149.12792094634 34641073.42850746 1629052.7262745497 -2308097.4051862336 1942175.6905171105 -1109557.0764274243 248019.17744732444 -1183014.8016893852 510676.38484465407 -3451918.6090602907 -1470685.4248218236 -1680065.475526032 -476967.41238625254 -83031.05575149595 -55575.12575578614 -3225679.863065606 -1008411.6896783502 1409918.2420590005 -30504.501638724898 -56860.29286115595 -2406211.0786612174 1643233.7164997507 286982.7036732334 -1379978.6554799941 1808512.5544372604 2710906.324551977 -115356.63843714494 271225.5779369315 -2993785.150262481 1473842.5641853157 -117089.50241181231 656182.9853820702 2470857.063807919 1935005.8557705884 -1559352.1997567134 709631.8308410313 -1029488.2097982278 -2225617.223394767 -110655.24751427317 565131.9738345055 -178794.4704384688 2959117.4959954647 1223451.9330201065 2521133.4044765476 220426.79947254102 467808.56605761 1626400.150454774 -1817647.1175948628 -1231148.2967109538 -1059788.1304723418 -466200.87745930353 -1711554.1071944062 1254403.0770897795 -2164958.2774007884 -2112334.062662506 1333961.8854772209 1430745.5473618929 628635.5850636178 1295420.1804041476 1163573.6758919284 -187533.92649530823 -1055632.6354399219 1796566.1115408314 -1177472.6300395983 -971614.7453464797 1928163.1882564418 -995332.0423756802 -275262.2738074648 -867530.3739032994 -482129.7353553152 1334874.1506125624 1367868.8137156346 2013508.9256886237 -1014644.9626465016 301355.06733997335 2929078.321709042 -1160671.0402612519 -2044937.512811902
-1922799.2134962284 1969862.38564931 514339.19525930256 -1740468.5294639554 -495580.24477026355 -1887618.4615872223 265459.1658793597 954692.0087229117 36319.60120832397 1465161.8220716005 -833618.6995124718 1629052.7262745497 33360378.293452427 110003.25602311021 -1223575.1904966757 -3371362.954150121 2105094.5064772493 -1029619.1407947262 1397263.6611400235 -474281.83102056436 -929419.8057937863 585597.035804928 2155844.1036759503 1157720.573771707 -860803.049124927 -2604804.071429815 -636649.1226859209 3042953.9365983754 -97020.0857663855 451879.6807508779 2370933.2346009044 1230000.820209909 -278771.6741824286 -425376.2960735147 3533915.137936538 2088041.2798673734 -1722898.3196219888 -1000789.647571597 -953709.3527220846 407240.99392299197 -143553.1492920662 942804.4457310548 33020.70013364531 552526.2375705296 -927214.6909304133 -1356327.1449875801 -1804637.232336637 52992.586818662225 -590350.3697751805 141282.73301813178 -777667.2174069382 -969545.8202984451 -716554.7193437838 288039.53291772166 2689098.3869430376 -1986936.3743960392 2704480.456458511 2441573.7231733124 -802239.5404155959 -728210.1756301023 -950616.9535879504 -1433926.080488004 1298391.6938560777 145173.38749644125 2425617.833827616 -927900.0687387983 371226.0776148531 1977287.1563109837 761571.1714540528 1133030.5576600917 2697269.282132481 701262.955930665 -2498151.801508786 -2448889.6680981913 1616591.8743254212 2912950.8444567537 -560064.0830545108 -616416.3218133023 -1118760.1313950154 900209.0234704546 -71436.49038933867 -291950.00151926785 1449685.0309900548 2089948.5534603272 49154.73301564063 707842.4759929614 2346555.6592639512 -2504043.959735658
-30327.515757112385 2732939.9684861815 1525097.17504965 -2649057.0513282428 2178076.3411256154 2515383.670427532 1237647.6648909026 -1379733.3385600743 1385102.21648669 -922031.0330299592 2155898.8402723535 -2308097.4051862336 110003.25602311021 34452872.78801044 1400219.9584025496 46319.78367771831 -1080410.1773091073 573606.1731100356 -963912.829650498 243749.8956329079 846382.6114974067 -1314842.6494326675 1027073.4393460592 -442018.15877883154 -620320.2214696446 80523.13570600412 -1385485.1915848646 -510831.87752062007 599479.098589892 -685543.3901247426 437801.1801925921 -1010508.4946769109 409376.80378423486 -3566772.242784044 -2088505.9637150464 875369.9998475546 1865365.5502099267 3195472.127253369 -148878.72891871748 1482414.9247515607 -2727487.640934069 -624673.1401452841 -944673.3914407482 -184786.30787525472 240526.72787390635 690455.2221104323 -507521.0968866827 1058353.722005516 -1135758.3643214852 5620.802572711461 272003.03034623154 414600.8687806353 -1488044.1375531254 599053.5110945278 671884.3639195054 -2164654.316053453 -1419898.3504187332 181180.75676273572 -171414.97674288607 -2806250.777422618 2089191.5845679815 203660.6175707636 223562.22231986377 -1056853.9851919855 1508758.0573999498 3919126.797047895 -1078340.4967522384 -2180406.697141003 -1025145.8885737126 759658.5041455848 -713627.9946018368 -478563.14966235147 1394209.1773698407 3016528.6144380923 444321.64550139563 -148596.37979246106 -1195257.09745074 685532.1497138055 -390863.01644018694 -389265.12727112405 112215.08554534173 232139.21131129234 -1476624.8488645111 1903165.7700443906 -101300.47950034986 -1739951.562117477 -603102.3869681258 -379710.7082999887
-1358513.2793570256 -393821.0438910331 1576470.8873268354 136300.78407197708 512395.5682628405 1059093.9741580884 1575945.7425363816 -1758852.8277719948 -1510270.1246171102 -138587.09648560316 -3304286.926711733 1942175.6905171105 -1223575.1904966757 1400219.9584025496 33511399.630323343 2413770.5049762586 24051.53167481412 -2709295.6167548173 2018098.6395550107 1236419.8846946463 2070776.9055851293 398791.38678048586 905553.1924375406 -1280667.3162296554 -1842935.6685072358 1797372.352438687 -307168.25129884353 946055.4030268267 -659153.8246463164 -2614827.1869122987 403362.8345129893 1224899.2337272048 1888729.7400234013 -3546530.551350644 -774319.6588729391 1089001.1143504397 909538.8195629742 2817795.042555984 -2457945.125218833 -178923.8909901761 -1875914.313401245 -997859.7601272784 2027560.1684738998 -568992.5293579255 -1484766.9821888441 -1083150.3579220092 1214517.3348475802 -519629.4542373677 -2572888.1690027365 -1677529.4276178689 2357965.6980797728 -489433.8583757603 -1185009.2570611546 51467.40713280829 94689.40756908564 -1444617.2844103796 107644.62600584807 1254793.4596871452 1809931.4470765805 -2141742.8868555995 -1349665.4970810052 -2489132.9514461346 -139935.392990494 978097.2000890473 744483.4841190297 457393.9493042773 93696.66458511578 -370179.43089024816 1077692.0253244003 -503501.16566882015 3083533.342352163 -2392925.588945625 -73064.42700128444 -624011.9109141238 2871516.5061650192 -1703482.6423541536 -1100713.9659422284 2546840.519708681 2531272.2472959985 -2476358.4022175106 233621.70405536148 2399848.4404079784 2135367.6569510247 -1251007.5045321633 1781397.6691686627 -1163118.0870244864 2060892.934208966 709780.4016920403
-2638128.763050563 -2671374.213304942 687569.5993086837 707261.7117457744 2370894.645171001 287163.0962465101 -248975.74774738925 2881187.3819004926 764511.8251742438 -605583.3763732112 1017999.100004801 -1109557.0764274243 -3371362.954150121 46319.78367771831 2413770.5049762586 35862989.12572512 1534658.2876948728 -267443.0261079925 -2526535.929198204 -1674043.7160246817 1692341.3697479542 -1105168.2870491238 1399352.676824312 -1408663.629442182 -1851138.8763546566 4028540.4954115674 1268534.4545698648 104560.9089433602 152242.77902887095 2698650.084403663 -2667245.8254980287 1719465.68574223 -1336407.6756789042 -2479315.045478504 -3629036.183992556 -2262467.878854464 909196.332120013 -149078.06856125762 870819.176021433 -1834286.24190275 -1266869.2367401153 -447517.1025270295 -1417073.3157976444 -72109.16878995662 1145008.0109071091 -2173365.5367738865 1564000.1122712074 -1972621.4873927098 -2380066.527926729 3164915.659902218 456900.8975952463 -2693264.161098911 1544620.3321312915 1427321.5647119218 -1246469.8366274277 1081228.310560248 -1096053.532963893 -1969817.4543631345 1099275.5081880162 -77709.94729719294 -482977.4375798888 333471.35664222564 774392.6789634596 711192.4165842859 1244263.9437322174 1344187.8949478043 -93724.37789492647 2200740.274291198 563281.117897726 3889575.363191337 -1743094.9079550456 418129.424752794 -2348703.4400266465 2724765.642765342 316800.17115048284 820014.7152349555 3486327.2868982353 3247819.2802111413 435339.5656667206 -3242983.9694886105 -681531.2499461989 148590.24028194835 -1725266.735606028 -1514571.1879042387 -2820618.9703760403 -653525.9967285588 -2295460.1286759106 827836.5807758342
1717770.3125905918 820258.0409330132 -2299932.705034472 -295973.00969756936 555211.7978124006 2905936.268960488 -463648.80631493224 1479434.2170468466 2256102.045543019 3383020.83640297 939793.4653712047 248019.17744732444 2105094.5064772493 -1080410.1773091073 24051.53167481412 1534658.2876948728 31768501.017337933 773885.6664908107 -1979093.116671708 -214225.63365318062 1591218.1571359755 1876260.6405803103 670640.1265883456 -600685.9283911781 971098.7066745043 800222.2040960547 -2118858.0652714814 -1500731.7296033888 1164114.7234745796 2764288.6048798314 2480930.6344943796 -2428946.848781617 -258250.60723927422 25639.608531755275 668875.6990705535 -905493.0907807626 -2957996.930397397 2202417.619078803 2718812.2690514927 2466377.153347294 487109.9554408092 380668.23621696205 3283923.557601917 1963649.957254293 581725.7492294682 900483.9335685142 2815691.0158943525 1600973.4777594616 331120.4338383262 -758813.9811578218 -1410750.9977214944 592449.217248113 535502.3935672232 589278.4168940244 -1004634.5005104837 95546.96168139132 975779.9317393296 671079.5716123637 -351298.60892797617 530267.0483676456 -730137.5384846812 323718.950743739 344631.33861704194 -233393.64800178475 84918.91373191105 -402672.7824452723 1455005.9350693375 827179.1814779446 953363.4831195538 -1200232.3087000495 509827.83054884296 832021.2161061413 254392.21427689175 535569.5208293776 -1933761.9436243954 -1519225.404705274 2750251.799054634 1187943.1311314518 608855.589097184 651555.3023413782 753495.3769674761 -1325898.7044290819 -2441132.5066499426 -1738142.2277595606 -97856.96636128685 -2043039.420709598 -906307.8331265257 -2583187.044289935
1444856.0839170553 2493882.5469470993 -824142.6539439524 3030246.0982098198 945019.8069296414 -4372.589641944914 -799429.0996383672 -1115222.4483530347 -1136743.7969043767 632916.4868916515 986631.2396121469 -1183014.8016893852 -1029619.1407947262 573606.1731100356 -2709295.6167548173 -267443.0261079925 773885.6664908107 33216120.656420898 -983499.5985578265 879803.8180053732 1617832.0814807285 1758865.3677856405 2610739.5984585513 1221248.8215211036 3282719.7944078245 2786247.30520689 -863902.1587641905 937535.3251485882 -678539.7692309312 -1897975.751089373 -134454.13051359603 -1055719.168301629 -1303109.2828816003 3683489.59350473 809762.4602233208 -2843111.2902383315 2798332.172462816 113039.38898311974 -1428268.4550268492 -2465624.400190311 -346008.4299543278 -1043195.0479250107 -592252.8992456654 -127224.11164545153 102570.87868590496 686527.9237235463 371566.0858180424 2213488.167617067 -600880.5209443483 -776866.96098557 -1101888.1788767402 -833637.7776105822 89808.23280691635 -1781954.1310704567 2645947.6333681005 1705567.1818286628 514258.1531857315 401576.98983984126 139891.78715282906 -2188861.2835610807 366941.23092536564 -2014231.1718224685 2203139.389381511 -1696969.7547639015 -1453141.6567203023 -750337.8896821442 1163376.0865950366 -689148.767487528 586519.2448309863 -584170.9010467569 -1060159.9170275447 -241753.48882980912 2484208.2326848474 143761.81237681507 318631.9257464275 -3153259.649443452 2064564.7376141562 -1353464.8669598429 1437447.0926177665 -2219644.998335573 953552.6406423585 596636.4788083347 -1332754.1007762554 581531.9774207182 -188863.3758547555 377234.57179294457 -1456100.2882031507 -102895.31784867542
918876.7887119898 604505.7805882712 -54167.16889704166 502329.10291891726 1026766.39176785 895269.0461270364 1804799.4824112048 -1001484.3265755362 -1791115.01056943 -2165713.358138952 -1682338.554315883 510676.38484465407 1397263.6611400235 -963912.829650498 2018098.6395550107 -2526535.929198204 -1979093.116671708 -983499.5985578265 32980326.764132228 2444551.406968564 -3236534.7285439465 2367942.367220115 184224.92615975064 2070106.1314537644 208793.9149165467 -185581.91402868374 -1328610.421387087 -190944.60207302705 -674381.2661570727 -3340094.8055572417 -1794711.8299983973 1325813.8105869351 -728884.118795038 -763152.6479940913 1816232.3263892236 -2057635.9628056868 493560.9708037478 -787321.633621301 -616679.9619162964 -2618854.88601243 49180.722508884144 -2486540.75571541 1415623.619780002 -2398046.673812797 714493.8932110217 -1032207.0707173015 -1456539.8153270078 2018923.604034906 -701995.848502461 -1218784.4645172786 -381377.03370961914 199957.77262502894 1275224.5392989884 2529986.3338898653 1211828.1386129614 -2183885.15234169 -2170981.890640883 -948319.1799140552 497912.01324999274 728807.6847521056 -1775974.8890406315 1571100.6357582416 595466.7754507589 3478841.130533979 1877102.434197452 -2523554.8772533773 1144928.7328220918 3106355.2422731365 1298441.7913174876 -1218606.4036678004 828031.8904914098 1143391.8233762519 -44682.00635771969 -658941.0515293027 2158219.2742948458 -1699324.1472936703 -1819853.9286437046 -675684.780880955 -2100910.1994632524 652809.9144434349 -983367.7596804277 -1429396.5459900668 1081054.9437032829 55775.55517817548 -155919.6666720927 16530.474459048164 1499496.5017689327 2516717.9721324886
-654847.0784798784 -993544.2831616702 -617942.6760888484 517535.10880714416 -1841324.8707922755 -1614652.0776783894 -205663.12381901787 348708.3503857299 -584345.9203216337 -163732.17116515225 365765.62501194404 -3451918.6090602907 -474281.83102056436 243749.8956329079 1236419.8846946463 -1674043.7160246817 -214225.63365318062 879803.8180053732 2444551.406968564 32299289.864494435 -513664.26555250725 1800061.4705158016 -2333887.4024485555 -1479391.9970793931 -1772320.384069168 2235706.4284861544 -1256356.6565556559 -253900.70484716917 -1728809.2166537703 837827.0323047194 4457186.135341556 257305.6068583115 -1146214.3002248195 1712369.1479470911 -3431.9728222578933 -789338.7765990174 28185.271015244096 -52288.94492834513 -25628.01763706776 1438847.705737646 1349368.0284695139 -509001.2809788692 -368538.0879805819 499156.84639175836 -545735.5941580175 -442657.3859739861 -1132858.7119477002 2272075.101430942 -1409081.6871314705 74595.41259288076 -564094.0768765562 -1777970.4845769187 -575719.7483586104 -1258427.6001778883 316333.75893749547 25137.614906890773 1793257.404628745 -832205.2701732536 -126835.1874334413 -1500118.958136374 -2280871.5352062904 475569.8900855745 -1105130.0377329807 1634318.647589737 635989.1189254513 299352.0670095707 1273634.9062804875 -2054072.7216566824 3637868.3256980944 -1180686.1730313047 -657351.0284677148 1511478.787599652 1421616.432336968 449597.5724521498 -1763197.7039257574 -1897606.2566069025 -2653468.469468676 -315961.69599467353 -3378494.992700872 34727.451551508304 -1626612.6509355805 -87523.76849303472 -970239.6153216271 643446.1126954451 868879.8149262153 197865.80452293932 618002.0950161084 362800.6060012376
1056273.846844272 -2581851.8152961414 -781556.1730976602 961135.7519050437 690627.983080661 2577143.2935966905 -43426.720710135996 -2852330.135382865 -601834.2817628303 -1387894.6728075196 -4828186.691131646 -1470685.4248218236 -929419.8057937863 846382.6114974067 2070776.9055851293 1692341.3697479542 1591218.1571359755 1617832.0814807285 -3236534.7285439465 -513664.26555250725 35111082.21021463 -213821.75940841195 -2995854.8716039313 -1121022.622089818 -1690495.291561441 922330.3859852208 -1997485.2883538553 3340094.5905218706 -1702758.4523628522 -1417642.667957025 3404336.628402047 -481542.13403288636 2080070.5871813437 2855069.304611052 441187.11816605035 -1264467.4385740485 -2846986.297416324 -1493190.9253821713 -1254788.3247043951 502307.6687560336 635398.5150762559 296191.80752924806 885972.2159580633 161402.3866121842 1592670.3160824508 -1818300.1940069997 2010016.4021759804 1326513.5818191394 1742484.7850754792 -974795.3694636383 -2745412.203364412 -1638443.2663669304 -961341.352329685 1301326.2481644312 -894946.6598005053 1885564.5168707957 -1295386.3300502622 1577304.7448307173 2759214.483505803 -1126528.7901550618 1397715.73573311 619467.3065685016 -760747.8164804203 -414633.641388517 604605.9198406741 -635664.477857005 316803.8318870816 1576014.9204074803 1965224.1285706987 1024962.6057580209 2599018.1172578544 -4563388.137628635 -198535.13203182328 -476281.8943196139 2580491.3948775968 -2203123.023584767 1746325.2562346274 1877120.3933775793 156929.93659096348 734350.8520068249 -983975.0706867415 -1321378.9051941487 860387.5787676044 531249.4366236288 -1432647.1345580632 533401.1710175665 1401741.1460798788 1071541.9827763054
-1221721.0138985815 976517.3404689354 -148464.88348002874 831317.0691217723 -464092.8583164123 718279.0188205473 2430986.136949106 -215088.1675439662 670059.3837996324 1051512.1623881632 -1785046.7112343798 -1680065.475526032 585597.035804928 -1314842.6494326675 398791.38678048586 -1105168.2870491238 1876260.6405803103 1758865.3677856405 2367942.367220115 1800061.4705158016 -213821.75940841195 33716142.391227104 -1143038.5293852785 1646231.217357716 3670754.0198544324 -509663.2754720817 -2003581.229312601 -1432029.8282363277 829516.9000939112 1623493.0103982028 1722776.1250873515 -1366886.0582398924 -2370177.8826720384 1310330.9289215922 2249195.5864556627 -197835.59183943522 450351.83183531306 -743014.4671399976 -553385.9310071154 1141280.432672878 363609.0574233887 -1513059.943419768 797966.0369198305 2812434.5667350674 1591844.9657732246 538401.9538146914 -1890931.6401904458 -805677.8113986464 466110.01683436 -2085736.3928281919 1238694.4102267888 706602.3681273449 -3421513.7425905596 -1778402.2541693747 -1890355.012270658 218814.22533689922 1546369.6540739392 -1607948.3845631168 -1163125.4541280202 1662982.3623462021 1316102.7561621824 1620155.8563149846 1857045.7337331402 2609645.8720814083 936478.6483163978 -1606118.7634354508 -688867.8892091622 71219.20860740796 -694278.3765138006 -735885.1160848603 -2069493.0642084954 2188293.130550723 560378.3908401257 70516.5917810494 -914227.6888534777 -3058550.6941090175 500492.0845579879 1719902.7003714787 -2572353.6339144646 3812848.228088091 181124.92111969832 -704317.2666084823 -217532.3547187023 1411725.0940869467 -943465.4954424844 -24254.154076580264 1555138.6530908833 1060869.902676396
-856379.8158488871 2331085.9416834116 -134739.20867606383 1431914.7025069515 -1917304.3913986953 -511135.27198914706 1713486.1267626795 2957471.861406702 1131236.2730219555 776183.5532470357 1849816.452260019 -476967.41238625254 2155844.1036759503 1027073.4393460592 905553.1924375406 1399352.676824312 670640.1265883456 2610739.5984585513 184224.92615975064 -2333887.4024485555 -2995854.8716039313 -1143038.5293852785 33191023.166347396 150287.24454796588 2097851.5751755666 1771057.9877962887 -1606323.146407178 2106244.8490283787 890146.6056465772 -2907925.9733023224 1531430.837916526 -2853232.575006179 362979.91088446893 -124693.70114382458 126272.75770241785 254280.95133110185 1768203.5340029814 1930744.6306062613 1690010.144742027 -881494.917498003 259590.5306661424 1598286.1773339445 266673.384595259 -548896.628519272 -692543.5588844463 436876.88982642826 276981.5677037552 -271881.24519506004 -638580.5952536075 2020132.8297938807 -1045284.4388861804 -1105837.8081807336 -1638991.0129099216 -564532.4558594585 -4185499.3042589067 864587.9862341499 589718.618162959 -1808082.9548286172 -430599.0790854861 -487058.00667487766 -1780961.232849136 -491674.8339117428 -306581.64626760315 -3274067.1977612246 -769748.1197617071 488864.41002402414 -582410.6974512608 664210.5694414298 -168141.07244126094 -441602.9510381892 -2438814.5442012283 -911792.8696432764 -1115981.0633846698 2625279.4736760403 -2803019.3793109474 1143872.2900539476 3264924.429912138 -1095244.6192490812 -501345.3325994343 -3079541.157260679 4943577.814573407 1382837.174707673 1030904.537187937 604547.1992976449 -2748386.58365579 -3267183.2367961616 1686345.3490259165 -561283.0678391589
1094926.0618938552 487936.49239751074 -2706475.529316414 -829901.1973857993 628929.7161949327 251435.4192210803 -95023.38029555083 69996.33955225191 1179359.1962845395 -3072113.8648800766 1553176.8359314129 -83031.05575149595 1157720.573771707 -442018.15877883154 -1280667.3162296554 -1408663.629442182 -600685.9283911781 1221248.8215211036 2070106.1314537644 -1479391.9970793931 -1121022.622089818 1646231.217357716 150287.24454796588 31256974.32647453 1538933.301659256 -127664.6894277273 -1971208.4501650808 -639871.0150632975 -663483.0987892416 -699073.2657017526 1856250.3191532372 -3178051.9742529476 -3332673.831941928 303050.63972954074 2109818.5708559286 1434277.0713680175 423641.8296582155 -976059.0095841325 -2970685.50475816 -1009529.5484918397 -2269281.128440805 231798.15505323673 104401.81569109892 -125439.30716934179 -3669455.3773343978 -1813352.243738468 2707138.5322438283 -978304.4691587378 262550.4268499151 312378.83834748616 -438834.66071082844 -670519.8016668725 -3300957.3236328955 153880.70412850467 1020537.6068967166 1238001.975954544 -1307303.2258347885 -813389.4920160061 2707559.917601528 772621.2909622083 1611307.0110458278 -823192.0802543152 2749830.205139072 736732.277200205 -1654188.059854469 1422809.9265523867 -3228340.989908073 1880664.8831015355 -150413.50992218292 -1176568.5378121359 -871501.0079997932 -1112593.5161616248 718897.7073979541 -1540394.3351537953 -624014.0841160329 -1558689.125337446 794844.1317757751 -2324684.333220942 517082.8031024687 1523465.0092445523 622857.8801813396 -2027765.5061750691 778081.1180874573 -1350487.4776987429 -773490.6469477246 -1208530.17788292 231772.37526718352 3035321.1585937305
