36613101.80356356 -794311.5442425577 844119.0693528837 2148160.601191414 -2111774.6023597536 -5684704.1848326875 -1845471.271968672 -294988.93969357415 40399.63508699447 3659381.9693169254 915759.059072099 -2186599.179437025 -2046927.1356989485 -414279.42151304847 -2757712.345333934 807755.6937867835 2399877.587627907 -2020721.243277313 -2311178.818472666 2075648.5111578673 -1426485.9548328158 1942559.910463885 1652721.2571817425 2635910.710407203 -581056.341804143 -3435181.1607938674 1979963.0982733318 4670522.35805351 4447953.737616432 -1468791.076781106 -1240086.2307338142
-794311.5442425577 32395473.500746347 -1664076.4021048704 1117060.8001791856 3779525.8252892084 71857.15232314296 -379314.57213554974 1726470.9577051701 -1022323.7806902685 -1543468.3543209403 -743811.0393659342 3638608.734540043 1820043.3209569543 805214.2251368514 -739951.725026839 -1541015.7156840644 -2443096.4831718556 -493033.58139859885 -624450.2355485681 699461.9288562047 244400.3260701873 -1947597.3279666896 685047.8913197675 2483878.3852590597 1462810.9005062254 -713395.8067903222 2524480.532835213 2246261.9163176953 -1424316.3430740389 -1519245.5522067533 -1384307.551058539
844119.0693528837 -1664076.4021048704 34872212.985993974 -477385.1419788254 2573079.5059715915 320003.4415961972 -658530.0624917613 2587500.3016081876 -1202896.3752411588 189550.86901966785 -203807.55616870263 -1440863.0204134074 977859.0682814275 -2780849.5142528242 1708035.1004865754 256234.94628999397 2983062.9026211654 2020610.721165964 14067.142605335825 2411147.8732710397 3785489.7397449687 362230.3838762203 1650644.040828904 -2558166.8272955017 3712557.7821523286 2254052.6236107056 -3695850.60366258 -1169610.0850535478 1390567.426133912 -2163355.8958315426 -1842496.0961318493
2148160.601191414 1117060.8001791856 -477385.1419788254 30942834.919425398 2959382.9256192734 1742931.668666879 317034.90224736027 -1373462.6035568349 -1615615.8198984344 -29756.028836200305 144490.00380683993 199639.19896990154 961686.105077996 -1012893.3358736681 1167512.0177118762 532253.7640632553 3483968.1411966844 -594525.8424651853 -2909029.116520581 2097179.608514361 -480589.95630099764 1281364.8907599645 -266208.23790034757 3510062.7585090054 1038772.7800769478 -2388144.5373349166 1053557.1297547175 -2076759.0572113087 1109006.0087987746 -900275.2081343643 1835415.922124918
-2111774.6023597536 3779525.8252892084 2573079.5059715915 2959382.9256192734 33479664.10570619 -732793.1338814257 -2050927.6057023318 -1125970.6270635803 -1186190.5067300098 -1608565.68239191 -492704.9792788963 870592.5065751384 2596680.434132545 756498.2269944635 3377429.4107858315 552009.9824545961 217940.74041730253 574671.1989378359 1711680.975048819 4309465.614813621 -229811.9500240615 -2939385.690686155 1422071.451020269 -146592.6884170062 2246984.8943324885 -3622256.7844230253 -2941275.987891034 58907.44456674483 3446889.3596455627 -1531021.6662075908 721142.1325538917
-5684704.1848326875 71857.15232314296 320003.4415961972 1742931.668666879 -732793.1338814257 31745123.646264207 -1411356.8696198736 -519338.7911803744 -214905.7338244671 74008.65004101847 2601874.7742373613 -276110.5312439015 256921.29887391505 3479305.462892614 1407155.530935078 200089.39280562924 1167899.6829229249 -595763.9147438599 -1090930.0364885908 -268156.35924920574 3820144.103974846 -465411.8276212613 462896.78917826206 2021563.3070820663 593654.125304203 -175598.79921427835 1750515.5455559373 822386.7386823191 918440.9118725486 -1328130.204398843 4097257.9865049277
-1845471.271968672 -379314.57213554974 -658530.0624917613 317034.90224736027 -2050927.6057023318 -1411356.8696198736 34094428.816627786 843385.1956430989 1132766.2055950277 3654041.8467841963 1082098.8594209638 -1575387.805329105 3123551.9204398775 1582952.0551218833 534180.6336748824 92174.3832744095 -22406.526304832685 -2647664.2846047897 1731533.659823023 -693426.9558703131 1632110.417769443 2069071.1346994967 1101460.1032025563 -2719830.6275768434 -428946.34937769454 -1950681.3525661097 -3739672.704232752 534974.0727982068 2154264.614388305 -2349758.571967875 -901213.7099145933
-294988.93969357415 1726470.9577051701 2587500.3016081876 -1373462.6035568349 -1125970.6270635803 -519338.7911803744 843385.1956430989 34257971.1546934 1849736.0070992864 -2231458.4547965466 -1125246.2873445682 1418766.1032896468 -923059.5681903573 -184681.14653916136 2695621.568270194 -1956551.9273335529 472651.42252216075 -1714775.3083988912 -3687990.121814202 -42515.076818022746 2360427.9835021747 -564126.915629246 430202.45338935533 2528249.3490632297 -1657875.313490286 1093744.2869735982 1024377.4178605269 -2133552.2569690784 -2865425.4456737726 1714045.0722106972 1530934.8115210559
40399.63508699447 -1022323.7806902685 -1202896.3752411588 -1615615.8198984344 -1186190.5067300098 -214905.7338244671 1132766.2055950277 1849736.0070992864 33022105.035050474 943516.5156538835 -1278911.4058515949 -1560889.229070235 1962663.9666734734 815404.0332327635 373035.6650787674 -2476924.203131441 -1090670.3428108902 3155365.3849736997 -1569091.6488701925 -1567202.8396849316 1812335.8939564158 2865805.323418903 966546.1234347931 2025641.9989021847 -665333.9019384872 415989.1318990031 1765141.2190331034 1090366.9894837725 -2227821.161391691 2620011.1295310166 2275385.263509159
3659381.9693169254 -1543468.3543209403 189550.86901966785 -29756.028836200305 -1608565.68239191 74008.65004101847 3654041.8467841963 -2231458.4547965466 943516.5156538835 34714977.27956056 1565501.4107300385 -984754.0297645073 -2359598.6635684725 1869917.5085676024 -2132658.937712411 343375.0690519224 -1938843.3374826321 1258677.412159162 636258.3886181794 -883512.0075818851 2159586.816249093 4528855.960130026 -1323181.098474238 11321.240152168646 1411159.2896547308 919570.2975784311 341471.2680377446 41886.65870651208 -65761.86050477556 -956375.9632482472 548901.603268963
915759.059072099 -743811.0393659342 -203807.55616870263 144490.00380683993 -492704.9792788963 2601874.7742373613 1082098.8594209638 -1125246.2873445682 -1278911.4058515949 1565501.4107300385 33662490.76150516 -873621.4963191948 -2925580.6348201158 3688520.7961774943 1044086.3758952759 126011.58550423374 1576454.1618462133 -999687.9009496133 581958.8149363075 1304950.083579654 3954139.1208870914 392824.44829888316 756322.4273503864 -839522.5808021103 1966174.0600081806 844751.6420642755 -873672.0570673866 1855381.5992838237 4082636.5545698064 -1101343.910931812 647591.8078583139
-2186599.179437025 3638608.734540043 -1440863.0204134074 199639.19896990154 870592.5065751384 -276110.5312439015 -1575387.805329105 1418766.1032896468 -1560889.229070235 -984754.0297645073 -873621.4963191948 36211442.29418457 2351768.5295997057 -959082.6150326097 3443434.4202844696 3246704.73681368 -1111844.4966740347 -389349.866213834 -1849347.7454787756 -2467546.246065097 3910789.2084715273 -1216845.6059010092 719092.4018889138 -1723519.5716813211 931274.5792813667 -969500.9738159152 1418021.4503189977 228127.54692755127 -107929.25174459712 -942449.6017460218 -1595702.2784584847
-2046927.1356989485 1820043.3209569543 977859.0682814275 961686.105077996 2596680.434132545 256921.29887391505 3123551.9204398775 -923059.5681903573 1962663.9666734734 -2359598.6635684725 -2925580.6348201158 2351768.5295997057 32938407.4379563 -739011.8541270571 2172524.016555458 -76670.02416034354 -2120517.8752337364 1081695.8882955632 -2032012.8421298575 -618675.8414373201 -56718.63925121161 4475862.442285366 3887678.428997792 -1121833.8127536012 1213329.9320380627 -763684.6823922518 500637.0389439092 426073.32805550203 -1837602.3948318677 -2349732.585715966 -96274.96266785322
-414279.42151304847 805214.2251368514 -2780849.5142528242 -1012893.3358736681 756498.2269944635 3479305.462892614 1582952.0551218833 -184681.14653916136 815404.0332327635 1869917.5085676024 3688520.7961774943 -959082.6150326097 -739011.8541270571 37156639.48128461 4077978.083838038 -1590959.6145527558 691177.4417549884 -2213957.602075644 -478207.3793718202 -925194.0027598345 434406.03968501784 -79952.92292427552 1138357.346484749 -2008965.239771489 919118.5353017576 -2571668.2778156004 1243275.7983592043 1971772.2528222296 -1809185.382332659 -938179.0226289253 524849.2697920571
-2757712.345333934 -739951.725026839 1708035.1004865754 1167512.0177118762 3377429.4107858315 1407155.530935078 534180.6336748824 2695621.568270194 373035.6650787674 -2132658.937712411 1044086.3758952759 3443434.4202844696 2172524.016555458 4077978.083838038 33048661.161613267 973285.8465887932 3146765.980817564 1234493.4105866908 2231226.0711757517 -663860.9476886195 -1350223.8066297674 -3374087.9547159253 -1542166.2067603758 -2549166.2864162936 2666031.4793215715 -3892604.6212956957 -2179778.4181690407 1524547.0486626464 1006693.0633931134 2522352.173533973 -1149177.6903217763
807755.6937867835 -1541015.7156840644 256234.94628999397 532253.7640632553 552009.9824545961 200089.39280562924 92174.3832744095 -1956551.9273335529 -2476924.203131441 343375.0690519224 126011.58550423374 3246704.73681368 -76670.02416034354 -1590959.6145527558 973285.8465887932 32087810.208675794 4138571.707658962 1923384.6680131934 -2328607.9688144405 849479.8420825222 1481219.8273618133 -2249549.626194169 -955213.7612499853 2126835.224134928 3532292.638955357 -1925018.4206675754 -99598.47456004717 579440.1504301705 879171.8931862309 -414571.4523326324 -2528583.6449812814
2399877.587627907 -2443096.4831718556 2983062.9026211654 3483968.1411966844 217940.74041730253 1167899.6829229249 -22406.526304832685 472651.42252216075 -1090670.3428108902 -1938843.3374826321 1576454.1618462133 -1111844.4966740347 -2120517.8752337364 691177.4417549884 3146765.980817564 4138571.707658962 30757531.318841055 708843.6974010316 6851.937203094124 -687058.2883056245 532488.9036556561 -1808344.1860229445 -214321.22110794086 -1373255.835132511 1262458.0922425764 -2426189.022208704 2157239.715738519 363932.88299562177 1574778.6694200325 -2197583.1169696003 -2261576.3536269744
-2020721.243277313 -493033.58139859885 2020610.721165964 -594525.8424651853 574671.1989378359 -595763.9147438599 -2647664.2846047897 -1714775.3083988912 3155365.3849736997 1258677.412159162 -999687.9009496133 -389349.866213834 1081695.8882955632 -2213957.602075644 1234493.4105866908 1923384.6680131934 708843.6974010316 33736325.80729176 345382.79681288643 -160943.2286215722 -1813145.4338215922 886089.6534763655 197717.87596592316 1186041.979140677 1799994.0549027624 794968.8834151259 833523.1982472903 1881424.706624281 -7227534.59351053 4017390.138174758 4026360.372600389
-2311178.818472666 -624450.2355485681 14067.142605335825 -2909029.116520581 1711680.975048819 -1090930.0364885908 1731533.659823023 -3687990.121814202 -1569091.6488701925 636258.3886181794 581958.8149363075 -1849347.7454787756 -2032012.8421298575 -478207.3793718202 2231226.0711757517 -2328607.9688144405 6851.937203094124 345382.79681288643 32084640.963402838 -2257747.617637993 -37999.885454437586 -2756298.0337924724 -704627.3000019741 -1764753.2455985995 2424811.264164965 2104970.187043744 -1008889.898551472 166346.58525177278 -2950121.9022110137 1285929.9160431444 99506.84725589704
2075648.5111578673 699461.9288562047 2411147.8732710397 2097179.608514361 4309465.614813621 -268156.35924920574 -693426.9558703131 -42515.076818022746 -1567202.8396849316 -883512.0075818851 1304950.083579654 -2467546.246065097 -618675.8414373201 -925194.0027598345 -663860.9476886195 849479.8420825222 -687058.2883056245 -160943.2286215722 -2257747.617637993 32201520.923411362 -1680797.8088014435 -1387649.5735207212 -463751.33583880065 285581.0312037469 1467330.2229164038 -2440651.4896146473 -194337.30024135901 -443138.9291259814 2245586.6965759243 -1790792.6906508007 484839.1372481867
-1426485.9548328158 244400.3260701873 3785489.7397449687 -480589.95630099764 -229811.9500240615 3820144.103974846 1632110.417769443 2360427.9835021747 1812335.8939564158 2159586.816249093 3954139.1208870914 3910789.2084715273 -56718.63925121161 434406.03968501784 -1350223.8066297674 1481219.8273618133 532488.9036556561 -1813145.4338215922 -37999.885454437586 -1680797.8088014435 33294796.77724016 2823368.7344049867 1524731.5839818406 -1429130.7244551475 3717830.8402542565 -45001.53755116053 10050.925370895357 2566997.822238747 -1720634.7202410626 -3617905.5091936146 -1757594.4021151995
1942559.910463885 -1947597.3279666896 362230.3838762203 1281364.8907599645 -2939385.690686155 -465411.8276212613 2069071.1346994967 -564126.915629246 2865805.323418903 4528855.960130026 392824.44829888316 -1216845.6059010092 4475862.442285366 -79952.92292427552 -3374087.9547159253 -2249549.626194169 -1808344.1860229445 886089.6534763655 -2756298.0337924724 -1387649.5735207212 2823368.7344049867 33574223.84315178 573843.7997862567 1218063.7941173157 47555.132414110514 4356328.48493731 -1251494.373817348 -966688.9021424656 3289904.6412681476 1119666.7287698402 1888099.423528922
1652721.2571817425 685047.8913197675 1650644.040828904 -266208.23790034757 1422071.451020269 462896.78917826206 1101460.1032025563 430202.45338935533 966546.1234347931 -1323181.098474238 756322.4273503864 719092.4018889138 3887678.428997792 1138357.346484749 -1542166.2067603758 -955213.7612499853 -214321.22110794086 197717.87596592316 -704627.3000019741 -463751.33583880065 1524731.5839818406 573843.7997862567 33112886.510804053 30202.745803301037 1726920.1990405105 -267263.5776642755 1065131.8757154217 -332973.1470262679 -345646.08181666007 -2139691.0237080585 -2295096.5919416766
2635910.710407203 2483878.3852590597 -2558166.8272955017 3510062.7585090054 -146592.6884170062 2021563.3070820663 -2719830.6275768434 2528249.3490632297 2025641.9989021847 11321.240152168646 -839522.5808021103 -1723519.5716813211 -1121833.8127536012 -2008965.239771489 -2549166.2864162936 2126835.224134928 -1373255.835132511 1186041.979140677 -1764753.2455985995 285581.0312037469 -1429130.7244551475 1218063.7941173157 30202.745803301037 32220308.413303155 2350827.843556699 -859638.7712796936 1919049.8717873974 -774452.3155093942 -437281.240059734 1269718.0036387749 415528.5013243822
-581056.341804143 1462810.9005062254 3712557.7821523286 1038772.7800769478 2246984.8943324885 593654.125304203 -428946.34937769454 -1657875.313490286 -665333.9019384872 1411159.2896547308 1966174.0600081806 931274.5792813667 1213329.9320380627 919118.5353017576 2666031.4793215715 3532292.638955357 1262458.0922425764 1799994.0549027624 2424811.264164965 1467330.2229164038 3717830.8402542565 47555.132414110514 1726920.1990405105 2350827.843556699 29982198.782283567 1494673.9640453148 185419.8988056083 1002622.9841657289 -76410.29858097836 -316342.1966739257 -3596295.136131638
-3435181.1607938674 -713395.8067903222 2254052.6236107056 -2388144.5373349166 -3622256.7844230253 -175598.79921427835 -1950681.3525661097 1093744.2869735982 415989.1318990031 919570.2975784311 844751.6420642755 -969500.9738159152 -763684.6823922518 -2571668.2778156004 -3892604.6212956957 -1925018.4206675754 -2426189.022208704 794968.8834151259 2104970.187043744 -2440651.4896146473 -45001.53755116053 4356328.48493731 -267263.5776642755 -859638.7712796936 1494673.9640453148 34371026.707401656 -3570448.7643988663 522927.3967544322 239943.70512544597 4306580.905912773 1378747.3456579398
1979963.0982733318 2524480.532835213 -3695850.60366258 1053557.1297547175 -2941275.987891034 1750515.5455559373 -3739672.704232752 1024377.4178605269 1765141.2190331034 341471.2680377446 -873672.0570673866 1418021.4503189977 500637.0389439092 1243275.7983592043 -2179778.4181690407 -99598.47456004717 2157239.715738519 833523.1982472903 -1008889.898551472 -194337.30024135901 10050.925370895357 -1251494.373817348 1065131.8757154217 1919049.8717873974 185419.8988056083 -3570448.7643988663 35033207.2975957 4319098.46239606 -2172925.057936704 453252.27392369485 -688011.7172634954
4670522.35805351 2246261.9163176953 -1169610.0850535478 -2076759.0572113087 58907.44456674483 822386.7386823191 534974.0727982068 -2133552.2569690784 1090366.9894837725 41886.65870651208 1855381.5992838237 228127.54692755127 426073.32805550203 1971772.2528222296 1524547.0486626464 579440.1504301705 363932.88299562177 1881424.706624281 166346.58525177278 -443138.9291259814 2566997.822238747 -966688.9021424656 -332973.1470262679 -774452.3155093942 1002622.9841657289 522927.3967544322 4319098.46239606 34546306.6488988 -1376378.8714897686 161520.2757957596 -160213.214497416
4447953.737616432 -1424316.3430740389 1390567.426133912 1109006.0087987746 3446889.3596455627 918440.9118725486 2154264.614388305 -2865425.4456737726 -2227821.161391691 -65761.86050477556 4082636.5545698064 -107929.25174459712 -1837602.3948318677 -1809185.382332659 1006693.0633931134 879171.8931862309 1574778.6694200325 -7227534.59351053 -2950121.9022110137 2245586.6965759243 -1720634.7202410626 3289904.6412681476 -345646.08181666007 -437281.240059734 -76410.29858097836 239943.70512544597 -2172925.057936704 -1376378.8714897686 36292175.02874565 -2073499.359180057 244902.13528271008
-1468791.076781106 -1519245.5522067533 -2163355.8958315426 -900275.2081343643 -1531021.6662075908 -1328130.204398843 -2349758.571967875 1714045.0722106972 2620011.1295310166 -956375.9632482472 -1101343.910931812 -942449.6017460218 -2349732.585715966 -938179.0226289253 2522352.173533973 -414571.4523326324 -2197583.1169696003 4017390.138174758 1285929.9160431444 -1790792.6906508007 -3617905.5091936146 1119666.7287698402 -2139691.0237080585 1269718.0036387749 -316342.1966739257 4306580.905912773 453252.27392369485 161520.2757957596 -2073499.359180057 33062410.14797187 2345866.5506726466
-1240086.2307338142 -1384307.551058539 -1842496.0961318493 1835415.922124918 721142.1325538917 4097257.9865049277 -901213.7099145933 1530934.8115210559 2275385.263509159 548901.603268963 647591.8078583139 -1595702.2784584847 -96274.96266785322 524849.2697920571 -1149177.6903217763 -2528583.6449812814 -2261576.3536269744 4026360.372600389 99506.84725589704 484839.1372481867 -1757594.4021151995 1888099.423528922 -2295096.5919416766 415528.5013243822 -3596295.136131638 1378747.3456579398 -688011.7172634954 -160213.214497416 244902.13528271008 2345866.5506726466 34356575.973009914
