30677503.014274813 -1004711.7131853262 471963.0846650385 3303080.81343827 1856001.739188267 -10987160.480189035 -26691.437486799452 5568807.34167138 3018097.9749913593 5218807.417680942 -1122450.9905477993 31690.725672263878 7671467.155061658 -945771.8644889859 -1149942.0885719915
-1004711.7131853262 27156446.053954992 5365158.132906766 1101994.6193601275 -2852210.003547966 494225.11948693823 2931693.09887184 3314080.3835279495 2601690.073041142 3355570.4791411245 4984709.002994775 3509146.6249094256 -5309105.557550684 -983535.6604936186 261802.87175767665
471963.0846650385 5365158.132906766 32220417.78300545 -6481211.509277394 936370.2086840635 -6322140.283809106 3786594.1245151134 -5796964.10921826 674916.5413430794 -1834221.5870386814 -681948.2446346909 -5967988.576171002 3510803.0149897374 -7395660.166223077 1310323.8509791696
3303080.81343827 1101994.6193601275 -6481211.509277394 35424181.05427647 1194149.3735073777 -1264306.6466971196 -610131.873501644 2979611.059977303 -18006.802621470557 9089033.917134216 -1367083.9950358614 -1696708.922653587 -2928144.692732947 6910644.365528469 -3890921.6982042994
1856001.739188267 -2852210.003547966 936370.2086840635 1194149.3735073777 24870146.173158668 -1138968.6246224593 -3649158.052039454 -3402318.377852304 1589815.1970525146 -1811606.3976953966 -4679381.309364164 -2772041.8852722794 -1744145.2263576898 642930.22293145 -1369148.2893746085
-10987160.480189035 494225.11948693823 -6322140.283809106 -1264306.6466971196 -1138968.6246224593 34123984.297543846 -59903.95005868529 -3672763.190007272 -3431483.648701041 1631711.6994943158 1087874.1311117352 3614606.2680628253 587300.2680466112 3012477.447568414 5316906.233720564
-26691.437486799452 2931693.09887184 3786594.1245151134 -610131.873501644 -3649158.052039454 -59903.95005868529 32701523.682571407 -2161607.5822133324 -4064252.5041788714 -3343684.8489763066 8231069.486133383 -190482.65780740549 3296236.3318590783 1856530.9497817487 -2340879.4066603747
5568807.34167138 3314080.3835279495 -5796964.10921826 2979611.059977303 -3402318.377852304 -3672763.190007272 -2161607.5822133324 31534164.97635555 1331245.0512537453 7536233.085468355 -1647404.0431666158 -2968260.956318338 -3403886.4517858713 3710718.975788902 -5292063.73891875
3018097.9749913593 2601690.073041142 674916.5413430794 -18006.802621470557 1589815.1970525146 -3431483.648701041 -4064252.5041788714 1331245.0512537453 30592036.783904932 -2538545.782621865 -442711.4361760024 -301533.7072101909 1895085.1332264554 3953208.6214366816 2033318.1925490634
5218807.417680942 3355570.4791411245 -1834221.5870386814 9089033.917134216 -1811606.3976953966 1631711.6994943158 -3343684.8489763066 7536233.085468355 -2538545.782621865 35309455.83971222 -6253666.055581838 -398748.36357247643 -2268669.782924155 5714805.843926217 899706.4734973082
-1122450.9905477993 4984709.002994775 -681948.2446346909 -1367083.9950358614 -4679381.309364164 1087874.1311117352 8231069.486133383 -1647404.0431666158 -442711.4361760024 -6253666.055581838 35140286.50202211 4975079.714300485 -2128369.4501860165 1313218.4285696181 -3926796.8707196587
31690.725672263878 3509146.6249094256 -5967988.576171002 -1696708.922653587 -2772041.8852722794 3614606.2680628253 -190482.65780740549 -2968260.956318338 -301533.7072101909 -398748.36357247643 4975079.714300485 32604347.150829773 5596554.367094945 1887739.4016990168 2832962.123204586
7671467.155061658 -5309105.557550684 3510803.0149897374 -2928144.692732947 -1744145.2263576898 587300.2680466112 3296236.3318590783 -3403886.4517858713 1895085.1332264554 -2268669.782924155 -2128369.4501860165 5596554.367094945 37088132.219823115 5374081.83284709 6034384.887889232
-945771.8644889859 -983535.6604936186 -7395660.166223077 6910644.365528469 642930.22293145 3012477.447568414 1856530.9497817487 3710718.975788902 3953208.6214366816 5714805.843926217 1313218.4285696181 1887739.4016990168 5374081.83284709 38703410.122599356 -3864418.379195821
-1149942.0885719915 261802.87175767665 1310323.8509791696 -3890921.6982042994 -1369148.2893746085 5316906.233720564 -2340879.4066603747 -5292063.73891875 2033318.1925490634 899706.4734973082 -3926796.8707196587 2832962.123204586 6034384.887889232 -3864418.379195821 34199170.09273871
