28139600.13663511 12007.610656443207 952122.544920163 -3784782.8274000473 5284052.531028107 -4812407.240752091 -679648.3825727577 3158892.120021276 -133904.42149439512 -2607632.718800997 182629.50924268714 -2396447.1273307186 -1790443.2150224675 -197239.74033631387 -2942628.775657881 -664614.6023360308 -3110730.5474662594 1527113.9253040776 745839.6004664401 3293798.0945106894 4011024.309450036 -892702.2628941708 -9620.643226507187 4517976.379596601 1212910.8285819236 -4337324.047719314 -1561321.7341232665 -2417176.6549892738 1230211.8934765083 -852160.6099039133 -1275023.7983302232 147998.16604810694 4343166.477011949 -9358173.901956508 4936581.0597935375 6591477.842638945 -493184.4812355221 3212745.9520344506 -3732055.12968859 1535211.636775081 -3235452.0395420603 848287.3597929123 -1682519.6496244352 1916513.6447536754 974150.2708171504 3264478.0454740785 9164312.437144522 2474030.876749579 3510710.0482324623 5411167.822723621 4975132.255149827 -1066085.496376248 2520603.893202636 4467306.232196895 1269052.925411208 1240773.8063884196 2180608.9467602572 -97062.81103267102 -308516.44137161697 2266683.4163823836 533946.9850104868 1721513.1602602026 -2214849.1935341703 -1767834.9449511806 6188067.916051192 -1232917.4200849724 575571.1834727078 -401016.69654995034 722855.1773527827 -1954888.3577415352 -722246.0565011379 2352155.7694042614 988410.0253359469 4528075.257986738 1727198.309800617 3071880.123747184 -1356625.9548373346 -4460798.258011349 2776705.126633916 -1023381.3057098219 1898607.6411968868 5121959.552995886 1321761.4861743662 3850093.269090571 -47169.27348985172 381527.3239323965 2013444.1010130758 -8383625.687281281 -2039374.3194606062 3743310.72387063 642105.2936898087 -8435828.605127614 3351609.0144185117 -1026092.7816209542 3221673.599762128 5240914.375800582 2170862.1189487693 550471.2527929948 1010665.3963706483 -3629209.1128237015 2052458.316085944 2750732.6357062357 -5043387.868336982 -7807769.717975773 -4970934.700898772 1002431.9005490419 1341698.9478709039 2475266.5023340876 3422660.3947323645 -3071511.0605951482 -62943.75569747659 667994.7973323857 116403.09843141306 -8659724.845073922 -2589373.312486499 -312636.2991648524 -633309.7712254036 -1961110.2686332215 5632365.001148532 -3616321.693574105 -5157458.498182667 -396774.90870075556 -3555495.3531607143 -947247.0869674002 163296.92761826448 673057.1094870826 2394066.4806682416 -232374.2578645114 -4170473.3950372217 747102.7147270733 5692581.308392243 2923978.5423674914 1989919.1903265591 2898014.8001406547 4983711.944478062 2221336.352064801 6223658.665301964 647644.7830968004 -74562.8136900834 3331553.6997600966 6410682.801652732 -2818809.724420392 -9332569.515204772 1531737.8801507477 -24094.88643013688 -978527.43117757 170651.83146313415 428931.72239962436 293631.2301225082 -2392349.0951362215 -1429068.1303226822 -181805.37350280405 -1450805.7591394763 3268061.570454662 -2946603.9376224563 -171394.84852193983 2885361.340766769 -1958107.282390537 -642995.7875145314 2764037.324670762 -2192670.8644227404 -3195848.557291268 557337.7567367539 4906553.131857484 -802947.443434714
12007.610656443207 26015898.11169436 -4567119.338471778 1443347.5814224766 793208.6424237668 1601844.791545519 1313951.0565218166 2572884.0457067033 4405225.440628198 392592.80951025884 -1302769.125904544 1162255.851108703 -590040.4152274352 -3893689.0640749135 -560412.5378947956 2590535.8758360134 -6640953.81375985 -126883.08067826004 4460755.590044768 487851.637551456 -1615867.6687925349 2288157.7030766862 2202054.8254823615 4576008.213911775 1054474.8435440648 -9594296.529183626 -1994818.5385461254 -3141501.630975277 -5052848.528778368 -38583.140704859456 -1233118.5443571548 3689080.2209287393 2441304.064978615 -2298610.7878322536 3561579.309450148 -1517625.115536217 2457839.121879614 1181051.3701912432 -568411.9412405461 -2557994.6226947224 2621969.7359022917 -5718707.564907835 3548466.1430026954 -2018451.180131581 4453378.012045686 1647667.9031588773 -364303.20734583365 -4826445.618342211 127761.88094105948 -2675599.973552569 -1955567.6737838679 -2584636.707609499 -1255097.833674786 -1965009.9875569975 -6338663.958451499 -6347141.760468454 2261951.975624112 -367877.31092211744 -5999945.300650571 3460687.7725874237 -2159514.518790904 -3313642.8541285954 1870192.1341593184 -4741981.742013205 -2505793.7892797347 -2213391.722768 9013.506173809812 3949180.4843355254 1485076.3624214067 1586912.0033428278 2865684.094644732 3328516.599041107 1465592.2162582737 2989282.164759306 -4865904.546905635 308845.26544380834 1815110.0447152113 -10145056.734112617 -5325964.411341398 -541928.8403828753 -526753.002586913 -445519.118476319 -2208137.4636110975 -43881.81860465863 -5186051.248758413 -2089128.9276858892 -3847950.9934541094 3477878.24606883 5817648.353703744 -9255768.998108173 -888134.2670910066 -835582.2478289088 -3472348.2302647857 2907569.454645494 -3907179.4469275353 -4220487.0423984565 1896459.136132887 -929094.2823301053 1296544.30931312 5206167.376368208 -3502426.6088035936 -1058555.4913305063 -1470723.5966034343 -6083843.719199704 -2786460.1468132776 5909056.791315152 -3057833.4688445413 4382687.838851358 2076709.3829528973 -458652.3491387293 -3621175.609884576 307937.74133357615 -444621.428451885 -699083.5464354648 3700525.2550368635 -1655522.3666066662 -4119373.637834809 -212071.2622750884 -186790.3239263434 210586.75814476117 -1697967.3790058824 3559154.387461532 -2227564.098897522 -434321.96720907924 -4457109.161963125 -7339285.5363100795 -6852866.424985846 5555281.019902799 -1889156.7385417589 2711373.3701426317 -429117.2459360776 779576.6467600286 -226757.62555847166 -1007641.5989032673 -4359798.820604406 -2380026.024140011 -1497739.1364833692 -3625757.446152148 -849904.6405038174 -1536591.0953520807 -1682860.7244976547 1662919.7734923675 -4968265.675368922 4892409.068665391 -1261822.6046876665 -1789678.325423855 -1146674.4635788277 3011546.9895963157 -1612577.863345999 -3885392.231830831 -1773198.8089031293 4488967.901251109 1107180.9721001403 -1752265.680271689 -2025976.1522261223 -5421478.340509556 7919197.661379342 4025145.5697702225 6589701.72322817 306352.2623906034 -5567763.24633668 4514383.366237749 -1029066.0448328642 3659492.783567845 513671.1188875825
952122.544920163 -4567119.338471778 36753915.89539182 8018419.15719077 -2035619.472804757 -4497831.75163538 -751818.478974643 3269000.8391822292 -5713746.129899712 1652677.247782407 3082562.6674640696 2934130.5342484266 -2103670.269160808 -2830883.4838799294 -7239092.886427319 1725200.6736260164 81084.90656256671 1223823.911059277 -4633139.444198134 897300.2140933545 1835329.8937301103 2956236.560380336 -1245035.185599287 -3631159.319599394 -2665928.414909571 3958949.8407092933 5778695.939878099 -1154206.84755688 8831684.245090302 2389566.0427840287 -7072590.7308807215 -4893499.696418344 -1079018.3000844053 -1582723.1524465298 -5516686.274707488 -2205857.896223127 -4433575.865064785 -8652400.282942366 2773109.573578801 -5353145.286851227 -2365926.368541872 663774.5425234577 -7641272.981015684 3052864.1460178345 902090.6881871091 6829542.968257902 -3076754.602367387 -607976.6675094793 -173925.9268424566 -1235683.401743734 6091160.0636144895 -96309.80628045436 -75317.63194190338 -848071.7759065763 4034265.5237909458 3909142.284665784 -1789953.2271623618 3820391.8506839448 1301965.6368004805 445517.05044388043 -7090390.909145274 1745005.0445502773 -3572186.2313761236 -3632756.808160607 -1947603.748487978 348775.4148382119 2262284.3865036657 -10193232.183482494 -4357513.317872615 3817421.829608082 1101541.385874818 -3841446.3131473907 -3179699.8303066134 -6069022.506415338 -357652.8069286295 -2686866.8403441217 3434238.163876733 -764703.38151098 1867066.816674332 -100543.76299037607 2834084.1668495843 -856276.9382413452 5370377.084305614 -4814961.479457973 3250670.237274976 3808571.963117627 1678302.6323682347 898469.2276164556 -2340130.668069738 2229878.201240189 -1289297.4744511154 188315.55471856234 1662780.6598770644 178557.59225754632 -2979976.42501295 -4594.2223210093525 1543897.6011703317 4896622.04901673 4036953.1157067767 1314031.0290924085 4410697.715223958 -5218886.868399914 -6632376.1338762455 -3796717.2369633904 8457732.694560332 -6048504.3248827 2872725.452154347 -2855456.464373389 1425208.6484060348 2296106.214601006 264437.8835824739 -2045957.9119460073 -4523292.766717915 -5971020.950273927 -4297167.659220728 335574.2277843136 -3007495.834106028 3897037.2111911974 -1639261.5484873245 -1007435.128753523 -4563609.027458991 -3492859.691595327 -4236076.084629947 -7538472.973946927 2589040.184597231 -7419481.399689674 3830625.9884751267 -3252618.357345786 -2819504.826143266 -298425.5469700847 6710773.891484599 5164550.111183155 6297301.572098364 1914918.0920306477 3318693.8853003597 2723286.6834725807 7643022.611199157 -2760512.4088311167 -6222603.835348325 -22775.25904924458 4002459.1671511447 5434675.997819628 -3561609.5074551282 -2228505.3854861716 -353540.93320302956 1467025.330644464 11383817.748448785 -6079455.475611255 46865.299520566616 -5433025.728459706 -1310045.0249942855 4742110.139516033 125291.51519206233 4011044.6001941673 3835979.8408426517 -5023340.615642812 -4777864.4873218555 -4140160.2225673506 -2459526.949757883 -302674.5302365448 -853564.421410964 3603598.0262487372 -7772203.821549277 -2091824.666627067 7058675.950163643
-3784782.8274000473 1443347.5814224766 8018419.15719077 35249330.41942133 64730.92859754525 -3893992.3335087313 93980.61322996848 698279.6710217767 4163500.242137642 5862026.438475394 -866002.5428863337 -2371373.056119128 -4311481.802026009 2714606.6797485254 -4068098.800077113 3973446.391772586 2319300.004231801 -1511804.552791223 1811775.7266411553 11120740.57220732 5373144.627879639 -3059282.618145966 -86648.91088276792 1989685.348029077 -2527231.0381694795 -3457708.32584935 -272936.51036602916 4363855.595900204 2123792.04055019 3375036.828031889 -1599259.541231505 278114.97168676654 -143190.18216495146 1783701.976967526 -7282602.515318361 -4595013.068724486 -6068166.271070472 693948.1695995076 3240407.561850301 -2157986.075550618 -3057509.5904263016 -3531741.776967788 3542932.741808838 108191.71470953643 1889015.6667524662 3660536.8445199765 -157527.49332001474 -2046939.2989459587 -7913511.950571578 -4235918.510419349 2065065.5291988333 270772.2647267255 -1572501.1726425681 843904.4351034763 -6650788.992073243 8515294.969997207 -5352733.909457587 3551333.808955534 50629.554952887665 4874548.786813267 -3784102.134983919 3542815.1226683636 -3696423.0833253604 -4969925.740563622 344243.1702336629 -1604216.7086806854 1873186.1058849415 -1747279.7508180554 1549955.1631148006 117430.74298579538 -387364.093464112 708038.9081476503 3858962.8701994433 2629073.9301615125 496946.536002105 -1329642.6157898305 6261048.090915634 1848258.2281148839 -552086.4730145461 2002126.7216543339 1030798.3642347266 682981.4016604187 -1423842.3201341587 286410.4483110248 4836957.794185288 6856190.786504583 -4674351.129497578 -3054181.826712523 -906608.6512356286 -1059977.9925579112 3708327.9927870324 1251889.123648975 3255894.758401409 -143415.97926096362 -4738414.958402978 -8834390.880251955 -1748570.9144071192 718937.2976394556 1277677.0983887769 4494527.930324854 -2710714.653974739 -998745.014107949 -4512552.265903945 -4078202.1617559036 797186.2014540618 683037.67624969 1233574.683474121 -2182683.0177890244 -3642942.8017666596 2867789.5016837474 1006861.3101185844 2919010.402829805 4219136.356144665 -5205469.122982355 -2277406.6406201236 -3321908.5362432622 4673147.951663972 -4957857.523953126 3477882.189502665 6094378.075363423 210205.78062731604 1274905.2591939073 -1547731.6574491712 -457337.49373505876 1351092.8331033853 1674753.0294948437 -1725615.8582587484 3468689.14941914 -6195537.441616012 445036.5322233462 3166808.9199687745 4528665.7093600985 -6414194.7932066405 2889763.7943556453 -2392960.486537955 -2323194.973844615 5463694.196051512 752915.4785673755 4489323.492856367 387573.4847789447 -4521290.032424327 -4191357.3364702235 655016.5368799204 -1028883.6981712049 -5837602.656547943 -256317.95823642728 4276805.48509692 -4129352.517626459 -3501858.016021226 -3359377.92237333 396681.4908996782 -667821.0272719836 6279190.288617482 2389679.592450548 -2215128.7184251957 -1934711.0511884172 4578639.654243959 3684737.3476698687 -278375.7830031836 -2053898.471832547 941227.4279053358 -5833354.16700389 6098342.2910598535 1204086.2740450215 4090024.1371864607
5284052.531028107 793208.6424237668 -2035619.472804757 64730.92859754525 32202853.447750036 -287872.4774455051 11635844.04698648 -3001349.733529431 4936227.330401843 5227853.659928535 -1228951.2231023216 -5714799.232777904 5375275.944055788 -3916882.764025288 -490608.20357839443 4773487.811225544 -562055.9889144406 -4193206.284930621 -678013.5104907397 -1443902.5048679167 6364739.518256729 1091731.7676932332 870770.3315236169 -57503.935446629934 106228.32007704311 -1448395.3149492922 -720403.5332088534 1952315.5700074916 -5736120.732943634 -940110.2876469905 2935394.629874685 1717239.1084967065 4112511.9288298152 -3819979.6289445367 -1097555.2794451392 1752615.8876008657 -2234221.377201025 2294399.8412637864 3363889.969292042 -2168634.543441375 -1811857.0620249212 -5248869.995909085 -210177.4738770903 -4323537.999209819 938155.639701594 3858706.5765184816 1246893.825383972 -7350218.859046144 138242.86771198935 4182672.6979434746 -453795.09281281213 -5797457.709756097 3473589.932803147 6847904.195095779 -5823286.135826561 -1935281.2267260011 1267320.0758951907 -121783.61194344836 1009794.7203694514 8185082.419480873 -194969.09409951256 9426647.55368056 -1973538.2547685152 -6470433.717839236 4802404.273727562 -1712105.3714051608 -2178777.0160623766 -7343776.662866147 6811929.935451545 -4852605.551402442 4568103.239108195 1301257.7266217563 -5867077.951940834 3570036.960658988 3318026.0831923177 1314929.3169177086 3632180.607420343 -2247933.9610369313 2646555.4107171125 2179275.4737231387 -99048.51676461741 1327784.5335533228 2099792.459364452 2247999.2098998223 -351444.9537010704 -3390496.596871447 5231289.047576643 -2403763.0522723696 -746231.1120776947 -1396215.1853796672 7089974.408862247 -6406870.453294835 -1667005.8483408934 -471603.6173568563 6836803.642966276 5488151.516900646 1230837.8785505209 -3182907.772772852 2212740.780971451 -3860300.31036954 -4573914.348463613 446084.51961627667 3664254.733089859 -3305379.8228463135 -2654642.464604933 -492605.6729054392 5646663.644042773 -3129453.650529626 389357.42496755446 2394850.1396777458 909306.1148747713 9454949.606926579 -5728905.423045064 -6298811.405330475 2428670.899887467 -5056484.893319605 5349059.805661274 -1915765.8385017845 7785258.828007339 1653485.3958106774 -3866217.9857602855 -6662776.198072133 -2703845.5814330424 2135503.2220730805 -4981669.7976724 5507960.483185039 3684670.8019487928 4094695.2183800056 -893113.6998127544 -141413.06890499714 7168905.515019614 5452464.561565791 -1595983.560603344 -2874068.070508871 -5766010.778565319 10607543.943534235 1762108.6752853934 -2091564.7829782604 1071323.798873045 5799995.366268499 1678564.516087174 670628.9903146036 -2653555.739448425 104861.4698361988 6771320.876463142 -3162133.1550397575 3202367.8467277302 5947704.531308635 -4129872.769062014 -6172451.176539665 -5985263.191119756 2952729.7091844147 5821981.31780769 -4249826.650272418 5036738.810124916 -3986418.8555139387 -3711910.5535505805 1548909.0090138605 -150931.423220086 -716897.2388316682 1746124.8081824724 -612043.7924128128 9680313.959344298 2001710.4220241255 668542.8689445211
-4812407.240752091 1601844.791545519 -4497831.75163538 -3893992.3335087313 -287872.4774455051 34758554.87207247 -359649.699887563 -1754133.4039000536 5763272.32874464 5240763.109234756 2506843.33700727 3501862.2093883455 -330290.86195326014 -1214709.3590075735 2692063.079269404 2171669.292464767 4598202.924074354 -3872375.5945930043 2941999.7016820866 1535125.8732425126 -2805653.6121072983 3544119.650764746 -4173787.2354424885 2282093.9973684778 1587380.0941284178 1306494.096694413 -2728278.071747806 370802.89591882995 -3403871.2910454 2738523.6028101007 1284693.753063438 1246902.9721730566 212916.94940108736 -3632215.623322821 489246.4754268759 -7783323.307089304 2349459.8599797967 2021970.8832180195 4339666.416634353 5200037.736612304 231133.3207244039 -3664652.8955798782 1378050.4351213041 1981581.1832792987 -805002.6966451834 -6188848.797831773 -3822885.588328207 -3387169.3041156735 -9539184.346498912 65546.03549311399 2595614.053087838 -1121723.6605885732 -630640.0806819355 2706872.2397950366 -1750543.9756627071 -1059854.7441180083 5949859.205257877 -3589647.7979141837 11202626.578418735 -2140675.425149013 -6557228.174616896 -2102790.50450417 7385817.999510264 -2744994.588036814 -2579888.573248704 -6518191.948823629 8801836.31927308 -235472.48035572545 -9480311.255492872 531186.3508783702 -7782615.093530222 -872787.9729029669 -9989241.731277432 4270134.270094204 233461.24516344868 -6424009.949287944 -2638454.5339107336 -1833179.3137206738 -3089620.6183848223 6513145.729235773 78938.11557254178 -2594841.93481989 91351.66683249522 -3348202.894876048 -847906.4344646686 5588868.838556342 7000789.955441489 -4511891.1264677765 -963275.551674454 2312942.6899592197 -4861654.944617935 2740658.093568262 -1535126.2994449188 3358138.52472179 3333740.4174601976 471126.6474749907 1523416.6895083603 4569495.163469208 -6857880.904505673 -904573.0009673685 2227924.9194881804 1126132.7186407726 -4050090.3702825876 3677113.594047897 1359964.6659523402 1352882.5007972547 5305932.4199683005 2661794.1326667937 -3183941.8348924206 2161976.320760169 1388990.8141695592 -3233757.818616583 -5596409.90631791 4452991.920268191 2979966.031482989 3840622.0258402457 -2787371.341123957 -1760045.1178259444 -3257459.812243554 -2406684.606403529 4838320.820565609 2905149.345767072 7086858.80811694 4676229.255539758 2095939.2927251703 337050.83011313697 -1566891.6778469745 -2136976.424824793 -2008041.771664132 -3020722.588569301 -3791599.3733557193 -1139282.08312327 1414916.9482346496 3606599.7033351427 504151.12630916416 -3230935.742847376 4630078.947600533 6422444.59391456 -5673143.439037033 -3934536.518957665 -7659599.679850002 -2211768.9465032467 -2921947.9817651403 3488340.5675334916 5021583.9260292845 -4726092.651594599 -218213.75716209377 -2365766.040046901 309002.6732675238 3504154.0999575607 1063408.735214096 -171528.29215089604 -1795979.6866228636 7388609.954057664 2355249.5902871946 8910652.963757057 4868359.424865418 249217.1254928241 430488.1047671817 4113401.22803912 -3564875.4649649467 -7085741.395834972 -3392875.369182371 5840952.24960509 3550469.128811729
-679648.3825727577 1313951.0565218166 -751818.478974643 93980.61322996848 11635844.04698648 -359649.699887563 29748363.131025292 6524098.827807872 1297659.41648382 162770.69776883873 -2184607.0296015283 10031.93064997593 4452804.316451305 -5584811.584209591 2484394.953385506 2534922.3176609627 -6152856.174011217 -597776.3450167294 -3378040.041200769 -4073840.910446464 9234698.164134953 -676301.431635496 3928196.2554487977 1257104.8509464588 2004811.521740841 1219082.6293406014 -1993228.8608983543 2850594.4034258486 -2717723.280026088 450928.0974294327 3917694.7967593246 2996415.446078693 5656635.164576083 3465872.4154887088 4291673.8148209285 850297.6477668167 -2594308.8319808953 3387189.470730748 2705333.703573679 1480008.947772518 5487664.529642227 -8123172.482708145 5370592.158679667 392045.0285443284 3260120.9664982827 -912228.8859090961 -2837959.2830009386 1619040.0463803445 -3459593.887906711 5328216.996180718 -202708.82901580867 -3505211.7087758263 1249733.0363128749 -4807263.04254023 -324901.69704005535 -3028222.1894542817 -4224354.205321188 571380.4416802506 -2137972.89028052 3599458.773110644 -666901.8033352558 2694800.8824967006 -1951621.534458357 -3435099.818615726 -1016580.9590111808 -2292076.095213679 103545.96151359522 -4933813.672817122 5570179.361303448 974449.993216293 3233388.7920030896 4134219.526371369 -4261548.039616192 -3160656.041305966 883673.3855607916 -682096.4358681947 5364541.062792607 -3944381.3061871193 -3432805.008822765 1515452.887979097 2568307.533035894 -4309335.306203444 4024136.3291310854 -3302094.732187883 4303530.548541159 62798.704977911235 2924694.6792928027 -741017.740867397 -8409597.749281388 -337851.9092506137 -2929178.1661940515 -3970397.4619156085 -2853770.417106684 -199199.28037793585 5018981.330220813 -2904229.162777292 506666.8128621931 -1744916.7883051566 2896605.5773681737 -1125576.976118929 -1615004.4912764335 -2335131.9194004275 4740643.258508103 -941031.8531275815 -2419799.0964324507 2714777.6401115754 546726.7091699151 -7208230.022410539 -2542156.114281373 3249546.316120902 -127065.14793295033 1733583.341938243 944031.7856480526 -1096451.708914628 -1645236.4884262248 221104.29222545587 3541155.149996098 -1542841.8149260615 4443243.16859711 2784248.8948361822 -841313.8143771809 -6932427.878948832 -6499057.57262911 -3847699.694828548 -5155743.10747181 3670536.4948589182 2337595.6586928293 3361155.35128285 1952560.864451984 -1152592.4846083648 1440386.8659755387 -2497068.341459899 -2242488.213381754 1649723.4669572562 -2135876.7086284254 5199995.003657798 -2136715.660577621 -3360601.2379326755 942284.1905818412 -739244.03965988 -379997.16580407915 3861326.8518368476 1076442.78192898 -1381635.7230278652 4083000.2010643343 -4234662.774027598 383515.647343205 -127126.41453512807 1772523.02297849 -4016120.318618489 -3894519.022328378 3311437.8393035 4167032.6571955127 -3275175.5589597947 385792.04601288465 -3369276.0795240887 -3597917.073962883 5222177.258059726 2475479.8116237707 -3203488.79436803 -4323588.618455723 -2662018.32326098 4022884.56068156 8896812.406812865 2584004.933844009
3158892.120021276 2572884.0457067033 3269000.8391822292 698279.6710217767 -3001349.733529431 -1754133.4039000536 6524098.827807872 31283068.57828626 -357614.9828649942 -1217010.4166598609 -150473.92969849944 3996551.7324348837 58950.9526727388 -1697108.1650803674 -6974473.183680331 -1811994.1903646162 -885435.0715057243 -1552414.5172597033 -1644004.3817472856 -2073354.9320091237 2089879.3008380004 3346449.611683104 147976.65330394063 -2887883.334111297 -63828.45781585896 -602711.6364123224 3193689.563335744 5802562.367999504 2469361.6831868137 2634580.537519544 -1529348.224980498 7912378.845923378 902821.689764119 2092378.6240610175 4414826.292617846 -317552.34833604324 -553121.1492022363 -4215664.587270163 1795454.4795155472 372450.3736125133 -1647044.6585973438 -4636888.506495298 -42485.272216674915 2088953.0251875836 993722.5477103373 2163688.5533074588 -227531.8840030926 590911.5717894883 1700729.9780455793 -3825621.3019875935 -94472.72302703398 -5614597.170829092 2926958.815930226 -5086708.082957843 206710.5287762108 -3680226.8214795277 1093369.6703237528 -520727.4147313011 1850079.3322197061 -936031.2361485125 2073968.80586753 -4076257.9502000725 4053907.5836609984 -2347683.1380549306 -543263.1104794706 -3404207.477422451 337316.19390389154 1315478.1646694497 1854053.8683890512 3636616.6495141005 -283054.6510511814 5023433.685592775 1242966.6668884512 -5359733.481048526 1705102.6950895346 1401700.9822468373 6655862.090858854 -11065499.974195864 -6643700.934522439 2805737.661770768 -6778015.3927856665 4154992.268203812 -1117009.1990325667 -1695599.6520928706 -202205.42185637905 -2402896.1020504227 955145.5602488982 -4900949.556111603 913832.1310232296 -995173.9736665707 -2820135.2745545893 -3711671.8725174987 -2997267.0962589164 187498.39229135113 -508802.0248908018 -1649780.3370728283 -2246407.868326592 3491479.3126661517 4027935.7558889827 -108595.39432267049 -2038737.4830018776 564029.7648759744 -2296623.6837190986 -2934010.7338221073 -3731796.143800848 1492426.2812950034 -3691723.2641892815 -1734362.5945008926 -1381041.8638058242 -3292475.6486314377 87828.18405523381 -1855892.8259904424 -4049526.8052519155 -4300355.638372312 46373.37931116617 2275298.83993265 -5363004.677175072 -19433.443168876915 -2195532.0876568835 4658051.968823593 -2196181.0275763883 1587231.7741396378 -221997.0741148713 -1982819.0760320798 -1699478.947410868 1372296.1110120798 -5704312.623965319 1130210.1402460295 3338412.5102988523 -8220217.404371872 2483120.3731148774 -2324471.157595525 2190172.585333038 -3052833.9049458005 1723562.282072452 1877544.2422844802 -2635479.4371003415 -275416.7569140712 -3516084.0581686683 1420378.9883246154 3041739.533267941 4939952.331318523 -403319.8536590374 5280347.672122883 -1051224.9284116593 -3779066.945844426 -3231137.1064633047 -216584.30480676092 630545.0841747711 -4390174.441306986 -5296906.666861085 2247150.3626059047 -4300426.291972149 -2889533.3446808737 -3042871.646981608 -4952173.826465774 3562726.5991011723 -784246.4595349898 2306908.0030079414 3568846.9877708 -89047.17859906153 -4609073.243903171 -1735535.5399983 250528.6163275939 -380436.9171316008
-133904.42149439512 4405225.440628198 -5713746.129899712 4163500.242137642 4936227.330401843 5763272.32874464 1297659.41648382 -357614.9828649942 34759727.40729376 2341873.543656739 -1966138.0819991068 3382226.8020665594 2434181.4564031153 -815242.4547205775 -3342678.6212119623 -4134288.2283298573 4620252.7577586025 525716.3704503088 205452.13847658853 4688263.1557638 600091.0807347944 2901943.8216986116 -385884.94461318257 4137351.06990835 5454852.003101703 -2207448.6333958097 797283.8149791593 2105558.435770098 -5613590.751443874 3492203.120373126 627263.9823936712 4079033.8272465914 1147721.590484582 1817036.4615301802 -7590960.134762479 -9415502.092233911 -276945.68830958905 5764130.792951281 3524778.8154218816 1642847.7729615192 562978.0453391561 -8027713.461781193 1623438.9723776376 -4867626.721115577 -2764908.177926121 -3542577.700150463 -4401207.381310092 -4937392.142767494 2058676.3793296148 2976817.1695279856 -5769862.490068367 -1445890.9144749392 -5566507.274311376 -5583216.870910164 -7429003.906805958 -3678172.1863924605 3662520.1590236304 1920718.0530647968 -1961673.6751450538 -1693131.972079972 -949282.1868881842 -2386448.7791531244 -2331097.1122347005 -1664874.9385711795 -1502807.056729083 503871.7189763968 1671379.3637168808 -1316579.5096428138 -1225305.8850022573 3428946.1108368747 -299198.2720405241 -4081433.642425937 1183775.6455696842 3493619.632115098 2146809.250434386 957576.6377067871 1639706.7419646233 1436249.7504047286 -2771519.073772119 3771037.4533620407 1150608.3627949473 -6736501.7283398155 -1744224.2853995543 -6216652.018029372 -558951.612545562 1576474.3431790862 606962.2603401603 -2064957.9730220917 -1155823.2349373929 2857658.052074136 -819933.0383263404 -1473051.1737775907 -5166176.324377236 751812.4514809153 5265598.272249178 -3856813.930349732 -2414469.703725543 1616040.3899131778 -4737329.41946098 -1576384.8910159743 -2140337.024226255 1149681.2621553093 -3497994.298580445 -177476.7047847567 -9127972.942661371 -1405114.8881619317 2702792.5659288336 -5942319.508446623 4543451.785298548 8179070.132284776 -1532506.4152307082 712530.1058194843 2977209.4872753033 3792415.677462212 4054505.6192442123 -960987.8172781985 -6674077.657307286 2080587.5534887349 -2597172.088332721 1678005.5554106643 -7108354.642814335 -4268392.193454049 6965703.360785365 11137724.44331602 -6937198.729210084 221061.2815420294 -1106543.5839171985 -1611888.6150230805 189313.98497361425 -2180947.404477428 1182875.289137597 3332724.900475747 -3673480.4647003924 -239292.7177606916 -4556027.697513924 656441.8071820679 3510209.1950087333 -1103064.539081922 5779738.608308237 -5299981.880328219 -2106816.967210581 -4547572.071750034 -6590744.480293832 5425037.412922785 3238327.384518424 3583493.1732462416 74721.87587695329 3407734.742586183 -630.6284376028925 1290354.3706111421 -1308843.832349943 5092688.501654146 969502.0056133064 7908176.084821291 -7082126.817838487 3872794.295406453 2468445.844739804 440684.0259254976 -564018.373461796 -4679317.1045976 -9925866.189432915 -933644.4495817476 5997178.265904985 2348078.66128265 -1337592.3963483858
-2607632.718800997 392592.80951025884 1652677.247782407 5862026.438475394 5227853.659928535 5240763.109234756 162770.69776883873 -1217010.4166598609 2341873.543656739 32989197.97611918 -2424515.3712219344 -1520215.5098510992 -420458.71826542885 -2818764.6217581606 590749.5239574247 5568117.414239169 3816006.6644486003 -7623833.507478525 205536.0264689243 -2517174.442530879 2099131.6815329515 -1557789.419694354 2245335.25429085 724371.318701858 -2336683.7857037126 -3689140.083690666 8178398.246451334 2123091.4019023287 -1382670.0593599041 1758215.1478020865 -1487029.601898348 4328377.0004931735 1046077.0022024269 1929646.1045825446 -1836005.7033057234 -6263711.062815721 236209.99439784858 3304591.7670758776 1951380.2550860662 -619494.1149732306 1985695.495637914 -8370162.386853421 6182218.351465539 2305540.5097941183 2618534.063891487 448080.51104047504 490226.5642969534 1435536.9217547544 -6549674.427873577 701907.5259375399 3453825.5009614895 1453911.7009613134 7550937.296885316 -206573.2030071814 -6665487.951373236 -4385643.758199732 -866797.1903172112 379172.0461391356 -230010.2114590912 2031832.7155182036 2363614.7913999404 -1202419.4895001957 8068373.061183135 -6349127.210368068 -3078644.9985376247 -6749422.176812182 -651601.9826054571 1410773.576248285 -3104706.1781403683 -4210605.527758104 -1872365.6332459953 3240875.77808794 -8516480.674774623 3923326.685483618 -469334.315033917 -3297095.501616011 480049.97292483784 -7389396.511450342 1733796.4073817322 3860343.902226127 -5486598.121125946 -615625.1530426175 3287615.1325455513 -2849583.2258892595 -3347598.0804058453 5648450.973923695 -1726979.8321148544 -1724977.1618517705 1572668.5606095933 -6293790.609183922 -8272678.621176305 -2532516.2702139686 1784159.7086282137 5343222.078711214 -1994222.8645101446 -5018823.96392115 -832616.4150440937 5895269.489485928 5574924.496089384 153604.05288730178 -815239.8884911721 -3519917.922234614 334446.9121124265 4434783.452203818 -4833144.705079489 -1145655.33254598 1761448.178180095 948371.6454695972 2698678.415438007 -1154730.8987889343 -1417583.173632354 8195973.851856483 -2340203.996366049 -2393415.364039551 1091318.0538384067 122498.84294652358 7670664.344799716 16092.5613602724 2213400.3550195172 465903.94684311136 5004341.523724485 -1734797.88018106 2112339.768288658 1721402.6063065922 2756693.470041322 -3912335.12834906 -3006507.9445327576 -1280229.9323604982 2867598.849555931 3209205.621739184 2271707.9955081283 1670072.497066766 3145521.302468071 2709194.226299225 -583880.3030109061 -6595876.351888837 941657.7723088653 -1772531.3640206626 -1036603.6575604691 6807606.015357362 -430901.30489703745 -6024815.399566697 1066764.986338071 -1716122.1776462882 666900.8369365366 2064459.9454140556 855566.4390643269 2434864.3942078915 3968270.6886333306 578079.9431997653 4580065.684358956 -1989632.8160328588 -2278496.1850783476 4646225.683000992 -85192.87961741458 -3261594.4308844185 -1208258.1953079225 7821432.857999804 2988972.915507054 -1953055.7554771209 2776731.115841096 -756930.8184275423 1580091.6521560359 -424514.8652158041 -2483981.871666956
182629.50924268714 -1302769.125904544 3082562.6674640696 -866002.5428863337 -1228951.2231023216 2506843.33700727 -2184607.0296015283 -150473.92969849944 -1966138.0819991068 -2424515.3712219344 23431489.10960586 -1386857.3810742507 -1001861.3002521212 859623.358800626 2060851.9361402325 2206337.7160435333 -711736.4293924356 1400524.1219881964 -1422739.066929688 -2980645.0291881966 -1911525.2103877042 3681661.2731132484 289147.73528327816 -1946895.6137538261 -1531001.4812324892 6440787.68648061 -635561.8819588509 -1751298.071638593 -853580.1459782239 274252.09078867186 3999385.5595606975 -1366621.7581043718 -11189601.168236485 -939982.0526468225 2943012.045907352 264388.3572599542 1417742.47601542 -5167672.225874791 1217800.756101067 4640629.68899144 -1127243.9306114737 6124814.81509871 -140742.21920944809 3330810.821871629 -3712469.096121903 -3774386.9245608547 2514869.4940414904 3401091.174848012 -1963587.4903308416 -3184403.9438765696 -151749.02449938946 -4369047.008695734 -1733014.2822679179 -3028357.1846513 -1474854.7722521361 -19672.030754407115 1656782.1953224395 -213535.5989187296 643669.7167854881 3245050.689641472 998915.8325256305 -1609314.1602980203 2688191.211798306 1338448.8073728133 -4679655.042777201 -614162.4885420835 2260495.4621567577 1295612.4564537238 1498897.0910603565 5481916.722753348 4218704.749817887 -5073503.104311786 1723592.2533398143 -3054313.128109456 3925342.482909766 -214580.59296878445 -5246009.596976927 4934105.930891266 426552.1677163099 1805726.147102752 -2238740.3959903414 1598169.062859983 -64030.64686145864 2806399.2311694226 1859931.8989944905 -2744241.7971264855 -4555674.356355194 884736.9616754235 1985850.3729099552 -1533839.2856293756 -195880.60917049935 2902860.1403416335 932605.5262507353 602295.12045171 -532924.4673667339 -2687992.84764465 4440529.228963726 -1952142.2450195928 -2285426.3106484734 1670188.3356952716 -2536016.5342350313 2026233.0131382984 -1830402.5183661317 3175319.7937325602 7286581.557797445 -484732.46701927244 661085.7201082731 -5800260.1560212085 2231761.329680162 2045434.2030233387 869899.5856968391 -1004423.7378818172 2763317.1624573776 -3407180.8994983286 -1436697.1690108771 -1454922.8521494567 -2974001.7258523605 4687023.670552175 -4507009.003398019 -3896425.6914723893 594113.5574154692 2257277.5418368503 -620198.8270475483 -1952005.2253776635 -379321.4395012722 -799692.4748189667 1708243.9884232278 -2034875.538239292 376258.4861288879 -1979349.802151162 5261837.1573335035 -1911849.9120301171 5704914.995173524 6758687.598388209 -2145316.5181463626 -2221952.063458244 2265118.774513231 -3105862.231897687 -2322227.0084440648 -4311402.598699253 -4663853.7343600225 -844121.5897183741 -3195805.472538588 -3352558.610127496 3692824.433900958 -2819909.451294647 -2730661.7258462394 -3293485.9967714874 -681217.5404392822 -1134764.9611976345 -968346.006116629 1193143.1301164355 -2522558.510801522 1894321.9211322218 1742374.3860485542 1685255.1053457782 738002.1635889997 -4573588.233413663 4022174.6050217263 -4215605.270590292 -798400.7709677373 3428097.03774774 -3542146.328217062 -3348155.5530638234 -848057.064128216
-2396447.1273307186 1162255.851108703 2934130.5342484266 -2371373.056119128 -5714799.232777904 3501862.2093883455 10031.93064997593 3996551.7324348837 3382226.8020665594 -1520215.5098510992 -1386857.3810742507 29554359.19903533 1103109.6468589657 688507.0082135657 -3750033.5816974514 -3978142.068562394 913089.6712829173 3737016.6017701514 -6902274.624328006 -2863795.076391831 -8102671.103058575 1887421.9469838487 418799.1085999215 -9420850.778942153 -2905330.720277246 -4559376.12713672 -2155750.406179507 846478.7683387846 2013424.1266840657 5117608.529168399 -1271862.0608675987 -1119339.5324590486 -1594665.9147146973 -1160661.4387903612 -746733.7000539124 -5191780.726309483 5850781.173193346 -1580587.3704167258 -6080844.9221120225 -2796796.8349713036 1953959.7931631885 -4201090.226286255 -2323538.331328932 3709023.8848566734 -2443375.966504543 -5073075.230771781 -2600951.4862818816 505040.6105832117 -23266.682834998526 -3600932.5615778407 2128816.094339716 -1483155.5109766093 -1814789.3414814968 2877622.042838686 -2147396.6543582967 -822952.0613673659 49814.5602491211 -3088678.495420563 2819692.8414521455 -3557874.3707847213 -4379877.9802521 4034972.6260147295 4291528.989679484 -4021380.8413857156 -4824348.415256928 1732263.410449402 3492665.104368345 -112052.99125077795 -1271.0879502358093 -1006574.533762822 -6835057.486783473 -9307666.107362559 2328864.947100093 -3104257.0803183056 -5927582.266721099 1451635.1260365825 -7660874.873549006 399226.7494088587 -3791088.438406799 -2993927.698570416 -938112.9583449939 2831681.3039000267 1264224.3372632177 5128389.027885435 -384612.53046324814 2138765.770565537 -2660790.8601469253 -1851754.8193939473 -1304696.7888925045 -3126504.7935684826 -2089923.461498895 -500078.3743655975 -6048032.099946263 -2922515.414121626 -2266101.0229181023 -1135367.0926272674 516834.15824777004 3775870.102985827 -1241801.3576668543 -289290.9191876982 556337.6888411486 175646.30347620737 -2570905.900162266 -75818.09690251455 49043.85230272024 1054126.4873323815 2702250.239000056 4058629.7142524486 266831.0515674769 3973766.0461412915 3029124.114115309 -1841042.766474975 -71342.74006917802 6374484.221896444 -4917688.873880421 -1494064.4120691633 -4584159.431772645 1618136.9122547426 1182750.3129076965 1631583.0433601676 541045.8585307852 5445423.152548219 170816.6664057649 1810848.124771289 227530.9152746625 -6702536.289732342 -2607639.3760968396 -2416413.5409561605 214439.63275324082 575266.8121051767 -2344549.0296520335 -288968.7534704276 -1918651.6057856355 -5441540.498528264 2024065.6151032771 -794900.4404100539 -2328809.6307822126 -897571.0375259201 -2648913.698812263 -5060344.4515588125 -418652.075547569 7198503.969706476 1689583.8406244495 -410072.92148538464 -1506608.3095402694 -2291147.760450622 4668677.623077198 3684977.0162787177 3936261.4553166437 6113857.455278061 6291803.275255029 5586419.050317539 -1066462.092156616 -475011.3112415463 -5520854.8977556825 1892372.1046103945 3432033.1437442726 -2256454.079403364 -2549263.201806215 -565099.9705759542 -2932016.3830083553 -271051.5180582841 -97755.30130294479 2417276.273633464 161789.96595859417
