31747051.55045948 -4279425.412065554 -1656268.2667644853 1893177.1993090934 -2105572.8838822916 3102621.4569114447 -1339422.8929557654 2822291.275727888 2694178.145890905 1513931.5233007392 -737148.4218828131 1119364.325565802 -692691.4407782458 -2749520.081192226 127860.24389193556 -385019.8621765389 -553078.9347419316 -5924536.041936171 -3789653.2428725567
-4279425.412065554 32290702.948643632 1177911.5839512222 -264975.6075413733 2281477.269786045 1175354.6967277497 278742.3231227913 -1000308.0384351806 737775.587119007 -4567299.592840485 -2437653.974413618 3946338.6960163056 -777435.5113246136 3892664.153509608 263646.5330909082 -1105538.8084569161 301911.56636444136 -4064337.9935159073 3170357.987253394
-1656268.2667644853 1177911.5839512222 39530630.505921364 -5633159.161683815 -4496712.620790603 6369998.350036093 1613783.047327858 -2245354.7573898165 7167639.493469738 3084455.983921973 2613796.2482718416 4321615.798922322 3982356.9212849885 2261029.3672002763 2452704.2195761013 -9069905.544012671 7088.3369064490225 2322320.687021458 2873548.796735951
1893177.1993090934 -264975.6075413733 -5633159.161683815 33290659.75210223 -46977.29418441715 -21880.987261090584 -1212775.649589021 644096.3049603001 485352.27458575834 1373251.443763856 2949988.690355972 -2548216.219714967 1573127.146676521 -3060736.663055095 -4949516.629623843 2642436.744060391 4150993.076087594 1448454.7833807638 164981.4026692866
-2105572.8838822916 2281477.269786045 -4496712.620790603 -46977.29418441715 29613104.39545519 -651524.4415423976 4252499.741365624 78804.88965012065 -801892.6663945966 457033.0135332031 -3498053.8569787834 -4077956.044274782 -3628505.2018296276 2469179.0311432444 3254868.6195903127 -366365.01596754685 1705409.0350759807 -2724149.156461128 2729729.5857290253
3102621.4569114447 1175354.6967277497 6369998.350036093 -21880.987261090584 -651524.4415423976 35302983.09035386 11391039.945015026 -462636.9302058225 3578942.1797159687 2538888.491715206 5471421.986221504 585319.3710615654 2078934.338284691 3865278.963519281 -4581599.365216839 -1478132.4235086294 5327826.617932731 158367.91703049824 -3132212.5230212766
-1339422.8929557654 278742.3231227913 1613783.047327858 -1212775.649589021 4252499.741365624 11391039.945015026 37725230.22914413 -601349.193177701 912559.6141835308 -2336462.5515085636 1121437.0113242078 1814738.7662299927 370809.3020112962 -5254697.681355333 -1216348.6011168312 2485619.3293871516 -544412.0362304233 -1345761.6967277636 -375107.9480594944
2822291.275727888 -1000308.0384351806 -2245354.7573898165 644096.3049603001 78804.88965012065 -462636.9302058225 -601349.193177701 32182561.36648126 -4043321.127091705 3834548.458381993 -2403227.0115069402 -1885392.5719922744 -538493.2469343994 -1652132.568735949 1691462.049057779 -424383.19748602924 -6053994.560480167 3689622.5011690096 323331.9443707489
2694178.145890905 737775.587119007 7167639.493469738 485352.27458575834 -801892.6663945966 3578942.1797159687 912559.6141835308 -4043321.127091705 30870656.40726516 2653971.0111615113 4759717.21088539 -79696.77384462475 2342765.6178560387 -1153817.6301477589 -229624.48210599888 -3349484.3310493533 235480.5589043424 -1643316.6378243028 4274900.853415569
1513931.5233007392 -4567299.592840485 3084455.983921973 1373251.443763856 457033.0135332031 2538888.491715206 -2336462.5515085636 3834548.458381993 2653971.0111615113 32261143.629367795 -2450123.024287883 2540579.413245654 3036792.155520477 223637.06339314274 627228.1184464786 -413158.99202231143 -1060794.4115207724 4136520.3272046754 898733.0238342189
-737148.4218828131 -2437653.974413618 2613796.2482718416 2949988.690355972 -3498053.8569787834 5471421.986221504 1121437.0113242078 -2403227.0115069402 4759717.21088539 -2450123.024287883 32284970.870527223 2273757.626584006 1063354.3267005342 2074166.686702734 -2393484.996540085 461668.5942150216 686996.2304629205 1576174.1742352538 358427.73468406353
1119364.325565802 3946338.6960163056 4321615.798922322 -2548216.219714967 -4077956.044274782 585319.3710615654 1814738.7662299927 -1885392.5719922744 -79696.77384462475 2540579.413245654 2273757.626584006 30337677.317590415 -2411282.6725224587 395635.09639613924 975064.2547279906 -3080931.479533772 1884983.1612934805 410682.0582638182 3290573.458299655
-692691.4407782458 -777435.5113246136 3982356.9212849885 1573127.146676521 -3628505.2018296276 2078934.338284691 370809.3020112962 -538493.2469343994 2342765.6178560387 3036792.155520477 1063354.3267005342 -2411282.6725224587 37524067.20406057 -2932953.188427525 960648.5883224164 -3872403.2076498433 -1263396.551775081 -1773427.4803522886 -5107785.889663423
-2749520.081192226 3892664.153509608 2261029.3672002763 -3060736.663055095 2469179.0311432444 3865278.963519281 -5254697.681355333 -1652132.568735949 -1153817.6301477589 223637.06339314274 2074166.686702734 395635.09639613924 -2932953.188427525 34312037.317126766 -1345194.2087410877 14351.860433961709 2747126.893447532 3909098.745537132 4315101.916733608
127860.24389193556 263646.5330909082 2452704.2195761013 -4949516.629623843 3254868.6195903127 -4581599.365216839 -1216348.6011168312 1691462.049057779 -229624.48210599888 627228.1184464786 -2393484.996540085 975064.2547279906 960648.5883224164 -1345194.2087410877 34194347.36160382 -891376.4213985349 -2802970.4589885813 -3315149.722278638 -3484138.979729205
-385019.8621765389 -1105538.8084569161 -9069905.544012671 2642436.744060391 -366365.01596754685 -1478132.4235086294 2485619.3293871516 -424383.19748602924 -3349484.3310493533 -413158.99202231143 461668.5942150216 -3080931.479533772 -3872403.2076498433 14351.860433961709 -891376.4213985349 33123877.849845957 1323911.1444473516 1413801.1546965167 -1706446.4891396456
-553078.9347419316 301911.56636444136 7088.3369064490225 4150993.076087594 1705409.0350759807 5327826.617932731 -544412.0362304233 -6053994.560480167 235480.5589043424 -1060794.4115207724 686996.2304629205 1884983.1612934805 -1263396.551775081 2747126.893447532 -2802970.4589885813 1323911.1444473516 32970590.05062697 -2081226.7023252551 1918002.078678092
-5924536.041936171 -4064337.9935159073 2322320.687021458 1448454.7833807638 -2724149.156461128 158367.91703049824 -1345761.6967277636 3689622.5011690096 -1643316.6378243028 4136520.3272046754 1576174.1742352538 410682.0582638182 -1773427.4803522886 3909098.745537132 -3315149.722278638 1413801.1546965167 -2081226.7023252551 31820770.566935502 -592399.3206468932
-3789653.2428725567 3170357.987253394 2873548.796735951 164981.4026692866 2729729.5857290253 -3132212.5230212766 -375107.9480594944 323331.9443707489 4274900.853415569 898733.0238342189 358427.73468406353 3290573.458299655 -5107785.889663423 4315101.916733608 -3484138.979729205 -1706446.4891396456 1918002.078678092 -592399.3206468932 27052002.775700886
