34512603.33358256 190023.18107103117 2166065.347713035 -912082.7967544862 -730288.0151399213 1561377.7490528352 340273.0768342339 -2053836.1547552755 -1162858.3770513549 2861177.8443562426 2776550.8021132452 -332493.2131758907 -311349.3275261105 1462374.1520741517 -2579281.8674553465 965732.9351879875 -404600.1216810651 -829476.0429967019 371579.73267105257 -2067980.2354710458 742022.0318148829 818965.3111161663 486638.59512669477 3336999.552545633 -1227218.016490943 620710.1629137439 -224032.88150992544 669485.7216572381 245296.27751627885 -1900509.7902369343 1464699.9465442905 2521123.624852407 -1723659.4349268074 -466642.4830115166 1990804.3428711735 889236.5940863882 1514951.6033319365 575114.1151176274 2687633.894559268 1665299.2143554667 -172943.7604429369 -3487153.698383995 209993.86993909528 273865.05002136476 -632828.8149804692 2639539.843127757 -836565.1982233954 -3988943.370495613 2747005.2504078154 643128.6111899543 3246659.011848278 452389.95505871525 -63198.61697692778 1215213.2327611968 -428860.2429793291 687975.5595911562 -167590.0958300743 -1232263.5160261032 -2167445.8385897754 -883288.3074875767 543490.3203621428
190023.18107103117 34176038.990503795 -298824.1629735823 81063.20753748761 514412.40873037966 -580130.9270502044 -859815.6984800446 -1453381.8736286894 1217105.940349965 665737.1776881284 -909634.4619708417 536243.1221523081 -1867054.1854895283 -1545426.5337995917 -1542133.32050337 901096.0279610052 -866795.3408619968 552489.3454167321 -184853.45792294503 -488009.13047854125 983758.4121723872 -543817.4719973776 -694420.0832417377 172593.59725537288 1210384.479756579 1264151.7111046787 3393920.657448571 -1051736.5461225922 799745.4131326588 -1928952.0053670518 -1059466.5621279601 -594312.1733920752 -152034.93575217272 -1811647.3834688314 346177.98401837697 52777.58409140679 -1791938.1056061746 -1799204.2258237922 -813411.4694561306 -2649954.7639998025 1626890.6635823152 1288161.9511041543 -423066.1003845169 1690229.0895277509 -2205634.9115610435 3006556.1685360344 2373351.6876319572 1346958.7820869398 -2316217.5613393793 -1656674.4945652706 588997.3759836745 -804695.5868711569 899172.0518033777 -256338.9188924221 -1647809.1527460513 -478679.2955260549 2974288.59379017 -1296214.081291501 2563070.866922642 480407.6250550363 -2345601.2266511177
2166065.347713035 -298824.1629735823 33844247.87044442 -403316.43110430747 -1136729.5188222807 -589550.5602625011 -1617640.0339549603 -1873965.1281580245 -622381.670940747 1228996.4349482525 1444939.7018524942 1260134.7219304799 2115106.5920002037 -898751.4839754652 -3073625.495250082 2483435.6616109964 -858989.6152830453 -1139206.5278993873 -431508.39918059943 -303704.4735404775 -3185153.9988326137 966184.5741348952 -153768.7182480936 2006908.927968066 -1261581.011126859 66043.90087044278 -3044848.3868570896 -1120627.6136400602 492322.3734763885 -686789.8628688657 1439799.673653736 494985.8496526944 -535709.8561967968 66938.91923268812 -1757806.909094571 -2401510.847995411 1627806.323346642 2563308.2665441968 -2016248.7005199888 -10010.906538309997 -1295541.882250749 -618652.4927234438 2341882.2977843066 -310152.1804698886 -2079079.8290836716 -2526366.860587501 -576383.409339186 -4127379.216878895 3029053.3189228 1736848.063354916 600078.1837586592 -1333289.7077804138 245472.19773149496 -876186.0698037618 -1578042.4558072877 230524.8211661829 -1056933.5480667865 715887.8858208276 805833.3242102357 -1773672.3937040013 559850.2585789164
-912082.7967544862 81063.20753748761 -403316.43110430747 32252586.762914486 -735649.6231786046 -1110627.2212759105 294236.04885085416 -1400757.0697508305 -629323.7790586617 -272205.14624189556 3517020.9911557157 3510638.7203068193 -831475.2017138345 -186485.58562120673 -1342116.410912233 1382754.2152192201 -1940340.6281325738 -329376.3172659227 1725307.506221008 834027.1423395986 289639.3469311497 -1170749.1314269602 -1345186.8533435077 1878160.752795774 -1380844.96478135 -1271185.8968728646 1900765.0820388407 -591502.589322223 -1242947.6121281914 -134146.13011027646 182543.20624320768 -1636459.7748498868 -70054.20562844824 -1596462.2881679635 1049988.6399050192 -1636887.829486204 1261935.134340233 -212282.18851954208 773520.5610029174 711368.3979672224 -790476.7224350823 2719110.3961391775 618132.8901385815 -1963062.142988298 2740324.149442757 88470.61376750018 -568899.6689786579 -168219.24429195857 1407945.814167211 -1923502.7873194034 915991.7689296844 -732727.661635557 -614953.2135117697 -1521474.8010517356 1214642.6490375309 595141.3365624096 -281571.82880476536 -1554106.487648349 204755.69339967467 2102745.9024421037 -307780.56434741296
-730288.0151399213 514412.40873037966 -1136729.5188222807 -735649.6231786046 35650550.45607519 -426164.3327112158 -770722.1862828648 978442.6822998486 -1123636.2545242251 -1893259.8873896324 -306050.840293643 -478005.72796576074 -264463.64872918825 611739.314043572 2479777.04158993 309904.0229322709 -653090.5182742558 -1195478.020028425 -2146670.474517074 1937890.0654841864 3154817.6813083263 -359378.0287353417 306599.9463302863 -540136.4725375196 55947.152304690164 359517.96084934147 395370.9750459898 30210.945805383064 -95753.80478777907 -921272.9825627444 -362148.74517567345 1410427.7980951378 -426141.45618184516 1272977.4027752825 558810.4535813342 1228107.5825469198 -161080.50100442505 -1046945.3222569235 786543.4810798505 218451.71705465004 927670.8979697673 1977553.5097979417 3192283.558983762 270211.099817028 -1189401.0824342465 1686884.1262490407 2204190.9041490583 -871574.6354619999 -2471099.360895295 -2584467.3892502463 2179150.766249261 351071.62323981157 2765718.9903015 -2547453.2044286137 1918232.0927600407 -618280.6269848973 2513789.6421371256 581363.2030897501 761929.2881877401 2939913.787450842 -1584266.8098783665
1561377.7490528352 -580130.9270502044 -589550.5602625011 -1110627.2212759105 -426164.3327112158 33147143.940804508 -2055190.1064746245 -1458629.8352306182 -2173596.716324163 855090.0204915525 2516291.542346784 935468.6963452246 3165644.2980661993 -991886.0201383388 -787841.8423116048 589678.1912153334 -1557532.268841705 1874380.5025504604 2282706.248803669 -2719431.252720988 1874302.6867594735 1080262.2680850755 1863838.3615481074 -1966100.3872869012 -238177.07634306193 -2949186.467617092 1034182.1452530512 -1150568.0933097193 -1479915.1020233305 -2312527.327486613 2090093.7101345842 145055.4938651132 1149585.2662833568 1195624.991723577 -1820945.0441860473 642430.3928304499 1492657.389900604 -1330773.4689314023 -116284.70784457753 -354469.93457662186 -1922406.200438842 -943778.7192638379 1436970.9518879796 -704080.6643810451 1511458.265626331 -1186759.8331284337 42651.691279298924 1286825.1555091285 -2081770.9249991388 74690.35807222239 812734.6551788491 -1190590.623415122 1728054.68040644 469998.3180170639 474637.2758705822 2347546.878221318 -259391.26468403146 587953.5038291579 -310145.3343739971 168502.6615273161 -1571554.2374558977
340273.0768342339 -859815.6984800446 -1617640.0339549603 294236.04885085416 -770722.1862828648 -2055190.1064746245 34213590.9691725 -1958609.1359065499 -2345280.232502654 -2315961.015015127 -1081882.6591334012 366623.69366466725 -55863.028781572975 2888699.261255459 -763760.5030752209 -742385.2994835861 1259795.342568035 914063.7981918537 -1200910.8294658416 3065797.6438000593 84985.37474221217 651622.5583706691 -369703.94627250935 978886.4551142476 107854.38680910386 238723.6666262737 -2282206.4481010353 -703215.0936027134 -444629.21493406984 972730.741169288 -473608.45283721655 -1273482.5002224133 1740366.2519951607 -1606155.8042146903 -1935680.3460453893 -1877305.4502176037 2786601.582107812 1404239.586119139 -2124225.421887186 -2180806.4816292524 -1967365.839176011 -964753.7271349202 -1485327.3297685091 1883156.5918350883 -1504808.552827783 3282915.7039184403 -980752.0109044971 411792.51000315964 1297036.6438184972 -424903.37833219767 -220394.3800838266 1279436.1199177324 -2421022.8395033088 1281331.2451523335 2759442.693920995 -1491909.8368524157 -459887.5549040204 2821431.444402915 -327062.02345293254 945689.3722071187 -881958.5068059436
-2053836.1547552755 -1453381.8736286894 -1873965.1281580245 -1400757.0697508305 978442.6822998486 -1458629.8352306182 -1958609.1359065499 33341640.956663407 -339791.0927958524 338115.0477724973 281658.8280503133 316039.9458893211 -1648349.2709148144 204159.80885054675 1089903.0746567317 1245201.3115334166 3658910.1410396025 -160056.08818688765 2522722.7678092034 1779273.3518924862 26033.397955105305 -436715.15946854354 -1099697.2997745615 521422.1474192094 1428276.8460984735 2049208.9082388135 1038642.6185558892 -2197910.584360686 610855.2418915437 -1724729.7497796325 -528515.6533447398 -61519.2468236221 1107204.6599765918 -304684.89423281606 -602686.6546466303 1494888.918702415 -2076161.509584978 1119822.4323219554 683218.2406358585 1150978.7781373514 221102.59321253028 289223.4684037928 2127497.5368861924 2757259.5355361123 -3633093.1796525456 1009139.9051506162 -1776871.1063699743 -3543162.1841074335 113610.54362784258 762708.6380474825 -1588950.11507512 2760699.3388114716 715383.5583861446 661957.9761808445 153619.03729350198 -123478.39193160237 2302726.9373156787 -1375208.9154597668 754253.6798381642 -1899958.8819293198 1397297.8761476695
-1162858.3770513549 1217105.940349965 -622381.670940747 -629323.7790586617 -1123636.2545242251 -2173596.716324163 -2345280.232502654 -339791.0927958524 34565115.42026225 -195771.027959932 2424292.003016424 -640396.3833483586 -3256360.6611112743 1972630.5637239255 -212936.6415227764 -1082701.9389635879 681870.607522096 108243.61980416233 3913.6633215795982 -147800.73385564392 -547906.6978678 2333318.1312471894 -202339.7737958273 -5264068.473149156 375678.1901268325 1619947.8183088168 -1468538.4801157569 682376.5079040859 42420.06592423836 2720291.705844455 567469.542014644 5355.199524206318 411708.3323969197 2201320.684553611 2093465.432952838 -1848267.6831870002 -2791505.8673126604 1018008.3006195959 2154374.123005078 1677938.1664930177 -1992874.5490484582 -1751600.2163557513 -443107.5551413486 611167.3412098371 -2000227.0143547712 -619850.1727657269 457809.23051129305 1096458.2392730138 744186.7426531425 3050467.9592127395 -1923951.2065840254 740485.7788714296 -2287485.3717290475 4134003.308782885 2656705.477386687 -1517081.6477738605 815750.0789773172 2730453.970539639 735663.6388072262 56987.4145531823 -1714022.4380290317
2861177.8443562426 665737.1776881284 1228996.4349482525 -272205.14624189556 -1893259.8873896324 855090.0204915525 -2315961.015015127 338115.0477724973 -195771.027959932 33984441.90499405 825061.3247359662 850776.5318236272 697996.7123548917 206395.40305520716 -2138634.797511074 2754859.122559672 1709817.1223878688 -640068.0042674306 982657.861499784 -455827.55085410574 71007.60268452247 -334911.24972608814 3229805.618040346 2159367.4549432164 822947.1542274264 -913995.8546900005 -878536.4330070938 -770597.7993755518 -2532631.821982054 -1004646.083270458 2263770.3853370906 421481.5553080734 -2446567.4875280014 -259686.1076258362 -101235.46063392611 1530741.5149424537 -1639793.8218451412 459928.2336186613 -1876384.8414489669 -256813.0981294998 -1126395.702354893 2922924.578337775 -1935380.3567014511 1436457.276769469 1564078.0464099147 -1942062.3146792606 -1931796.8738163689 -3708970.4607829656 -994212.1733705603 -1373793.3235630714 -1435122.581956782 2086237.751209024 5313.1768130219825 -122601.1486631248 -3632506.625183026 -957041.4047272367 2315618.805363301 -821336.2635526406 600129.2124705163 -2421334.6319895834 1477737.698692821
2776550.8021132452 -909634.4619708417 1444939.7018524942 3517020.9911557157 -306050.840293643 2516291.542346784 -1081882.6591334012 281658.8280503133 2424292.003016424 825061.3247359662 33397278.82311997 3346608.1853797412 -1979753.8552087275 -1600164.06455226 -1090386.2637474902 -960863.0732210107 -579985.4220845714 -1173140.9942682036 617839.7483069535 1004328.0373619867 -479253.3247143026 646892.701887864 5000218.757635737 -724572.585140617 -874900.0506599941 -2394065.785949576 1279416.317361811 1871708.9591652942 -2139136.341827113 -1861896.165848739 707486.7839597256 1509949.9726172315 -3272891.5022516125 -2064175.2229234965 -180517.04712324226 -2052039.829366185 616796.6736564127 1778955.620018056 -874435.4635088639 -273923.3129833627 -2963674.1947143595 -2102813.137596723 -66741.33570751634 -152374.63765217617 94024.1467904701 -1619217.700729932 1598289.4039916047 -693946.1782581827 2263352.8375301803 -576132.5244064945 1794888.3075744342 -41353.737363149456 1561798.8803642904 717141.2998380243 -72682.62856748363 -767336.6605200906 -1185868.1986096152 -2044897.9932879042 570995.3235576308 1479875.5976124082 -1061349.1238554472
-332493.2131758907 536243.1221523081 1260134.7219304799 3510638.7203068193 -478005.72796576074 935468.6963452246 366623.69366466725 316039.9458893211 -640396.3833483586 850776.5318236272 3346608.1853797412 35383494.9863482 -1040322.5573845464 1260434.4250977277 2502455.2967629842 -1975856.3072890316 2867911.330342744 -2018343.5711683482 880827.9692074087 -263086.53244034294 -1523443.669106985 3569443.3557223813 344822.09665511036 392585.13447720604 -843285.1552291096 483.0756974122211 -962758.3290174017 -1251537.2195853537 -591010.3617458878 2378982.2086955737 -753525.5909708882 1218170.047901302 -646792.8708214959 -3481875.053750994 1471649.3831164115 -3092363.6163739422 -572187.6102470839 2836698.371125625 -490297.3641307321 -1873086.7360126474 117431.57734043726 537689.4770931711 358201.2480852968 -913982.8988113154 604423.5452675765 2397160.7974821716 1468704.801345858 -492493.37886572577 1283414.4681905329 1263482.8470621458 -1044711.3823755353 871800.9076414681 -882040.0235880911 -662325.6640656011 -523249.6979884955 2363800.407557736 -381176.9920464701 -2430610.8336345446 -620803.8331562681 -120385.94130808726 2144588.0370005076
-311349.3275261105 -1867054.1854895283 2115106.5920002037 -831475.2017138345 -264463.64872918825 3165644.2980661993 -55863.028781572975 -1648349.2709148144 -3256360.6611112743 697996.7123548917 -1979753.8552087275 -1040322.5573845464 36159991.04937388 -1443416.9563047562 -125573.92795057538 -2715273.729263469 -1449395.3224089774 1539507.7944944089 -1002206.1573884053 1169246.109640508 -132143.2888738194 950881.1374264684 -396174.3160882452 972753.0415427691 -277185.518001337 -959301.2205667753 -2460335.7309437245 362588.6921138937 -1458483.8621140728 -4573244.337367417 -1591307.9421087522 -1609826.1764990536 2948553.0899913404 583841.4951128772 -2685523.8869497483 834347.202674091 2525801.428623925 1270800.5713422522 -1602327.2552495874 -1032665.9491917365 -76779.79108961836 -1479379.536203186 3872.817319698717 1365189.585929452 2038885.8398795594 -590382.6825759409 -3039047.203208889 -416618.40844762564 -2741890.7274271445 -714235.659962527 360984.21756065293 1939381.9041006246 -3063018.8229456553 -1402457.0003889326 -1063639.4507070729 -1321752.3107058476 -709698.4936058724 -118128.68183193193 1303708.9017400504 923402.532428436 1636087.0021372486
1462374.1520741517 -1545426.5337995917 -898751.4839754652 -186485.58562120673 611739.314043572 -991886.0201383388 2888699.261255459 204159.80885054675 1972630.5637239255 206395.40305520716 -1600164.06455226 1260434.4250977277 -1443416.9563047562 34853553.82111301 1272631.8651949945 -306311.48582909186 -1164768.286040011 -261723.43766048667 -1532795.817458773 -851447.796746782 2797164.7345736166 -2349617.9305597693 2577020.054051687 -184850.29492973356 -2822589.686416817 -647408.7408355017 -3005878.048653475 135710.8763405401 -1588630.6433993322 -499571.27700585005 -1080661.61821697 1945221.890444119 -2828842.507818439 -1688375.1704889059 982099.204208388 -1485539.8588591975 -1341544.0152834188 1076795.3084536425 -360672.472362062 -54620.43094680715 -1268182.0444386574 -875801.6961735836 -554716.5477524612 3257763.043654829 687230.6408686113 2306667.2290835464 -2563668.0532635986 70974.09287048047 -445018.0741031256 -717938.2432480182 -646671.5672918899 -220974.62619237724 779159.3956272891 569003.5992379348 1489936.7465530857 -1707537.9074731863 -1365774.9433750678 2187542.09267382 -4028553.738392583 -1023249.434629404 787202.1259969776
-2579281.8674553465 -1542133.32050337 -3073625.495250082 -1342116.410912233 2479777.04158993 -787841.8423116048 -763760.5030752209 1089903.0746567317 -212936.6415227764 -2138634.797511074 -1090386.2637474902 2502455.2967629842 -125573.92795057538 1272631.8651949945 32836011.747055423 -1560937.2941819038 1155524.5772802264 1815911.0237970639 -698318.7693358674 -1339402.2798202855 1404871.4786721354 1899654.0797813158 -1229932.7490431338 -1295296.3808917478 -1238212.08445375 1381377.710359839 -1381199.970710685 -1396174.9432069778 -203982.8079963707 2398964.017693128 -1755774.0072088626 2707566.7230830905 -639911.0377440284 -668771.2999384882 940586.695070197 914949.5979626008 284197.1204012558 -1612618.375412933 -342435.1725938502 -2123370.8352487227 569844.7039585216 1037352.579258397 720443.5668575786 -814505.876491951 2263594.7500083908 3140101.703520379 1628221.3688536577 -847183.4679297432 3064615.917921795 3183119.3862904594 -288295.8779145448 4785397.970515321 1225659.160983492 -657757.7526571914 4399669.765757767 -1624558.9396284416 -1527506.5660296627 -733051.3081135988 2283113.4574924824 -263154.06785695633 1610367.6978678594
965732.9351879875 901096.0279610052 2483435.6616109964 1382754.2152192201 309904.0229322709 589678.1912153334 -742385.2994835861 1245201.3115334166 -1082701.9389635879 2754859.122559672 -960863.0732210107 -1975856.3072890316 -2715273.729263469 -306311.48582909186 -1560937.2941819038 34322961.25415376 1205803.0541497022 1556866.3172313669 -1981836.70765558 -1922486.759600736 -579839.6010410993 -645907.623598598 -3293019.4983993475 1525728.8279515635 -681243.710306109 2536987.8872652464 -564701.3618175156 -1343916.9487349924 -1963781.6440791097 -2560260.0423144614 423790.2799336805 850141.403543147 -1163242.9135208305 -1565530.7991369981 91175.26264016102 -607196.2971150653 1881579.8559887283 -647821.1805699193 716165.6509285846 1031403.8651364018 731839.3226691308 -844189.1629753349 -2119044.1219011107 -616506.3076419331 -1577188.3958971377 -54364.61577405731 2260189.9769573426 -1057116.5730214394 2458726.2121978584 1510934.7350968125 707788.5365741008 -1919567.9935954202 -2116076.341632701 530194.8251437944 -1892162.8893401618 1323461.6158088034 -1871222.078926271 399403.14735137665 -730431.7078460384 -2219128.4359738473 -735015.6887123291
-404600.1216810651 -866795.3408619968 -858989.6152830453 -1940340.6281325738 -653090.5182742558 -1557532.268841705 1259795.342568035 3658910.1410396025 681870.607522096 1709817.1223878688 -579985.4220845714 2867911.330342744 -1449395.3224089774 -1164768.286040011 1155524.5772802264 1205803.0541497022 34052781.24415006 -1232045.5410580896 1648360.891174275 -727584.5056940026 -3201174.550445227 1018799.9148219366 -12772.028914545233 -61843.674049896326 333476.61386186123 -1953791.2891395977 -51724.324711635214 -941647.4135747405 1091523.2157350255 192637.96080064162 777202.0502150411 -262463.90634056256 1584511.7942076917 3085720.2216602825 589689.0588476264 -60498.880023128775 1553875.9110551386 1375693.053251506 -1112119.7536057376 174974.5155936009 131251.89600769285 -3842179.728487125 3406240.5281841154 2095001.365983008 -884738.3294472477 -457789.98932028946 1579929.9308521377 -2167032.9089795635 -917459.787826865 1194164.5025575536 -1508075.6764066105 -177494.27798116658 -1169676.530616635 -750794.4608613766 1116929.7423371791 977607.841654667 1519099.9156883613 3730354.3016625633 -2574496.0859832414 1298137.791012298 1628193.0793522275
-829476.0429967019 552489.3454167321 -1139206.5278993873 -329376.3172659227 -1195478.020028425 1874380.5025504604 914063.7981918537 -160056.08818688765 108243.61980416233 -640068.0042674306 -1173140.9942682036 -2018343.5711683482 1539507.7944944089 -261723.43766048667 1815911.0237970639 1556866.3172313669 -1232045.5410580896 34968070.87803243 245865.48575504354 -415599.005232624 -2038302.5450787016 -374137.71020147623 -1072150.5916788178 397353.8359799058 -2204930.3627396184 -2241005.549814103 56999.81621860656 585112.3180501013 -2110075.149827842 -427440.1277523731 2872790.163234784 2764820.7114971527 -514035.13130679267 409291.263452043 -3483408.0811610147 205523.70332973398 1476774.5170630543 1305084.3753172492 2497380.7680492722 263254.3365254814 -3556633.319186172 637173.8101696946 -201873.73904961644 -1631821.2825924966 826959.4268710143 -104985.7436786346 398274.45927865314 1066716.5234463806 431644.00726426527 -1367709.514516194 -29842.781033713665 -1022957.9546423783 -102104.28185665353 2174744.182663011 -535940.2912758015 -1209040.439341657 -2727532.0562384683 1249291.1875728278 -2393720.5042349463 -1248096.4801944168 921310.1716111365
371579.73267105257 -184853.45792294503 -431508.39918059943 1725307.506221008 -2146670.474517074 2282706.248803669 -1200910.8294658416 2522722.7678092034 3913.6633215795982 982657.861499784 617839.7483069535 880827.9692074087 -1002206.1573884053 -1532795.817458773 -698318.7693358674 -1981836.70765558 1648360.891174275 245865.48575504354 33900898.25496201 2206087.823934001 -3267124.7623511706 -2130449.948320665 -541779.2268342309 938245.3186384946 545309.7216132933 -2417155.0788952783 2838506.4747416163 2716327.137784269 -257083.80106515475 2168922.9492227254 -1264065.660598669 905852.2676099425 1279840.2004652678 -656356.6300710979 955895.111079096 -441254.3510308048 -2425360.506940701 -495714.28545930504 2465602.131705757 -677947.1997909312 2394264.3299628147 -953992.9408515439 -822342.6757734609 -486049.5316277055 2197601.2180213546 -4142408.270564124 -61132.77549588113 -4359289.366174982 -1411449.3265714531 1227203.4190765377 -886398.3335879672 2211236.624301483 -582183.138811508 -1095653.9082140154 612033.6243805247 1596694.3630660912 -546433.9763930184 -335106.4325266727 -372893.98910801247 413898.36564026435 -1536105.8318808507
-2067980.2354710458 -488009.13047854125 -303704.4735404775 834027.1423395986 1937890.0654841864 -2719431.252720988 3065797.6438000593 1779273.3518924862 -147800.73385564392 -455827.55085410574 1004328.0373619867 -263086.53244034294 1169246.109640508 -851447.796746782 -1339402.2798202855 -1922486.759600736 -727584.5056940026 -415599.005232624 2206087.823934001 29746412.41944173 2523873.2235574927 90903.28716397705 522877.2896375463 -634722.6233616675 1489900.8507009258 114058.37732579398 -1727332.7024053189 271473.4956855761 2734144.3231247095 1683157.5818299458 -1723932.1535208167 -963109.1138870922 -980527.4749126238 -1968214.0625989651 1318504.8972677316 403759.0790637467 -247811.20205121287 -1705057.0652283644 -1218438.4386559725 1428587.1621672257 -610009.5853551223 -223540.90981839912 58229.62861369455 -1544739.3457610828 2043021.6462286885 112342.28942176768 184441.23045612432 -2370271.4096430005 1209322.8638915156 -760608.6187335891 607198.3603312116 3517801.541463885 445885.9569181636 251824.97837929576 1504533.5237320827 -2499101.6176241627 416233.72181420383 -118681.6618829403 687587.2437597899 -1646267.2749390872 270917.42211199756
742022.0318148829 983758.4121723872 -3185153.9988326137 289639.3469311497 3154817.6813083263 1874302.6867594735 84985.37474221217 26033.397955105305 -547906.6978678 71007.60268452247 -479253.3247143026 -1523443.669106985 -132143.2888738194 2797164.7345736166 1404871.4786721354 -579839.6010410993 -3201174.550445227 -2038302.5450787016 -3267124.7623511706 2523873.2235574927 34943539.69664399 -228809.20640307476 -1537986.4062375554 517738.34071686224 -780050.3910041508 -1445273.0300509902 -1585550.7644958168 821504.5277718236 646981.3930268958 -260786.719469923 -28299.456761974358 -28600.152187538337 -2894591.124368304 -121248.77122324936 -1271042.274636765 1486272.903232068 -427919.68678896886 -838041.2186408456 -2288056.5246285163 -422285.6168962589 -422648.4080202285 2230087.5625382666 -501003.1248229396 3037597.554882613 -328781.8293232566 1881935.8260481167 680753.7575052866 -1386692.0524396175 -1087000.196193695 -158354.28138747907 -544416.3962534289 3832254.1821674863 3522270.958531837 -2138039.2324746083 -1531791.0565572318 -427404.32575375814 1004370.8159018897 -1345416.6088453322 2553203.8596529616 -2529770.3069957346 -1738384.5477749854
818965.3111161663 -543817.4719973776 966184.5741348952 -1170749.1314269602 -359378.0287353417 1080262.2680850755 651622.5583706691 -436715.15946854354 2333318.1312471894 -334911.24972608814 646892.701887864 3569443.3557223813 950881.1374264684 -2349617.9305597693 1899654.0797813158 -645907.623598598 1018799.9148219366 -374137.71020147623 -2130449.948320665 90903.28716397705 -228809.20640307476 30424694.032115757 56640.33392659232 -752927.1836368239 1881268.5012367838 -2015934.650733917 -4191458.3717455543 394357.98142039526 -2041793.0835974358 561191.6180692095 1541044.2616219583 2297112.523113901 -255499.5267318946 -2304528.9362792424 -936189.6381366485 996514.281875095 411131.40869412886 -956893.5421940064 -812912.872303902 -650387.7507452822 -1290850.4809363254 -1863524.44683231 2459941.778417828 -1453503.4478601797 -1742455.3577847637 2607298.5723897405 3010914.802216939 1354656.1768381184 -7687.676908440913 849576.0778359196 979833.407159841 1001655.4714035322 -2594993.771103016 3795894.9712547227 377285.103449318 2915162.6414584685 -1370317.7302360157 -484790.71038644225 120382.4945500588 747856.0701597099 -443405.3896201902
486638.59512669477 -694420.0832417377 -153768.7182480936 -1345186.8533435077 306599.9463302863 1863838.3615481074 -369703.94627250935 -1099697.2997745615 -202339.7737958273 3229805.618040346 5000218.757635737 344822.09665511036 -396174.3160882452 2577020.054051687 -1229932.7490431338 -3293019.4983993475 -12772.028914545233 -1072150.5916788178 -541779.2268342309 522877.2896375463 -1537986.4062375554 56640.33392659232 32643180.750389647 -2813759.316846516 -1324416.5754018242 302099.37638872524 -231888.45724501164 2142077.624408093 -358501.2645314256 2937760.8483990408 1772140.898149277 -2419457.268927387 221589.0767500674 -1982074.202074089 2260033.0180939287 -3194332.946280504 -1482936.3952167463 1023298.6061884895 274095.65610498626 -502696.4769981764 -2213391.819166841 1963800.5347554856 -888298.7327346075 1365562.7651916149 679474.4783234372 3519505.4998098365 -508982.82158080384 1070617.869463361 1118864.1444887924 -5788.539732539788 2190465.1117818775 -598807.8400374037 294746.62539984356 231329.61468596206 -3946935.838897248 449748.7740047235 3452138.576449008 45930.2432174222 2078436.5722274778 2732636.1776153357 747477.5230263276
3336999.552545633 172593.59725537288 2006908.927968066 1878160.752795774 -540136.4725375196 -1966100.3872869012 978886.4551142476 521422.1474192094 -5264068.473149156 2159367.4549432164 -724572.585140617 392585.13447720604 972753.0415427691 -184850.29492973356 -1295296.3808917478 1525728.8279515635 -61843.674049896326 397353.8359799058 938245.3186384946 -634722.6233616675 517738.34071686224 -752927.1836368239 -2813759.316846516 31914635.771867312 -963073.8592916063 -1617987.8991863718 317637.9841593011 149073.22072617433 678555.198598881 -3986811.9520041556 3270551.0909102405 -835428.9866006105 2523870.447524657 637986.6244073252 999763.3232926162 -1192789.3801440212 69219.86647713147 2850170.5493622604 1517930.2113311458 -784553.9830073508 1884875.2224457383 3607467.9647892965 -278628.026122129 -1721425.0294173681 1653922.2647267708 -2380393.836380511 -1291895.1375659837 655209.5154087057 579222.8492787633 -2244180.403766316 -2475280.165580856 118622.02223092968 1843598.1876046674 -3854027.754350533 1503391.2787171502 -445999.8467855765 -32602.25544163107 -489772.08176961046 491711.7149201917 1288268.8667493698 -25052.667124377436
-1227218.016490943 1210384.479756579 -1261581.011126859 -1380844.96478135 55947.152304690164 -238177.07634306193 107854.38680910386 1428276.8460984735 375678.1901268325 822947.1542274264 -874900.0506599941 -843285.1552291096 -277185.518001337 -2822589.686416817 -1238212.08445375 -681243.710306109 333476.61386186123 -2204930.3627396184 545309.7216132933 1489900.8507009258 -780050.3910041508 1881268.5012367838 -1324416.5754018242 -963073.8592916063 33144646.534647223 -1590892.1097441562 1411643.092135726 -1080181.5339759772 97255.54906554802 2306159.4795664507 4078094.9731382467 -628307.5405121713 -1877502.6712404229 -392402.3884322761 1758310.2483089047 2436941.453709812 1910791.3087298004 770035.2426904353 467618.07716098975 -2475354.708199472 1191836.2151640176 -1453410.1354111172 2821351.1571647166 -1569216.51822936 -4409485.860979841 -1267882.778565495 -1738837.2011973346 -437280.06283950445 -1760529.6244668395 47787.22780853933 -1974300.0125282023 547062.7019690836 -1437036.0017227407 739751.0140594215 -735782.6828447412 264856.7303599288 83619.4836980412 512236.34812200326 -2931929.1299048155 -1925633.797869375 -1713265.1664213939
620710.1629137439 1264151.7111046787 66043.90087044278 -1271185.8968728646 359517.96084934147 -2949186.467617092 238723.6666262737 2049208.9082388135 1619947.8183088168 -913995.8546900005 -2394065.785949576 483.0756974122211 -959301.2205667753 -647408.7408355017 1381377.710359839 2536987.8872652464 -1953791.2891395977 -2241005.549814103 -2417155.0788952783 114058.37732579398 -1445273.0300509902 -2015934.650733917 302099.37638872524 -1617987.8991863718 -1590892.1097441562 32472775.70835313 1366707.476251978 1733679.4677331555 -315676.539171081 -589769.4345696516 -1779659.609876283 -183198.69360812558 -1750380.5445021605 -2365357.476779555 -439349.0071112636 -1549720.1017929348 61477.91398187036 76618.75141026723 -898894.9901869508 -1827636.6135710054 1408173.658460427 1730853.4020653535 -3306572.8243378117 -267048.4468336072 -1873670.2085773102 3501269.5392642496 968145.7304563278 314528.5942308745 -779654.7765104483 -1227330.755578283 449651.65292233875 -1152662.259204325 -668598.1520813355 737284.0824394876 902310.7514777425 -707033.4305784099 1682760.4051785083 54632.2117905122 1054333.2483945023 1092166.9095895344 -916181.1322446514
-224032.88150992544 3393920.657448571 -3044848.3868570896 1900765.0820388407 395370.9750459898 1034182.1452530512 -2282206.4481010353 1038642.6185558892 -1468538.4801157569 -878536.4330070938 1279416.317361811 -962758.3290174017 -2460335.7309437245 -3005878.048653475 -1381199.970710685 -564701.3618175156 -51724.324711635214 56999.81621860656 2838506.4747416163 -1727332.7024053189 -1585550.7644958168 -4191458.3717455543 -231888.45724501164 317637.9841593011 1411643.092135726 1366707.476251978 33602284.942266636 2055124.5663835497 542595.9372341823 871276.1326940836 1000000.0158340356 -716633.2981854948 1827945.1860537918 -1823080.9481244907 -2129960.7712095897 640486.1838616065 -2230474.915785678 -1800150.8699385328 455731.68703382206 1534770.1544514273 -276472.940071367 -38917.74817150532 10466.886468416391 -677885.7620791683 1515452.3791121533 1035421.3018215583 -1124580.5922640418 -295972.2314955288 -898297.1062203977 1089742.444783382 222323.58904430005 407193.87851222133 1062846.2879111618 -1540259.8565321437 -350677.03377674695 -592766.5705467052 24688.631958353682 -2253338.79104972 -2413332.168538305 1702980.6373000243 1518953.3424616584
669485.7216572381 -1051736.5461225922 -1120627.6136400602 -591502.589322223 30210.945805383064 -1150568.0933097193 -703215.0936027134 -2197910.584360686 682376.5079040859 -770597.7993755518 1871708.9591652942 -1251537.2195853537 362588.6921138937 135710.8763405401 -1396174.9432069778 -1343916.9487349924 -941647.4135747405 585112.3180501013 2716327.137784269 271473.4956855761 821504.5277718236 394357.98142039526 2142077.624408093 149073.22072617433 -1080181.5339759772 1733679.4677331555 2055124.5663835497 34397058.109897666 -2984531.0630110013 3518436.167937163 -2240941.6308126394 -1451701.9507552276 144831.37727958764 114398.6227490002 -1191033.718536292 -1232247.1102842258 673865.6482048987 2037615.560614732 1423216.7074422946 683118.636688597 51294.55221095339 1828003.4566271482 -1964655.9120255772 152662.8069204502 1447957.3878577813 3411787.4190407256 -970895.089337306 570236.8243408834 822811.522527317 451269.6868506995 139160.31402064872 376560.1439163068 1157982.333093612 -166990.7820700163 -2194251.135365345 1316268.2772474035 -783675.8627035194 -1044308.8233629628 1391076.8913567613 2161096.873480371 -2055048.9909245723
245296.27751627885 799745.4131326588 492322.3734763885 -1242947.6121281914 -95753.80478777907 -1479915.1020233305 -444629.21493406984 610855.2418915437 42420.06592423836 -2532631.821982054 -2139136.341827113 -591010.3617458878 -1458483.8621140728 -1588630.6433993322 -203982.8079963707 -1963781.6440791097 1091523.2157350255 -2110075.149827842 -257083.80106515475 2734144.3231247095 646981.3930268958 -2041793.0835974358 -358501.2645314256 678555.198598881 97255.54906554802 -315676.539171081 542595.9372341823 -2984531.0630110013 33223737.18024926 -307280.15546024824 -911696.4663670777 -239650.36890552434 643235.0702661946 -1952816.3684679975 -2090130.069209326 -616204.0475830968 -2745132.1909638736 -1466592.4224003395 1594581.6582033148 -1327530.547691728 442789.58448228316 -321068.3606674114 -2250374.1553691537 174153.12160669256 -1760151.8232808746 -525762.5925622374 -530254.926929393 -2127438.756003824 -3015923.202450564 39934.84709591597 2065300.3763006276 741051.972322128 2126004.037859736 1686231.6259609978 -2535010.421071465 -208074.74230162858 984178.465106783 -1729016.111698816 838982.0067313351 -841853.8789300735 2226999.7353651277
-1900509.7902369343 -1928952.0053670518 -686789.8628688657 -134146.13011027646 -921272.9825627444 -2312527.327486613 972730.741169288 -1724729.7497796325 2720291.705844455 -1004646.083270458 -1861896.165848739 2378982.2086955737 -4573244.337367417 -499571.27700585005 2398964.017693128 -2560260.0423144614 192637.96080064162 -427440.1277523731 2168922.9492227254 1683157.5818299458 -260786.719469923 561191.6180692095 2937760.8483990408 -3986811.9520041556 2306159.4795664507 -589769.4345696516 871276.1326940836 3518436.167937163 -307280.15546024824 32837154.53871867 732355.1715711091 -1793911.514796234 -769919.0586051247 -823142.9083821325 -1141425.4392671364 1072141.8556098503 -4446376.405910132 -699183.837820378 -20020.62746212362 1220641.8128462913 -1832039.7333768774 -1021168.9830458412 1177778.5781938143 -2650359.2973159864 1257547.3827966333 -95588.88669038514 1333561.1844319273 -397066.4024854309 1350371.3367433308 2605115.6418710956 -2168701.481550573 -180126.5408889883 1804102.1097612078 1318229.595405318 2565791.483963902 -207620.31238417976 -1805033.6160370342 1876744.8242914751 -1846629.097073499 672825.0057419869 354428.12408659636
1464699.9465442905 -1059466.5621279601 1439799.673653736 182543.20624320768 -362148.74517567345 2090093.7101345842 -473608.45283721655 -528515.6533447398 567469.542014644 2263770.3853370906 707486.7839597256 -753525.5909708882 -1591307.9421087522 -1080661.61821697 -1755774.0072088626 423790.2799336805 777202.0502150411 2872790.163234784 -1264065.660598669 -1723932.1535208167 -28299.456761974358 1541044.2616219583 1772140.898149277 3270551.0909102405 4078094.9731382467 -1779659.609876283 1000000.0158340356 -2240941.6308126394 -911696.4663670777 732355.1715711091 33444269.146117985 1775455.8500870035 -1064033.080573039 -1956506.7780232853 -387522.4736677621 746317.5170390448 1868139.4991454408 -467991.0310756344 1645199.205663217 1055928.454685214 -3860082.186642209 468186.15046906273 1314483.5375654462 912861.0345125262 -2966471.532816242 -1191500.558409836 -1885796.8439346068 -3681130.577665527 -2209729.1286213794 1519274.494885868 14475.089731864473 -1821473.693119237 1554194.773825827 -1582100.0689673116 1602202.60229543 1343724.4607044084 713676.5849569321 2144768.4140016134 -3362925.5389537737 -1919404.2896943022 -3693216.3612811673
2521123.624852407 -594312.1733920752 494985.8496526944 -1636459.7748498868 1410427.7980951378 145055.4938651132 -1273482.5002224133 -61519.2468236221 5355.199524206318 421481.5553080734 1509949.9726172315 1218170.047901302 -1609826.1764990536 1945221.890444119 2707566.7230830905 850141.403543147 -262463.90634056256 2764820.7114971527 905852.2676099425 -963109.1138870922 -28600.152187538337 2297112.523113901 -2419457.268927387 -835428.9866006105 -628307.5405121713 -183198.69360812558 -716633.2981854948 -1451701.9507552276 -239650.36890552434 -1793911.514796234 1775455.8500870035 31969399.78375416 336858.53235257615 259457.35266364765 1644041.039388442 -2410734.6873939186 -1421060.0588377533 -444743.0300748073 378603.1915467292 1256333.203549581 -62535.65774339048 -2034071.1004160289 749904.1595330216 203752.11372629265 -1157575.5139538941 -190188.49339689096 -1132223.9559386387 -2084308.0949154887 1239676.8174433613 240685.5332525966 2258128.385187155 1805597.615119047 361106.58343654976 163120.5985341958 1936573.5107065386 64280.969712535254 -1492412.0311531697 1923441.2248616621 182121.81681717845 -617988.0221542256 -915846.2297805869
-1723659.4349268074 -152034.93575217272 -535709.8561967968 -70054.20562844824 -426141.45618184516 1149585.2662833568 1740366.2519951607 1107204.6599765918 411708.3323969197 -2446567.4875280014 -3272891.5022516125 -646792.8708214959 2948553.0899913404 -2828842.507818439 -639911.0377440284 -1163242.9135208305 1584511.7942076917 -514035.13130679267 1279840.2004652678 -980527.4749126238 -2894591.124368304 -255499.5267318946 221589.0767500674 2523870.447524657 -1877502.6712404229 -1750380.5445021605 1827945.1860537918 144831.37727958764 643235.0702661946 -769919.0586051247 -1064033.080573039 336858.53235257615 32841973.516525213 1600505.6363705928 647284.4778957582 -5859692.88320423 -348425.3075372038 -309911.81548450375 3336984.7551443037 678988.0074055396 -2929507.6716518723 -1030054.74828135 1028793.4573637175 -567276.7163484154 -1225114.305522091 -2208129.24295943 -2897602.618720719 -250873.31417266827 144366.76420768982 410908.1604945172 -943048.9038462754 1445049.3662340597 -576243.773287741 -3270653.3304770985 -931876.2292685455 -784734.117116332 2306070.2214756305 -63635.01074144406 820815.2489482067 1839705.9419233669 169320.74100731572
-466642.4830115166 -1811647.3834688314 66938.91923268812 -1596462.2881679635 1272977.4027752825 1195624.991723577 -1606155.8042146903 -304684.89423281606 2201320.684553611 -259686.1076258362 -2064175.2229234965 -3481875.053750994 583841.4951128772 -1688375.1704889059 -668771.2999384882 -1565530.7991369981 3085720.2216602825 409291.263452043 -656356.6300710979 -1968214.0625989651 -121248.77122324936 -2304528.9362792424 -1982074.202074089 637986.6244073252 -392402.3884322761 -2365357.476779555 -1823080.9481244907 114398.6227490002 -1952816.3684679975 -823142.9083821325 -1956506.7780232853 259457.35266364765 1600505.6363705928 31026819.68657655 1071313.8884921616 664254.2556472659 771227.2557393729 1956433.1588541602 1043451.7641343354 577019.9471564208 -1029499.1168487043 514256.23753774766 336784.6028259139 76262.5432992789 -798052.4387402519 -2214561.617046463 -1492147.5488571147 -148459.6966416164 151321.4876011201 221180.27119216794 587405.9586093253 -505220.86096944025 -2746103.39469123 -3356984.254068115 -8783.028196338631 317957.7899805597 3486739.9081156417 1722848.2931822382 -396438.2524583355 -1553094.6327540474 -934283.6817527259
