38703359.60264107 2807916.821751844 1753988.7752502803 -1890771.574250616 2288850.8283199635 2373936.688224618 10965526.433253445 -10251177.810162595 -2017086.4945471277 -3322907.0072122496 7159001.982532254 3172606.2232896737 8081860.114972124 1392242.4803477735 5482141.675584152 -300842.1567725943 -2620364.145521944 5404307.593389938 7160132.446754958 3315821.041876467 -4878838.189210406 6057532.5508318115 3562614.7173515414 -4217191.0168347005 -918545.8327911448 541605.3415635503 -2839341.2509355685 4768495.93528324 758321.7064465265 -1367574.0280760855 -2365059.4458041755 386684.8704546325 5169805.797286682 -3563821.4746140623 4048211.2326999414 -7880093.186534267 3430547.2574559106 -2331491.8487434853 -11992899.030125823 -9032736.751737267 -6981329.802501499 2150399.9462486054 -10126836.231655948 4659105.225560302 -6079411.32813353 12345471.958253585 -636240.8505982544 251958.84624580343 -1818783.4074680577 -9584735.503994364 -3651092.9311580895 4859429.072675663
2807916.821751844 25747787.729927454 -1159436.1379814895 4342137.39267985 1103468.8228511945 3901448.168911412 -1868538.0640507268 -1341205.8534657224 1798190.2672576099 -2739270.6553914477 6175454.972462233 5365779.178957339 1905032.1427386538 4949531.978188297 4603635.859715751 -7682783.543721635 4340889.626909457 -1404402.3213606407 -3577563.340360682 7777783.608285873 -5089074.768309242 4378743.247972569 4153226.1558222375 -1668503.9261045894 -4344050.610120368 -6537757.38735355 -1376835.5708124612 -6375843.133607435 -2411867.1323906234 -963011.2144500363 -4521194.249981682 2584658.1080110893 819808.2501518859 -2662323.8001292576 2582059.1444170345 784194.7519268314 -3688140.7656280715 -10190416.659699345 1898211.5450952342 1514876.388308795 4451132.29952667 -1541328.478607307 -1278402.678387957 2533854.8846302056 3137763.08362169 -3890231.140839449 -9949954.706448566 -8762774.449263653 1773334.4395735601 -2783726.1921124905 1918429.05508137 -1051096.0341432604
1753988.7752502803 -1159436.1379814895 34793433.937733695 325334.3271189859 2483556.4145437228 -6384473.609713285 58136.07237262229 -2315327.5759027307 -2775515.658021632 -93868.70181455355 -9554833.335413449 6065587.562429908 763891.7158010182 1729022.0777132676 -4218737.977182763 4900975.971284614 -8073807.066200514 6072366.750788911 155192.42711266133 -7618118.890835566 9614767.940792913 4592201.800428256 -5072805.063304355 1574360.033573036 -580101.7387324655 -1656492.9803702305 1928951.43629345 5909830.93807882 -3938894.6039864356 -3771681.2124717706 -5082365.876131884 1602368.3044231478 255161.17294464642 -390387.64729695517 -1905263.6626980053 -7140976.01503269 -4667836.549154971 1484195.9346672168 161217.61616727873 -675439.5293207599 -1874852.127122687 -2480112.0227717627 -5744529.8571655685 6168626.766464534 -9475477.761947894 3273322.900812508 5538143.842146992 -1616358.7915857083 1949741.8578447462 -8667918.485865247 -5133420.009709483 6547108.540357242
-1890771.574250616 4342137.39267985 325334.3271189859 36123567.08246773 -3107869.302250886 5751254.976437837 -1299455.4120922606 -4019544.6421279954 -2608198.621724206 -5153161.977758103 -7683082.482344744 -651976.3751399994 2092186.402506397 -5204069.948154902 6343987.159330745 -3070148.2989799157 5038279.366531438 -6599836.542348028 11174676.756298464 -6994056.367940083 594351.0111131703 -1568355.5700389491 -353155.7752304568 -9077470.365113564 -1964999.2892800493 130121.88655450361 1303110.4491164496 -1138598.1670781095 -5681884.29799887 -4720362.088966634 -8737063.322901782 -7037530.483949764 -2744845.4758792724 -5301737.081284329 -9399180.234965054 11081110.144093405 6443399.631637944 -2203147.1504620207 6869607.849650565 1627236.2064765848 504506.68849684263 4424359.305597153 7796764.47019252 -3987592.3930069553 -76715.62679719589 -6385186.143477196 -3556651.1943893107 6990168.288885088 -7510135.562750643 1165980.0561377704 8940674.326358179 -3428656.600568489
2288850.8283199635 1103468.8228511945 2483556.4145437228 -3107869.302250886 32059544.712297503 -2446690.8751969365 -5893161.905503784 -2457845.905416476 -3290200.2225655396 -3904307.380722501 5947203.162082672 2299110.00944054 -999582.847545147 3208725.902593633 3725954.76369527 8213284.280606288 1473481.4790199455 1723074.0476386792 925846.3248392331 4284919.064097341 11281534.970195072 14134.99831208388 -210908.56728576595 -68839.63838013468 2364749.8694648556 4286867.07854368 3458588.880532919 -5512469.88318545 726056.8920983251 -4282069.660110988 -3903637.4305545874 -3500821.4050586806 7030745.882676168 1626211.4874492076 9674952.148195548 -4725551.406490251 1941641.6115704915 992833.3493907471 4439066.985762807 -4182355.0677949614 -9587969.667896805 7334574.278442143 8688.561625540837 -2884555.4272563686 5396288.719863872 -944065.2733714425 2662288.44157559 -5445552.663640802 -349004.24340901675 -1699379.4953355752 -5640170.063199611 3533877.2423855737
2373936.688224618 3901448.168911412 -6384473.609713285 5751254.976437837 -2446690.8751969365 37719974.43312944 1656246.8983971516 -8260154.232022913 8350085.605740356 -6691337.071153309 -188321.34438858845 7061663.722887422 -6787833.427337025 -14687932.825212393 916717.3814882864 184340.5697498911 -351879.2941680299 2814815.2709174734 3441601.29373675 2685331.4090842903 -2439419.503298729 4472517.074427641 -5891942.550932149 -4697163.4505034685 -4899442.335453348 -1347825.3957350287 1031128.8237047332 -5061775.735165078 -3330892.5254368875 -1091475.9316084143 -11712913.731879132 8481317.217280203 -725840.9216623205 -9057366.46310116 -5950731.9436598765 5807680.061854745 -2088267.8133558691 -10040114.257067671 499975.443857254 481139.26357501006 994791.3990539925 2902164.7195371957 -3283535.6718100044 -8443766.483580088 9981857.112384574 6288611.433227657 3344422.1671018973 -1613622.0834357254 83657.59626062926 -1596520.061127005 1623410.3788191623 -1273076.2724909699
10965526.433253445 -1868538.0640507268 58136.07237262229 -1299455.4120922606 -5893161.905503784 1656246.8983971516 40710679.77202794 -4772953.426306567 3838184.535392578 -1803780.38981963 4856573.460141059 7761273.119002195 4550900.49228394 5130113.014276384 -1602973.6520320713 3785495.30871039 -7572539.2297298815 -282435.2538367321 -1980737.566914618 -5725838.565321234 -13559617.386217646 6444702.631382916 -10162958.071663149 -1200725.6912807454 2814193.3686522413 -453442.385466215 -12812160.6295259 9616152.826582372 3705390.80838789 5492725.194527175 772869.8798256007 -5473697.408825667 3110379.994837921 4244911.004982217 8473059.837534852 6931354.637771902 8698186.11615525 -2740423.7064172328 -8913289.386061816 -12140950.040378207 2767743.9054229744 312172.537823891 -10677936.695410836 -6656786.521513296 5146159.394996528 6374075.044287792 653794.0322061267 989935.7474289854 -7669478.608902536 -8260139.223334082 -6746752.512081281 13509686.198699733
-10251177.810162595 -1341205.8534657224 -2315327.5759027307 -4019544.6421279954 -2457845.905416476 -8260154.232022913 -4772953.426306567 41992020.72044474 2828649.4672028245 3868115.5757286646 7073773.866868295 648431.0423408101 -2120677.142826959 10246839.200202188 -5196269.345547174 -6250788.12029954 9619665.124181267 -14694736.729901774 -5032013.477900566 2034238.218323478 3495878.497930961 -2806450.1049112156 3067585.8543146327 3703875.9007517067 9709044.887894772 982702.0327712193 2862937.1159178256 5969352.241190004 -2297728.096888004 -876139.8322376066 15726368.405767774 781575.3458217682 790660.2288837316 7473698.692705763 6262543.010460823 -4188345.805454472 -4103532.320964818 -1183573.4745546945 -8903177.430012645 -1015672.4334403616 5552087.944765964 3720945.902026751 2618462.211939849 -3171297.731306675 -5150275.116211587 -1820044.8706977845 4626650.5150923 6104160.702075114 3662731.4063763684 8265719.248613526 9384080.235120967 5951299.400289478
-2017086.4945471277 1798190.2672576099 -2775515.658021632 -2608198.621724206 -3290200.2225655396 8350085.605740356 3838184.535392578 2828649.4672028245 34390820.5692238 -1405960.0015038156 3467880.5234259097 5230537.4855766855 4187310.0538362097 -2792883.173152107 -2901726.8535408126 -3752187.398146311 10041676.209503116 -4731574.676219592 3190729.9790841355 -2361003.433291338 1910533.976384254 4725331.858503579 893696.3430190537 -3778744.001577503 -4741537.759879843 -7619034.397190758 6569842.680351144 -1153902.567789249 6124633.057411816 6574581.981290923 -1656371.3112143937 -5392967.187797406 -2067433.3517008973 8071704.050051864 7082708.559199314 9239178.007184578 399287.88552257617 322198.69407113374 2333091.863429322 -860277.6869039505 8867854.192740621 -337618.0172350466 -2227802.5656664157 4428889.848228424 4106942.6697963225 347080.06982354884 5121991.409359428 2793453.527227477 2167356.9354616697 6521469.955007855 2052747.9908750455 9011061.852328973
-3322907.0072122496 -2739270.6553914477 -93868.70181455355 -5153161.977758103 -3904307.380722501 -6691337.071153309 -1803780.38981963 3868115.5757286646 -1405960.0015038156 34990663.0646086 -64188.11765798811 -2897960.143299198 1801588.915121607 1737805.4031983423 -282082.0383063994 5529154.339186166 9884952.660283027 -3954341.2750204555 104139.52465339433 -1564547.437049082 -2716497.528278379 -4569005.017638822 1650804.0089506258 -818292.3948549976 -158390.63766920604 4963612.753634792 4436070.040650487 7694570.079872611 -6840796.458955298 -334237.53066463885 9291603.327358402 4001553.937197664 -2081431.9588301473 -1783397.563994713 90.48737650765624 -6765253.600787815 1843109.7334891518 -922419.2917312632 1181533.664182676 7682152.989708095 3211937.417683516 4688198.495534052 4099440.080633236 -4733924.828769809 -1359774.1525067207 -6605414.732807798 3576256.671595203 515888.68492374255 4637636.963254382 200668.63119818136 12592420.390962169 -8181583.583191991
7159001.982532254 6175454.972462233 -9554833.335413449 -7683082.482344744 5947203.162082672 -188321.34438858845 4856573.460141059 7073773.866868295 3467880.5234259097 -64188.11765798811 34903104.0052822 -3287554.3769048247 -2435443.551083897 9738103.3915719 -352211.8802702505 1318906.8550402406 5051427.1590336645 -2024731.8048429356 -9857445.603042224 11947850.6095481 -1879628.805756048 -1900620.0884858367 -5382561.25235941 1873755.5817553925 6144479.176346159 -7061253.838334441 -250027.6546036974 -5013505.140167098 3174704.8541404167 562734.0506066412 2386296.936418725 2340966.5084878593 -1455714.8040925597 -1314152.1612315935 13055351.628716206 -1646509.5809462077 5737969.508280574 -337081.14253571624 -8266933.656424573 -5556127.123129724 2175601.903321545 -5256024.28386109 -5515011.1405534325 -2112640.5402540914 1118704.379115881 3203941.64997489 -880188.5015705632 2171274.817621705 2416186.0927996766 -4913510.914285122 -11399054.127187261 7241738.461744951
3172606.2232896737 5365779.178957339 6065587.562429908 -651976.3751399994 2299110.00944054 7061663.722887422 7761273.119002195 648431.0423408101 5230537.4855766855 -2897960.143299198 -3287554.3769048247 35014541.58892746 5851936.233334875 4809674.529712761 788555.6150293602 -7678933.179861853 2220670.032975653 -2302838.8123859866 -2143674.192986032 -843014.2590046858 668838.0623191014 10291816.193684034 -4647199.266166569 -4086742.038782272 -3925502.8146334966 1001760.4494877869 8639593.546710923 5816154.5937412325 -3092229.521681581 2458332.1782042314 5683620.846324102 9299357.849050093 1804647.1728927083 5239656.336569644 6918142.781535541 -2529575.710812566 3446828.617929313 -3542005.819137733 4941160.826935439 -4358084.552304745 7955357.722105507 -2630032.001578554 201848.21864891 5117954.61962638 165474.9439350327 3637214.9208714585 -5300636.170295194 -9416500.438533783 7426791.256021174 -7148436.955013458 -4970861.576418529 4498059.98797442
8081860.114972124 1905032.1427386538 763891.7158010182 2092186.402506397 -999582.847545147 -6787833.427337025 4550900.49228394 -2120677.142826959 4187310.0538362097 1801588.915121607 -2435443.551083897 5851936.233334875 31477841.683522623 6485022.635992988 -1315006.149519585 -2138465.19374968 863148.94491941 -2903826.932977121 4121414.034493525 -5935859.175182154 1203511.595685591 2732163.1148308925 3503587.7363169543 1767148.1629535006 -6808145.0205732705 -2605014.0872694384 4081843.7051464017 6103753.730280667 12875027.276773052 -2579184.666372538 10457226.472894566 -1006721.3910966112 8003776.460469855 4699563.7391119385 3527124.029019577 -727526.181655009 4756034.181894331 -7094481.799921143 4348263.278868172 -3342582.233603594 2142859.2802076815 2814960.564256323 5134385.43320173 10031770.18230926 17138.658360584555 1895427.4724922704 4868039.210164759 -4460236.268391623 -6608047.42965175 -809786.691005326 6434631.629485888 -1591234.1286631972
1392242.4803477735 4949531.978188297 1729022.0777132676 -5204069.948154902 3208725.902593633 -14687932.825212393 5130113.014276384 10246839.200202188 -2792883.173152107 1737805.4031983423 9738103.3915719 4809674.529712761 6485022.635992988 32556333.272290934 2436584.166998836 -4710161.513528344 918100.6539181133 -6500393.924599761 -6945268.035481892 -1301066.593360028 -472818.97654665675 5172887.14245115 3200810.7414505826 -2615754.972776213 8424006.054058036 -792038.9011845168 1432988.4649104532 -4813053.504600097 5719910.5517809065 5473404.084198029 11918302.254946139 375409.38040258654 2671097.1838724706 1313695.5627487027 6026383.695984637 -1743115.5608792389 2668541.217409165 -3273571.7938258206 -641612.2359946531 -5964174.628724541 -778182.5876213305 -4070133.3495317795 2617369.3390749367 714457.6602554673 2998038.4608860184 -6229344.212076436 2295026.341319504 2100121.8339466695 1481759.3716695255 -341371.06564340834 3345095.717331983 11680099.293150134
5482141.675584152 4603635.859715751 -4218737.977182763 6343987.159330745 3725954.76369527 916717.3814882864 -1602973.6520320713 -5196269.345547174 -2901726.8535408126 -282082.0383063994 -352211.8802702505 788555.6150293602 -1315006.149519585 2436584.166998836 27455605.131511528 1533308.8496831034 3410057.456177335 -3050193.5561786117 908104.4814022571 4843003.320539033 -4344304.684553306 -3473086.5497104446 4787547.331512663 -2601297.7362157493 4831886.99871896 -3143502.1691030078 1058263.2195013936 -6920745.794486793 1186694.2413872092 -2562307.7896643924 -7026737.906281063 2731582.0715155755 -386210.80900060636 2154032.7413169127 1978803.3850129026 -1892462.0349209087 -2503889.6186405574 -3482885.0148696806 418910.99999844795 -785430.0536667943 3286570.38408262 3848924.761228536 770678.8849335992 3019731.5952735413 -8554944.798379203 4071670.4052529717 -8159908.254873994 -2799716.053671959 -2020069.4106412702 -2248129.3151364876 3728719.4559630044 -6958055.147826148
-300842.1567725943 -7682783.543721635 4900975.971284614 -3070148.2989799157 8213284.280606288 184340.5697498911 3785495.30871039 -6250788.12029954 -3752187.398146311 5529154.339186166 1318906.8550402406 -7678933.179861853 -2138465.19374968 -4710161.513528344 1533308.8496831034 27490463.819142815 -3024044.47071935 6901598.098365438 1531248.8665579315 2130615.82211906 2233038.6067095133 -11621280.11051919 -5017844.951476275 1562694.676209107 566108.6759318467 98308.44355863763 -3113912.17809323 3295357.655700862 -7119123.4056363115 -5840730.2567074075 -2094087.7619343547 -2029836.1696469209 5228514.025328449 5384897.026453994 1870836.487147766 -419040.43585606513 -3197515.8886612304 817770.6113873194 9218962.526588289 1875436.4950905184 -725605.5444549725 2921266.993982139 -1640577.5374326543 -8234373.167472017 -2735042.818436081 9967841.964957437 4196469.591270324 -796570.9999961064 1172824.3414858347 -6794885.633134801 -3867786.644706105 -4528252.085178916
-2620364.145521944 4340889.626909457 -8073807.066200514 5038279.366531438 1473481.4790199455 -351879.2941680299 -7572539.2297298815 9619665.124181267 10041676.209503116 9884952.660283027 5051427.1590336645 2220670.032975653 863148.94491941 918100.6539181133 3410057.456177335 -3024044.47071935 33955097.87163258 -7025283.79076484 780027.302745518 7046400.630314603 4716813.569082466 -3601036.218888261 6323895.499277185 -4354851.119040769 2292129.936061723 2135.595421231621 6862880.930166181 3379454.992102887 -7586188.352971156 -3858789.80437242 -5599432.487089188 -2978468.640192626 -9450307.506889954 -1834724.7630044348 -4403540.620101526 3318767.183518341 -2838038.420441896 957237.0503592577 -2873467.4268012396 2775523.5900745923 6092865.807108522 1973873.5482985002 4641601.145415147 -176061.2478163855 4169939.2725519724 -10642553.37780738 1021880.5165657122 -1470835.6457063507 -1125787.0303053674 7967840.518634328 11367656.91957115 -4655366.439102889
5404307.593389938 -1404402.3213606407 6072366.750788911 -6599836.542348028 1723074.0476386792 2814815.2709174734 -282435.2538367321 -14694736.729901774 -4731574.676219592 -3954341.2750204555 -2024731.8048429356 -2302838.8123859866 -2903826.932977121 -6500393.924599761 -3050193.5561786117 6901598.098365438 -7025283.79076484 36752766.67306314 -135959.5222230567 -8379641.402210862 -2833710.6195570687 6483620.476968907 1094788.6302639113 9844551.47214382 -6048319.386414045 476274.62080493703 -1485611.5058653376 -7021909.761214033 47360.447237911656 -459456.4189535697 -10609366.600799311 3108838.972719867 1245653.8836071098 4076885.924848257 1949604.7327800998 -3943721.600474664 -8434864.31303009 870025.8551665768 -1957601.038473377 1323322.6148148985 -8483958.789427651 -6686540.4150040215 -1192553.3082768377 5062264.592981487 -2985939.493286293 12311484.527626086 4301405.3917624485 -13411883.373281565 8054544.256906008 -4667230.919641328 -10882692.16363158 1123199.617956554
7160132.446754958 -3577563.340360682 155192.42711266133 11174676.756298464 925846.3248392331 3441601.29373675 -1980737.566914618 -5032013.477900566 3190729.9790841355 104139.52465339433 -9857445.603042224 -2143674.192986032 4121414.034493525 -6945268.035481892 908104.4814022571 1531248.8665579315 780027.302745518 -135959.5222230567 38335911.11553238 -3119244.3722456163 -7957210.255945428 -1532843.8768319283 1884073.754147771 -4352954.823678192 -617983.4712382779 18147455.70765523 362477.58239594067 3025123.4414435667 -6451990.062264859 -3554464.109183506 -2666459.9691168224 -4284433.582273671 -4093231.7929692534 -6022531.549102535 -4248357.357942423 739268.5180207234 2930576.3422920345 -5427923.971307362 53837.65616618338 -2862571.0791506176 -10040746.50666488 3426576.6794203734 1897631.431697005 -4007171.111454474 5775953.049313573 -1863699.021010932 -6955609.593835812 6291905.150708988 -4273787.694698704 11606237.52658714 14457941.397824682 6385309.109581753
3315821.041876467 7777783.608285873 -7618118.890835566 -6994056.367940083 4284919.064097341 2685331.4090842903 -5725838.565321234 2034238.218323478 -2361003.433291338 -1564547.437049082 11947850.6095481 -843014.2590046858 -5935859.175182154 -1301066.593360028 4843003.320539033 2130615.82211906 7046400.630314603 -8379641.402210862 -3119244.3722456163 34177169.73819549 -1178955.5657826683 -4870533.958540401 2978448.4559910866 1959270.9338127377 5366966.458660212 478072.9121821119 -3232964.359781972 -859677.649805369 -10379406.70803896 -3233658.46962374 -1418592.5910555702 12386690.733967733 -6982672.051766132 1756822.8139831158 -1043489.1086579838 -2629379.3821530943 1997191.0206438443 -2411583.534496535 1999941.9826256004 1441506.4875708432 -1164927.434165356 -10963375.583134672 -1083522.5361068984 -7151800.447955185 7364757.454219916 224552.28556016352 -7182493.468371357 506283.6341442407 4004216.2309140754 703500.812656146 -1465385.3961401174 -6398784.331069374
-4878838.189210406 -5089074.768309242 9614767.940792913 594351.0111131703 11281534.970195072 -2439419.503298729 -13559617.386217646 3495878.497930961 1910533.976384254 -2716497.528278379 -1879628.805756048 668838.0623191014 1203511.595685591 -472818.97654665675 -4344304.684553306 2233038.6067095133 4716813.569082466 -2833710.6195570687 -7957210.255945428 -1178955.5657826683 36523616.25278702 -2173120.363383336 -2441712.5544168637 -1589996.4437062866 376604.7431877266 -2255376.4774789787 4269383.220526149 1577768.2901730554 3980615.6284029484 3116074.896937657 -3725236.205867552 -1520468.5285656175 6454508.836325451 5593115.170946994 -4457375.328451225 -1148250.037306032 287907.0924845897 2944908.087923137 4659144.879908565 766785.7268820761 -730072.4245459883 -2026743.738210904 952515.0076227658 5705031.933933514 254615.90189116215 -5569696.323354541 14405328.55406061 -1962062.1547365778 -4808934.072016254 1189844.9842607344 -5934405.283217826 -323185.1901810628
6057532.5508318115 4378743.247972569 4592201.800428256 -1568355.5700389491 14134.99831208388 4472517.074427641 6444702.631382916 -2806450.1049112156 4725331.858503579 -4569005.017638822 -1900620.0884858367 10291816.193684034 2732163.1148308925 5172887.14245115 -3473086.5497104446 -11621280.11051919 -3601036.218888261 6483620.476968907 -1532843.8768319283 -4870533.958540401 -2173120.363383336 22576845.523602773 -3955345.6075704237 -2211056.197242145 1241285.7941317149 182493.5519557544 -986964.6112472521 -3897449.530102287 6278713.7095444705 7083866.614146302 -137108.05140543293 2266347.875369924 -6818522.313285079 -3485915.340774343 4042042.796065448 -3544331.655003398 3968187.504296912 2054547.8257481337 -6503368.363173177 -4206709.535920016 -4419445.290489397 -3388984.024871421 2875796.2371433745 1230876.135960309 1802059.7403066396 982061.8960743346 -3009387.679969664 -7938701.4359851135 723989.6440687621 -2517925.1106855334 -670364.5957305215 9140363.096464187
3562614.7173515414 4153226.1558222375 -5072805.063304355 -353155.7752304568 -210908.56728576595 -5891942.550932149 -10162958.071663149 3067585.8543146327 893696.3430190537 1650804.0089506258 -5382561.25235941 -4647199.266166569 3503587.7363169543 3200810.7414505826 4787547.331512663 -5017844.951476275 6323895.499277185 1094788.6302639113 1884073.754147771 2978448.4559910866 -2441712.5544168637 -3955345.6075704237 30281372.651284322 6406877.885310669 -11007199.216191093 -1199966.9966246856 6536710.7399487505 -6896769.823614344 -927199.7854331674 -5693055.601662955 -2367365.515834543 -4642092.800777795 5300367.480189978 4508660.799089283 753356.3647267282 635376.0173970235 -4009614.8676545843 -5384970.319765739 1517716.4553121263 7858813.855541778 -1731277.9725410987 -359882.7824263401 1173958.584377261 10833950.87085914 2151855.2445347696 1517814.817065519 8470745.066650761 6455225.597041431 28866.732850366334 6020836.297839654 5895252.1940021925 -8567650.92665742
-4217191.0168347005 -1668503.9261045894 1574360.033573036 -9077470.365113564 -68839.63838013468 -4697163.4505034685 -1200725.6912807454 3703875.9007517067 -3778744.001577503 -818292.3948549976 1873755.5817553925 -4086742.038782272 1767148.1629535006 -2615754.972776213 -2601297.7362157493 1562694.676209107 -4354851.119040769 9844551.47214382 -4352954.823678192 1959270.9338127377 -1589996.4437062866 -2211056.197242145 6406877.885310669 27774366.940800764 -1064274.7211246903 -2503661.706293533 2975607.5303581087 -7150632.311783135 3617334.8226358998 -2903750.460426013 -6075688.619000156 6769624.322737283 3545012.389331251 -1773391.368352177 -902874.9064645267 -2908617.342966257 -5749607.019380312 -3994148.431299348 895688.3864413978 -3679773.4876756277 -2821004.421326826 -6328900.943354159 -2996931.913846347 7747799.161391236 -2052596.1700400554 4531533.689030435 4619133.437491529 3718345.5560125965 -1845956.0628186606 -827149.996155911 -4463166.664634054 -8037232.729243566
-918545.8327911448 -4344050.610120368 -580101.7387324655 -1964999.2892800493 2364749.8694648556 -4899442.335453348 2814193.3686522413 9709044.887894772 -4741537.759879843 -158390.63766920604 6144479.176346159 -3925502.8146334966 -6808145.0205732705 8424006.054058036 4831886.99871896 566108.6759318467 2292129.936061723 -6048319.386414045 -617983.4712382779 5366966.458660212 376604.7431877266 1241285.7941317149 -11007199.216191093 -1064274.7211246903 37167460.952499434 4670650.892974417 -6469504.053203504 60088.234026630475 -1468069.0209777637 -4116884.1251166654 902648.1401890921 8153625.491117176 -3884238.7834896026 408441.5641793095 -7619750.573043512 -4905041.194354662 6834807.119996498 4365779.510915965 -12064977.720953168 -3296257.351181291 -7150662.414516381 822778.2107462154 -3243405.4207934504 -15684291.680904245 -2059546.6588527553 -3488713.355934411 2061758.9582727468 -1427984.022556207 2326994.98937839 1361093.6677646483 6632880.78953166 11421433.022375574
541605.3415635503 -6537757.38735355 -1656492.9803702305 130121.88655450361 4286867.07854368 -1347825.3957350287 -453442.385466215 982702.0327712193 -7619034.397190758 4963612.753634792 -7061253.838334441 1001760.4494877869 -2605014.0872694384 -792038.9011845168 -3143502.1691030078 98308.44355863763 2135.595421231621 476274.62080493703 18147455.70765523 478072.9121821119 -2255376.4774789787 182493.5519557544 -1199966.9966246856 -2503661.706293533 4670650.892974417 28994670.610885635 -1870136.3045926865 4806042.5640336545 -9379647.800059197 -2364721.08330725 5234772.780347685 2968712.703531442 -8640804.343660478 94078.89488383928 -5334928.575456116 -2596329.994510948 477713.34240260825 3362205.190164952 -2882633.7606269736 -102274.00552710162 -13017814.793111632 -320012.22416281205 3477599.9448047755 -6449480.190598921 8195621.021759834 -4983992.187105323 -8500401.913142405 906961.4482541183 -3504283.2005891986 7401680.649543671 12103437.901263237 1158102.2357697955
-2839341.2509355685 -1376835.5708124612 1928951.43629345 1303110.4491164496 3458588.880532919 1031128.8237047332 -12812160.6295259 2862937.1159178256 6569842.680351144 4436070.040650487 -250027.6546036974 8639593.546710923 4081843.7051464017 1432988.4649104532 1058263.2195013936 -3113912.17809323 6862880.930166181 -1485611.5058653376 362477.58239594067 -3232964.359781972 4269383.220526149 -986964.6112472521 6536710.7399487505 2975607.5303581087 -6469504.053203504 -1870136.3045926865 27442402.531658612 880540.7503790177 -3358076.9646710926 -2707609.8623351874 -2289783.516426313 2697682.750813079 6745890.076450323 -3142842.407020378 -536505.9120381995 -2033017.8859927738 -1931471.4155841602 -55959.387400943684 9131068.459817203 3681796.665511484 7579174.066341641 3856473.4953700583 7457523.941234993 7220267.303885981 -1237001.9758247025 2600361.6499098954 6704670.672682782 104901.1212744076 4150806.5809433246 1535151.047349544 4186133.559084293 -8519515.912032995
4768495.93528324 -6375843.133607435 5909830.93807882 -1138598.1670781095 -5512469.88318545 -5061775.735165078 9616152.826582372 5969352.241190004 -1153902.567789249 7694570.079872611 -5013505.140167098 5816154.5937412325 6103753.730280667 -4813053.504600097 -6920745.794486793 3295357.655700862 3379454.992102887 -7021909.761214033 3025123.4414435667 -859677.649805369 1577768.2901730554 -3897449.530102287 -6896769.823614344 -7150632.311783135 60088.234026630475 4806042.5640336545 880540.7503790177 33054879.13255345 -6278455.126857636 506646.0884775758 7552839.984561904 -2890808.0830176394 4484744.3042560415 1414057.7826682338 -5014959.113440588 -312752.87195334106 4887470.189514398 -1269.6902676221682 -4320483.822548576 -149770.5881049954 5758388.231561969 6023720.499303996 -1805136.1282161833 -1860400.3747477792 -2786783.930855635 -77329.012108758 494226.2121266113 453328.0588403672 -2406817.11215963 -4698366.234182545 -2767369.5997311682 -1018159.0013324178
758321.7064465265 -2411867.1323906234 -3938894.6039864356 -5681884.29799887 726056.8920983251 -3330892.5254368875 3705390.80838789 -2297728.096888004 6124633.057411816 -6840796.458955298 3174704.8541404167 -3092229.521681581 12875027.276773052 5719910.5517809065 1186694.2413872092 -7119123.4056363115 -7586188.352971156 47360.447237911656 -6451990.062264859 -10379406.70803896 3980615.6284029484 6278713.7095444705 -927199.7854331674 3617334.8226358998 -1468069.0209777637 -9379647.800059197 -3358076.9646710926 -6278455.126857636 35119528.88446235 6929685.77918462 2138806.9499111543 -5899299.443832667 208019.92309284414 -2449743.3685286925 10762839.432602055 879788.0596847186 5960372.228666259 -548629.4311157854 -1862571.3436517185 -8049305.293747899 195163.2948853645 4836284.127258174 -2302711.918428926 15418784.76797393 -4235473.949113432 -227499.6756768517 -57215.455580178575 -518023.9102449925 -2839460.72882188 -2017512.0211945134 -6054817.964915135 129919.67986205133
-1367574.0280760855 -963011.2144500363 -3771681.2124717706 -4720362.088966634 -4282069.660110988 -1091475.9316084143 5492725.194527175 -876139.8322376066 6574581.981290923 -334237.53066463885 562734.0506066412 2458332.1782042314 -2579184.666372538 5473404.084198029 -2562307.7896643924 -5840730.2567074075 -3858789.80437242 -459456.4189535697 -3554464.109183506 -3233658.46962374 3116074.896937657 7083866.614146302 -5693055.601662955 -2903750.460426013 -4116884.1251166654 -2364721.08330725 -2707609.8623351874 506646.0884775758 6929685.77918462 30976583.241122887 2336746.9189040847 741710.1441932736 246049.72998815312 -4833238.005203177 4578527.095681877 -1535964.2951937292 6429569.189842595 5124519.428012281 255511.1816088477 -8237644.775158 3370758.9021298555 -8324183.610614601 5914303.9631869905 2360701.494094924 4891081.54455064 -102532.87739250147 1051081.9375905371 -738683.0511412957 -2926718.9618073516 820609.7490413878 -2851845.999805087 7919618.600163588
-2365059.4458041755 -4521194.249981682 -5082365.876131884 -8737063.322901782 -3903637.4305545874 -11712913.731879132 772869.8798256007 15726368.405767774 -1656371.3112143937 9291603.327358402 2386296.936418725 5683620.846324102 10457226.472894566 11918302.254946139 -7026737.906281063 -2094087.7619343547 -5599432.487089188 -10609366.600799311 -2666459.9691168224 -1418592.5910555702 -3725236.205867552 -137108.05140543293 -2367365.515834543 -6075688.619000156 902648.1401890921 5234772.780347685 -2289783.516426313 7552839.984561904 2138806.9499111543 2336746.9189040847 38701780.47377879 3081844.7564220163 -237355.71408053025 12215076.532632189 10987790.969974678 -4454363.73045237 8503627.333685705 377802.61680399626 3739446.855984475 -4337.549824135834 7365919.661362597 9261374.676555345 2474811.408644097 1102462.6474833118 -9148977.776799161 -63945.05838454573 -6007392.862128784 642169.3791578388 8697315.555509869 -2051635.6462896075 5721240.185902468 2928485.5166499456
386684.8704546325 2584658.1080110893 1602368.3044231478 -7037530.483949764 -3500821.4050586806 8481317.217280203 -5473697.408825667 781575.3458217682 -5392967.187797406 4001553.937197664 2340966.5084878593 9299357.849050093 -1006721.3910966112 375409.38040258654 2731582.0715155755 -2029836.1696469209 -2978468.640192626 3108838.972719867 -4284433.582273671 12386690.733967733 -1520468.5285656175 2266347.875369924 -4642092.800777795 6769624.322737283 8153625.491117176 2968712.703531442 2697682.750813079 -2890808.0830176394 -5899299.443832667 741710.1441932736 3081844.7564220163 30648276.616057962 -1516659.530809866 -1549574.0898286495 -4073839.600636136 -5807104.008565557 1236138.5964497328 -7144027.6297082 3540103.4654593514 -4613245.512208675 -2577966.70627306 -6197442.350627253 -1780153.988099204 -4545407.644791665 -2516743.509319262 4488744.198387035 -1773870.6809487236 -8982516.897777986 5640964.268763044 -3343523.8713916545 767389.9191167331 -2415204.3110348233
5169805.797286682 819808.2501518859 255161.17294464642 -2744845.4758792724 7030745.882676168 -725840.9216623205 3110379.994837921 790660.2288837316 -2067433.3517008973 -2081431.9588301473 -1455714.8040925597 1804647.1728927083 8003776.460469855 2671097.1838724706 -386210.80900060636 5228514.025328449 -9450307.506889954 1245653.8836071098 -4093231.7929692534 -6982672.051766132 6454508.836325451 -6818522.313285079 5300367.480189978 3545012.389331251 -3884238.7834896026 -8640804.343660478 6745890.076450323 4484744.3042560415 208019.92309284414 246049.72998815312 -237355.71408053025 -1516659.530809866 32273477.785969634 3277018.4814380803 2235815.868757934 -904859.9685312251 -3071786.733689791 -8864485.123754125 3439228.280531791 922046.8915721973 930301.6134244772 6286623.858344129 -3124382.890314003 256679.92488337622 2559770.2061516885 9233024.62095817 16623751.254291551 -2288415.892236469 -502593.99647525995 427738.3516789673 -6031189.911823668 4484078.619926266
-3563821.4746140623 -2662323.8001292576 -390387.64729695517 -5301737.081284329 1626211.4874492076 -9057366.46310116 4244911.004982217 7473698.692705763 8071704.050051864 -1783397.563994713 -1314152.1612315935 5239656.336569644 4699563.7391119385 1313695.5627487027 2154032.7413169127 5384897.026453994 -1834724.7630044348 4076885.924848257 -6022531.549102535 1756822.8139831158 5593115.170946994 -3485915.340774343 4508660.799089283 -1773391.368352177 408441.5641793095 94078.89488383928 -3142842.407020378 1414057.7826682338 -2449743.3685286925 -4833238.005203177 12215076.532632189 -1549574.0898286495 3277018.4814380803 42481905.88379824 9135323.22232928 700225.7370998538 -2807737.71548096 -2982411.8508725697 -456609.877435985 3759569.2356893388 6739844.064861251 -2372274.222678932 3673119.5704912376 67743.49665495654 -3926634.630494245 1939167.8838842744 2689600.7870332533 -295709.89481676306 4459892.15377964 3608415.348617485 -7542674.8865027055 5709424.846427211
4048211.2326999414 2582059.1444170345 -1905263.6626980053 -9399180.234965054 9674952.148195548 -5950731.9436598765 8473059.837534852 6262543.010460823 7082708.559199314 90.48737650765624 13055351.628716206 6918142.781535541 3527124.029019577 6026383.695984637 1978803.3850129026 1870836.487147766 -4403540.620101526 1949604.7327800998 -4248357.357942423 -1043489.1086579838 -4457375.328451225 4042042.796065448 753356.3647267282 -902874.9064645267 -7619750.573043512 -5334928.575456116 -536505.9120381995 -5014959.113440588 10762839.432602055 4578527.095681877 10987790.969974678 -4073839.600636136 2235815.868757934 9135323.22232928 30102118.53333424 -6982607.847280433 4217940.108117262 -1052031.367575444 3840988.308688208 -6001995.998292778 5294130.193590044 2271184.053913188 -5745612.686893845 10570085.271352217 -4005292.2380841207 9353181.178785214 -5289119.918148176 -6484357.365490446 9597720.133211419 -4891458.055831269 -10107572.11425873 8249682.33367241
-7880093.186534267 784194.7519268314 -7140976.01503269 11081110.144093405 -4725551.406490251 5807680.061854745 6931354.637771902 -4188345.805454472 9239178.007184578 -6765253.600787815 -1646509.5809462077 -2529575.710812566 -727526.181655009 -1743115.5608792389 -1892462.0349209087 -419040.43585606513 3318767.183518341 -3943721.600474664 739268.5180207234 -2629379.3821530943 -1148250.037306032 -3544331.655003398 635376.0173970235 -2908617.342966257 -4905041.194354662 -2596329.994510948 -2033017.8859927738 -312752.87195334106 879788.0596847186 -1535964.2951937292 -4454363.73045237 -5807104.008565557 -904859.9685312251 700225.7370998538 -6982607.847280433 38477541.79685522 1078553.5538021387 2605739.309084993 10954968.74929277 4269776.908028525 11936780.793052442 -1774941.063370864 7438786.160133723 332108.70411413966 1056718.118333637 -4659810.308161428 6932970.127818613 6717240.256928296 -14532025.75687608 1143682.645752946 -664869.4139138683 -766841.5024309241
3430547.2574559106 -3688140.7656280715 -4667836.549154971 6443399.631637944 1941641.6115704915 -2088267.8133558691 8698186.11615525 -4103532.320964818 399287.88552257617 1843109.7334891518 5737969.508280574 3446828.617929313 4756034.181894331 2668541.217409165 -2503889.6186405574 -3197515.8886612304 -2838038.420441896 -8434864.31303009 2930576.3422920345 1997191.0206438443 287907.0924845897 3968187.504296912 -4009614.8676545843 -5749607.019380312 6834807.119996498 477713.34240260825 -1931471.4155841602 4887470.189514398 5960372.228666259 6429569.189842595 8503627.333685705 1236138.5964497328 -3071786.733689791 -2807737.71548096 4217940.108117262 1078553.5538021387 32702476.2081536 -2718203.85114525 617126.6063445477 -8051720.914748401 -2243936.988717674 1613525.7255658521 2338143.7587415087 -5866460.16154707 4384189.857524669 732181.631650046 -1160315.2806802853 3673438.3918923265 -5201014.450389613 -10581438.232014228 -4021316.8480508495 7595604.001116334
-2331491.8487434853 -10190416.659699345 1484195.9346672168 -2203147.1504620207 992833.3493907471 -10040114.257067671 -2740423.7064172328 -1183573.4745546945 322198.69407113374 -922419.2917312632 -337081.14253571624 -3542005.819137733 -7094481.799921143 -3273571.7938258206 -3482885.0148696806 817770.6113873194 957237.0503592577 870025.8551665768 -5427923.971307362 -2411583.534496535 2944908.087923137 2054547.8257481337 -5384970.319765739 -3994148.431299348 4365779.510915965 3362205.190164952 -55959.387400943684 -1269.6902676221682 -548629.4311157854 5124519.428012281 377802.61680399626 -7144027.6297082 -8864485.123754125 -2982411.8508725697 -1052031.367575444 2605739.309084993 -2718203.85114525 32335296.731977966 -4971393.5715774745 4991590.415598831 -512153.501337568 -1894561.9137258423 4431286.88046316 1305871.1586430082 -7285357.313161147 7179245.295175957 313667.08195254486 -3982466.6626445716 499965.93102779903 1730994.717506957 1729977.583353936 -1440902.7773316035
-11992899.030125823 1898211.5450952342 161217.61616727873 6869607.849650565 4439066.985762807 499975.443857254 -8913289.386061816 -8903177.430012645 2333091.863429322 1181533.664182676 -8266933.656424573 4941160.826935439 4348263.278868172 -641612.2359946531 418910.99999844795 9218962.526588289 -2873467.4268012396 -1957601.038473377 53837.65616618338 1999941.9826256004 4659144.879908565 -6503368.363173177 1517716.4553121263 895688.3864413978 -12064977.720953168 -2882633.7606269736 9131068.459817203 -4320483.822548576 -1862571.3436517185 255511.1816088477 3739446.855984475 3540103.4654593514 3439228.280531791 -456609.877435985 3840988.308688208 10954968.74929277 617126.6063445477 -4971393.5715774745 44344453.388281606 7096822.241480476 9892812.200788548 -4027311.8326882897 2359073.820963753 10571200.870769097 -2718746.41540466 -3411400.912345872 3429508.8606013227 -3620763.30554831 9439036.147920962 -5877905.972386492 1527657.129903663 -12770592.258359155
-9032736.751737267 1514876.388308795 -675439.5293207599 1627236.2064765848 -4182355.0677949614 481139.26357501006 -12140950.040378207 -1015672.4334403616 -860277.6869039505 7682152.989708095 -5556127.123129724 -4358084.552304745 -3342582.233603594 -5964174.628724541 -785430.0536667943 1875436.4950905184 2775523.5900745923 1323322.6148148985 -2862571.0791506176 1441506.4875708432 766785.7268820761 -4206709.535920016 7858813.855541778 -3679773.4876756277 -3296257.351181291 -102274.00552710162 3681796.665511484 -149770.5881049954 -8049305.293747899 -8237644.775158 -4337.549824135834 -4613245.512208675 922046.8915721973 3759569.2356893388 -6001995.998292778 4269776.908028525 -8051720.914748401 4991590.415598831 7096822.241480476 25801705.881467972 7257414.366396417 142531.83989810286 7708882.419003983 721849.5178411441 -2402896.33644597 -2893897.350690581 4941519.401832558 -1681471.0420478305 4747696.076478137 -1174172.8758888196 2490149.937395066 -8679501.754625719
