38112870.59585097 -7454095.462915195 1585571.075714659 -1686196.3972292934 -2556180.980977269 -30111.525939150433 -8373.345356016847 -2663748.4140627943 3159139.056690269 4253133.522488843 -2209891.6782442224 -947990.6680262099 8606514.127406929 -3898309.861349122 -403691.843217981 1021348.4047322485 1102481.5667740344 -3616285.1374366325 -3948425.5567543283 -2346067.4601184498 -1344102.9466252185 -1607395.1443248098 155242.80618027566 5455531.379221109 619814.0623200816 1618016.3223607023 2599583.187294556 2349528.2640115907 3204775.003482571 2213977.8025143566 -4858188.463043472 6496392.991412306 3076881.5620695567 -6296459.388581556 5732734.498986459 -286790.76990148966 -91876.17744727689 2079563.635486037 3054951.7228871793 5113032.104325442 110147.94654392029
-7454095.462915195 34132185.762467675 1173050.618963568 -4252841.641843281 6370931.995455 9677.309275270227 -1487433.7992416176 4182823.871847639 -6189321.954765331 1832958.0066451395 1744621.130206477 7003710.506158909 -6560722.697241016 -1996206.803580185 -2299739.7773552 -1422871.6300057292 -268024.2178758922 -16299.048973688654 4205680.517868308 -5004429.973031927 4014514.658249936 -3353549.189925504 -2192976.0013929275 -4758838.840352269 11519.106303351395 -145388.71378180187 -1232156.6036831497 1418787.2932495573 -5719113.007440997 1543958.6903660996 -1389926.6450128008 2043955.6608037539 5630228.316289765 -664927.4393058197 346278.0277082875 -4618248.492111798 514263.12100165104 -5620129.706816782 -1160211.5744232398 1661704.971839536 -823643.9574517637
1585571.075714659 1173050.618963568 34614970.78872731 2871436.874715451 1800236.1753474697 -730977.4513248029 -7705994.8985741185 -1335868.0543471156 1148414.2186975318 3372115.228044266 -8022867.430790098 -2448988.29314724 -2434471.6804561745 161969.35822943662 -8052219.332094182 -2512570.851033934 -6126658.914690844 3930672.4995799265 2544872.9948094934 -5351005.348503972 -7301111.510011673 2561841.854307953 249254.8108582073 4507909.253953492 4920699.458027754 -791690.6514103615 -1283269.508791119 1691484.1666408733 -3317647.129041827 -786920.5403280907 2384406.205564501 7318135.163835734 177523.55099076364 2118485.9000412156 -766740.411574077 -6109706.472109091 95816.63984438512 778644.1619891195 -2914740.146706031 909138.728284385 -5529879.79715716
-1686196.3972292934 -4252841.641843281 2871436.874715451 31449545.71483056 3923767.619105743 3832197.4950106433 2679438.2020409787 -2943416.2691297727 2384165.375319112 2177391.1778652472 -5247912.203812139 -821863.2109387659 2257022.4024266824 -1278897.6062619493 2842418.9925741563 -6162367.42821453 -7043865.482852949 4635868.691963423 -655085.1788041088 1870589.8774790743 -4409473.623111731 5321183.759364887 475063.8380980104 1881503.9957466768 2426714.8785793413 -2517099.7697628667 -4356258.767410625 3057391.814574064 733884.5839106933 -7825669.96118896 3777804.8020771276 2511103.6343043335 -912197.0358432858 3694626.2188977743 -693081.3728081977 2625112.0837834617 -6586205.17585546 7842113.60205031 4562112.823415718 6241707.102630326 665492.1934195833
-2556180.980977269 6370931.995455 1800236.1753474697 3923767.619105743 36012839.02845749 -6238205.975444293 -2414715.736558143 2313825.3448258583 -3372919.748751567 6575886.647159299 1483224.8208515816 4167926.0559960287 -3064334.152280284 1337960.351452152 4666591.422061533 -4358971.834789676 160051.05406792928 2252913.8098801547 6907009.983503803 457519.55988356535 2243594.65687227 1484252.7635104242 2015614.678045815 1672778.9322817808 -954978.779342663 -1284521.0100062543 -3694890.7755824924 -988422.6127739595 -1968434.485775378 -3035849.5115421535 -967327.041382522 6741003.885338866 4509869.5301316 -10733830.256116694 4540708.473792372 -3758695.7957194527 -8601037.301705975 -8416743.666589133 379535.2459298066 -2282972.841695816 1915578.399025399
-30111.525939150433 9677.309275270227 -730977.4513248029 3832197.4950106433 -6238205.975444293 30917092.89305757 -170477.08054572975 505235.6234645619 7278356.644482466 -1943324.1253652202 -157105.51801925158 -355460.8342516525 2304420.4020581595 -7004666.595369729 3943836.5409965976 1905840.2249838857 -926359.4701924545 2232024.635817058 -1236563.7966062778 4758152.356671749 4263999.903466028 1496164.0806281273 -26199.311339612108 -6213974.622691375 663282.3872179694 -2073587.8635289094 -4857677.77154245 -1177761.8458760246 598888.3921709345 -3276279.0871753297 675374.5506955407 -3602349.9842883814 -342838.02371822065 8930684.344301362 -2747201.7400839 -2041530.2509714463 4716569.327516136 1173298.6013708564 1266039.7300859825 3478991.723662195 1217472.3630711331
-8373.345356016847 -1487433.7992416176 -7705994.8985741185 2679438.2020409787 -2414715.736558143 -170477.08054572975 36655112.131965525 -3021679.4070366337 4423638.454615875 -3891049.031014824 4569879.080109397 -2260722.859522581 6323664.741076355 -1130224.5923682302 -1145755.0508324527 -2711700.4501144458 4378334.687592237 264264.1871373398 225907.0382606623 3951268.389300121 -62007.49353169337 745573.2661121422 3497606.3543422883 349480.1832642106 880758.6706952148 464252.59222664457 -182026.86637777407 -1680460.2727244098 -2330256.881506803 -5438302.213179526 1762772.249968801 -488843.0749583163 3276768.6417467636 -486419.88537500065 -1031390.5697406464 -42225.74467284055 -2882717.3404609435 1758716.5923142103 362423.5978475775 349276.7945574407 4391727.647082151
-2663748.4140627943 4182823.871847639 -1335868.0543471156 -2943416.2691297727 2313825.3448258583 505235.6234645619 -3021679.4070366337 28528597.35551776 -334362.47523076425 -1538298.2114826692 2261190.45440425 3854611.240669216 -834249.1322538512 -4194903.112644806 -2120768.8035376775 -4423654.626942144 3542951.1746903723 8935707.009619936 3251311.534247967 2052244.35265238 615327.8484357184 -4152672.096873697 6350754.038609507 -4640388.757460445 -4751337.63695314 2856685.9231851497 2782309.8304653266 -3601272.4574373127 -742856.794364515 2643650.1931504547 1590243.5440406026 1140031.873272329 -805364.2097858691 -3608217.837451817 56545.63745528989 -5738286.532177512 4249316.325313548 -6908450.714370173 4351396.365558845 -7696027.08751056 6962853.882537237
3159139.056690269 -6189321.954765331 1148414.2186975318 2384165.375319112 -3372919.748751567 7278356.644482466 4423638.454615875 -334362.47523076425 35399060.7280833 -3502691.405918745 -3809127.0653660707 -2902970.635951005 564938.0842936175 -348295.05980840774 6387812.248607957 -2106538.2333871215 -900010.8603428241 1972542.1283799226 -5378639.794923439 2931973.5165542043 -2553385.0578452856 -7028483.527361636 3868243.997521175 3033268.232944275 3637195.0300754877 -3645001.4144362197 -2960466.567525537 2301534.8471450144 1119429.0341404988 -4934180.527136168 7053969.848546291 2384396.703818863 523956.22689736384 -2912742.9523728727 1298608.9905847213 4899858.230350659 1594488.853990501 8844791.559963712 5835213.82081872 6765573.107133495 4788.675979606807
4253133.522488843 1832958.0066451395 3372115.228044266 2177391.1778652472 6575886.647159299 -1943324.1253652202 -3891049.031014824 -1538298.2114826692 -3502691.405918745 29426201.680445176 757348.2424272039 4267671.998544747 -601442.7850422991 -121059.74934833191 -143958.0097911509 -5717500.4693341525 3502940.119067216 -3650710.6945705996 -131874.47349753312 -4439424.190780574 4000360.584242949 6432845.620132473 -942520.9337805867 5792873.588756516 566714.9737955466 2044082.533380247 -2964884.708474941 -1905836.904770844 2820001.2973715807 -1436629.2381898907 -1248453.4297404687 1050761.8296313267 1754002.77341168 -3951031.8190601915 4976472.72438985 -4079292.72719231 825460.752978099 -3116972.368152992 3938577.009704316 2262842.933657928 -703774.3170197486
-2209891.6782442224 1744621.130206477 -8022867.430790098 -5247912.203812139 1483224.8208515816 -157105.51801925158 4569879.080109397 2261190.45440425 -3809127.0653660707 757348.2424272039 32215677.192451753 5148637.440080001 2284618.572182953 6826057.833409153 -21512.74639452858 5860936.442965096 2317935.3221672457 -5035426.936810168 3782923.621143345 1639009.5806127358 4687248.599041785 381090.0784248609 -1005240.0467814311 -4168717.2507636426 3365797.05266546 -1942947.129582639 3296914.983775075 -3370219.3752175267 -1159758.8068783192 -5662898.513538966 -4441066.49909284 -3182624.4079742273 1902073.324632668 468066.0186276454 307214.220257842 -1195387.4829899396 -457392.4939007867 -2343331.137740864 -1656793.6729758778 -7275708.709402458 1263962.145717731
-947990.6680262099 7003710.506158909 -2448988.29314724 -821863.2109387659 4167926.0559960287 -355460.8342516525 -2260722.859522581 3854611.240669216 -2902970.635951005 4267671.998544747 5148637.440080001 28116462.935275175 -3050814.775549818 4599847.435159217 2366448.819129706 -690278.5607058401 -1575609.5113239083 82589.51962004135 6741272.313480382 7875009.93289756 1738857.9493025907 -2788302.8220555335 6278009.7962284945 210461.8491302935 -1034529.5758477162 -3801493.9996130955 -4464269.445140146 -1979738.9686911888 -896905.8202385601 2987411.3864414585 925096.9503150731 3768802.770134552 4119145.425895803 -5430104.989590816 -4222867.491117824 -922541.2698154644 5471033.692041617 -2926382.614761769 3499976.562127038 -2764967.662082063 -3321846.8974527386
8606514.127406929 -6560722.697241016 -2434471.6804561745 2257022.4024266824 -3064334.152280284 2304420.4020581595 6323664.741076355 -834249.1322538512 564938.0842936175 -601442.7850422991 2284618.572182953 -3050814.775549818 31952587.34048214 1695017.301201694 -3738057.8557444788 9153610.367902135 -2354244.351604248 -1961564.5120960923 423078.06071329187 -5220.385799180346 1797762.2880526502 4936678.097093518 -6133517.39330122 1791471.001537644 383729.52695294993 2772913.193011378 4894463.802316606 -791968.9698850422 1711759.0248026657 -10689073.3411405 -1554001.3218208984 -2316837.380890216 -4943440.251390831 -2675716.64796413 -2348153.9364674035 -1390298.8392100777 516702.29112954723 2451569.012213221 2208915.7701983107 -1169981.0147421383 1291660.0974177683
-3898309.861349122 -1996206.803580185 161969.35822943662 -1278897.6062619493 1337960.351452152 -7004666.595369729 -1130224.5923682302 -4194903.112644806 -348295.05980840774 -121059.74934833191 6826057.833409153 4599847.435159217 1695017.301201694 36590679.61265728 -5685680.037846541 6119894.277137103 -3873210.936648374 495609.3695776362 1446539.1231847473 275450.24214078434 -159769.61938110614 1495044.658016991 -2688566.6964737014 -683868.1714942101 -737073.7124976602 -1580577.422832167 -650049.7178195531 5055195.77398716 618890.1080068637 -719155.675173968 804512.3709305377 -203181.68039554797 -2687052.0491745058 -2879007.9800494867 -5683914.7215583045 6564144.483231316 -1628047.2948196232 4464173.078275023 -3299768.685311528 165452.80955050007 -7202248.927539545
-403691.843217981 -2299739.7773552 -8052219.332094182 2842418.9925741563 4666591.422061533 3943836.5409965976 -1145755.0508324527 -2120768.8035376775 6387812.248607957 -143958.0097911509 -21512.74639452858 2366448.819129706 -3738057.8557444788 -5685680.037846541 35318759.71669203 -1746529.9933897892 4695382.326567008 1091283.8715375985 2449673.419769232 -6129.409321886409 1013922.6208589664 -1087184.1012732978 7714150.13088181 3795471.726314921 -1432261.4919662308 532527.3742306461 -2952415.8425122933 1562000.125456454 6460246.955810491 717714.4200083755 1287954.1914754463 355947.1034226742 1755260.455932957 -1469344.765825835 1383799.3604508894 1302296.7177551773 -2492081.057298946 -6054631.313935902 368243.0497524667 189274.27334755217 666357.2218692258
1021348.4047322485 -1422871.6300057292 -2512570.851033934 -6162367.42821453 -4358971.834789676 1905840.2249838857 -2711700.4501144458 -4423654.626942144 -2106538.2333871215 -5717500.4693341525 5860936.442965096 -690278.5607058401 9153610.367902135 6119894.277137103 -1746529.9933897892 37506512.161429144 6230624.340150948 -3045211.32092811 -3341199.629608205 -289213.28925464785 3457761.0915785963 1574396.7006594802 -7999196.557521056 -186055.00510658135 -777299.5361244376 -38004.49074724685 4742597.774145779 -266045.19853578624 -3643706.629140199 -3788003.5207136883 -1093432.5657963133 -503915.9655050988 -4282046.77575823 -2049944.706286653 4130711.516925425 -3673434.2156943344 -1086022.2995665087 2408101.5763490787 -1749001.7524512939 2048855.7511849687 418021.935211361
1102481.5667740344 -268024.2178758922 -6126658.914690844 -7043865.482852949 160051.05406792928 -926359.4701924545 4378334.687592237 3542951.1746903723 -900010.8603428241 3502940.119067216 2317935.3221672457 -1575609.5113239083 -2354244.351604248 -3873210.936648374 4695382.326567008 6230624.340150948 30102243.261019178 -1859542.3858412884 4928910.166861853 4535971.628761514 1848331.0843251832 1275606.819136125 -3238721.285875771 4484759.6214595325 -1454303.9785701185 2317181.535235808 1222615.6748513968 -6029282.110847037 -565359.189150056 -1254132.4291181571 -2016025.7829901422 -2782565.9858071897 -3383220.731075957 -6206936.1003777925 4146124.9186857897 383055.86961892573 2925817.0838334826 -242522.7716299484 -245464.32802204048 -3698157.6557890247 5564588.474838485
-3616285.1374366325 -16299.048973688654 3930672.4995799265 4635868.691963423 2252913.8098801547 2232024.635817058 264264.1871373398 8935707.009619936 1972542.1283799226 -3650710.6945705996 -5035426.936810168 82589.51962004135 -1961564.5120960923 495609.3695776362 1091283.8715375985 -3045211.32092811 -1859542.3858412884 37351743.730251 188259.11874737573 -343513.4131159067 4170521.526083961 1865572.3612317925 7731617.886702536 1050865.6537708754 -1080460.2414015504 -184287.40523107932 -1533550.506214837 322981.3911835894 -2590961.3531205845 1792428.1424251688 749357.4810934442 -7014077.282207751 -1672539.9711072538 -3924832.981401147 2791948.081009203 -2562820.375682174 -6005678.194724781 1402597.6371982403 3498209.459556578 -1171313.2752177226 4432550.224630349
-3948425.5567543283 4205680.517868308 2544872.9948094934 -655085.1788041088 6907009.983503803 -1236563.7966062778 225907.0382606623 3251311.534247967 -5378639.794923439 -131874.47349753312 3782923.621143345 6741272.313480382 423078.06071329187 1446539.1231847473 2449673.419769232 -3341199.629608205 4928910.166861853 188259.11874737573 34679302.260367334 6448643.023963033 3896666.0167875676 510549.343582605 4478702.245495546 4388463.884436411 -7511682.599832684 -4146508.302865128 -4947609.991014141 1037259.9031014886 3582426.1791441008 343601.86132641975 -1280300.2426000773 -2398475.051315151 961650.4287159743 2077684.7462228741 -383091.679266927 4106787.2006810913 3382923.8190670824 -6165833.598721933 -1137834.1514435748 -8333376.469012284 3688079.8460197435
-2346067.4601184498 -5004429.973031927 -5351005.348503972 1870589.8774790743 457519.55988356535 4758152.356671749 3951268.389300121 2052244.35265238 2931973.5165542043 -4439424.190780574 1639009.5806127358 7875009.93289756 -5220.385799180346 275450.24214078434 -6129.409321886409 -289213.28925464785 4535971.628761514 -343513.4131159067 6448643.023963033 31629862.989416946 1408276.028854935 115125.16317033373 2749617.7408224447 -97722.66421841421 2263090.543472243 -1705977.934352072 176365.99351491802 -4621519.79166155 -6739348.512894861 204655.53721209822 6302700.840655824 -2602940.436575942 -1670329.2529104894 2741067.5025295718 2426449.6020388054 3281465.9796764874 4213993.343843035 6434837.796752189 4074485.9165699612 -3914685.5461852574 -2128395.062730407
-1344102.9466252185 4014514.658249936 -7301111.510011673 -4409473.623111731 2243594.65687227 4263999.903466028 -62007.49353169337 615327.8484357184 -2553385.0578452856 4000360.584242949 4687248.599041785 1738857.9493025907 1797762.2880526502 -159769.61938110614 1013922.6208589664 3457761.0915785963 1848331.0843251832 4170521.526083961 3896666.0167875676 1408276.028854935 28954321.19695406 -1050186.4502569092 -4344921.102606368 541967.6123702966 2357303.576644043 570771.5611370392 4854763.601747899 -1428866.1087306624 3282608.961537887 741767.6239011874 1632340.010912272 -4774960.879233665 -2245909.396149741 -7037554.856963788 -1909177.2932374172 431560.4118125755 -853434.046323573 1254497.7306866038 1378785.089611082 -2192240.3996239253 6302890.345595727
-1607395.1443248098 -3353549.189925504 2561841.854307953 5321183.759364887 1484252.7635104242 1496164.0806281273 745573.2661121422 -4152672.096873697 -7028483.527361636 6432845.620132473 381090.0784248609 -2788302.8220555335 4936678.097093518 1495044.658016991 -1087184.1012732978 1574396.7006594802 1275606.819136125 1865572.3612317925 510549.343582605 115125.16317033373 -1050186.4502569092 34465250.65416001 -33398.93611582104 -2901864.5883811247 4428697.661479302 6103906.38214138 -59464.10550693207 2617389.9822033583 4627074.559324313 -3387155.6214276617 -1137591.0903527555 693398.2181500348 -6967856.176301622 4073808.4719990836 -2714894.6776934327 93894.6040803736 2638542.7450736365 5719921.623385104 3939205.1015704707 30794.278300160666 -795517.4407771905
155242.80618027566 -2192976.0013929275 249254.8108582073 475063.8380980104 2015614.678045815 -26199.311339612108 3497606.3543422883 6350754.038609507 3868243.997521175 -942520.9337805867 -1005240.0467814311 6278009.7962284945 -6133517.39330122 -2688566.6964737014 7714150.13088181 -7999196.557521056 -3238721.285875771 7731617.886702536 4478702.245495546 2749617.7408224447 -4344921.102606368 -33398.93611582104 34983908.98027404 -1884615.6026292078 -3752094.9907671544 -2473199.7764969533 -236829.53337530306 -5638279.917961891 -346346.64687527466 4683985.175342613 -990572.2553494669 -2255533.1662928895 2025004.3917799431 1191826.6714272771 -1488350.7594446952 -4969210.894972433 -3259322.6805665535 -4757620.6810706295 160001.48579315518 -4148056.8850859725 3106037.3407152644
5455531.379221109 -4758838.840352269 4507909.253953492 1881503.9957466768 1672778.9322817808 -6213974.622691375 349480.1832642106 -4640388.757460445 3033268.232944275 5792873.588756516 -4168717.2507636426 210461.8491302935 1791471.001537644 -683868.1714942101 3795471.726314921 -186055.00510658135 4484759.6214595325 1050865.6537708754 4388463.884436411 -97722.66421841421 541967.6123702966 -2901864.5883811247 -1884615.6026292078 34799590.66703961 -1219245.2090311162 3314607.880044237 -1388248.2031723924 2688958.8163449713 3081197.5824406613 -3629914.833373176 8153625.5662434045 -1029767.7279314252 1135411.3616905443 -5137988.528358825 5077642.583294108 869072.4501309666 4106431.176387438 -2123631.5591327883 2105108.7811070234 -6579211.782807155 710043.3581218136
619814.0623200816 11519.106303351395 4920699.458027754 2426714.8785793413 -954978.779342663 663282.3872179694 880758.6706952148 -4751337.63695314 3637195.0300754877 566714.9737955466 3365797.05266546 -1034529.5758477162 383729.52695294993 -737073.7124976602 -1432261.4919662308 -777299.5361244376 -1454303.9785701185 -1080460.2414015504 -7511682.599832684 2263090.543472243 2357303.576644043 4428697.661479302 -3752094.9907671544 -1219245.2090311162 34247692.226401955 1950144.8601052265 1169606.9263087858 -2277407.411502822 -2754591.4422101057 -5620146.453455707 1358739.0145799448 173200.0500325186 -3230960.8642680263 3602827.3012847477 -4027496.452856264 -2030694.0827986836 75888.76321645557 5323319.347615714 917778.94635081 1132019.1995851342 -3683155.4457275057
1618016.3223607023 -145388.71378180187 -791690.6514103615 -2517099.7697628667 -1284521.0100062543 -2073587.8635289094 464252.59222664457 2856685.9231851497 -3645001.4144362197 2044082.533380247 -1942947.129582639 -3801493.9996130955 2772913.193011378 -1580577.422832167 532527.3742306461 -38004.49074724685 2317181.535235808 -184287.40523107932 -4146508.302865128 -1705977.934352072 570771.5611370392 6103906.38214138 -2473199.7764969533 3314607.880044237 1950144.8601052265 29523824.76622729 7489001.715505966 -32738.549961473927 5163601.70184634 -2553065.9435111317 -3569990.5724398084 2401637.3664282695 -4990583.513155418 -1307442.4685980093 -6937229.037340037 -5919282.085959019 3775450.3382665594 -2947305.751312766 -487226.9819508983 -4378560.763769363 1440709.8868536537
2599583.187294556 -1232156.6036831497 -1283269.508791119 -4356258.767410625 -3694890.7755824924 -4857677.77154245 -182026.86637777407 2782309.8304653266 -2960466.567525537 -2964884.708474941 3296914.983775075 -4464269.445140146 4894463.802316606 -650049.7178195531 -2952415.8425122933 4742597.774145779 1222615.6748513968 -1533550.506214837 -4947609.991014141 176365.99351491802 4854763.601747899 -59464.10550693207 -236829.53337530306 -1388248.2031723924 1169606.9263087858 7489001.715505966 29941546.098829426 -3545191.884263478 -5216606.388419677 -4262579.072378746 -1581382.6886199242 -3623830.474886189 704099.2085634347 -2132299.010065961 -1722612.2519267718 -2182370.7674634857 -3669779.0059253466 -3212890.1456741886 269131.3937682899 14719.665188486004 4332125.688304744
2349528.2640115907 1418787.2932495573 1691484.1666408733 3057391.814574064 -988422.6127739595 -1177761.8458760246 -1680460.2727244098 -3601272.4574373127 2301534.8471450144 -1905836.904770844 -3370219.3752175267 -1979738.9686911888 -791968.9698850422 5055195.77398716 1562000.125456454 -266045.19853578624 -6029282.110847037 322981.3911835894 1037259.9031014886 -4621519.79166155 -1428866.1087306624 2617389.9822033583 -5638279.917961891 2688958.8163449713 -2277407.411502822 -32738.549961473927 -3545191.884263478 30766396.562902555 2414884.08805551 459841.34367727087 -2242224.946271152 -3477076.963536269 11811266.431586023 -2045756.730576488 -2942521.1892282986 1921107.9898342344 -4194910.030083865 9483972.93310593 -1179410.4409360462 144399.50988058202 -5042422.634592873
3204775.003482571 -5719113.007440997 -3317647.129041827 733884.5839106933 -1968434.485775378 598888.3921709345 -2330256.881506803 -742856.794364515 1119429.0341404988 2820001.2973715807 -1159758.8068783192 -896905.8202385601 1711759.0248026657 618890.1080068637 6460246.955810491 -3643706.629140199 -565359.189150056 -2590961.3531205845 3582426.1791441008 -6739348.512894861 3282608.961537887 4627074.559324313 -346346.64687527466 3081197.5824406613 -2754591.4422101057 5163601.70184634 -5216606.388419677 2414884.08805551 30169386.033176433 -446436.73329125444 -4942541.461977844 -5411780.959489616 -1682584.3425622366 -3211416.533897155 -5538351.349601104 639195.8041789476 8549212.537125975 -3961946.246268674 731815.8098513698 808556.8866187367 1010797.0778095662
2213977.8025143566 1543958.6903660996 -786920.5403280907 -7825669.96118896 -3035849.5115421535 -3276279.0871753297 -5438302.213179526 2643650.1931504547 -4934180.527136168 -1436629.2381898907 -5662898.513538966 2987411.3864414585 -10689073.3411405 -719155.675173968 717714.4200083755 -3788003.5207136883 -1254132.4291181571 1792428.1424251688 343601.86132641975 204655.53721209822 741767.6239011874 -3387155.6214276617 4683985.175342613 -3629914.833373176 -5620146.453455707 -2553065.9435111317 -4262579.072378746 459841.34367727087 -446436.73329125444 30475175.850813027 -361395.3751200754 7722218.176213852 716218.9910603304 -2478527.4095258717 4051305.5824520495 -2853853.067355006 4279217.428106792 -819993.7667507288 -1168083.624151699 -1275888.8629258182 -1372088.5982901745
-4858188.463043472 -1389926.6450128008 2384406.205564501 3777804.8020771276 -967327.041382522 675374.5506955407 1762772.249968801 1590243.5440406026 7053969.848546291 -1248453.4297404687 -4441066.49909284 925096.9503150731 -1554001.3218208984 804512.3709305377 1287954.1914754463 -1093432.5657963133 -2016025.7829901422 749357.4810934442 -1280300.2426000773 6302700.840655824 1632340.010912272 -1137591.0903527555 -990572.2553494669 8153625.5662434045 1358739.0145799448 -3569990.5724398084 -1581382.6886199242 -2242224.946271152 -4942541.461977844 -361395.3751200754 31844536.799518593 3616501.841452091 -8769948.857036104 -853283.381726916 -181931.68124273163 -682071.3541163593 5585004.266665789 727311.7622321928 8223844.544084681 570319.4429242314 947859.7993369842
6496392.991412306 2043955.6608037539 7318135.163835734 2511103.6343043335 6741003.885338866 -3602349.9842883814 -488843.0749583163 1140031.873272329 2384396.703818863 1050761.8296313267 -3182624.4079742273 3768802.770134552 -2316837.380890216 -203181.68039554797 355947.1034226742 -503915.9655050988 -2782565.9858071897 -7014077.282207751 -2398475.051315151 -2602940.436575942 -4774960.879233665 693398.2181500348 -2255533.1662928895 -1029767.7279314252 173200.0500325186 2401637.3664282695 -3623830.474886189 -3477076.963536269 -5411780.959489616 7722218.176213852 3616501.841452091 34666244.42071366 -838127.6864654562 -1149459.2572456824 4135548.9537752545 -1984287.4001518523 -479269.67933289544 51529.700544980275 1572415.921661902 4916894.399628492 -190848.44868838473
3076881.5620695567 5630228.316289765 177523.55099076364 -912197.0358432858 4509869.5301316 -342838.02371822065 3276768.6417467636 -805364.2097858691 523956.22689736384 1754002.77341168 1902073.324632668 4119145.425895803 -4943440.251390831 -2687052.0491745058 1755260.455932957 -4282046.77575823 -3383220.731075957 -1672539.9711072538 961650.4287159743 -1670329.2529104894 -2245909.396149741 -6967856.176301622 2025004.3917799431 1135411.3616905443 -3230960.8642680263 -4990583.513155418 704099.2085634347 11811266.431586023 -1682584.3425622366 716218.9910603304 -8769948.857036104 -838127.6864654562 33214370.151269373 -4470398.327979309 2989636.6580433697 1208211.2794187092 -6908177.991201948 2349618.6333463877 -4302056.204116811 5166832.100193626 -2571213.040486111
-6296459.388581556 -664927.4393058197 2118485.9000412156 3694626.2188977743 -10733830.256116694 8930684.344301362 -486419.88537500065 -3608217.837451817 -2912742.9523728727 -3951031.8190601915 468066.0186276454 -5430104.989590816 -2675716.64796413 -2879007.9800494867 -1469344.765825835 -2049944.706286653 -6206936.1003777925 -3924832.981401147 2077684.7462228741 2741067.5025295718 -7037554.856963788 4073808.4719990836 1191826.6714272771 -5137988.528358825 3602827.3012847477 -1307442.4685980093 -2132299.010065961 -2045756.730576488 -3211416.533897155 -2478527.4095258717 -853283.381726916 -1149459.2572456824 -4470398.327979309 33130595.48576834 -4634595.1899864115 5122242.105473561 3460984.1330296234 1186668.9777814595 1276463.5941561018 -4434515.991634848 2248293.7461008886
5732734.498986459 346278.0277082875 -766740.411574077 -693081.3728081977 4540708.473792372 -2747201.7400839 -1031390.5697406464 56545.63745528989 1298608.9905847213 4976472.72438985 307214.220257842 -4222867.491117824 -2348153.9364674035 -5683914.7215583045 1383799.3604508894 4130711.516925425 4146124.9186857897 2791948.081009203 -383091.679266927 2426449.6020388054 -1909177.2932374172 -2714894.6776934327 -1488350.7594446952 5077642.583294108 -4027496.452856264 -6937229.037340037 -1722612.2519267718 -2942521.1892282986 -5538351.349601104 4051305.5824520495 -181931.68124273163 4135548.9537752545 2989636.6580433697 -4634595.1899864115 35507566.79017469 -2745894.9297606465 -7102295.597364087 -4243511.27380722 -1750623.8382219328 3344263.1757999514 1003514.497723741
-286790.76990148966 -4618248.492111798 -6109706.472109091 2625112.0837834617 -3758695.7957194527 -2041530.2509714463 -42225.74467284055 -5738286.532177512 4899858.230350659 -4079292.72719231 -1195387.4829899396 -922541.2698154644 -1390298.8392100777 6564144.483231316 1302296.7177551773 -3673434.2156943344 383055.86961892573 -2562820.375682174 4106787.2006810913 3281465.9796764874 431560.4118125755 93894.6040803736 -4969210.894972433 869072.4501309666 -2030694.0827986836 -5919282.085959019 -2182370.7674634857 1921107.9898342344 639195.8041789476 -2853853.067355006 -682071.3541163593 -1984287.4001518523 1208211.2794187092 5122242.105473561 -2745894.9297606465 32634725.81828289 4058412.034252853 5664992.50652356 762928.1846346431 3489358.3867687765 3503406.968102039
-91876.17744727689 514263.12100165104 95816.63984438512 -6586205.17585546 -8601037.301705975 4716569.327516136 -2882717.3404609435 4249316.325313548 1594488.853990501 825460.752978099 -457392.4939007867 5471033.692041617 516702.29112954723 -1628047.2948196232 -2492081.057298946 -1086022.2995665087 2925817.0838334826 -6005678.194724781 3382923.8190670824 4213993.343843035 -853434.046323573 2638542.7450736365 -3259322.6805665535 4106431.176387438 75888.76321645557 3775450.3382665594 -3669779.0059253466 -4194910.030083865 8549212.537125975 4279217.428106792 5585004.266665789 -479269.67933289544 -6908177.991201948 3460984.1330296234 -7102295.597364087 4058412.034252853 36829015.39137343 -4963182.21095958 6640723.532557843 -4411766.26194167 -3127418.6555616446
2079563.635486037 -5620129.706816782 778644.1619891195 7842113.60205031 -8416743.666589133 1173298.6013708564 1758716.5923142103 -6908450.714370173 8844791.559963712 -3116972.368152992 -2343331.137740864 -2926382.614761769 2451569.012213221 4464173.078275023 -6054631.313935902 2408101.5763490787 -242522.7716299484 1402597.6371982403 -6165833.598721933 6434837.796752189 1254497.7306866038 5719921.623385104 -4757620.6810706295 -2123631.5591327883 5323319.347615714 -2947305.751312766 -3212890.1456741886 9483972.93310593 -3961946.246268674 -819993.7667507288 727311.7622321928 51529.700544980275 2349618.6333463877 1186668.9777814595 -4243511.27380722 5664992.50652356 -4963182.21095958 35054257.238797136 -726037.5430756665 4300670.754522326 -3153965.6258661263
3054951.7228871793 -1160211.5744232398 -2914740.146706031 4562112.823415718 379535.2459298066 1266039.7300859825 362423.5978475775 4351396.365558845 5835213.82081872 3938577.009704316 -1656793.6729758778 3499976.562127038 2208915.7701983107 -3299768.685311528 368243.0497524667 -1749001.7524512939 -245464.32802204048 3498209.459556578 -1137834.1514435748 4074485.9165699612 1378785.089611082 3939205.1015704707 160001.48579315518 2105108.7811070234 917778.94635081 -487226.9819508983 269131.3937682899 -1179410.4409360462 731815.8098513698 -1168083.624151699 8223844.544084681 1572415.921661902 -4302056.204116811 1276463.5941561018 -1750623.8382219328 762928.1846346431 6640723.532557843 -726037.5430756665 36355531.04437262 -3143033.1516754725 1355063.9734014168
5113032.104325442 1661704.971839536 909138.728284385 6241707.102630326 -2282972.841695816 3478991.723662195 349276.7945574407 -7696027.08751056 6765573.107133495 2262842.933657928 -7275708.709402458 -2764967.662082063 -1169981.0147421383 165452.80955050007 189274.27334755217 2048855.7511849687 -3698157.6557890247 -1171313.2752177226 -8333376.469012284 -3914685.5461852574 -2192240.3996239253 30794.278300160666 -4148056.8850859725 -6579211.782807155 1132019.1995851342 -4378560.763769363 14719.665188486004 144399.50988058202 808556.8866187367 -1275888.8629258182 570319.4429242314 4916894.399628492 5166832.100193626 -4434515.991634848 3344263.1757999514 3489358.3867687765 -4411766.26194167 4300670.754522326 -3143033.1516754725 35675822.75366081 -2797973.351981192
110147.94654392029 -823643.9574517637 -5529879.79715716 665492.1934195833 1915578.399025399 1217472.3630711331 4391727.647082151 6962853.882537237 4788.675979606807 -703774.3170197486 1263962.145717731 -3321846.8974527386 1291660.0974177683 -7202248.927539545 666357.2218692258 418021.935211361 5564588.474838485 4432550.224630349 3688079.8460197435 -2128395.062730407 6302890.345595727 -795517.4407771905 3106037.3407152644 710043.3581218136 -3683155.4457275057 1440709.8868536537 4332125.688304744 -5042422.634592873 1010797.0778095662 -1372088.5982901745 947859.7993369842 -190848.44868838473 -2571213.040486111 2248293.7461008886 1003514.497723741 3503406.968102039 -3127418.6555616446 -3153965.6258661263 1355063.9734014168 -2797973.351981192 29070381.916499868
