33507923.29912829 -3753235.6701688827 -3032341.401846834 -2338397.719390579 -942562.3746432174 -3099566.844398219 -4570116.121133901 -306717.8850216382
-3753235.6701688827 33169014.064485047 -2077174.7756629882 -2975482.5214888174 1135556.6376833743 -1241487.4513513828 -1185264.0079027025 -1790750.9974089498
-3032341.401846834 -2077174.7756629882 32086831.576314393 570535.1769097167 -1976878.6199599896 1174609.7812633167 3847169.748198947 -3556704.4758763188
-2338397.719390579 -2975482.5214888174 570535.1769097167 29447747.781143155 -2040349.5775749532 1455503.357447618 -2589254.453077586 2409540.6180752967
-942562.3746432174 1135556.6376833743 -1976878.6199599896 -2040349.5775749532 35333369.336654544 6140300.51959552 -2667983.871105782 -926476.7959435391
-3099566.844398219 -1241487.4513513828 1174609.7812633167 1455503.357447618 6140300.51959552 34701773.9607416 -2257257.0928391614 -5788287.0904379515
-4570116.121133901 -1185264.0079027025 3847169.748198947 -2589254.453077586 -2667983.871105782 -2257257.0928391614 35414630.89140163 -1629916.5354351974
-306717.8850216382 -1790750.9974089498 -3556704.4758763188 2409540.6180752967 -926476.7959435391 -5788287.0904379515 -1629916.5354351974 33721576.088356145
