31764419.189911835 3107018.4182668254 -2345900.5057239854 -100828.0636523324 3942827.4997712895 -4038497.689098171 -4692382.914861795 -835606.5102253692 2106817.2658013976 3873828.1959363404 -1053958.804417662 242670.6623281189 -791762.3957158186 -3648303.0984123796 -905024.759983266 -200104.99415471248 -1423149.8889991108 -144633.98521147584 -799230.7750788487 1165386.0171336127 2000857.0549309861 -1046165.1279157292 -2107351.724157924 -2589669.753284438 489482.8974381037 1834726.3317897448 -3405909.5270790383 -6803781.509381449 -7837186.139134034 -2109195.544444335 1793172.0547250013 2708595.288328688 1328246.4215482872 -2676973.204586247 4643254.638296392 -2095942.6214027267 -4297016.052408112 -5153076.934667119 3216222.3318600687 152412.7176120651 -1978040.9785122073 3526237.890739927 73736.66729438542 -64464.79130663017 155985.48810451824 364129.9481420361 -174075.4154848682 -2607521.355967384 -3630416.7325507225 -3803683.061264654 221494.9097152821 687469.0930161201 4273549.325689826 -2419577.6576020927 -414463.48475056165 5123826.92008657 -4401084.446373616 -918392.8821995561 -916545.6297192789 -3449449.7452858174 4942915.560039797 -1554748.6401653031 -552209.7701930488 340813.6677253409 7176189.863973452 -1673407.0196351432 -147707.87899934125 -3558992.335121811 3733718.159387962 960180.2794235791 2355570.640779083 -7102587.5545147145 3771703.435031564 3793601.918517242 -61528.164669835285 3403538.2618144033 2967575.7620083024 540881.071734739 -515527.08705219236 38446.019772412736 -7333152.377090812 -333733.530110677 -1114768.7539605391 -474967.75766785414 1239926.2100076466 -3969889.4991543107 1868402.0979099586 -684629.5679330749
3107018.4182668254 33086102.502578285 -1876248.3316419749 1397140.1966083546 -254991.15288019704 -995300.9838489776 -3777637.6608574106 -3708127.19985404 4123212.1000822214 3901461.8322897693 3067953.4089793125 -1344986.0766628382 2243578.949859281 -455269.9580914303 4675166.9381312225 2812807.422428432 -3854266.2600478483 -1063461.82067625 7141398.50723644 -435550.9506231121 -930612.4574468947 -2287057.6182621308 3156131.910004029 2442731.8821638944 475614.35508549644 138937.71347653333 3205359.593983212 -3927978.879614827 271848.4051981938 -693784.5523108565 -3303716.678255451 3037048.7525991523 4352993.311252962 -742993.3301464004 2425868.051932811 6361172.793275854 -2491612.3498435924 -1831874.3019577425 2106074.853543296 -913311.8376217348 -47692.20824296822 486234.8017989203 -7832518.495596967 -369831.4629950363 4366960.611021526 3138832.41919102 -751493.9965059573 1456656.4677282684 -3198586.32646841 -1195492.1389105252 -1153951.579415568 7182394.606635641 -4994079.846780436 -7631410.472152855 -1838880.833568277 641778.029407898 4271010.407562786 -2083645.79472901 -884716.8450879123 4469690.074566052 -5582749.149113011 1361090.8811690803 3570838.4231218826 -6198515.422923077 3514419.379516492 6666723.186673637 4349527.284295231 1695979.375480297 5073374.882147563 1598969.066363245 1734378.6641799365 273025.9589733903 67699.49872338594 -4573654.500970479 72309.65235776003 4013459.417276201 -4261484.75703019 6049818.4542989405 1062797.5826816903 -7262999.76978223 -331253.88764583605 2946169.035218085 -2444356.719940852 4438692.77106144 -534825.6601544452 -5731623.617980461 -2101690.4172750437 482663.2487197385
-2345900.5057239854 -1876248.3316419749 38498795.9674394 3429183.2234455277 -5804197.74671071 3305192.107347055 -4519836.7834189925 567293.046002286 2187343.644863264 6276920.626600666 3033633.4159892406 -4788915.907217107 -163543.17373357885 1826995.0718380825 -1748335.8764017182 -545330.0958147417 5878073.065482066 4660404.631924226 3589047.238167492 -3548490.81735942 1528149.9716766584 -5091343.900453118 -7079513.165263485 982880.0287944288 -864396.6052632352 -2289769.799632264 -4018784.4667407926 5800803.78486106 -505533.1104203625 -6468590.566432108 7466003.744993556 256330.31578664074 365193.10301277775 -1966515.3001594169 61653.479469465325 -241280.10529626597 -2355527.3414011705 -1338584.2330599725 -1658949.4186428625 -5397162.592975204 1139538.1170675661 3482496.0539188073 3934474.318363732 1219649.321757943 -6406708.82022964 224901.01842704983 -2580848.624581704 279938.46017007186 151953.05481231445 -329803.3421392328 -3424578.5490367934 -2306001.717284725 -2486904.32894267 -1964959.4877763884 -936564.9247307591 -957086.6185316533 -2544580.6189077673 -21456.450650790583 -4164624.8692956483 4686478.400427292 4751875.092920781 -868990.2846379901 -5284594.330194468 1702230.8453030672 133125.6247470471 -4307392.931177886 4964313.181140582 159882.00240520257 6052788.066987067 -3260838.3639144334 3101211.743384633 -1887680.2805560408 4850035.47458008 1563171.5607537532 -2586990.7399073574 -9227388.030807843 -1253147.3974342602 -3401067.3661782993 2804651.1638059365 -991551.4373169407 3818284.0831766287 2208265.71982699 5865258.058032 3701506.5078482646 1736946.926788294 2496903.7521219347 1737530.5346412174 -4984041.727699051
-100828.0636523324 1397140.1966083546 3429183.2234455277 32242822.963259008 -588291.9639510182 -229139.8605565351 -1193380.4470151288 -475441.1703384919 3966344.3734397446 1747768.01522271 6737482.919052429 2316308.337751695 -5556630.593127048 -2787838.5089805466 4590516.055674696 1446114.2358464806 7952041.409026504 -1767632.8340265623 335435.32837605476 -270171.5413923621 797806.1443512808 1151280.5551124816 3256010.6132304235 -4051023.628132548 2040476.8696257463 3408705.504722281 6109235.076093607 -616979.7099261445 -5489290.336854722 593518.3338521344 -628678.1513180839 1431030.4714715574 -4457643.22380184 -2881038.7565891664 3158018.580573854 -810375.2383819768 -3883740.1674594744 -2019285.758896931 -859017.2132558059 -5416131.8569776025 5291361.41489488 818087.7603460641 -889964.4246069108 -1417536.441735996 5310615.853572149 -526877.210680211 2033510.303839532 -272613.05318268185 -2519997.0073631774 934258.4601441306 2582501.3448383575 -1405159.1033390271 -4329452.207276654 -5624880.947787794 -4544592.197531506 -1015637.601327727 -1810819.925989058 3443962.659228519 -1333026.4483522763 -2160389.131181156 -191550.40842720456 -1252130.0003008093 5195583.616553529 2991018.1726843757 3750272.2446984267 2546568.057386132 -1969507.0740296105 -2524239.759305575 1107138.8885001221 -2077545.4389725933 -830250.2696524248 -1839654.379982645 1552788.8417354184 -470637.86760390556 3478931.4282800406 1187996.795962458 -486801.29746816284 1109245.8802969714 4981274.135923868 2667642.523934589 4390355.497109211 -1856870.9774221587 456649.35015084606 2234814.3157099127 537008.9336735567 2736956.137642186 -2009648.5139662628 2330956.3934866465
3942827.4997712895 -254991.15288019704 -5804197.74671071 -588291.9639510182 31638175.66844239 -4508086.889378412 -3520787.85776737 -2881849.8788208826 -3368817.151747436 1022657.9733806633 -3184349.741852669 3315722.5389046413 -791760.8528807934 2523238.4040591028 4765831.344418553 -2015973.368285966 -6544580.04918897 2795227.147979645 297001.25270300824 -1076800.6486773875 -2247755.0123390947 5168211.526185901 1545993.348695843 -674388.2033700015 -4015378.8340692823 934875.2955910864 1512558.9927248112 -2521644.505556049 -3213305.1483531552 1076512.379109298 2772881.4979585074 5317282.830975108 -614864.8632015743 2850032.6852703984 -1425648.233406831 1516413.288974966 1429131.7938508396 -5200074.7760723 4866045.892452757 134702.87461332753 -8656805.801039655 1785933.399069006 3072255.4525299165 3526369.650842568 -1908141.7702122706 500307.52399531094 241586.31316159206 -5569484.604246496 169526.64274190678 -433760.73779386166 -1746845.9576667948 -2560814.998693292 3756339.698289234 -3860312.2620406714 1149674.6261789694 3437048.1540918997 -1259589.9846870112 -5410341.014835042 826134.7017409676 3033339.8312394535 -1472267.7367507054 -4117858.118119221 -2089100.8754950992 614351.6852203637 2155333.562673367 -3509381.153877158 -5411942.88955152 846463.1660875984 1208136.5704898874 23751.09969252504 2717418.655232235 -2194254.7514194115 -3017852.6319809747 595772.9995847702 2029925.140272523 2185841.011380401 -4314350.577312385 2333050.4180813925 3533602.0486483998 -164020.09666508206 -4948985.752915286 -2074144.6362901952 295453.4962963236 -8750511.55182223 -1020176.5811084734 -109305.908242237 1444773.7139510983 -916951.7340713345
-4038497.689098171 -995300.9838489776 3305192.107347055 -229139.8605565351 -4508086.889378412 31864940.62540263 -3327114.722594826 4253930.109041836 -1823321.353833919 -2147432.359013007 3773286.636675057 -790501.4968599164 -2211975.1001521624 4256158.239268954 -1472973.6864874044 -2422750.724743242 4372601.224066587 -2606197.901039001 2962511.831653491 -1232299.0607199417 -3330515.2178695705 -4728120.598681071 1378208.3968203089 1108844.7987784327 -2861046.240916837 -3101567.65484863 -3480187.5984353507 2873411.065654657 2191372.6739435634 87321.47228542049 -547457.1687094596 -3371786.5242017047 -598463.2384429672 725914.8668265251 -3042275.0154545666 2859385.003204994 -3660029.7788919467 1696566.1931530111 164204.7530821644 -395635.6265356988 1109376.4489532511 1898129.9519500383 4543815.838908136 5606803.492747645 -2401739.0795388822 -449535.631741295 5903744.10504124 -556542.9957018675 -2036448.730504653 -93030.366143305 6289154.621841362 -3420198.7832637513 177924.18539737337 2292042.79577053 -1529213.2098701985 2563456.090180591 -2381102.0057440493 2892639.759265334 6166364.446907726 1551865.4922563008 -1512118.7306179828 -1475587.4047535239 -1792058.398716623 958074.4129755484 -2588008.754290086 -2245377.2770944396 1542613.4279041733 5357789.020532587 -818022.6014686681 -823885.2853631772 5098717.073208711 2106337.7304914333 658780.2725320879 -569532.4530453291 2175972.4044774044 -162987.1858688671 -3106468.3317344105 544220.2645335258 -1426108.7443949666 467184.085435903 -378787.88660351164 -550980.4814628491 878656.9458671215 -284889.45169695636 -3153557.1583380084 -5283160.15948857 663590.1287081552 1552230.2638273183
-4692382.914861795 -3777637.6608574106 -4519836.7834189925 -1193380.4470151288 -3520787.85776737 -3327114.722594826 33018471.278903913 -4176469.852774584 876685.8046548631 3905382.2844988783 -30555.13858641004 -4227508.678756728 -14365.075251981734 -350917.28988233296 -274604.5822801398 5500255.0745627675 3504882.3107379926 2691378.9767635777 -3639044.766759556 -1114058.5857605685 5088869.98026746 2803377.9043638194 1014830.1578390741 4640691.585703089 2869035.9470252083 -45148.19155620465 5501300.809137747 3874700.4924089694 -3812369.9996776143 -3227873.674152454 -1915739.181168453 -1816337.6009639164 -1764378.0133981658 4488704.181930608 -708805.078435073 3356288.8752255337 4897158.314255387 2556857.37188242 -903141.8101451701 3371306.0554149356 753133.6306864809 -3385583.8545224573 -1763405.0786237572 5313869.484662636 1674672.0103755423 -1250366.5684889278 568369.1752926036 5180775.097679076 4751702.291434053 482044.8422896681 -1223791.868686398 876816.7327685279 515527.66867716424 861816.3021560579 5272676.388781059 2186635.5818906147 -1820410.8159354262 2352851.7382125314 -1532268.4491187267 -447727.5381396984 6186141.756661221 4272495.321756203 -2891575.1390016344 -2158806.323267681 804979.8899817539 -79950.19114508019 2290474.4907459575 -3128802.1889334377 1624275.043165285 -4215196.952308353 -927880.0089270215 -2597578.7196213375 3958347.0359925143 2056339.570484758 -1225496.088097177 -5065353.684013853 -812935.4702931757 1207937.8826153635 -5225179.009256577 -1153738.8020826015 3369079.9763740087 2906011.6905504637 601398.7867004027 -2472371.9652284477 -3261316.550974901 2964363.0134278424 -873169.8682009336 2591647.1467317212
-835606.5102253692 -3708127.19985404 567293.046002286 -475441.1703384919 -2881849.8788208826 4253930.109041836 -4176469.852774584 33283330.907892328 -643998.0035636993 -267474.4113338492 -385803.4575503675 1395216.0167351756 -3135298.1021814803 6828887.42983925 1284983.228774802 6462801.945253904 2348768.9335721773 -9591078.287060443 -79288.6110747612 3097437.8472165223 1025803.600352695 352131.9108146937 3106037.0258108024 -111584.36444353625 996565.2915693219 156594.75919923236 -1115180.8852818909 3521264.445831854 588761.8648207258 5142392.207512751 -5545958.091838008 -1958324.649426227 1895881.2896182588 -778139.4116546701 -8503288.458331058 -2858506.854716527 1253617.5447624906 -1867529.6253223764 -4770670.42580429 -1572556.7471896894 -420928.5767215055 250894.73074598605 1198072.3637520263 2776821.1289518364 -2065867.7633291006 -1578003.3592793664 -1922472.7932463996 1294610.052770404 2010084.0681744814 -530875.1859424482 -1272018.7930049608 1235953.6009174841 -4498191.750907612 3113490.249373682 3521465.829015482 630453.3634409704 -1638757.3846985137 4214639.84221283 3195142.2419270207 -2221403.1216694736 -3111508.717301701 1000749.0740803487 796090.8032336553 4499550.494167711 -5761625.9969654465 -8169817.9169382 6254950.537357073 4062823.0215677363 -3548179.726302665 -3237601.1344823996 1456683.2623344176 901395.6030649148 -2269891.275000445 1973520.900537588 861967.9894405382 3871303.010525414 5732325.037938475 -3114791.500136884 -4803042.3472878225 1421337.0554947178 -900840.7675760577 2148975.323718141 388177.73638022685 -2099777.8139432785 2179333.5147637147 78608.13838181383 -1951864.0469740145 1577557.7144985946
2106817.2658013976 4123212.1000822214 2187343.644863264 3966344.3734397446 -3368817.151747436 -1823321.353833919 876685.8046548631 -643998.0035636993 30903665.23307239 3068727.4690473857 1788537.712025346 -5954221.707071686 1491959.4637728082 -2324329.2308565634 221632.6022964936 -3936362.776792703 3255372.866779234 190847.44998455682 -130507.99554462801 -178345.46647110028 3828554.398616413 1852974.4650983957 -3717189.3378868536 -792319.496314885 3040323.7888740874 -396312.41128710663 -742289.1637800026 -8371484.487269297 3726532.451513172 2721410.9465617803 8398979.145103952 -4436485.966113024 2224520.769797017 1996838.3087721614 1176406.14585523 -1685202.9812647263 272694.6683146969 -3202443.515587595 -4118829.8647852405 -4091772.8830542774 1195916.9511788413 -3866521.687867226 -4116837.779751036 -7463727.240131047 2735748.56103641 -1318227.2639682367 138423.70424480835 -823106.8469559682 -1267.2297840162403 4262042.957894026 1974467.5766888182 -118756.9081491767 -4759967.791258317 688253.5766217499 -6125166.425210705 -847923.7849960735 909561.8769006401 93663.44548388713 -5401805.928900341 2776281.074490264 1291878.0326167317 2768920.336309742 -1056945.0572143309 8614.923248853818 1055446.1413282666 -1353953.339971161 2428928.269009576 -1644534.924521402 1259526.7068851592 -4115953.044787999 -716997.7468483379 4016434.1157882647 1801828.8193129883 671725.8373785958 -5530444.576191144 -1371810.6734124355 -469567.9885086508 3814956.902416784 598842.4362127449 -2753178.108671411 4598495.56686479 -3555202.9408938843 1581017.3540305293 -3167032.8679095274 4202.0393661197095 -2478595.578381738 -2589351.5042382795 666957.4964492962
3873828.1959363404 3901461.8322897693 6276920.626600666 1747768.01522271 1022657.9733806633 -2147432.359013007 3905382.2844988783 -267474.4113338492 3068727.4690473857 36049055.59264121 -3845888.9949451857 -7443418.256922675 -489880.3922431037 -407257.424570208 3813083.553373735 121658.27151782342 5667438.944368072 122030.63205303153 5572347.850219523 -3848571.77971189 589087.902058685 -2038050.2759160008 -3689707.319664919 2778547.074533939 3115309.6929279394 5844750.696789047 2459806.667581906 6619058.915507458 -3528716.8278901163 -6307669.377652691 -4199874.425319998 3976214.691289418 -370321.6292833281 3930982.3024792965 -1100502.3509284344 2841389.5907804193 -251296.66816478578 -1392718.9062586676 1209405.952579709 -4737220.703100773 -1226559.0263391268 -2133231.0897476966 1053154.8665031425 -2189108.7689583395 4647018.541159069 920522.4680660827 -5972267.944190768 1825938.011990398 1963965.8145709117 -3418128.450079506 -3692665.448819928 -1300368.122507002 -3777610.5727393273 7716220.99848106 3165823.826571645 -109245.27504876393 -3932944.3772329926 -2065066.7158057743 3951648.9383392013 2331586.8304864136 3264366.5086985105 -2568781.223561961 -1597438.7814691453 3365434.6177562415 5329823.839578952 -230540.1775978556 6892998.332281299 430399.65358918905 2423508.538590376 -4052466.0184309175 2398212.1906446214 -1772194.6453489878 2035791.1225880596 5091548.0902962545 714319.7891935811 247186.49244423286 375438.61683593236 416589.96195119945 493244.2058455103 -1924704.098805632 -990701.1526569963 3424330.04751297 2684740.344665638 153665.23948310045 -3551222.6112710773 -4913661.8663606215 3938873.9500019136 -6472240.673686781
-1053958.804417662 3067953.4089793125 3033633.4159892406 6737482.919052429 -3184349.741852669 3773286.636675057 -30555.13858641004 -385803.4575503675 1788537.712025346 -3845888.9949451857 32700461.936344497 1083753.9861474533 -307281.61033596616 -7285324.274000315 -65991.13899468337 -1749697.2832946482 1539371.7801026278 -2310105.2758064508 396312.84083249036 -532419.5496433573 -1794347.3592949884 1925337.3298904623 3331803.261075802 2270323.0340943 3862842.80276235 190541.2565995958 -1886458.1357290447 3705324.45151003 -2857704.3935154565 316535.41880061757 1835481.9853223073 1145088.4385597832 -2937427.4926782623 -2417352.1354422504 -1304212.4535007856 3615953.400476232 -2226956.3315314422 -3365.9821916125006 1324051.4732912872 3321441.1428142632 4340336.17179963 -2762048.5077410126 1076046.543806462 1640524.4199356993 -4137198.4058068516 -2743077.687078626 3340914.6299193776 32800.01242904968 -2656588.513769171 -3443692.1541270604 5258401.410487537 3925430.8102373714 3764878.3293277603 -5005140.2997430395 2887884.2407053574 -3019236.2396174576 610655.8879191715 3952657.344023085 -3457600.731882071 -316070.4168993122 2598671.542369184 66229.68310358777 3321109.147856989 2240062.665383582 -5102497.593411936 234615.56814113323 -3907023.5728892474 2549145.0833030543 4417686.029859215 6078282.711726921 -1762823.7399991383 4940242.982579021 -545348.140476811 399276.7113340945 721718.0716382781 4015618.88062446 1146672.0330796738 3262035.1520308573 -3421517.5812142757 3723700.037780169 1920807.1106970352 -56526.17405676831 -1759528.0157489418 4617667.23261841 -2793715.89687136 3592486.064304052 -6560842.8008745145 1268655.853408004
242670.6623281189 -1344986.0766628382 -4788915.907217107 2316308.337751695 3315722.5389046413 -790501.4968599164 -4227508.678756728 1395216.0167351756 -5954221.707071686 -7443418.256922675 1083753.9861474533 37924301.0747347 -4155134.781583526 1540451.4789371036 1462987.3187198713 1739045.765079533 2523348.417625256 4527095.701452128 -259369.2365722666 -1660634.2391145981 -581397.0403011452 6559533.834715625 -725623.5235357393 1987913.6133763585 -2615769.8491965723 -4763074.776307111 10358825.910648754 -3076454.036093302 4063276.4414003016 -1922373.9224522654 -1268252.1098126313 -3579894.085709995 -2760801.2013440733 2274269.366711623 256808.87036175042 -1352970.292498534 -1375971.4323031697 -312887.40616161027 -5312587.943025103 2493337.9628685885 -1078083.7162019713 -450879.57348957943 448004.0234097715 1140423.5270363006 -699337.0648291092 2232996.556121827 -1298350.299073502 5656598.769618477 2023345.783711444 2053970.2258687261 -1314692.2554506178 293906.39302359003 -427878.63741025614 940420.5250832976 1002840.2382041687 -5067984.1582908435 1413736.1806530503 133073.38602399733 2896539.917280236 -1604515.4201671858 -8354876.025605563 4246625.011269866 2921727.9239369854 -2591279.7515024864 3573164.679665802 -3331438.671635885 -2426834.0624017986 -661099.5092267743 5222267.362484692 -723027.2475195172 -2111569.171023591 -170921.38271963526 713725.5785950553 2550788.180839855 5462603.124820556 -2506261.3305490785 -5730567.480993608 -3668222.007501038 -703228.448017531 -4619533.561413392 -3082410.8985788273 4879177.160613737 1214787.259388032 -673280.4351343629 -4069772.34661199 4658301.555375956 -6656782.89855385 -3071264.996506476
-791762.3957158186 2243578.949859281 -163543.17373357885 -5556630.593127048 -791760.8528807934 -2211975.1001521624 -14365.075251981734 -3135298.1021814803 1491959.4637728082 -489880.3922431037 -307281.61033596616 -4155134.781583526 35604077.61863826 -3481042.6803701264 4194966.061411383 -1978946.168104787 -3059502.7037473936 -1658201.824977875 -1407116.163610997 -7262204.613276275 2601553.2460856806 -1416510.034293268 -2594112.6201555566 2948645.9725652277 3308788.3795453752 -1334834.7294824633 3688647.3015538035 -4687242.609544423 3702714.9393209163 3831038.7131385123 644059.2776589062 3751694.5984500833 6652787.018387204 -5112708.504347308 4200890.562878256 -133748.75296405642 353320.5396066302 -3889032.952168095 1965673.8359482565 1247225.3390845188 1224639.0597153062 257694.21825344095 5135377.410306629 -2782221.93856294 -5168129.736186473 -1998099.636296642 -5087558.462244795 -6569927.010678925 1900063.289392707 6730718.842019179 -2661463.5648061354 3269284.6569318194 614865.7339422546 -2886095.2047795826 -3394701.5918973675 -4457603.92597487 3608728.0145858866 -3617818.0309776873 382436.91307086096 3979843.5156796617 -529032.3014180479 765889.5661349873 -3612027.5627498026 1477732.2394014758 -6038774.201084833 -276084.94838278973 1058305.8685305845 1684316.5174948988 5686550.183720138 3408211.5155240116 -448069.1105250614 845881.0715028526 6615618.465544468 -2128593.589691861 -4680425.781513607 -1016462.6928235528 4115576.19671983 2267438.896787066 -2998355.5359641574 4008336.8158594347 -1697784.3951692686 -1831041.566114704 -8184283.542204656 -392893.85743763135 -2071763.5517045995 -4348552.116218981 -1361489.4016823508 3582470.5069010896
-3648303.0984123796 -455269.9580914303 1826995.0718380825 -2787838.5089805466 2523238.4040591028 4256158.239268954 -350917.28988233296 6828887.42983925 -2324329.2308565634 -407257.424570208 -7285324.274000315 1540451.4789371036 -3481042.6803701264 30427438.592397634 1863920.8551144304 5990828.442272907 648346.0355233519 4490456.143953245 -1399029.6541387443 -891224.2257751408 -5491960.3367407005 -1523675.313325079 362396.48610550567 389471.3193028146 -2295349.0332269864 -2659925.462525639 -3081037.5206303573 1545173.061664403 1763786.7563484216 5240507.680365645 -111632.50024806449 -829709.6884624439 2286677.4148934167 344175.2383043647 1369417.5900409867 1171921.5404676253 848145.0370683105 -3170497.9656170034 -243106.97046334553 1824919.9349875166 -3873486.4288009047 2033236.9498720425 -4553357.95598239 2822200.7023314876 1569525.6972763166 2834158.4516448774 -5280186.814969778 2890126.7674974906 2555811.7247933582 407957.5376301962 -3302396.623104139 -5736921.361788575 2367703.821279586 -2105713.8158923523 -5776548.2276649475 1285018.9424490302 4938430.56957974 -2455285.12663278 1394958.5279860753 404590.1270994814 -2265435.842129258 -5006924.3589778105 85262.56637424025 -2420414.784597474 -2057021.4874708306 -4336184.98004155 3094602.022255592 3700756.3727123872 -5961372.4850454135 -3493413.6073724134 -679625.7435455082 1642663.5543626598 -8186899.0987399435 -107728.14494916133 4344801.159739082 -3126008.1861883574 811054.9376958036 -5371783.281363934 132094.29054795305 -680733.0554377976 -1748407.6648025827 4507017.390877771 658376.630534979 -5671498.276573529 -578322.9260394187 1361715.0307720904 -4012594.0364158745 -3684462.7929597083
-905024.759983266 4675166.9381312225 -1748335.8764017182 4590516.055674696 4765831.344418553 -1472973.6864874044 -274604.5822801398 1284983.228774802 221632.6022964936 3813083.553373735 -65991.13899468337 1462987.3187198713 4194966.061411383 1863920.8551144304 38940159.43620099 713706.1360748872 159643.89449659773 616611.9935360259 5046929.615491767 -392572.160186764 -389902.2329544711 960602.0837479571 4263832.315285174 5135859.685488067 -1562190.4499488776 5330526.18030788 1494113.7467115403 -487292.87119603733 4671405.627379714 4627490.769109902 3429342.66058033 5398962.103660603 2109095.2885141666 -2811063.942904086 3097431.570998512 5916590.589422046 2004565.9243079512 1829809.593006172 -3496118.952138219 -3787707.27832837 792149.9538263445 3365039.294473068 -2037285.9014938679 -4777356.457874975 5886775.748104631 -1527069.6065293597 -3074747.4129097685 -109164.73830562702 -359040.6169917434 4581147.9552166015 -2711717.0859051524 -429129.8126283235 2872057.3569680215 -1854912.907185064 -2577749.4571041255 -2390935.5302616404 419253.49277772324 -5484699.021150745 1485830.6899306907 -3788502.4718451155 -3356373.3826372256 -1805005.1724180023 3169647.4003002173 6628126.146180657 1147454.397047898 -2746852.4431517054 -887676.1707844689 5227904.062989304 -793472.3683350253 -724357.6821934705 1059183.3981416747 3515024.109728427 -3992540.4575745156 -1929726.1169478258 4114688.5909823696 1872345.6695777376 -2508193.850148003 3638695.351184904 1092945.2687012358 1801136.2796874815 -1921411.0106558816 -12465.519193252425 -793985.6084989193 787282.9145881069 -2233393.119420336 2214788.2479455164 3888742.3808117327 -4447866.769530318
-200104.99415471248 2812807.422428432 -545330.0958147417 1446114.2358464806 -2015973.368285966 -2422750.724743242 5500255.0745627675 6462801.945253904 -3936362.776792703 121658.27151782342 -1749697.2832946482 1739045.765079533 -1978946.168104787 5990828.442272907 713706.1360748872 33928195.70443395 1524595.1054021409 941517.5753313479 3269011.5150093203 2290084.2383825486 -5826991.644679903 5726184.328799708 -4243568.803594981 -2146405.5258614044 659892.461824507 -451420.94844940404 591568.0273958431 1738515.3645241146 -2281260.035735658 1490977.2473978573 -3509381.597489955 262968.4691163019 -472478.51640452456 -3210931.3390981182 2052713.713405826 5007450.039818378 -1585898.7762520274 -2904673.5894785086 -4021718.0734078 876784.4684809614 7121890.959464548 4037037.4383792537 -2153234.7596624787 7809346.574732652 3152285.572711974 3950153.9671216467 -1969366.5809792245 7930954.444553469 5118171.833817725 1784656.7642538901 2637104.8546796776 2604476.436487702 -2178818.707460103 -1216289.7950375667 3479368.392636708 2704459.896355251 -2038112.8422853805 2805740.8624811736 997650.9060589172 -76830.38921471167 -1208067.0710521112 473893.54016847967 4731239.100347815 5918955.309058864 4376916.507108451 -3417768.630783535 5859206.422484394 -4028814.743975685 -1950190.2742264294 146013.59264680257 -257959.29417404483 -858634.2599499655 -6521340.6308204625 -1661524.1621400323 2651689.517037413 1975565.8154502308 1553389.160066151 -104574.0268211588 853096.6614723088 1645787.374515418 -802792.3453978853 -222881.75785002322 -703396.628310854 -4376086.309954967 -4058967.0588285616 1762013.4879139105 -2295582.089672364 10409401.74181849
-1423149.8889991108 -3854266.2600478483 5878073.065482066 7952041.409026504 -6544580.04918897 4372601.224066587 3504882.3107379926 2348768.9335721773 3255372.866779234 5667438.944368072 1539371.7801026278 2523348.417625256 -3059502.7037473936 648346.0355233519 159643.89449659773 1524595.1054021409 33932615.54824011 -6273163.207469192 -574604.1505763283 -3731646.35846256 4367777.663457283 1980663.6927322212 -6398004.700535711 3582493.0971114896 2843007.1469716122 2249733.783089908 3867430.543671828 1909160.0529894643 -3860767.675435724 1024661.9611426807 1325611.743445106 -7156883.022200745 -2780853.8632451897 2282747.880686087 -2037274.8875927157 2546483.225059799 1465401.9792795647 -789740.9087721212 -5304566.469394456 -5625554.31695203 7590332.98790681 -5196944.852668176 -946590.6132568395 -2595546.727629034 1687768.7304587958 -1766296.8198677523 514437.94539287675 2700018.174134988 1747454.142704402 61353.52788754333 385554.24677433795 -4769722.120903977 218358.64361459273 1999271.6345246197 -505230.9938133446 -3270071.195765604 -875222.4403793237 4758146.466667237 -1462186.6198621984 -1959791.9986811802 -975664.886595264 -909768.1767543075 5797183.193516579 1425674.2990904374 594693.2849005421 -2098327.1557651716 3652106.038596397 82303.78486981164 -6289156.653843806 -673953.7504656912 -5681325.532997782 1753996.8401954367 -274377.98702047294 -948192.5028219267 3978098.445993304 -1185669.3980815765 294033.94459482795 864931.9959314981 -2651619.2020628857 -4370550.938339955 8096250.085546677 5159359.1865448225 2047780.1913046362 5996846.883534223 1078993.228828989 3520176.372395261 1503446.3536200428 -8680436.36215593
-144633.98521147584 -1063461.82067625 4660404.631924226 -1767632.8340265623 2795227.147979645 -2606197.901039001 2691378.9767635777 -9591078.287060443 190847.44998455682 122030.63205303153 -2310105.2758064508 4527095.701452128 -1658201.824977875 4490456.143953245 616611.9935360259 941517.5753313479 -6273163.207469192 33849491.02432399 -6384215.130103242 -3872819.327078337 -1283378.179678312 3099282.5191906025 -82663.3559420262 -259365.91475847413 -235714.14757334106 -1289186.567277066 -1023424.6694288759 6119402.643630966 6541216.9802581845 -574395.8035654619 -2649447.4934814675 2952308.720626701 2446388.468483633 -798303.0694884819 7156803.270411716 -4668504.623840609 -943044.7723628134 769810.557348089 -6824287.151710113 -3657190.8157592188 -2466770.9886567327 631812.2642709158 -826270.9439712394 5335253.7269782545 291611.5208283047 -743926.6148945994 -5991249.825758829 -361798.60627088347 1942203.6593905722 202759.63967539967 -2572779.3144244095 -1883668.989383933 -5955249.26400226 -1632886.7113919507 -6345641.349156266 -3583027.2661811193 2537709.775805188 -4457724.087024098 1879159.718438744 3853036.8036523773 3884030.0919471383 -2925519.690139477 1687396.0834730517 -3344957.2201736434 2142986.2902062177 91283.20846829897 1022291.2371157076 5048061.246478585 2189029.9615377206 1547625.9579686099 -2833292.819409436 2612506.2542781327 -1088539.942545017 4354358.769007524 -1590957.5839363376 -6395684.877264913 -6549628.249196834 -6544854.201816016 -47477.252396911965 -1543221.8640228277 -3939411.05640852 -3160021.8811910693 2853872.70992299 4060223.9236131595 -1018103.3231478237 2244618.2225276264 962404.3103190794 -1092501.1137398824
-799230.7750788487 7141398.50723644 3589047.238167492 335435.32837605476 297001.25270300824 2962511.831653491 -3639044.766759556 -79288.6110747612 -130507.99554462801 5572347.850219523 396312.84083249036 -259369.2365722666 -1407116.163610997 -1399029.6541387443 5046929.615491767 3269011.5150093203 -574604.1505763283 -6384215.130103242 31816483.215734426 -2356704.3933011615 -6491459.466667441 -1413307.6529171069 -545362.9835295661 2448035.4447320085 -1080221.3137196486 1297671.8753218008 -1842585.0950807217 3478323.514374782 2663511.5596096125 -2919961.9118301636 3873977.4943593065 -1416471.1360876693 -1666009.6893104094 1050692.8254122452 3223002.695484965 2309607.851680334 -3858481.3372446666 -1477867.6790244863 5349002.196672497 -472441.7120831649 2699249.8593466957 3217973.694712699 845471.9917902339 396880.52653564134 5277933.952593071 5273475.271920623 1788124.9774157032 -905380.11395712 -1161880.0261408675 -1715388.6148369429 -6727098.413223553 -1299197.5914439282 1739270.3046781535 -594077.1494248939 1877902.5143147123 4038431.703325275 -379624.94324119156 -6420919.895744671 5512452.52224 1935550.0516564487 -3684207.1237046025 -1585709.670488353 -684573.3406998042 2179411.771257027 3816168.556471973 -5693615.34128133 9150183.992654735 -6547742.063415098 3113139.8232220137 -1167633.8479932426 389502.42157046235 9006653.121373603 748081.6293157359 2686977.2165352693 -582181.1183678776 5068793.140554359 -4303232.250047027 3215732.872426232 8407672.630137887 -2130053.048820965 3820827.950950911 1140644.3187672468 -3740970.983890832 -985177.2347604572 -4112939.9903632305 -4971889.863813028 3090282.589025725 -1913715.0797018567
1165386.0171336127 -435550.9506231121 -3548490.81735942 -270171.5413923621 -1076800.6486773875 -1232299.0607199417 -1114058.5857605685 3097437.8472165223 -178345.46647110028 -3848571.77971189 -532419.5496433573 -1660634.2391145981 -7262204.613276275 -891224.2257751408 -392572.160186764 2290084.2383825486 -3731646.35846256 -3872819.327078337 -2356704.3933011615 33764389.42298656 1949450.7445115503 -1844281.285044379 949407.6469413689 942924.0138506417 -4330538.5473202085 7136080.62271342 -1666070.7246303489 1755631.407002761 4334859.765105461 3527473.4282403924 -4780497.752837955 2384388.529098391 880197.7300389262 4249527.383580356 -1730098.5259752416 -3099969.181323611 -2171020.660585611 -1729673.0209567763 3076886.702251676 1772151.4300094873 -606342.5007198552 -4780027.768869696 -89992.06585448573 3037710.960482129 1545605.0251629006 -1394385.1224577902 903132.4063268633 5760001.769664607 -2758151.314082928 -366523.19468359055 3694327.257528447 -3086041.087228406 4335760.065342285 -349168.8135079542 4811677.218550595 983725.4209250475 725427.8154264084 101598.15215719427 -2671712.230931611 544461.3799161732 -1743323.9140154412 2631529.8141170377 1771262.9879637929 5801754.111630424 3489756.694085121 -1722861.8248618052 -691117.1396344389 -4955906.560717869 575986.3698931345 -2353751.4190923125 5064572.10160479 2327476.86913546 507205.69040033827 -7422982.117381548 898799.1781984497 -1469379.5872236767 1523265.0763910236 2702258.8282741467 2207368.372759664 2939223.341306072 2230323.0683205775 -5161266.100514701 4891084.322277987 -7049722.995218548 -1000575.9569083356 6797.47027224501 662220.3916217284 93325.5289889638
2000857.0549309861 -930612.4574468947 1528149.9716766584 797806.1443512808 -2247755.0123390947 -3330515.2178695705 5088869.98026746 1025803.600352695 3828554.398616413 589087.902058685 -1794347.3592949884 -581397.0403011452 2601553.2460856806 -5491960.3367407005 -389902.2329544711 -5826991.644679903 4367777.663457283 -1283378.179678312 -6491459.466667441 1949450.7445115503 32241307.063919235 1685319.577268073 -13890.41526438083 6590523.776631527 2055899.844535612 -569400.3889376419 3251731.4651081692 -4951220.583027819 2408563.6107646627 -551605.6258601943 2468983.227527839 -668947.7901288078 5260017.918579378 4465296.244459108 -3354964.401111857 -4913001.356007232 6175755.376238926 423572.8122826802 -5132324.042689764 -2158247.771943219 -5335971.441671316 -1736335.6212615855 -3711574.6222271915 -8173152.9084611675 240645.56501472465 -795631.796920799 2532645.599463789 201222.45329473514 -1144664.2667048362 923429.2670304019 1307725.8182664467 -805515.7027193254 -1513980.619967444 -2130664.086846527 2192943.4026267705 -544675.4110519052 -3293446.90770276 26566.855520977293 -3143924.786762789 -4943373.274249883 466456.94815047336 2889288.151798618 -747919.6967385435 6125020.740837506 -3857768.24512075 -1274453.072787346 -4104019.990918791 -3047867.0786368772 2570510.4588434543 -4464293.472164757 -2657090.2248181086 -1464989.3695471322 7103564.750484512 -2765741.934898175 2045089.3817466444 2048397.335072812 3540251.223631931 1343842.0943046282 -1462282.144070782 -1173499.851747254 414857.35050405015 659583.0229747378 495541.3823757674 73538.08094299762 1698451.2398751746 4492154.464084596 -1893113.713631084 -7198085.0899411375
-1046165.1279157292 -2287057.6182621308 -5091343.900453118 1151280.5551124816 5168211.526185901 -4728120.598681071 2803377.9043638194 352131.9108146937 1852974.4650983957 -2038050.2759160008 1925337.3298904623 6559533.834715625 -1416510.034293268 -1523675.313325079 960602.0837479571 5726184.328799708 1980663.6927322212 3099282.5191906025 -1413307.6529171069 -1844281.285044379 1685319.577268073 33875106.04669881 -4220721.230826039 5127759.138998614 4733303.8895087205 737183.1185038597 2874476.264347655 51722.0554988072 2153321.3122363617 -549040.7246584377 -3542931.048958608 -1450547.045029003 1877398.185475036 2356873.305862999 -139028.20630779487 -677484.0279666398 8100911.868438165 -2680687.609430679 -903292.049488484 -1529928.351527165 6011868.783083733 1648386.198669685 -211234.8155285461 2380790.7626245776 2930767.1539428644 918391.8958087082 800243.7070516243 -615861.9419038224 3810075.675312231 -3514124.313038854 4045875.2306142733 -3251173.7704589833 796230.4320072287 -1248246.3469005828 886017.2948008752 -1718472.755530738 -488589.7542229712 -2470169.6272131023 5877430.36835884 -1227205.3464912975 3982560.8735104925 -829374.3515016186 -2462016.876062289 7370525.1918065855 -1800528.502424876 -6463144.135453825 3073261.5421368326 2920553.173876151 -248561.0772949779 2613271.1586782467 -2305567.492842811 -337483.1768814704 -868027.3891207756 -3000935.813208831 3104961.90218759 -1029989.086049047 -2186410.9895571424 2388254.938609705 167403.57623894824 -2432228.659345144 587109.3065840595 744177.7138262982 -4942283.45903186 -974739.6249061413 1594958.413784656 816649.8020984321 7078.725381079387 5149185.528526816
-2107351.724157924 3156131.910004029 -7079513.165263485 3256010.6132304235 1545993.348695843 1378208.3968203089 1014830.1578390741 3106037.0258108024 -3717189.3378868536 -3689707.319664919 3331803.261075802 -725623.5235357393 -2594112.6201555566 362396.48610550567 4263832.315285174 -4243568.803594981 -6398004.700535711 -82663.3559420262 -545362.9835295661 949407.6469413689 -13890.41526438083 -4220721.230826039 38787003.69312031 -9216775.260331294 1966060.441435017 -1825457.5042827013 -58836.030133542066 -1233889.3957009532 2509565.4549317094 -135220.79823689233 -4426995.848751379 6077547.87616719 -3098864.452861877 -5470147.3547473 927807.367681378 -5705181.620157113 105419.6875994731 9760486.496454967 2998059.133493351 4711209.325585799 2209896.5407202123 3514756.6859970465 -2232747.3019541088 95292.41898048249 1275446.7873464178 2075845.311187276 1990905.7435671494 -3524940.7119730418 -933678.3891305069 -4970283.045722147 -3197427.6989025977 2519519.0910060164 -1712551.3608456003 5143145.066999514 -2231050.176047922 4651284.269499884 -962286.1018769998 -2455639.567448707 4772533.999709244 3971940.827605298 -4816579.4027503105 969161.6788267299 4589748.175503812 -5281534.460335736 988428.5799133352 1387246.3077230859 -2247701.5653676563 3456773.1074063154 -3533022.930447859 6525415.590654481 1025476.5089517039 2592214.3854167257 -4223183.653981078 -5742233.408712109 -849320.2794010579 4951324.067722744 6682161.558908158 -3427788.685344253 378838.3467134063 2738403.515260399 4878452.098802067 4038920.5143628977 1527589.2786469508 9370389.093798036 2490636.90460505 727619.1927907073 -5002428.850395577 2974003.3784743217
-2589669.753284438 2442731.8821638944 982880.0287944288 -4051023.628132548 -674388.2033700015 1108844.7987784327 4640691.585703089 -111584.36444353625 -792319.496314885 2778547.074533939 2270323.0340943 1987913.6133763585 2948645.9725652277 389471.3193028146 5135859.685488067 -2146405.5258614044 3582493.0971114896 -259365.91475847413 2448035.4447320085 942924.0138506417 6590523.776631527 5127759.138998614 -9216775.260331294 34860923.63901081 -640509.4972324278 -806084.5203499967 4690147.843651244 11038900.765092641 2536237.040097105 4097239.870963096 -3652043.8974667187 711338.9866703036 3955647.026481005 1492869.1115076253 -4970095.789439028 5014853.827882489 1615186.7487862213 -1976620.006737744 1764098.058329129 -5103539.971751386 1570551.4162040555 -2547993.0645966725 1560546.732187719 -812134.7279937515 4268594.759303176 5242032.727203513 -535681.2782137218 2792315.9929436487 7767198.157491555 1577485.6690664876 -3496693.0985426484 645896.8998105823 -819329.187924542 -937958.8311519378 -148562.09186102662 -2681066.0882642833 1152839.3702361437 -1242146.715835079 241568.14919839075 -2050853.354720297 -1516522.873416952 72351.59811267594 -5197899.706997398 698655.301511708 -4712253.144939636 -4203893.879230231 3493276.958505956 2422529.380038203 -1704185.290523853 -1195057.3896216163 -3988234.2924128114 -1261027.6729534646 4140500.6679947237 1612187.2556175308 7336014.967952541 -399221.62060780916 -2030853.5259177326 4902346.401988109 -5935381.536325668 -4794078.138712734 2340684.2265906804 332876.4035599598 -2106215.613295982 2137033.635711532 -1933316.73751034 384274.5992920584 1318871.7402064148 -7494278.925078005
