33434267.055993736 696092.0279545238 -142703.37404607155 1821117.6311572902 746481.8252827765 -246327.08525431505 1668523.2831128412 676737.5976743288 1364267.2317243887 1416561.7390952953 -2551677.055385166 1564720.332956232 845648.790165014 -6240775.583003169 2709331.5927311326 5425174.081313181 1083410.8963039168 260604.23958600662 -1353470.3675281378 39623.20076991653 3407003.8065518485 1249099.9053051053 2353493.9957004734 -5112521.03317627 1268042.1815532653 -497811.1374006255 -79355.55610256155 1088664.276125294 -578174.6351142004 -730172.1144367526 1047681.5453044341 -183530.42609753172 1802140.3512616735 2529799.860314405 2914695.713697326 -4417834.977231989 1747719.8731112545 3501673.8522061226 -1382721.5056176481 1376698.9621631468 -3918605.41237741 3108932.1232981887 364105.7365111094 70830.61558552178 -2602543.7587324027 -5341804.844143276 -1493318.7859284056 2560898.796732079 -2698681.6965385512 -717590.7465028765 -663093.6992537538 1089196.0402092517 1799235.6180334443 2281018.631201279 -1840526.8753755821 3291431.421164551 1371315.6555185223 1796543.2967299244
696092.0279545238 34186772.02696556 -975419.4215408318 2665851.0759000517 3826253.52980366 -1447485.0843587362 2224605.152094481 -3576054.7353272927 -3462110.3755307565 -2672719.311913353 -1783723.6153952633 -2992856.766676366 -1519134.2895704815 -3210490.3227287605 2845845.6483909176 2104747.136870247 -1619522.0761647637 1629873.6026352711 -2265735.564252353 1177636.1386809438 -1042918.740426044 -959358.2273069316 -1942269.1146543908 -2722014.103324638 2657392.9403363783 -15112.689157280083 -2537331.7019711453 -3403821.855800503 -886032.1056677755 -401238.30201275303 69938.7146444093 367706.1266312566 2509861.287771023 2312964.388240674 677617.6258872618 -2759583.172181066 -2518806.7599391085 634200.9141868001 -1141710.06240985 2403093.4348681285 4227754.559383533 -51817.19153410585 3332608.958245773 -3669477.3242818937 105788.57030132313 -3364569.196938014 -3617379.3390969173 2368744.075306673 2830371.967562894 -810384.2890938037 3274242.929823939 -4113189.474713242 3043053.1242320826 -3964843.0468142377 4233923.261699362 2106366.8273577793 -339830.1813881764 -1892712.3796598508
-142703.37404607155 -975419.4215408318 33621126.660210244 1644944.9015636444 -360715.33751829795 -3570206.9495024094 -2446488.812371244 2547042.17738958 6744845.557652996 -1081577.7010883049 3101645.01779752 -4516050.709104373 1429805.73234033 3327923.3468572195 -1943431.4293164425 -5631132.095746834 1089101.763687445 -6995923.326785334 -3034773.280315015 -6215662.954924647 1519306.8621339581 1980223.4746923905 498598.6627096588 -43514.712843762914 1516494.1957860219 8192709.1647481 1126072.3612348286 1811746.866573994 4791688.89061946 -778998.578526579 1738748.9498709745 5247522.714508655 725002.4567244903 -1600736.2996003858 -638606.1794608708 1729026.9550741224 -982280.6129585282 2117009.9926845594 1679367.8811443415 1243188.6466639624 -113646.7845541886 1306115.890921677 5317020.2971622115 -2250938.1463723523 -4031197.2258005934 -4148580.0011261194 1392633.5092573345 -23173.21171364637 3999104.8762123454 2142115.721602465 -1379802.1538001266 -553395.1162866914 -922095.0249144966 1986514.9114701657 2992335.324601912 -1511680.6944855899 519876.3923203879 2604736.2527383254
1821117.6311572902 2665851.0759000517 1644944.9015636444 33714028.06997895 1891567.9011149143 1458708.0921247283 3228604.9367149277 1781802.9611246542 1828591.8824539848 4402.92128572034 -1430329.4997290366 1530275.4459034428 465897.3076181463 -1141709.1702292457 5838489.19012318 -504624.7160625011 -1115129.8560180261 2063530.0533246584 2777496.46112294 -2394798.881838716 -3546516.6018017884 2075861.7550720915 1650059.81955345 -1434433.4655971078 1526141.406810539 2110976.401878943 3214938.124234383 222228.51658502786 -915319.6871426381 -12086.464504740818 -1281411.8337365 3036124.4066286944 -2273349.386454878 910576.5338289979 -2203116.4797459682 -236199.30549830332 998407.4512426702 -1772054.2757234455 -1703777.846991949 2919708.745677085 -551802.4756076664 -6107285.486030514 -213656.7844640069 23939.586797432188 -7363199.289555295 2167485.0721298917 694483.3686426246 1035149.9577601263 1140148.1749369071 -614316.1677681496 5579138.018536347 -880126.2548162556 1618296.5786405313 -3086138.7369835414 -21943.461728068585 -1681754.7588722473 -2109079.807231031 965133.7740668238
746481.8252827765 3826253.52980366 -360715.33751829795 1891567.9011149143 30315403.345976673 2808742.989981413 2073013.2241079921 -1647446.73289937 -1995584.9684338141 2173649.867636984 4084554.05059586 -893585.1246912659 1052755.6553588465 3364860.4517272264 -2243828.4342235546 196311.274846981 208963.11558763168 -2591363.021247899 -525707.015342213 -4436474.344306884 844270.038329289 -3887908.246668198 -3908671.5763694495 69848.66689744487 -868237.3257256707 -2028087.8853507931 -638964.638510462 -1546934.2851087893 -40952.27509190883 -2622699.4897460206 -323972.28702095454 -1089796.4134624342 3566788.771051888 5332502.039676938 2662550.3711741497 -875661.792389353 -268871.7157856878 -486806.34771814715 521722.71882703813 2740182.924860064 794376.6108788152 -3223163.304738599 -975487.534371986 735819.8554687164 -1928985.0465381967 1355971.4946064416 4924948.098674367 3104799.8723226194 663432.0232549171 1190120.3956849454 -1184280.2749122176 298988.65783995675 3360693.369275741 -2299384.2492490043 838803.6737771903 855355.530511962 873212.6034194274 130917.35582460459
-246327.08525431505 -1447485.0843587362 -3570206.9495024094 1458708.0921247283 2808742.989981413 33654880.26801479 -2704886.312753885 -2256251.9019247526 -275642.2741382546 4471476.521349162 -771371.335783583 -13012.921844066199 -4746739.868617989 -3395078.08665435 407948.33732268633 -872559.3379192123 -679432.3654042929 -777062.6159230935 2760346.285561225 53002.56085811942 -3181646.282556222 -294936.68966533866 -1842531.3443571515 -3446076.99179281 1339922.447089703 -1932463.9251452857 -1234807.028993849 1937435.8946592498 -2109747.749833427 -2356542.8101938046 -6268172.739223943 5538522.339632446 3993122.25146186 -1804503.059003399 1183428.4184695093 5094536.555521438 -586772.7008547108 5151363.860808233 1681727.802651187 3242283.2036860045 -334804.2401861413 -2924665.0934332157 -4305948.42761881 5125683.097702848 -1628453.136189572 -861623.5498759012 -1219830.6998222424 -106467.93912548006 -811843.7210480286 -223124.45850367995 1287542.9732683315 -5285265.897545373 -2396304.835237934 2534427.0263614235 -4170385.772488087 247716.2206504325 -643785.2002155613 -4076692.6031868965
1668523.2831128412 2224605.152094481 -2446488.812371244 3228604.9367149277 2073013.2241079921 -2704886.312753885 35226799.01173779 1331148.2303861526 -1649954.6579901895 -2395448.5342779844 3657902.0427047783 3431765.6989680305 1839054.5372479798 -2538129.05607517 2258214.3058475438 3512413.6262157015 1695104.7948842566 793697.4685130388 6055141.456419784 3805964.7121029333 -3290981.9430988766 -3432630.6330475938 -1791583.3685117885 661377.9769250639 3118438.122249055 350662.32189268933 3972743.6828648113 -1198697.9492622814 -2686213.8037353726 795876.9182766728 2579070.4740430685 -5062849.079011421 -3155062.838376919 -1635154.9763310365 -1921515.1280290913 -2348771.0703063034 786767.130047105 1137647.1044930634 -3344557.3310492462 -3650949.628868165 -1391680.7832825508 2326032.7618936794 -2802476.9469514443 1057733.1581197048 -3269236.5052239615 663654.0264477076 4071805.8112363713 2716063.967158207 778509.315853573 -1706051.3984410914 3678557.4905391266 4214967.764481168 3349285.8892119885 -270625.6369849295 -2042100.8884028906 -6195.658386051099 2328651.676810982 697444.0884531467
676737.5976743288 -3576054.7353272927 2547042.17738958 1781802.9611246542 -1647446.73289937 -2256251.9019247526 1331148.2303861526 34733853.970005974 3065256.8462978206 -445581.4918322843 116117.00436757633 6439169.5135692 3399389.1890540365 1307758.8101189386 -2489076.6989519135 -645373.9954789287 -1278720.3359645773 -1842544.9929553934 3174182.3212544364 -1171890.7743178566 3119066.670326422 2845297.533828893 3921232.6358255055 -715062.9290945237 1309310.1020991704 4601303.133148129 909962.5345455882 -3453511.0683577033 2112151.6860446297 -2517795.731295029 -1169170.6353199787 675876.6273064329 -510002.9435231608 -154880.03385059792 640930.7106723874 -891324.1856504792 -408685.34981028317 5860662.724788498 1635975.4482196933 1780287.2421241065 -3156944.110139319 1506745.2813648004 320907.78436641954 3612638.835541805 1463770.8618480198 4156786.773746942 297686.91688585136 -851181.8221570688 -4041558.772764859 1406593.1855984202 4813504.306100669 -2477305.584285824 3324909.761383045 2123840.9803726166 -2776163.4352742056 -2703138.158546778 3772449.0352510097 -2795919.640219979
1364267.2317243887 -3462110.3755307565 6744845.557652996 1828591.8824539848 -1995584.9684338141 -275642.2741382546 -1649954.6579901895 3065256.8462978206 35738581.67516933 3787687.2494916995 1566223.2293878465 286732.0456633365 1496251.212849723 410663.52240145724 1126221.609795763 -4810213.831216045 2313172.018569828 -812844.5772454822 -3456306.8442903664 -857606.0011016979 -1900847.4759576956 -3469971.3987180484 -2139618.5874291766 998977.1957920174 -1160609.5198488247 2542349.898697631 2023181.1815988687 280134.35930056835 -1897406.897124976 -4345182.346689585 -2559716.983188335 -363145.5937561229 1981180.4171392075 -816616.6222546819 1818504.9891503116 -284773.92464899 1293134.0764198292 6339274.014148949 2934757.37926304 -862409.5894773023 650116.3956183217 421903.0968161729 -1727997.5844144563 -254259.3693906669 3283506.2709701313 4076671.444481899 -1033557.5155270678 -1458875.4030512944 3865222.2078890987 -1249818.0963940106 -442563.99944030034 3830905.6574341473 -5321114.841746749 -1588060.7785207827 -380961.8989482422 -1043183.9184642156 -3152965.5190096907 1588028.6981554113
1416561.7390952953 -2672719.311913353 -1081577.7010883049 4402.92128572034 2173649.867636984 4471476.521349162 -2395448.5342779844 -445581.4918322843 3787687.2494916995 35067533.71226259 -1805377.9320651526 -4853070.626003198 -290472.5830848929 1075214.3833343352 298715.3947210277 799436.408908735 -2186375.8167727236 -2011346.0973167724 -842978.1603679283 2766766.228355818 263708.64217316575 -605541.9618187719 -1293013.451065351 4001649.420751435 -3326914.494759937 -954326.6929182595 -225166.65046450275 2502458.5395329585 -1532732.5209755814 -2010923.1454192763 -1758254.4800510928 -1961067.6888076267 219587.02671582226 -3504345.8292113235 5119257.976143047 3804566.860586886 -225699.73188918928 -65929.11055036058 -2841694.3375481474 -3298415.556597202 -3620509.0032866145 -2277832.3705237703 -5977355.7033569645 -873043.4280707658 3401615.6678562956 668041.263330308 1467475.3336606876 -1079505.4488349194 604467.4318852164 2051198.2926451976 3420792.6997243487 -1776591.8397503279 -72895.29109756449 -1392845.0234222047 1004542.1457459556 3398891.569496751 -1531508.9561385775 2173965.9050609726
-2551677.055385166 -1783723.6153952633 3101645.01779752 -1430329.4997290366 4084554.05059586 -771371.335783583 3657902.0427047783 116117.00436757633 1566223.2293878465 -1805377.9320651526 30618986.950465836 3130847.220082599 2094184.3587866193 2785903.4650476873 -3080620.854046771 980590.9488295254 1600708.5067962925 -4471975.633204355 780484.2290169955 2337318.159095055 -1293477.0630559407 -2657662.6753422897 1835278.5062040957 -889506.8539213078 1481614.0559396634 413472.90072333976 -175593.45325111327 4856.79268166241 -1383675.596884509 -414456.2254188301 -4760095.98637996 -307506.76192532334 -441347.56333493197 -834651.6051055219 -587692.739462733 -2093728.8670164584 -2026048.0110952018 -2347003.2443114026 -5044884.503049124 3036928.361325883 -801466.5114413676 -1229601.7295349431 -2368741.6368798655 1188883.3317822441 472870.89193659724 -2414713.3250928135 2298385.7691548695 -961677.2441407025 -9541.296317517073 705057.1786382954 -71851.7866981824 2141801.768166402 -242313.41772846197 -1962969.759818164 -4658332.324189764 -2558028.6475979644 1769273.274633059 -553904.5882574777
1564720.332956232 -2992856.766676366 -4516050.709104373 1530275.4459034428 -893585.1246912659 -13012.921844066199 3431765.6989680305 6439169.5135692 286732.0456633365 -4853070.626003198 3130847.220082599 30220716.08617134 -1352047.9000770256 -2440167.3519719527 -1151948.7216130667 -1728445.2550731064 -1176130.6189512622 -3219975.272238873 742927.4780447269 1325390.2709893028 -3327394.1732025156 -1983880.333990521 1313916.0672526394 -556658.63354129 -571850.5204757946 -916175.1479425811 668679.5331111348 -1190085.0520250634 3132684.0075937063 -26550.205935854465 1414569.2435760964 229589.63876991 -1456725.3592354308 1681707.58392693 1776376.277773493 -243387.51473885524 1716465.8362533548 -365172.41587821743 -5084941.943439031 -181372.8185862037 -1579435.1134654616 -744855.5970115507 -3415745.342689505 4251925.88353319 786315.410067556 -2813676.258496137 -2380904.2770447065 94974.78101300201 -1418853.4959894689 -3128140.9406630686 3642862.4183245604 -3316974.6443329602 812220.7268620405 -1442266.853509864 -1557078.3598587923 -468892.5241106679 -1915054.5243070836 -2796994.0756099764
845648.790165014 -1519134.2895704815 1429805.73234033 465897.3076181463 1052755.6553588465 -4746739.868617989 1839054.5372479798 3399389.1890540365 1496251.212849723 -290472.5830848929 2094184.3587866193 -1352047.9000770256 34020993.4202311 1032546.0624551168 971595.3193440968 931585.8573619964 -226886.790259293 -646489.8118787665 -1452046.4791577272 -1239787.8420144154 537977.8784705308 837605.7569383519 1490659.0078128874 -914595.8017471986 6654959.081380201 1632344.6325886317 6018791.141730883 -1218175.7552087225 -1241547.581604919 -605156.7466517198 2446112.0725312773 -2705719.654095366 -931753.5784623049 1917640.267494931 -1250744.2759459557 3402999.6057571857 -163940.7237513292 -966901.2480100496 5489538.447698606 -3081552.227736104 2214986.197911747 -1619151.8276285594 691233.8038611211 5168435.8303137 1940838.9493265774 -765813.5188492268 -2382700.777607608 -1314117.308887151 -547924.5929398978 1226874.328796442 1148764.8151860966 4654919.398202644 -259927.827564391 1436387.5744511706 299230.9017277788 -111747.19197871962 1758105.2622263446 -910047.8998685112
-6240775.583003169 -3210490.3227287605 3327923.3468572195 -1141709.1702292457 3364860.4517272264 -3395078.08665435 -2538129.05607517 1307758.8101189386 410663.52240145724 1075214.3833343352 2785903.4650476873 -2440167.3519719527 1032546.0624551168 32281683.292021412 -122012.34344098107 -2377745.5059680007 -950227.5451487274 -2155277.752920502 1069447.4702920115 175494.29308283405 -2653045.5374598214 -5011898.6462672455 -2627231.9554793816 1523962.7278394096 -1708224.287745032 1620211.981206778 1449648.7439422633 -2533676.0282059577 -943865.5474457965 -441124.3824556003 993587.5487042557 -1443175.4523984813 -1350607.9312576042 1350725.4450096928 -294910.7394696743 1016989.541613766 -328952.8829845874 -4092996.7772277975 3819854.5834329217 -2667062.0623410353 -2271943.1446979023 -2067519.6901923986 -328157.2568050821 -3661090.114909396 306907.6102952766 4303437.817017984 3917842.7723195483 -1271689.2813454336 -122518.51383611704 -2313151.6582579366 1012035.5775417904 -309026.63381038513 -2069812.4055268604 1155761.0255262833 1216723.8314043665 -375443.5268171166 -2034507.3780231576 2358679.079642336
2709331.5927311326 2845845.6483909176 -1943431.4293164425 5838489.19012318 -2243828.4342235546 407948.33732268633 2258214.3058475438 -2489076.6989519135 1126221.609795763 298715.3947210277 -3080620.854046771 -1151948.7216130667 971595.3193440968 -122012.34344098107 33853622.877975896 -907029.4634989514 2202423.142022416 -193248.92864718504 -2034290.1955191235 2590134.086381027 -5267441.399152002 1399484.6698314778 -258543.76946562456 -4726610.318018987 730912.9639966462 1962846.0356182118 4375182.953005077 850473.3739764332 -1774704.587170048 3136958.456137213 118219.65206201808 69222.91889182896 -498305.37105644844 -721047.0916084324 -1757118.1712120806 3935417.907955513 1170848.391252285 -1443906.639752303 2687721.304560797 -1419104.8273104925 2225463.543986604 2110461.348914782 2420886.5411486933 -1522826.2173689394 -2004494.8294587943 -2637741.742266176 617366.6537307777 3361841.3346185866 -316875.57279070007 -3394739.627900413 -454024.41285149386 1309578.8531607173 -1854070.9872916508 -4375082.73769988 524495.1991385827 3920648.696323914 -3939009.638035585 1571318.6110772463
5425174.081313181 2104747.136870247 -5631132.095746834 -504624.7160625011 196311.274846981 -872559.3379192123 3512413.6262157015 -645373.9954789287 -4810213.831216045 799436.408908735 980590.9488295254 -1728445.2550731064 931585.8573619964 -2377745.5059680007 -907029.4634989514 34521783.7035782 233468.93346113522 4026033.8997119623 -3148825.7562756822 583222.9147007214 -1899020.3599711503 1723965.1757452202 -4042198.9094876302 4054936.8065177174 -2664516.517246486 528459.584446304 3517546.2738642152 -1890617.9308560635 -4038664.7513845735 -337726.1653387383 4985818.686098577 2254088.3634687257 3746469.5937162144 -1176229.7881429836 1622800.8842114583 -508697.71796440677 -781024.3580963423 -1085847.71873495 3891824.029582246 1779689.3310390771 1197617.684318699 -507273.06071532157 -4807896.679428011 123777.29557983387 588874.6216655294 792837.1452304217 -963297.2108425117 2203736.175833648 -3567279.4431785373 -995413.5544956465 -259294.29719570413 -986025.8546033379 -133824.47690940564 -801676.6841454542 3806698.1951775034 2526035.364005044 1544735.5261197595 -1909610.7847197407
1083410.8963039168 -1619522.0761647637 1089101.763687445 -1115129.8560180261 208963.11558763168 -679432.3654042929 1695104.7948842566 -1278720.3359645773 2313172.018569828 -2186375.8167727236 1600708.5067962925 -1176130.6189512622 -226886.790259293 -950227.5451487274 2202423.142022416 233468.93346113522 34287636.08156424 -4201041.500436462 -2337153.513868937 -875087.8801408934 -3084765.48552376 -312871.1736079057 -751695.2115211721 -3745810.2491262727 -2544127.944845084 914543.6730879536 3179161.579321895 -1400520.597487879 -233202.8948550871 3559843.2251782124 -2146400.8660239438 2031582.7029546844 -3751342.7385850414 -1831652.0809348875 4107924.6655776156 5963196.067890992 3048432.64853758 -875566.2650734275 995784.871623189 -3450950.274736276 -2502005.988831145 -698171.4385406496 1540562.2714046582 -4817999.857019682 1790772.7299438482 -2803592.61295221 1882496.586960349 -2966939.7646188387 -757869.3619326195 -1058235.7613890136 -978684.8825964412 4569442.947756155 -3480675.043942934 4250447.436762993 5291849.275894365 7777312.141351146 2252641.4117723317 2367146.695151954
260604.23958600662 1629873.6026352711 -6995923.326785334 2063530.0533246584 -2591363.021247899 -777062.6159230935 793697.4685130388 -1842544.9929553934 -812844.5772454822 -2011346.0973167724 -4471975.633204355 -3219975.272238873 -646489.8118787665 -2155277.752920502 -193248.92864718504 4026033.8997119623 -4201041.500436462 32395269.038382977 55643.88602671898 -118438.44871196797 -2990825.438237194 -2793937.2903085887 -3981514.305472896 -212074.5118756848 925833.6148773478 -1434683.1020671632 -1625195.954787599 -2299632.9024105184 -671405.2315775972 378596.0098084289 2478613.523623483 200527.70126900994 -4059638.2836882155 -104513.17954142143 -3398041.4290358704 77564.9523553936 -930938.5567597589 -3115294.7743751146 2639363.252377158 -946532.6973174419 3379011.0977429217 -3030850.3459715755 -2441246.707297603 1087327.5119135568 54030.72632451323 -224515.15108133422 -1389244.6661008578 415455.20321254234 -1247312.9531212237 -549297.3772772176 2384824.555373531 777453.2534091419 -4196645.3526867805 -1445760.4212645027 -4626153.053407144 -661780.3930110362 4420825.504387821 -1646439.7142233483
-1353470.3675281378 -2265735.564252353 -3034773.280315015 2777496.46112294 -525707.015342213 2760346.285561225 6055141.456419784 3174182.3212544364 -3456306.8442903664 -842978.1603679283 780484.2290169955 742927.4780447269 -1452046.4791577272 1069447.4702920115 -2034290.1955191235 -3148825.7562756822 -2337153.513868937 55643.88602671898 35559847.99885877 2699553.1927729785 486769.20542934356 1010128.6198034332 3108781.1439097538 -371745.979455166 1277737.5797430037 -3058775.209154036 -1582032.4980472098 -255090.8742731367 -1238394.3883930908 -2286345.3624204784 -1472067.9649318429 2320355.8079259796 -1155812.1588211553 -1490253.577755849 2524871.135860511 5425599.575460922 -182061.33649688106 -1222576.1243998213 2569039.2972380337 -302275.9637447396 -820743.4494691147 1291009.7264508216 -3853961.712769127 1602606.5757319934 -898684.5120712419 556171.9412076758 -67205.77511637067 -512240.8180497426 1877419.946623111 172695.59158324127 1952023.2057325954 -111959.16045423965 -4080433.606151529 2058848.2185613047 -3783307.5759262694 -583139.3239264124 1443455.3917816768 -4700682.137930261
39623.20076991653 1177636.1386809438 -6215662.954924647 -2394798.881838716 -4436474.344306884 53002.56085811942 3805964.7121029333 -1171890.7743178566 -857606.0011016979 2766766.228355818 2337318.159095055 1325390.2709893028 -1239787.8420144154 175494.29308283405 2590134.086381027 583222.9147007214 -875087.8801408934 -118438.44871196797 2699553.1927729785 35699553.54317528 -3034709.8337156237 -2729231.0470528887 1129337.6648862585 1087685.3846139961 -4046959.3761333595 -264321.3504602717 1185847.3765601139 723609.8336902471 753762.1773351965 52887.70959712879 -1822875.2741007502 -1816679.5178788998 -595856.4706487913 -805722.206351203 4093440.9333996587 1458914.079952052 1670493.144532335 397460.6322641667 -579736.5621523965 -1811622.6584769555 1058532.5595240733 6069715.115501128 -8272918.571681646 531369.8050352875 -2626719.202553825 2537582.834654783 2750491.7525236197 3544170.28931319 -1224484.3264559794 1400515.9972790426 64480.685480735185 -1892740.4479617497 -4846169.625472042 -2273339.0641702893 -2061860.7288119434 -2915915.681551984 -1874794.4800909339 1329639.3867653697
3407003.8065518485 -1042918.740426044 1519306.8621339581 -3546516.6018017884 844270.038329289 -3181646.282556222 -3290981.9430988766 3119066.670326422 -1900847.4759576956 263708.64217316575 -1293477.0630559407 -3327394.1732025156 537977.8784705308 -2653045.5374598214 -5267441.399152002 -1899020.3599711503 -3084765.48552376 -2990825.438237194 486769.20542934356 -3034709.8337156237 35801251.29602288 2812020.4473803025 2000071.119423398 -3771322.7845140537 -1284112.810318106 -703387.5399907548 1381508.3642917469 -924011.9889969742 1422915.5031536545 103948.20381399976 -4944891.350712688 -2421525.0219197003 -3865826.2509169644 -2071290.5967323203 -68261.83666914233 -4092116.2458670246 2134077.0874156835 -3955646.331460194 -1189338.0479568671 -2120671.0526699983 -407037.1371932925 -673774.1618438852 2046347.134734502 -1023856.0136737416 -2052194.9866219426 1263198.7876347497 -5155654.558861507 458269.10107023024 -1865210.8997827694 4348859.265967 -3729641.8170418404 -2121565.410527713 1917354.4183175617 536407.1669103096 -3158566.0171008054 -1287590.6864413545 2733985.5418089125 -1596821.4455868881
1249099.9053051053 -959358.2273069316 1980223.4746923905 2075861.7550720915 -3887908.246668198 -294936.68966533866 -3432630.6330475938 2845297.533828893 -3469971.3987180484 -605541.9618187719 -2657662.6753422897 -1983880.333990521 837605.7569383519 -5011898.6462672455 1399484.6698314778 1723965.1757452202 -312871.1736079057 -2793937.2903085887 1010128.6198034332 -2729231.0470528887 2812020.4473803025 33359600.782301184 138679.26821004658 -705313.7070881593 1119577.6085630937 -500769.54062290816 -1228992.7306848862 -326837.1274493269 -123421.36053935646 -1036588.2710640241 4490172.146344485 988439.6599998187 -1202564.6971103293 -3799391.9563707192 -3091149.70880354 2753375.210788282 -2620792.416777955 2502126.3632103135 -542219.8995099058 -2070955.0333926298 -748334.8181463984 2541538.586088554 4977069.411120083 561277.865768081 -4146452.0240634736 1257491.9280446365 1457887.9930421347 -2510901.8396905996 584505.1868511525 735526.8702828161 -32728.427768316236 4221998.275744891 -766605.4292036066 -1754654.7244701067 -1953983.7567581043 2073654.7547701988 2636652.2355946563 5975382.691263517
2353493.9957004734 -1942269.1146543908 498598.6627096588 1650059.81955345 -3908671.5763694495 -1842531.3443571515 -1791583.3685117885 3921232.6358255055 -2139618.5874291766 -1293013.451065351 1835278.5062040957 1313916.0672526394 1490659.0078128874 -2627231.9554793816 -258543.76946562456 -4042198.9094876302 -751695.2115211721 -3981514.305472896 3108781.1439097538 1129337.6648862585 2000071.119423398 138679.26821004658 32220242.515808363 -743016.6257396962 387381.0191857503 1653914.1865467555 -3502285.204044575 3176306.23334941 -2126572.5621524896 -1846729.8538111248 -2403322.1832796987 -1591500.4572390048 -1222207.7189931977 -375007.4451240177 125291.88245327344 101605.0750869114 155424.37535285958 -1715021.7063097167 -640227.4322670863 3801998.087735942 -137643.58329010574 -224493.8602526879 2588460.4603281287 -314484.9690074975 973129.2649624305 -321176.0856824085 5215542.43552409 1536143.3496857227 -2966931.904213748 4690112.787478714 -734143.4384655437 1844796.3124484771 115791.32565618432 1841223.1454799103 1253693.957692472 -747366.3541107072 -1643918.729834148 1487275.2099157395
-5112521.03317627 -2722014.103324638 -43514.712843762914 -1434433.4655971078 69848.66689744487 -3446076.99179281 661377.9769250639 -715062.9290945237 998977.1957920174 4001649.420751435 -889506.8539213078 -556658.63354129 -914595.8017471986 1523962.7278394096 -4726610.318018987 4054936.8065177174 -3745810.2491262727 -212074.5118756848 -371745.979455166 1087685.3846139961 -3771322.7845140537 -705313.7070881593 -743016.6257396962 28265949.515987694 -2090038.0824966896 1667323.1270478363 1569962.5115133815 2836475.509780378 -417245.61765487504 -297259.5968823686 3114560.7146855523 -2512995.5552386693 2452424.405755527 -1371894.325310797 3625787.517897986 1181443.4194621306 3739492.0784287388 -2876722.6951233973 3981969.607860009 2706035.3077955386 -1705033.337146318 666456.2185342074 -836323.7237697572 205847.7148793161 6224331.773449232 4034766.258340908 2286175.1092222864 1303870.8106106697 -461681.0781885899 -952962.4623929901 1143567.491314486 -4702422.672986493 -3523912.123661401 2526894.207975235 2500286.028088987 249749.95611110056 -1145977.5926585137 2844854.8223634334
1268042.1815532653 2657392.9403363783 1516494.1957860219 1526141.406810539 -868237.3257256707 1339922.447089703 3118438.122249055 1309310.1020991704 -1160609.5198488247 -3326914.494759937 1481614.0559396634 -571850.5204757946 6654959.081380201 -1708224.287745032 730912.9639966462 -2664516.517246486 -2544127.944845084 925833.6148773478 1277737.5797430037 -4046959.3761333595 -1284112.810318106 1119577.6085630937 387381.0191857503 -2090038.0824966896 29684353.60066219 2300183.95734998 -3437426.2402454084 2709606.1128094597 -502023.56087766145 2535812.0753431236 707339.5341922858 3360974.877557425 -4774669.803737808 707951.5564667968 -3782644.490346561 1504789.1190953022 4099488.9369687177 1160196.4413876524 3622635.9826712264 617271.7253530751 -267349.0270859425 -5731950.920888709 2765901.0783023173 -774463.8396035109 -550099.2490797368 -2262571.796355333 941116.8095015887 4405597.0943466555 2642542.748799593 -835527.6859753071 -114943.64755928615 -2454144.1306174602 -1027523.572178995 -2839990.1075539533 -357630.2097691894 -1871501.3324385926 2476073.9900450194 -2638878.239257854
-497811.1374006255 -15112.689157280083 8192709.1647481 2110976.401878943 -2028087.8853507931 -1932463.9251452857 350662.32189268933 4601303.133148129 2542349.898697631 -954326.6929182595 413472.90072333976 -916175.1479425811 1632344.6325886317 1620211.981206778 1962846.0356182118 528459.584446304 914543.6730879536 -1434683.1020671632 -3058775.209154036 -264321.3504602717 -703387.5399907548 -500769.54062290816 1653914.1865467555 1667323.1270478363 2300183.95734998 31466263.929963257 3475774.814994674 1161522.5270140953 2864285.196675926 -3621557.857412124 5544759.226038152 3095813.043412699 -353816.00642140885 -615430.3905389954 -599397.9581999521 478975.4480930191 -1651534.66368983 -921674.3755498528 777134.226013025 -696206.1409298985 1360818.2371626669 152058.56575107048 -1209398.4047522575 -1407223.5732669306 1640119.6017701726 -2153875.7574486635 3129463.58449285 -2612241.698319739 2887902.297522814 -975645.6867242592 1418029.3067319742 -3651668.481015711 -1068537.1928143918 1458115.4749149778 4153365.5674590203 2258895.9238691605 -4143183.3466225713 2477887.3055622396
-79355.55610256155 -2537331.7019711453 1126072.3612348286 3214938.124234383 -638964.638510462 -1234807.028993849 3972743.6828648113 909962.5345455882 2023181.1815988687 -225166.65046450275 -175593.45325111327 668679.5331111348 6018791.141730883 1449648.7439422633 4375182.953005077 3517546.2738642152 3179161.579321895 -1625195.954787599 -1582032.4980472098 1185847.3765601139 1381508.3642917469 -1228992.7306848862 -3502285.204044575 1569962.5115133815 -3437426.2402454084 3475774.814994674 28441450.467803996 2145899.783796008 -2602261.671707812 973344.3706827837 1053322.2284037017 -2442255.5134235094 2101696.1676544566 -3219452.5680845813 486956.3847366153 1368717.8750912065 -6375478.398068801 -3922290.0677703265 1649161.0255712504 -3959082.0943105407 1547647.2351490075 -806278.1738042155 -490904.1154633239 4767306.003152947 -3699683.5772859575 692867.4558331949 -289780.4547111089 -1944319.87325157 1069789.3370542005 725944.9961418429 6763694.157005737 2672327.607038375 804707.583891587 -3061074.4117860324 -204540.03631715899 1184852.2783990146 -1849000.9014119187 202043.03616897832
1088664.276125294 -3403821.855800503 1811746.866573994 222228.51658502786 -1546934.2851087893 1937435.8946592498 -1198697.9492622814 -3453511.0683577033 280134.35930056835 2502458.5395329585 4856.79268166241 -1190085.0520250634 -1218175.7552087225 -2533676.0282059577 850473.3739764332 -1890617.9308560635 -1400520.597487879 -2299632.9024105184 -255090.8742731367 723609.8336902471 -924011.9889969742 -326837.1274493269 3176306.23334941 2836475.509780378 2709606.1128094597 1161522.5270140953 2145899.783796008 31235056.243745595 1508993.7708506046 2574712.681097582 -1038608.8565442641 -2066528.1101453053 2835881.27775632 -3679602.2769073197 6742078.662277799 1300039.4086809296 5147143.218065101 709371.6417399958 616642.7537158963 -752403.0503921012 -998804.020551962 1847314.861850565 -2129400.550571149 907304.4651582774 195304.55445969605 -983644.8171281236 -1898620.269905864 2347163.1769820005 -646572.8527602481 -3275350.919120561 -1142097.465153404 -2103419.938494044 -2462746.891748507 -1869964.7342927922 1585254.5407257453 1529650.956854884 -1794864.7452153973 -2478984.621808531
-578174.6351142004 -886032.1056677755 4791688.89061946 -915319.6871426381 -40952.27509190883 -2109747.749833427 -2686213.8037353726 2112151.6860446297 -1897406.897124976 -1532732.5209755814 -1383675.596884509 3132684.0075937063 -1241547.581604919 -943865.5474457965 -1774704.587170048 -4038664.7513845735 -233202.8948550871 -671405.2315775972 -1238394.3883930908 753762.1773351965 1422915.5031536545 -123421.36053935646 -2126572.5621524896 -417245.61765487504 -502023.56087766145 2864285.196675926 -2602261.671707812 1508993.7708506046 31056042.5310537 2315083.0616306583 -2813048.7696549483 -309911.88985407935 -33135.26385934227 140.15216659130078 731256.196266407 -837945.7929041296 3042872.2615107303 -2317412.38269274 -3435088.138903472 -3950349.8687843345 1953734.0796420302 2105610.3073175806 1474487.3693937373 1727186.1161109665 3826195.9395382316 3397572.3974551647 -1670968.0255874575 -1059593.013083178 533578.26088901 -1983186.8131919326 -1363994.416443908 247662.2766227548 -1914986.2979517968 -1974364.5557628789 897745.6274110969 2941213.2957857116 2781044.883325121 3498660.600245444
-730172.1144367526 -401238.30201275303 -778998.578526579 -12086.464504740818 -2622699.4897460206 -2356542.8101938046 795876.9182766728 -2517795.731295029 -4345182.346689585 -2010923.1454192763 -414456.2254188301 -26550.205935854465 -605156.7466517198 -441124.3824556003 3136958.456137213 -337726.1653387383 3559843.2251782124 378596.0098084289 -2286345.3624204784 52887.70959712879 103948.20381399976 -1036588.2710640241 -1846729.8538111248 -297259.5968823686 2535812.0753431236 -3621557.857412124 973344.3706827837 2574712.681097582 2315083.0616306583 33343193.69695988 -5766890.859521045 1166024.6422989094 -2185527.019263317 73240.46022882221 -3464514.1765987943 2726342.1892541857 3073160.0812940304 784758.3977285856 -3374083.0923068686 -2987960.476470707 -279993.4209117476 811788.9592206992 -304839.77042348444 1502780.3334318085 -754663.4032631179 -1928186.5553030504 -2856869.452408655 -3542983.0594944796 809592.9032404718 401555.5786958193 -4498193.127908144 1328195.0412339538 -1588602.3137856612 -2121954.9314882345 895733.7690735591 1654423.9419311562 1042736.2183115622 2913958.527511055
1047681.5453044341 69938.7146444093 1738748.9498709745 -1281411.8337365 -323972.28702095454 -6268172.739223943 2579070.4740430685 -1169170.6353199787 -2559716.983188335 -1758254.4800510928 -4760095.98637996 1414569.2435760964 2446112.0725312773 993587.5487042557 118219.65206201808 4985818.686098577 -2146400.8660239438 2478613.523623483 -1472067.9649318429 -1822875.2741007502 -4944891.350712688 4490172.146344485 -2403322.1832796987 3114560.7146855523 707339.5341922858 5544759.226038152 1053322.2284037017 -1038608.8565442641 -2813048.7696549483 -5766890.859521045 34161711.77557411 -1508915.0804836825 -1594698.9261936548 2835713.083859117 785285.441796903 -1007283.8976247639 2053122.0428338824 1642264.0410489368 775136.2900661505 -582505.0478847511 1432050.683757144 875389.4802378035 1179789.432963554 -1173834.7110628912 -3141001.6707389434 2384554.3558356673 3836431.835971427 4662132.0754621485 -175045.20796708507 -3375022.58606156 -1995831.3736089573 -1609882.3343963667 2008492.9925305657 5178984.214886162 1797123.3892170812 -4359951.131079537 -196327.1333306855 -553691.4866042954
-183530.42609753172 367706.1266312566 5247522.714508655 3036124.4066286944 -1089796.4134624342 5538522.339632446 -5062849.079011421 675876.6273064329 -363145.5937561229 -1961067.6888076267 -307506.76192532334 229589.63876991 -2705719.654095366 -1443175.4523984813 69222.91889182896 2254088.3634687257 2031582.7029546844 200527.70126900994 2320355.8079259796 -1816679.5178788998 -2421525.0219197003 988439.6599998187 -1591500.4572390048 -2512995.5552386693 3360974.877557425 3095813.043412699 -2442255.5134235094 -2066528.1101453053 -309911.88985407935 1166024.6422989094 -1508915.0804836825 34800273.310504496 2560716.271803877 296557.206425302 1024947.726692854 2022570.057997867 -3275107.8790933145 1783961.2730301751 -1212953.0173855717 1701990.875560246 -1831531.8242073252 -2958019.2749853996 603234.4571412263 -2266995.44204078 -1834541.4923386963 172740.16337249882 -2931532.723339563 -3050746.8811254455 230825.9531594934 2081536.2082571585 -1913144.2346744728 1320711.4845471594 -2952624.6099024513 -636589.9162965855 -4846858.100786751 -3100703.746371248 12813.302099465898 1951913.8937025766
1802140.3512616735 2509861.287771023 725002.4567244903 -2273349.386454878 3566788.771051888 3993122.25146186 -3155062.838376919 -510002.9435231608 1981180.4171392075 219587.02671582226 -441347.56333493197 -1456725.3592354308 -931753.5784623049 -1350607.9312576042 -498305.37105644844 3746469.5937162144 -3751342.7385850414 -4059638.2836882155 -1155812.1588211553 -595856.4706487913 -3865826.2509169644 -1202564.6971103293 -1222207.7189931977 2452424.405755527 -4774669.803737808 -353816.00642140885 2101696.1676544566 2835881.27775632 -33135.26385934227 -2185527.019263317 -1594698.9261936548 2560716.271803877 32954853.679615304 -4152470.8491645963 331391.2629517455 -3520316.4993900005 -3604698.1181584755 3118613.8286649827 501926.62234440376 3577794.241092725 3000984.955474537 2131942.2666955246 -3000830.1096141054 1376865.186384953 1335579.5096804802 -213062.54721643878 -6064452.112991328 3411940.3173581706 3220178.432461755 -973970.9685668837 -226079.44480642947 -1689458.3242846276 4108951.9037613343 -730597.2572693374 3146034.6639395184 -1536192.0539523978 1579871.0955191983 2324046.5008484633
2529799.860314405 2312964.388240674 -1600736.2996003858 910576.5338289979 5332502.039676938 -1804503.059003399 -1635154.9763310365 -154880.03385059792 -816616.6222546819 -3504345.8292113235 -834651.6051055219 1681707.58392693 1917640.267494931 1350725.4450096928 -721047.0916084324 -1176229.7881429836 -1831652.0809348875 -104513.17954142143 -1490253.577755849 -805722.206351203 -2071290.5967323203 -3799391.9563707192 -375007.4451240177 -1371894.325310797 707951.5564667968 -615430.3905389954 -3219452.5680845813 -3679602.2769073197 140.15216659130078 73240.46022882221 2835713.083859117 296557.206425302 -4152470.8491645963 29069958.530589547 1948246.9832623454 3117051.01318059 2023204.6132891157 2354577.180290245 -2911224.5213648854 3206609.4915367994 74205.74697214137 2410589.6794229643 517401.6855378179 -1738488.2788609937 2429749.77698326 -1696042.2328014777 1139756.2640665749 1895414.7002238904 366569.38594239566 642171.1122025703 -3750751.8212303245 3706384.648379233 8033737.010415882 1705713.617945612 -848614.0264784297 1230911.986798828 1525376.0778563302 -15825.757878163156
2914695.713697326 677617.6258872618 -638606.1794608708 -2203116.4797459682 2662550.3711741497 1183428.4184695093 -1921515.1280290913 640930.7106723874 1818504.9891503116 5119257.976143047 -587692.739462733 1776376.277773493 -1250744.2759459557 -294910.7394696743 -1757118.1712120806 1622800.8842114583 4107924.6655776156 -3398041.4290358704 2524871.135860511 4093440.9333996587 -68261.83666914233 -3091149.70880354 125291.88245327344 3625787.517897986 -3782644.490346561 -599397.9581999521 486956.3847366153 6742078.662277799 731256.196266407 -3464514.1765987943 785285.441796903 1024947.726692854 331391.2629517455 1948246.9832623454 29139570.201071855 -2022883.5494103553 2368840.875652627 1638540.347684537 -4117421.4616285632 696067.6867946697 -2572077.328117541 2819144.2421228522 -2972028.3397029946 -1322347.418505266 3065782.6934255105 1895395.4918287948 -1127812.196983257 -1889191.2695331627 -1661562.9327443016 -2584400.1663430594 -388866.5944778481 -1437090.1142249943 -483297.5517564204 -369402.5703358963 4185088.529039546 3991652.224631066 1620019.8132267685 187769.52586452864
-4417834.977231989 -2759583.172181066 1729026.9550741224 -236199.30549830332 -875661.792389353 5094536.555521438 -2348771.0703063034 -891324.1856504792 -284773.92464899 3804566.860586886 -2093728.8670164584 -243387.51473885524 3402999.6057571857 1016989.541613766 3935417.907955513 -508697.71796440677 5963196.067890992 77564.9523553936 5425599.575460922 1458914.079952052 -4092116.2458670246 2753375.210788282 101605.0750869114 1181443.4194621306 1504789.1190953022 478975.4480930191 1368717.8750912065 1300039.4086809296 -837945.7929041296 2726342.1892541857 -1007283.8976247639 2022570.057997867 -3520316.4993900005 3117051.01318059 -2022883.5494103553 36823515.56548155 -2184218.7603623304 12366.397174524896 4717416.626489607 2393444.4788156548 6088228.3870898485 -344976.45354227297 3920208.8030081075 -2804678.4447672926 -2852354.750156959 -3735670.4688007385 3664716.1055985163 3124728.795265556 19932.69078955697 1432795.8735700261 -1918936.4598987137 3472275.7780926256 -2301421.1407254147 1229588.1295720395 -362043.7076898787 211545.33040042443 -526256.2359082953 2700244.1611727015
