34682815.571423955 481588.51896576927 1050119.2841163373 -809830.819380143 1531711.5043073886 -614791.2688622841 -2050928.095308755 -924527.4585569557 -2106364.0409135725 799546.3184552605 2394845.924480839 -2172037.313197928 3357451.3854296207 29049.47365456731 804363.0524420938 3132249.063458532 -953309.1451603877 -2223416.759139434 -806033.056928388 -4222457.905320176 -1787599.0287427865 -472345.40697419824 -679042.5861085627 42051.14270811038 -925682.2181552076 -804899.9300906283 -2553803.6905507147 186480.73229403974 704639.8630570271 1948894.8046341473 1017488.7542574538 -1915798.9929660007 -386232.80374251737 692606.0195203508 2932065.7629068517 1691817.25815416 -3080934.893404692 -3482536.542589088 -385985.32252797147 -3027336.37111426 1446989.2770459543 -5180136.676287363 1339329.9922768343 177419.84924940954 623074.3520896155 1905597.1116228928 3996575.169502299 -1847765.1607330781 -1332297.1901330138 203916.6119390272 5365135.780765658 -2435141.482940319 1425220.1745947704 -2786603.4600120294 -1840082.0478420672 -951021.9185661742 1332552.0823326253 3226926.3077797503 -959125.178824142 375409.36636215204
481588.51896576927 29133900.32490469 -540204.1123239163 -1900172.5038272368 -1691999.84362216 1660799.905507414 607883.5874670472 -3482900.8740136474 -547512.989065299 -644009.0909750123 252755.29502099575 665773.1233507508 -1437137.6002953083 4752214.164042881 876143.716960259 1686783.614139731 3333967.2329939147 -1431060.357416165 -2146902.142839468 2549969.0355523243 1460441.479962942 2986072.465563719 -1668829.4622505445 -2926470.771116317 -3383669.4692138936 -2130252.4072509576 3166706.202123618 -3368189.908788704 909488.9886091815 -1285954.1185747047 1175555.0549064854 1158677.359525141 792746.1622857351 595779.9723996194 362978.8836205296 -101953.03571398638 646196.6058503803 701176.2094516298 897533.1364660832 2105124.483071875 -1362722.5743787764 -2333643.9353678343 -474316.13951121795 2244148.0188489854 -410268.88015616755 2756968.557306654 280061.53412957006 2846883.3797286605 5906263.77086012 -1523472.963764366 1028099.9663040431 1127241.5447249038 1382533.5213475763 -74589.87338609375 2705174.3946688524 -2948905.70716225 -1256530.821143721 -1298001.4282939613 1912650.2016239748 2019493.234666174
1050119.2841163373 -540204.1123239163 33414873.870431244 1280770.9523437277 -26508.349369902135 -170163.48336410936 3608715.225684758 4072089.23878564 -611828.7521219918 450982.7768172862 625893.3455122078 2306010.159335139 -988510.0212153905 -1375375.2505968085 1597727.1662059687 1465266.7156093402 -2053296.6706927812 -1435570.6338261212 -1101292.6541554057 -54367.92647953432 -3829077.0944144945 705585.5895826966 1988576.1469288568 -261803.60185710154 890110.3529988803 -772975.4939019493 830965.8437840544 3049001.6113375737 722874.8827507154 -2255287.6617926634 -3421977.838382747 838552.075615952 2270742.4505116213 1393784.7128601796 -647061.4963799941 -2266576.0515130996 -2781788.6759508373 855963.3813240739 -615765.0714328544 -1036046.4234842181 -3192958.0451418953 1890233.1212864905 -3625661.560147199 3090783.8325934047 -207717.36312385966 -1256846.7069212033 3377391.368400267 24241.23567595072 -140061.43204202122 -2290709.453888573 -1300982.0323023421 -87190.42161170917 -537524.6332000103 1608560.1533394398 3589937.128560748 -1452193.2463995952 3401551.5067818486 4477651.481432902 -1663845.70872519 -2449240.217808712
-809830.819380143 -1900172.5038272368 1280770.9523437277 33958887.76589619 -1353423.5745426833 1107919.7606579321 393900.98061269405 2490051.83319364 686737.8364025392 2406179.9214474447 -2777335.5077141663 -1177294.273076041 -1900941.950650313 1599367.4781202711 -335619.1438297872 1379790.4070359538 30336.98329956456 -1583217.9311885904 238850.13789494787 -3309907.0448832293 4205709.179272308 1853992.5633552545 135806.28612697287 -1971554.0276510858 2925814.6786746667 67515.53481036554 592755.3540732989 -1427677.013819782 -1429213.5781788572 -91984.25008104548 423928.0429091067 342799.1510705759 559421.285873527 99242.28928510564 -3032132.916690718 -2627636.015464307 -673890.8057301127 2399509.692131308 1282724.027151736 1596812.0069031685 51238.778345650244 608459.4872834837 1396854.7625014093 -525534.8781617914 371268.48026458325 -507929.876230985 275127.86996697367 -2045512.6155241816 498503.1880199484 -1217615.7900822456 -1055553.49605746 -1496047.5158333674 743765.2046620898 1127276.549281183 2092987.614354465 135030.39382642985 3502189.7831472103 -1608465.4691270222 1100762.89416317 2406563.296668856
1531711.5043073886 -1691999.84362216 -26508.349369902135 -1353423.5745426833 32131441.84145692 242439.42568952843 -3036657.727484703 3137956.37833882 272778.50445901154 1204576.704884927 1877469.6124476425 1348830.2163829918 2565695.0356652937 765719.6044250947 -390087.5147166556 921402.5805582652 1637855.224564548 1366734.0066162646 -1471624.3720055742 -1158430.976959181 -1338400.6411993424 804360.1776613856 1468374.6672940976 1568313.6641760739 2284316.064123444 -133601.2273030772 -2662684.2662220174 2920413.978610592 -1107166.9398640045 -3053983.510579835 3497259.3103666995 318111.6949369192 1171433.1155907668 3787046.019323674 -549148.7330249893 1060446.412470497 1585929.0583197526 -1188837.4206722109 2927565.032001555 1641766.4020699142 -514487.77264754043 -1050511.2632841496 -67800.44684905154 -46827.310371074906 -135219.96789903287 -861495.0736967683 -1201402.9045922433 683002.8951426763 -62596.26461325978 4125200.212761209 -72323.48097212182 -590540.8814894464 1284698.2445396383 380816.55446685874 -1103327.6621346055 -1165627.1636542478 2234624.7269790317 291848.48612391745 848565.8959991817 -1265586.5903411584
-614791.2688622841 1660799.905507414 -170163.48336410936 1107919.7606579321 242439.42568952843 31867336.74162954 1213689.6631169869 790337.6149901114 -1815461.397352837 -399577.71324552 -31772.814995998706 -1769516.9834893092 3123082.831336649 -1118802.9658783579 -765079.7964320155 3501612.9978930694 -1100347.9273337447 1779011.5788856896 -886281.8448267662 329867.12818797125 461723.34364973765 -2044743.3450655423 1352124.6078353026 1346661.003428102 1528082.8478415706 53297.40939556697 -118976.38428969895 -3444836.6084775575 -2008304.8457429777 3216594.4984493833 2650510.9595203977 -1478681.9223548598 -377902.39194283704 1571002.9972481392 1908775.5275154652 1626967.3522841556 850715.721975249 1196959.6525262925 -551367.8804746169 2232694.512757968 -741246.7771076752 2220667.753675065 -410112.32194101537 138177.237991152 1423351.3329173168 1617091.8333503394 -3315825.659860556 1235268.5662852947 211178.11793232613 -464317.5385643254 -1011429.5348938201 -1129124.260473974 -1269168.3561394704 -1919522.0940300797 1981275.51634773 1816276.7840970256 -359594.66913908673 -94963.42432257168 -1976826.2689099142 -1106363.1267220988
-2050928.095308755 607883.5874670472 3608715.225684758 393900.98061269405 -3036657.727484703 1213689.6631169869 33962166.95161709 -1954438.6551854864 -2024844.0331804145 -2838235.9574315855 957224.697413243 -1727326.7746477984 -865626.4362142395 -1040082.1699708021 -1519251.0897931044 2576641.3117298586 2926453.0852851435 1336077.4905176337 -341278.31324546476 2309010.1780841225 -1763512.3788703599 -801490.3153477502 -3814680.127988705 -418236.6887173183 2407860.897273279 -258858.59734267756 477531.2477688247 -1228690.4304236914 5379498.401304016 1438577.2864485197 -2225211.143405888 -981782.0000465056 -1013256.3946010018 -2852922.0636519343 -3861456.4554788135 1328859.1480796759 -712088.9808424036 -672642.5558086209 30458.617080846572 -2518374.0290085603 -5323.763555949631 1978323.3104617386 807846.9904710915 194879.7694604451 -755582.8045478747 1355753.6078629354 4353876.760612473 80924.40093973707 -1173982.163349841 142614.841847843 1292767.744626919 -2601770.0311688725 1603437.2763712453 -2089813.9270189255 808879.2752348412 -2164501.0380327306 -680742.2888929726 2381491.459941215 -1461730.5505987918 1144736.554086742
-924527.4585569557 -3482900.8740136474 4072089.23878564 2490051.83319364 3137956.37833882 790337.6149901114 -1954438.6551854864 35238572.15728602 -2141045.372473603 1455089.617655299 -829239.7826638834 1590859.4179665237 -3597887.2549976315 -1064690.747853411 -282151.9893884704 2378736.988206934 952751.0226326856 2134049.368207477 1981966.994249307 341339.97673850856 -2001180.387406146 1028973.6256481692 2480844.372718987 1709436.8422756817 24451.9862412192 2812917.2002252345 598271.2703196874 1901140.3455741412 -1786911.6223626712 -837300.2752007247 -1290392.2497597628 1173005.163462387 -205847.87107839904 1219212.3773316788 -3588085.2376637957 -1790492.6824100625 -1329597.5581557078 -463257.49297264294 -1404104.6892142843 1073934.3496695457 -1833788.4127377712 3140224.139395578 -413684.239292731 -3922318.2518772217 4177394.5569858914 1497170.4853946404 3417944.5480667613 123364.60886002958 1665922.3021486173 -903430.7155433926 -390894.346661054 228380.713106044 -6111963.468765966 174989.84201056213 -1477375.6928632273 -431218.1259877503 1751550.6459579603 -664410.1069731055 1456576.968917088 -11440.991395236417
-2106364.0409135725 -547512.989065299 -611828.7521219918 686737.8364025392 272778.50445901154 -1815461.397352837 -2024844.0331804145 -2141045.372473603 35100071.931161955 -154806.53954939806 1480566.2885040003 -1142055.3505737407 5252633.958464667 800317.3989447667 2434610.757544883 -3649198.334932908 -1302733.5532677227 -3199675.005341409 -3909108.4853189043 45421.334945582596 2051281.8674942127 283414.29974962125 1153312.1311780359 41383.98817810062 1743013.9546414295 -260010.72921466635 1224425.0246416715 -3066521.5740701235 2403275.4949520724 2097669.22653625 -91649.54629233429 -3080611.9370781034 2125815.473788458 -365543.4680796298 820794.2803147334 -245403.47695564452 -1111662.5150177518 -527005.0240431591 -1170172.9653855106 5334243.109122583 495083.56668510975 -1536020.5484133654 561847.9622369237 -950120.4608368627 649877.7379209093 -3042407.6175650414 -712469.4287234326 239181.1497903653 1450996.7106653857 -784856.9568703886 2826016.346165018 1041882.6240711397 2074817.6847748782 57063.992663960526 2078432.5057724232 -1593169.5895241138 -1944419.7911257874 498299.84521025745 2786683.3356477134 2121979.036621186
799546.3184552605 -644009.0909750123 450982.7768172862 2406179.9214474447 1204576.704884927 -399577.71324552 -2838235.9574315855 1455089.617655299 -154806.53954939806 31117628.08876873 -1201299.9559667013 3199697.530324677 -1118376.7406656642 2146865.297561164 -2493525.6788462466 1140217.0289698597 -1517478.7433053926 946813.655919175 15523.605657470811 -395927.19814150844 -3119314.0766002205 1050761.4591933247 -497456.75436122826 -986126.6355324367 46314.17246522506 -5862987.021565782 -2049182.828919774 979739.0600818169 241391.26530524238 -260225.172142059 -272206.8424390057 -2090526.816368247 -222639.93729413906 1668761.4321025265 485574.71111772105 2240218.1804862632 1941686.0225844025 -90124.32914812355 805791.2046131557 2566074.7539755846 -3488058.106250158 -2488543.822141541 -131309.23161626406 1186086.84649732 -1209821.9691394237 881806.9640719359 -615677.3623832463 -590973.1438757288 317298.3358636216 -398795.06277171255 -2028956.9962211729 671914.9985873161 -2032495.7787645713 -1224584.919422593 1272742.301678303 -412172.9425589219 2628845.0273253974 -2122107.7565399483 -1608209.8749593417 1187691.4464643588
2394845.924480839 252755.29502099575 625893.3455122078 -2777335.5077141663 1877469.6124476425 -31772.814995998706 957224.697413243 -829239.7826638834 1480566.2885040003 -1201299.9559667013 31161911.533334233 -2405906.28850392 1848631.1610241802 -2072307.5288204348 3360320.773565704 -289401.133901751 1120106.3672466367 -1284648.9866931175 -1299412.7423573686 988928.7957581355 -311608.4019089025 1751984.7619256035 -906466.8272905354 250527.77707736375 871748.9246966026 3584986.540388165 -426057.913784189 1070343.4234100422 544204.8637144963 176993.30244817253 3440952.724145656 1207424.2661923624 -427825.8267524118 318189.47323185 -193219.2038562864 1538886.1848663145 -557582.3668920603 -683412.8183079247 771627.2846436307 486940.8247200385 828473.8726142816 -2737916.6950609568 -1436714.103378793 1717356.0493483408 -716952.2514762754 453126.82260886434 -337181.2657805759 2526918.3369570733 -2216893.5216597468 419871.50083141134 2668633.1229623626 1546701.7606191146 -2438817.634465983 1829997.2072077694 2738042.1114110583 2484978.046004202 93048.57322768822 3350152.6689134603 1662245.1284058848 -769092.2679112289
-2172037.313197928 665773.1233507508 2306010.159335139 -1177294.273076041 1348830.2163829918 -1769516.9834893092 -1727326.7746477984 1590859.4179665237 -1142055.3505737407 3199697.530324677 -2405906.28850392 31093152.815312434 -1439682.3648778521 3565695.155853616 622165.3437918507 3220211.547691525 -2365303.1413167277 543581.1477594764 -1213072.9988434815 2345867.7749923887 264037.80561155075 1867850.8651939502 -5094734.433221479 -2010332.1664196923 -1741423.1104875915 -698150.0486005386 -756770.2976130786 452957.3162895949 3875011.249022866 -1329602.3642904244 871239.2529334425 -610088.6945770179 1056331.0229139559 -994019.9372856229 706183.1784579443 2749524.6386786737 1331961.5120728095 398181.460264355 592699.01222719 489966.5280481781 -569169.5436888016 426373.68457742943 368741.5285877368 -2133887.531530655 -1087335.5409868206 65179.982287515755 -2257480.9670683932 887759.0891178981 2835117.305105083 -3350520.5747268107 -2923604.772128511 1084060.109746181 1676787.3909093004 639920.0927280923 -477626.3599432137 -1548286.7711653975 909839.8457196923 -136764.2407584982 -178759.64087233486 1258865.6760667195
3357451.3854296207 -1437137.6002953083 -988510.0212153905 -1900941.950650313 2565695.0356652937 3123082.831336649 -865626.4362142395 -3597887.2549976315 5252633.958464667 -1118376.7406656642 1848631.1610241802 -1439682.3648778521 34379280.466698 -262902.56713870604 3608874.8066698224 916229.4832634698 -1050800.2435426626 -464540.91832270735 -2020941.5707997165 -486843.30869487213 -2363124.752096263 -1756078.3999620148 1345027.9691521192 548592.4537159671 4839738.132401805 1472476.434330396 -34419.6002469743 1514130.603985163 306745.5573727081 549970.4167664716 544603.3983948802 -1157719.867152074 2151435.416168739 836914.7897104978 490356.2661457734 603397.9398011202 2158555.618020722 -3206666.561894239 2234909.5429302542 3265211.714959094 -3392283.9910876444 -178277.77260192423 207716.68425542125 1595301.521607438 2499089.9390102425 1661218.7489673474 -1161724.7752152612 982040.082588085 -3730700.012237128 -448138.8512047675 2408124.5670948257 -320187.95213206287 919993.9447165931 1591670.9259340626 -517454.0866178779 1855114.7875216103 -1372734.4278637937 1292700.689233962 2038248.1650166702 -26217.006762970126
29049.47365456731 4752214.164042881 -1375375.2505968085 1599367.4781202711 765719.6044250947 -1118802.9658783579 -1040082.1699708021 -1064690.747853411 800317.3989447667 2146865.297561164 -2072307.5288204348 3565695.155853616 -262902.56713870604 35747198.55950654 -1370843.426817511 -743573.1564002726 1938607.4962566602 492727.25420208066 -2972557.0029529682 2077669.2301774423 129561.2871499201 1406064.5466278438 -393110.88210609957 -4226114.274332945 -1108047.799112916 1952076.3326852776 -525009.4979434097 1557064.0711707487 672318.0154344962 -3911021.992454252 792414.9998276125 2263893.111098249 457088.2389256108 910256.6947878668 366820.3936502241 313453.55244532344 1090308.6352214362 -857957.874898817 2773388.485540611 -1375692.4866975555 -1970279.1774998978 -392842.5104173009 1894308.5101562683 1755346.0823807772 1061777.940532258 2539322.8326137676 566248.2283643893 -2207409.831013952 2680271.5087641734 2044864.2353536217 -3320704.4616835886 1407183.1275075169 1492984.8448969997 623746.3123531231 1740720.3580984904 -461205.21720873116 2229764.507866587 -995124.379675687 1680619.786087677 2032121.7406335124
804363.0524420938 876143.716960259 1597727.1662059687 -335619.1438297872 -390087.5147166556 -765079.7964320155 -1519251.0897931044 -282151.9893884704 2434610.757544883 -2493525.6788462466 3360320.773565704 622165.3437918507 3608874.8066698224 -1370843.426817511 33327315.365254346 394330.26011473435 1121849.3654445144 -413016.70682365703 1163313.856156307 -735345.1782197569 -32623.799041860428 1588658.0461798282 -913235.0277164909 -829078.8465523799 1860425.9723513846 250266.09107037238 540399.9346447065 3262223.2621055637 -2279755.2757076533 3341350.5680147773 2345831.850004863 1636276.7011058154 2209160.0179191055 -1534481.8705847703 1823495.7782646944 482740.42055680504 748833.3169668502 -2198021.558321115 296581.15793110605 944159.3991561184 1977278.4376520093 491571.1868783504 -1445060.5543850062 -3011439.3649895 -1355630.4227356168 -769942.3333985907 -1263097.287087856 -2804843.3996088207 -1264945.0063421843 744292.7548846637 4118511.4596082824 3014893.4867860465 2260685.1290374533 -3986697.9733368456 837845.0661383059 -3494328.6780800032 118932.3537156024 2727254.817065386 701438.8100089586 -645620.0656916583
3132249.063458532 1686783.614139731 1465266.7156093402 1379790.4070359538 921402.5805582652 3501612.9978930694 2576641.3117298586 2378736.988206934 -3649198.334932908 1140217.0289698597 -289401.133901751 3220211.547691525 916229.4832634698 -743573.1564002726 394330.26011473435 34331894.222450465 -1385505.8021808437 1033067.1163631033 -2115786.6629740587 -3306011.9742914657 -2143596.9560568705 -2332925.9674696634 -3009444.1069920245 -4328204.808965472 790197.6234624835 1797725.4177274306 -464166.9570719627 2334332.963297118 210256.5162736434 -652603.5889806494 2117019.211673285 1165610.3169362217 -1181226.269640063 -2926720.487491683 -393193.8330699201 1536090.1011210496 -1560435.6188870738 -196554.40591728938 -383214.3674837313 886525.2601061866 965395.6511345294 165424.6883632306 -1811275.364613406 801919.5382146664 2394582.80181679 -2604059.828332078 517694.8653727156 323053.0881166526 361093.58152121236 -2124439.8939989875 550790.9487362349 1450827.6958343294 -3384696.963321264 3110351.628778435 2335452.7955121645 -1197792.8902227832 599957.0844363387 901937.6396673769 498820.1240665246 5065623.24460172
-953309.1451603877 3333967.2329939147 -2053296.6706927812 30336.98329956456 1637855.224564548 -1100347.9273337447 2926453.0852851435 952751.0226326856 -1302733.5532677227 -1517478.7433053926 1120106.3672466367 -2365303.1413167277 -1050800.2435426626 1938607.4962566602 1121849.3654445144 -1385505.8021808437 32647468.31434779 721246.8537293975 -6351591.219565935 956136.5345007885 -2209327.098754605 854352.0666406503 1477316.6714833998 1241190.0453927447 -604774.240238202 -228207.6172724455 -2783221.4232663917 -687223.2627015604 618687.1526048948 -519085.54765852424 -633692.6899461183 2562131.8158652303 -1766548.587691343 -44465.958759643116 515742.4551399851 -257673.28932853532 -185319.2315471816 -470447.666130261 -565644.0820154161 1377664.4850918679 207829.05416841252 -459593.4223295174 2755806.922903907 819414.8214827265 -2154986.852209981 3833487.4841038687 -35864.367166082164 1647468.2749815558 -895786.8736747989 -531905.3444330485 2281655.004333042 2063360.62441761 -1265911.9179425153 -46257.11055002064 -719457.0246007112 -1730576.4291805138 2805296.766624203 -1912699.8301345843 2356280.0937128295 1386956.9392462177
-2223416.759139434 -1431060.357416165 -1435570.6338261212 -1583217.9311885904 1366734.0066162646 1779011.5788856896 1336077.4905176337 2134049.368207477 -3199675.005341409 946813.655919175 -1284648.9866931175 543581.1477594764 -464540.91832270735 492727.25420208066 -413016.70682365703 1033067.1163631033 721246.8537293975 35083142.99144926 414735.5039271301 1444754.1629649673 -257806.13572720104 1390434.2773736385 -1519593.9054504363 410174.7980809487 -2451622.823382935 3412330.066031293 1436633.3707191255 -9177.192545201748 -1319815.5118880968 -592568.2479337764 -471611.80345184635 -3129389.3620671574 1027097.0793787268 -749615.6379074567 -2732916.898126269 -486025.3092038349 1439039.582863521 -5605476.84477504 986395.6497120797 802263.4874836666 -2334121.453947278 -957335.1390587318 1930726.4829916717 2048019.10386416 2007286.9020252018 1520768.0223019957 910060.2250892476 -180641.90484833447 1496606.7482476856 -691126.2981969274 -575896.8698143876 -951745.0976305343 -274434.5391905606 -930354.2783176607 -1652498.1913052741 -748310.4326210355 650311.4756451771 -1297553.9606763234 592008.7862034837 742674.4408940356
-806033.056928388 -2146902.142839468 -1101292.6541554057 238850.13789494787 -1471624.3720055742 -886281.8448267662 -341278.31324546476 1981966.994249307 -3909108.4853189043 15523.605657470811 -1299412.7423573686 -1213072.9988434815 -2020941.5707997165 -2972557.0029529682 1163313.856156307 -2115786.6629740587 -6351591.219565935 414735.5039271301 33328339.050347142 -302385.83956996445 633789.457803467 1585612.4702824587 677428.0719413912 767160.9984019732 2452764.7389246337 2699902.187486694 -2921979.930276352 1718855.3259617384 -1536145.938228022 1397349.8915619154 -3842567.7803910756 -260520.77846685954 1255355.503670211 -3812762.5854480877 -911971.0757988261 1051197.2615492234 -128829.23676413491 -845177.3059141136 -471185.7656337157 -2644426.96401943 2254076.9501387854 1630305.5617495968 -1134317.1789920388 854754.0320481713 517393.1571720085 -2919548.195412743 687700.3584089039 68451.98428272428 -2526071.785840015 -466538.7058166006 932857.9809825132 -479948.78888943227 182887.39298931253 -3054142.9547976796 -387737.4046623032 -668495.6218982842 -803450.0388499222 -119675.14445837167 -452799.54348132777 1534919.389970433
-4222457.905320176 2549969.0355523243 -54367.92647953432 -3309907.0448832293 -1158430.976959181 329867.12818797125 2309010.1780841225 341339.97673850856 45421.334945582596 -395927.19814150844 988928.7957581355 2345867.7749923887 -486843.30869487213 2077669.2301774423 -735345.1782197569 -3306011.9742914657 956136.5345007885 1444754.1629649673 -302385.83956996445 33393362.638987828 -648326.2375154607 -1440083.2589166116 -2873395.811934326 -2607777.8448989154 928547.2328146696 -698758.1139834692 -190748.96583355582 -3302395.208918188 1440864.4742572445 -895864.8241132641 -126469.93995337204 -1421601.2270267191 -967892.1198380003 395911.3999499394 2172642.4780078176 -35869.8692544858 1235550.9475061751 -1994897.7802458552 -2717062.4571902356 -1311646.1865144437 -1251204.2317991871 -2509067.9838455115 -1781531.51236928 1076879.543933013 -2300953.9406205565 984531.1656879773 -197793.88984461792 2477292.899670224 557729.7593592696 3014362.4857191513 -1841486.7975025591 -2300457.977805185 -451742.20637423656 1282088.4557087764 -128845.43726399225 -248307.38205354873 -265872.9044719012 40525.98558477142 2225838.59359385 454028.0874419975
-1787599.0287427865 1460441.479962942 -3829077.0944144945 4205709.179272308 -1338400.6411993424 461723.34364973765 -1763512.3788703599 -2001180.387406146 2051281.8674942127 -3119314.0766002205 -311608.4019089025 264037.80561155075 -2363124.752096263 129561.2871499201 -32623.799041860428 -2143596.9560568705 -2209327.098754605 -257806.13572720104 633789.457803467 -648326.2375154607 33865218.57002373 1389922.4200208753 1207124.0257418696 -35591.45918555479 -1073124.882170935 -916113.7854172778 -324306.9266548969 -342133.76982806646 1671409.8761315348 1044842.4938228441 -727503.9648348577 -907014.9046397229 -2115490.0013348954 180055.50709737896 2266711.3599028783 -887079.9399588393 -434246.9011502104 1885839.2160791159 -2768183.7520068213 -335185.90000814496 591980.1430149422 -231017.29707513642 1267371.689103709 605829.9482726922 2192760.887545106 -20018.01342909846 192413.66549143477 2221375.769848321 -1164762.4390490348 -1484270.1270346842 2048443.8996149574 -1775868.0327571742 -149827.30600601685 -1630893.2273937885 1801863.3913009348 -2446629.6838664557 1948848.4139909304 -3763197.487500871 -783705.0715005773 2743761.388986666
-472345.40697419824 2986072.465563719 705585.5895826966 1853992.5633552545 804360.1776613856 -2044743.3450655423 -801490.3153477502 1028973.6256481692 283414.29974962125 1050761.4591933247 1751984.7619256035 1867850.8651939502 -1756078.3999620148 1406064.5466278438 1588658.0461798282 -2332925.9674696634 854352.0666406503 1390434.2773736385 1585612.4702824587 -1440083.2589166116 1389922.4200208753 32121171.435209557 1092002.8075831388 1220940.5437613148 -906484.8516512116 630686.5405892762 178271.03758081418 -569125.5653388561 -1754355.8200463098 -22276.069615951754 -380268.95051592466 224399.75076546648 -1267021.635005056 -983583.896730171 -1354153.4453802032 801786.786248224 -3595083.728648304 -1088168.8843582182 -1057291.992528225 3100330.7315204428 1054607.225553022 -3716015.2274078703 454569.13441812876 928376.8392061528 -1504441.8022680674 1152443.8133470684 625200.2786423855 -1399203.0847662748 1245470.735738928 -2197617.3679496376 1287423.9789749577 -1632139.1883645572 -1598491.4189802345 -2210654.246982734 -910871.360854529 -1136606.3886384643 2172575.20289327 -479113.1189473169 1667285.7307889208 2364435.592515336
-679042.5861085627 -1668829.4622505445 1988576.1469288568 135806.28612697287 1468374.6672940976 1352124.6078353026 -3814680.127988705 2480844.372718987 1153312.1311780359 -497456.75436122826 -906466.8272905354 -5094734.433221479 1345027.9691521192 -393110.88210609957 -913235.0277164909 -3009444.1069920245 1477316.6714833998 -1519593.9054504363 677428.0719413912 -2873395.811934326 1207124.0257418696 1092002.8075831388 33991018.60002494 -2183420.2439691457 -36881.85253033705 1454103.4087405065 5252951.433687581 -1853751.604241381 -3152695.911973281 2730833.534852619 -1558390.297069119 152072.3167406301 -505254.16250686033 3862082.724202091 1371137.178337322 -3139960.222882218 -2959093.2127780775 -336413.34152470017 -2443339.6868493115 -610355.4605747244 -987859.0009197481 1484477.0668722733 -204897.61216293124 988039.8348063229 768738.3905008286 957994.5729997762 1890748.4160922093 -3911833.449602709 -974998.5804498239 2152033.6599819423 948282.2302368284 -78349.12647179313 176583.31908613825 461375.67964372196 -2397263.9505185173 504009.2440817191 3877345.5559644727 -41608.1663309118 -2635806.3988189376 -2436680.2598424745
42051.14270811038 -2926470.771116317 -261803.60185710154 -1971554.0276510858 1568313.6641760739 1346661.003428102 -418236.6887173183 1709436.8422756817 41383.98817810062 -986126.6355324367 250527.77707736375 -2010332.1664196923 548592.4537159671 -4226114.274332945 -829078.8465523799 -4328204.808965472 1241190.0453927447 410174.7980809487 767160.9984019732 -2607777.8448989154 -35591.45918555479 1220940.5437613148 -2183420.2439691457 30570334.401602354 -1660206.3604806382 1997920.1178996754 -1268892.094573807 2553797.282558046 -417771.1940871762 -1041800.6178977577 134624.9341219834 -638951.3687027761 -3437444.232563526 -1072542.7262255258 -753326.2424733995 -39981.275299630586 1035076.3877533817 1124237.3422718705 -2734722.100732952 225852.67995790517 -1055560.88410135 1965630.2023465089 51301.03532119255 340187.9241219263 -836890.462869827 282498.1536021285 107194.16612647168 -612360.2272806532 -784297.6852612694 -36200.959954287755 -1298717.421800301 -1236575.8686385714 -1269962.1607101387 -163519.83584535113 -420817.362786333 -1111295.8251615365 -936912.9036768051 -216366.45871872167 -4096427.026383566 799469.311117359
-925682.2181552076 -3383669.4692138936 890110.3529988803 2925814.6786746667 2284316.064123444 1528082.8478415706 2407860.897273279 24451.9862412192 1743013.9546414295 46314.17246522506 871748.9246966026 -1741423.1104875915 4839738.132401805 -1108047.799112916 1860425.9723513846 790197.6234624835 -604774.240238202 -2451622.823382935 2452764.7389246337 928547.2328146696 -1073124.882170935 -906484.8516512116 -36881.85253033705 -1660206.3604806382 34288651.00643868 3239773.4854132393 2711393.5089232926 2795820.4430235503 525875.0845892614 656942.5534045268 1504442.7569703695 720901.1637306253 -430347.3483002132 541660.6953870584 841473.1649416662 209743.6706357832 143809.97355028984 -944528.3362154308 3420937.479727183 -4211008.442977653 1417385.103339383 -2916218.259174163 -3710978.0396727077 -1185368.8141239972 -521238.024294222 2997128.4383804547 -1432327.8489455122 5454691.221374149 -3284352.8505603718 -2232070.7242160323 81386.40685661766 384026.6234920818 -281883.7812660985 -1371297.2184835854 75981.90640839738 238856.84659297613 -2250355.021987453 -3269524.4663429186 1043686.9527509946 1643939.28088208
-804899.9300906283 -2130252.4072509576 -772975.4939019493 67515.53481036554 -133601.2273030772 53297.40939556697 -258858.59734267756 2812917.2002252345 -260010.72921466635 -5862987.021565782 3584986.540388165 -698150.0486005386 1472476.434330396 1952076.3326852776 250266.09107037238 1797725.4177274306 -228207.6172724455 3412330.066031293 2699902.187486694 -698758.1139834692 -916113.7854172778 630686.5405892762 1454103.4087405065 1997920.1178996754 3239773.4854132393 33686118.18002415 2336659.2772388626 -219308.9262818549 -1526474.5641108495 1252172.722567442 2229032.4994614352 427337.90276155 698867.2310875831 1761270.4009656608 103742.37906762156 2377350.5936042657 -1789767.5724214558 -168191.3104054854 -623866.8836988878 -64021.06809885627 -831838.2842196525 3903896.709941216 -3210010.863807078 -1118789.3001779658 357088.23367427924 2965238.1337569524 1239308.5284075646 350056.1543148166 728500.7227486797 1281998.8093239057 -2331891.5267560645 1773232.4359175884 -861234.6191774715 1836057.1468615201 -1015607.1794297738 272864.53951266414 387729.42452854797 74863.9492880809 -644164.6982800441 2095554.0647076087
-2553803.6905507147 3166706.202123618 830965.8437840544 592755.3540732989 -2662684.2662220174 -118976.38428969895 477531.2477688247 598271.2703196874 1224425.0246416715 -2049182.828919774 -426057.913784189 -756770.2976130786 -34419.6002469743 -525009.4979434097 540399.9346447065 -464166.9570719627 -2783221.4232663917 1436633.3707191255 -2921979.930276352 -190748.96583355582 -324306.9266548969 178271.03758081418 5252951.433687581 -1268892.094573807 2711393.5089232926 2336659.2772388626 36596713.54861977 1973604.8300179022 -2696631.897093877 2124047.0205113036 2822941.5153699983 -297869.38353678846 2002620.9015575594 3379516.8027858143 -1136120.6131201019 -208289.34202598204 -941859.8213221718 1551630.7956253644 -196473.88250068348 -450995.35883475497 -1473498.1003584152 -1397797.1911884448 -1624493.8331614845 370249.66171506507 2638590.3440534845 -602538.4971152684 -1532759.5409436226 1022894.622459824 -4711401.06312146 -902719.4899126436 2157632.1088742204 -958467.8983000132 -1138179.7557023088 1402162.3480712778 2759782.2885060646 -1383941.9823874605 -840327.0379217031 694254.7709876434 -304177.9474923031 -273970.5761710334
186480.73229403974 -3368189.908788704 3049001.6113375737 -1427677.013819782 2920413.978610592 -3444836.6084775575 -1228690.4304236914 1901140.3455741412 -3066521.5740701235 979739.0600818169 1070343.4234100422 452957.3162895949 1514130.603985163 1557064.0711707487 3262223.2621055637 2334332.963297118 -687223.2627015604 -9177.192545201748 1718855.3259617384 -3302395.208918188 -342133.76982806646 -569125.5653388561 -1853751.604241381 2553797.282558046 2795820.4430235503 -219308.9262818549 1973604.8300179022 32839477.43065568 -2292046.4896565895 -2292738.253753266 -312803.0937406741 1009842.0262653885 1763131.4297877296 267010.7450750648 370194.0108564376 -2733573.671378193 -612770.417808082 826753.729990393 553012.8755519671 -1035986.0172242958 2483897.054725732 2313714.1586009543 -1370996.044127476 1013954.1201885177 2913597.3904270735 2858216.071673208 2249995.8188642524 -493445.57969475206 616754.4610773694 1371162.2642972178 -1495043.879375141 320522.42990381684 -2774412.185447469 1923769.8893423362 112601.52521886883 -1129844.688239765 550027.838854856 341317.8611410273 -2903093.56333858 1896498.2267751917
704639.8630570271 909488.9886091815 722874.8827507154 -1429213.5781788572 -1107166.9398640045 -2008304.8457429777 5379498.401304016 -1786911.6223626712 2403275.4949520724 241391.26530524238 544204.8637144963 3875011.249022866 306745.5573727081 672318.0154344962 -2279755.2757076533 210256.5162736434 618687.1526048948 -1319815.5118880968 -1536145.938228022 1440864.4742572445 1671409.8761315348 -1754355.8200463098 -3152695.911973281 -417771.1940871762 525875.0845892614 -1526474.5641108495 -2696631.897093877 -2292046.4896565895 32891813.875165936 2090118.5905358242 139554.15377716234 -313981.2828478286 -2351674.718607965 -2434063.296213506 -2730969.7910020445 -465198.47262003156 -235083.53373261867 -1534320.7190579826 -311083.8659354393 -2712409.712172258 -2878647.227853947 -1826030.6551092134 1369937.9326656044 -104143.95665710418 -4035797.6482257335 -2211073.62440978 -423689.26044859376 1364792.2812927626 1595779.050660024 -1572148.888074739 1768471.239974385 3262502.5717155593 1555871.7413166242 1537963.335402093 565103.4949087191 -1099259.2925308077 -1678167.20265739 -98100.10351650341 1432009.471242849 1469253.7765053208
1948894.8046341473 -1285954.1185747047 -2255287.6617926634 -91984.25008104548 -3053983.510579835 3216594.4984493833 1438577.2864485197 -837300.2752007247 2097669.22653625 -260225.172142059 176993.30244817253 -1329602.3642904244 549970.4167664716 -3911021.992454252 3341350.5680147773 -652603.5889806494 -519085.54765852424 -592568.2479337764 1397349.8915619154 -895864.8241132641 1044842.4938228441 -22276.069615951754 2730833.534852619 -1041800.6178977577 656942.5534045268 1252172.722567442 2124047.0205113036 -2292738.253753266 2090118.5905358242 35473986.572176106 764233.2398670239 705232.2433420232 -2779866.080482867 1034540.194882653 -308202.18549417955 2225450.5692671696 -1876607.8537604176 2309440.2239202433 -2784901.3858170984 -118193.98002091514 1055766.2389662068 -2537.6187708733637 2452021.6488164444 -2395772.952426368 -2648945.0359287243 -1867927.2812893612 -123250.43895901766 -1426301.1700572313 630455.4630481758 231815.83598667683 2596086.3857983444 2270154.3365292964 466005.840752462 -1329402.8713421868 318766.26999021356 -3019483.064894187 876152.86084648 539141.3587892834 308855.8064892659 -185317.34744617544
1017488.7542574538 1175555.0549064854 -3421977.838382747 423928.0429091067 3497259.3103666995 2650510.9595203977 -2225211.143405888 -1290392.2497597628 -91649.54629233429 -272206.8424390057 3440952.724145656 871239.2529334425 544603.3983948802 792414.9998276125 2345831.850004863 2117019.211673285 -633692.6899461183 -471611.80345184635 -3842567.7803910756 -126469.93995337204 -727503.9648348577 -380268.95051592466 -1558390.297069119 134624.9341219834 1504442.7569703695 2229032.4994614352 2822941.5153699983 -312803.0937406741 139554.15377716234 764233.2398670239 35914727.90739418 82812.59920305244 -1048251.7880884025 2423422.2521924027 1211158.5857133248 3974187.4071787703 4249.017086351183 -306798.237931903 2599122.940176376 -3860286.3782987725 2970575.1828958127 1552465.680516548 172612.72721213335 562754.6450632006 -1416549.4610790086 -573173.3259596269 191107.8497693622 805329.7272306457 -1757571.669709036 941531.8357041033 1634192.7001060199 2148666.0495940074 -1543373.6574667383 -1055099.3924295015 -238916.4460104227 -1832975.8914363384 1873184.9997895986 2284946.7558997474 823263.0800760889 1599222.8943229658
-1915798.9929660007 1158677.359525141 838552.075615952 342799.1510705759 318111.6949369192 -1478681.9223548598 -981782.0000465056 1173005.163462387 -3080611.9370781034 -2090526.816368247 1207424.2661923624 -610088.6945770179 -1157719.867152074 2263893.111098249 1636276.7011058154 1165610.3169362217 2562131.8158652303 -3129389.3620671574 -260520.77846685954 -1421601.2270267191 -907014.9046397229 224399.75076546648 152072.3167406301 -638951.3687027761 720901.1637306253 427337.90276155 -297869.38353678846 1009842.0262653885 -313981.2828478286 705232.2433420232 82812.59920305244 31253980.636427004 -717993.3104706606 -305009.5260866681 -2153679.6440772233 1088945.967636969 1592976.0309124521 974729.466431009 2070797.7977795894 1937313.9883482049 -1387599.7305544205 609474.5191642434 1002268.3683618654 -738145.7650927074 -734508.2352168345 2284476.9033670225 -1106063.588158878 656443.58771262 -1442862.8897384633 -465695.47325148375 4235483.003655969 1582769.229974493 -1036340.6857443495 -1637836.4536878085 -2383603.582321058 -188827.72729355018 -490810.03251307027 1939894.8513287578 2392300.1938551464 -2510581.933423601
-386232.80374251737 792746.1622857351 2270742.4505116213 559421.285873527 1171433.1155907668 -377902.39194283704 -1013256.3946010018 -205847.87107839904 2125815.473788458 -222639.93729413906 -427825.8267524118 1056331.0229139559 2151435.416168739 457088.2389256108 2209160.0179191055 -1181226.269640063 -1766548.587691343 1027097.0793787268 1255355.503670211 -967892.1198380003 -2115490.0013348954 -1267021.635005056 -505254.16250686033 -3437444.232563526 -430347.3483002132 698867.2310875831 2002620.9015575594 1763131.4297877296 -2351674.718607965 -2779866.080482867 -1048251.7880884025 -717993.3104706606 32838116.759822804 4062716.117202335 -415602.30221545894 -2124895.3647172768 820360.500215784 281137.85756802274 3862758.7050284455 883110.6799248188 973926.7520320278 -134900.46049355558 126818.0619737341 2338178.529584425 -995259.739198596 -1323749.074832273 -1756666.2938371263 719293.1207232027 -1540799.3573907614 1456848.7189558034 -314095.060027763 -1479452.879204111 2549406.542272769 -1700296.8057968034 1156890.9688593787 352397.1930730753 2925978.0684219105 1127807.2219315541 1945689.7467653486 2319103.310009571
692606.0195203508 595779.9723996194 1393784.7128601796 99242.28928510564 3787046.019323674 1571002.9972481392 -2852922.0636519343 1219212.3773316788 -365543.4680796298 1668761.4321025265 318189.47323185 -994019.9372856229 836914.7897104978 910256.6947878668 -1534481.8705847703 -2926720.487491683 -44465.958759643116 -749615.6379074567 -3812762.5854480877 395911.3999499394 180055.50709737896 -983583.896730171 3862082.724202091 -1072542.7262255258 541660.6953870584 1761270.4009656608 3379516.8027858143 267010.7450750648 -2434063.296213506 1034540.194882653 2423422.2521924027 -305009.5260866681 4062716.117202335 31868521.540186144 301299.0087036419 -783971.5355169704 1221998.251879135 326465.01980598795 -1695337.8885677159 137354.44292540711 -1525992.969987367 -4520429.399811485 -1433902.2559505242 81762.00210936705 -759208.9980832471 490368.5769960353 -1076688.9179121936 -1440517.8423756121 -368178.799508424 2419346.6483018994 1606449.8040373276 3421571.233503305 -547612.881211867 -105904.91639705724 372170.5992206829 4774901.444792236 3158658.4553761785 -2651427.98789363 936770.559068755 -1350888.069800092
2932065.7629068517 362978.8836205296 -647061.4963799941 -3032132.916690718 -549148.7330249893 1908775.5275154652 -3861456.4554788135 -3588085.2376637957 820794.2803147334 485574.71111772105 -193219.2038562864 706183.1784579443 490356.2661457734 366820.3936502241 1823495.7782646944 -393193.8330699201 515742.4551399851 -2732916.898126269 -911971.0757988261 2172642.4780078176 2266711.3599028783 -1354153.4453802032 1371137.178337322 -753326.2424733995 841473.1649416662 103742.37906762156 -1136120.6131201019 370194.0108564376 -2730969.7910020445 -308202.18549417955 1211158.5857133248 -2153679.6440772233 -415602.30221545894 301299.0087036419 29403357.03247914 1002610.0189717155 -1289309.890120995 -751639.4964977299 -1906527.2134413016 969326.6450548039 -1064939.098750268 -396776.71731652255 -984827.4721369479 59341.199603039575 24805.573944414184 3127051.6968119373 -1373204.8271629682 -1804362.1974864316 -1443680.387418262 -161177.77843840656 -571282.6846230462 -235242.37273790906 -2905117.914759058 -1033335.1829414492 1183269.4251948486 -314602.2573983821 -1206248.0773430786 -1636919.0117683092 957640.6887581169 -731300.2873796112
