28874484.010276757 8539816.821096873 8309541.286734349 6453988.9652800895 -1561008.2315135612 -588231.4431046932 -7510464.114730635 -10082704.401896061 -4132404.1039876486 -1764173.7620850976 3272685.220737664 3866263.672674293 1020100.4016539895 -1329567.6509034429 1139031.0757609126 -907810.9717288092 -5836648.148107177 2742931.3342181733 3708721.3147656415 -3129302.0971243507 -5506637.976290349 2673808.153364547 1105587.0249506105 -1530466.8979282677 -4721725.457387867 -6443189.5528656645 5367467.784848958 2103073.9615633897 -2198453.7756597763 4087604.783027345 4318998.209964813 6818407.9579512095 -3753502.109151164 6275915.723679259 446249.504588962 -1913096.8315350995 7084324.742401728 -1657798.2058363515 8474588.349129638 -1103737.6444122186 -5753585.793552608 6928157.147889301 -265194.13303750503 1308177.7463100574 -4446342.012828012 3216750.0143137155 4533006.588808642 -6042235.99144072 56306.317604052194 3116978.6260304856 6614657.586867531 -3632252.09571871 5174621.48536337 -1435720.464218194 -4567741.002371456 3759648.5042574313 -2907269.916133243 -3198631.2447629794 85092.72942878256 -4128282.004550713 119712.14009793376 6665643.207861373 -1790643.5590420002 -7208859.4650000455 301128.2669391742 -7476426.064879643 7452555.76327117 4565262.381789795 9097537.287868388 -7839164.8427634295 -5727905.766075114 1818115.9972763462 -5652503.060986854 2798917.0232044184 -6092025.227119922 6847106.006697119 2229844.839061513 691775.1904614677 4470072.742936699 757370.8168566638 317535.79242203006 1363221.173272202 562616.7372937583 5182118.031008525 -6474950.947543404 -3287845.3393824804 6454413.7067717 -5075100.3297508955 -1607638.1272334645 -251725.08850656002 1789041.1629841602 2105499.3629454733
8539816.821096873 34314142.76786835 3820660.714132637 267884.8521911508 -532132.8048231826 6899166.9542473685 7612651.120048554 -4920072.117560339 -2684035.430077704 5622004.200365881 1865621.5355581767 1579622.189301192 261389.86692853662 -1541090.4043953207 2190707.292800306 -5551379.562390391 1446442.7548263452 9020484.642443929 -6739863.191905167 -344229.58042580733 -11751741.84593503 6068228.978444031 -3819973.775868454 -1701277.0355501259 -2318679.323062975 -10132866.396628233 15614442.55648056 -413107.87337524974 7445132.373584075 4973700.9470864795 12899346.912303366 2516795.288506168 4464189.365801208 -3512668.3448922522 2486186.137584678 -194866.33851163503 9543055.099380307 5302170.500041284 -2439292.9656729805 8791953.708087854 3178436.8283545757 131135.20660502976 -830044.4967693824 -3482921.091497461 -1950914.1100649042 1713982.0720033667 -1391044.093825351 -3766236.9120377805 1226283.757430422 -7038783.861757105 480144.4444203435 -15055576.33491904 -2318363.174099226 -1222976.8408862879 1931027.044105016 1321526.9294300764 3941416.024954394 -12126063.211955119 -1876721.4394266512 8213270.4631415475 -6000854.8304626085 9427589.069604311 -1128473.2952950876 3547683.9626540197 2014829.9769713245 10651854.96571607 6219359.975533194 6655435.737670659 2659614.5399310836 -6707775.64654158 -3767160.199171675 -1004345.9903205634 -2887884.7425079374 137419.0070850535 -349828.76859615033 3715671.557836023 -8132269.59321306 -3546169.6445990955 -2162898.869240726 -6531611.883380767 2426640.365832603 1404690.1368388731 2217938.1145885545 -6354543.321010016 4790267.316964018 -2493100.2062814846 1874651.9212307658 -4715500.8853617525 370965.03656292177 -4970148.817581417 -4830914.711407082 176786.68812510802
8309541.286734349 3820660.714132637 40922429.41451554 2092493.8587408683 7262067.332549378 5160349.972197753 1715526.1335447344 -1807241.9323888721 -8227465.935204695 -4935551.208809105 -598493.2327289245 250297.2905227694 -2368295.7002462023 -2277878.6403456475 -9897344.114445725 -1845177.8599313041 -3089268.7319417694 257072.6516062032 -2780590.8883638442 -3082368.937007084 -3468565.8684176523 3030737.902039784 -3796810.7691109884 -5463147.804368953 -4674240.179422093 -2858204.6270681117 4572687.526838015 5368264.272283456 877072.3660939059 5845413.450574761 -2358981.7956470214 -11140904.738379937 -12136536.448469562 2830047.811874719 1703235.9178335704 -7719009.0547543615 -3607901.665856564 -4946587.89998431 -4924145.06333354 -3568940.255677263 5085581.096396499 1087142.593257137 8054579.544640713 6521733.592800799 -4770323.998955429 3238731.0170700145 8820455.952257305 -396449.07618139643 14470096.232420666 -4925051.56484582 8962034.112855319 -443035.99419857626 967652.9276234146 4591043.260655187 -1751520.892108541 1239516.6941132364 -5404863.494459768 -8017462.160729715 1278013.0289151946 -2828145.8688244103 -604791.0646060898 1969826.1381373596 3962724.6534612286 -6225925.855994498 -2318357.998565356 6334010.338555612 8885870.12243553 -6748884.176939943 -1857573.0086003314 4920808.419935874 -1217667.7931445525 -5948502.1854700595 -1344514.3115833693 -4320044.680973206 -3499130.614064563 1343300.2173840767 -4486015.543233589 5700533.719165683 5683290.566687004 -2877200.2497351426 -7817091.740472956 -7744962.711578386 -8568801.510701112 673058.5483925826 -1086738.6021273248 -3699788.6185670043 3572831.196585018 -7688684.093968121 2984304.7234721957 -9790255.832999164 -5993097.510289403 -3984090.041497151
6453988.9652800895 267884.8521911508 2092493.8587408683 28669071.392616373 -327357.73227084195 5045507.204575485 -8773040.34479106 3177484.861659097 2506523.858189744 -1041415.3343918264 -228441.32228622085 11849333.421712426 -3036815.070286653 518578.11294727516 1564400.4933507661 -1314451.9862121588 -5326613.634720758 -6125349.413706542 -623247.8851667062 4323731.562130668 3199328.1225572857 -6390079.545849524 3700091.261099902 5778018.216577198 373279.3865850376 -373841.95198046026 2749311.2291789376 -9406541.390840305 -5602286.23277575 7224891.382647676 4791511.368986641 3679094.14067563 -2531067.4198792893 -1986605.9836788587 -1961046.9605858421 6102622.575469664 -3830931.228034302 -1146280.9412392129 -204148.26063965802 -8515974.37339331 -3563934.031591909 2073341.2992593856 4903509.45558998 13961212.447626062 3266094.2120953253 -2997635.736859654 7557230.883169186 995544.8032104325 4744672.35343452 10867374.737044865 -3634919.508066002 -5040287.344528633 4752487.512370165 -1378596.4160610226 -3562031.599346315 -2131627.2457220308 -3296429.657552125 216330.69294413336 1145966.671536113 -6981366.339829555 -2926554.5994137404 3824673.7288721725 -193550.239333207 -930016.0091798865 -4381579.8690615175 -8349517.61552138 3459637.5994237703 1595812.8785954055 -4056999.849040541 -1552363.6456353415 1979939.5507008475 -3871053.063600667 -5607038.79258564 3799979.160427524 4024980.64680966 -1645360.8869567665 11503220.403272917 -3669710.4453364406 5218538.698895465 2556363.8950021546 583992.320578349 6576370.685176385 3770693.1583249737 6088483.448979321 3225096.5868066577 2820417.833698994 -9401619.423410524 -89993.70885317896 -3103061.5154237687 -1642469.1915772003 4877947.0120331235 3769816.185133687
-1561008.2315135612 -532132.8048231826 7262067.332549378 -327357.73227084195 42381312.10616241 989489.86762321 -2535551.3963349205 -7789277.244831546 -3657209.9278850793 -17155354.795669526 6414293.034142736 -9128186.283759765 -3901511.2731310227 420072.6478083533 3953341.585745766 1313604.0097690108 -1237279.25449818 916483.7050159429 1279260.7640332303 -8240809.91746074 1390052.1201381756 9832435.26753645 -2559800.5432667704 -4524346.97221346 -5798580.569897837 5749478.43492033 -6704940.746570666 -6136508.952228311 -1409147.5884191568 -7827265.9333453365 -434976.756295889 -5308960.27310516 -2051145.0734679622 9709930.309701137 3704714.398168109 -8384805.032794456 -4747890.836785739 998886.8117107981 -4799343.695700399 2046115.2667292622 11906585.007361392 7145842.847233856 -2859869.608755515 -726503.2899011718 898016.7090298993 469939.0854169614 910638.3260542331 9133699.68108278 -1489351.513503411 -502551.32792565087 -4046792.8428821648 6529405.111920096 -8704440.798352193 4622280.411530916 1930273.6797746108 4289613.857054299 -3981439.189407496 -967989.6942632395 -7147281.545105498 4346966.568807126 4849796.850649528 5735858.657147274 -7929004.2244132515 -3286419.567008114 -9862474.933296755 -1967011.4727365414 1417626.403440185 3292406.1071551275 6382572.000835525 9437188.428127153 -5535658.792125545 -2284048.937162027 -2662242.8844682025 8132248.580689358 1877382.2737830037 -3433179.099819102 10822539.503714709 8379630.588634564 9949961.456495987 4301020.463345789 -3218294.7104884344 -943373.6703795241 -19465628.746734384 -4096075.1599620753 5179244.173586714 -1468313.9273529968 -2529320.674633012 -2939542.104689082 -2381706.599403049 1771618.4407049478 1929020.0213662293 2736471.0777065083
-588231.4431046932 6899166.9542473685 5160349.972197753 5045507.204575485 989489.86762321 32776050.688741963 1104794.5315351463 -6913920.37475896 2133957.2388380887 -3160361.50300568 1600134.777282842 -3994621.27944134 7514343.420481867 -3173346.7187522054 -516772.82809444953 -6148166.514801584 -2205325.912336514 523883.1395893467 4581997.1268554665 2860402.3262696443 -1188591.3728890396 6774875.656297228 7933337.1534911115 7451822.812900399 4299044.293240916 3462240.9507738072 5191842.2583955 -3620712.1480978364 6750117.910078327 -322998.035315421 -5755124.299535462 1201094.206051489 3402681.404427633 8590422.129967945 -3895827.82904746 -4826890.356349753 -2007684.5207697987 -855229.3319482473 -5518233.756859134 -842134.7351958398 -1509099.1157124774 -4790970.383170041 747000.9205198383 5929889.794738173 -487961.77429051226 -2458207.2542473893 5007131.258745912 2808389.676288369 2619533.241786882 -1516407.0432728657 4776875.335658517 3629717.29690266 3828397.318744763 -3272971.877151649 2615327.915397114 1462889.7999741568 -5721684.4755455945 -1929457.5750235491 -8546031.235336542 3083163.5984530402 -5066177.566491174 1475468.951498812 7673150.103744206 -11960174.509779893 2060471.4691896643 4345688.340667696 6135827.752442602 5618028.279219465 -2933393.9706061715 -3521838.566059357 1382805.1887958199 -8129182.772827192 8223262.244467186 1398579.9085407641 3104856.104405984 8610805.794140399 -923447.203585 -1976106.3997444748 940646.4014232372 3209912.894808801 -4980028.693177045 -7432498.235404692 -4991989.617173363 3614872.183122004 2912917.7513075643 -1978910.1836508086 -9899007.042898886 -1280405.748547191 14603588.992859885 4591481.373321391 1995937.802388123 -5989749.313531248
-7510464.114730635 7612651.120048554 1715526.1335447344 -8773040.34479106 -2535551.3963349205 1104794.5315351463 34703832.98313469 4097469.2187050623 5998104.885489587 8978914.638614958 1862938.8535615 288699.9871618546 6883631.865624027 -2141943.596460174 -5729221.781123533 5023853.4425872285 5747473.30158535 -623283.167656277 -4687348.341695458 -3596608.9828820294 -6895855.305033226 7343836.626617338 -757722.5665405776 8206723.047261963 -3498556.1382689034 7378535.3150745155 6245132.280173078 -935725.6107107184 6661698.09665467 -2622554.7012968166 417562.1225963922 -1866528.2556913511 -8560450.324069794 -1459691.4544895391 -4997801.621119824 -741248.7726349799 104550.04310074449 3763478.954076867 -4565514.742997007 13919.001480028033 5912706.054618465 -3538997.9847850706 9066929.151967352 -5804740.865201179 -152058.2444886292 5079726.156662133 -3438199.9645061865 1540471.6603768368 2631514.381333343 -10742771.32961052 -1915647.2153943968 -3871264.9888645587 -1756010.1643732395 8729999.071111973 4082399.6455336213 3438437.1531179077 7157071.23406068 1214070.9468715934 -3688121.6697640154 4502697.238659094 450419.9227819554 -2084147.8904970274 4063477.2827945775 -3717547.1407302856 1396006.8736144665 3895667.7195466147 4825175.009241985 4651731.959470913 -4691930.844739232 580224.2819504731 7255856.423883488 -2618874.643952148 7881130.145916759 -3941760.892036098 3614759.1108433325 -2763955.5163863343 -1579010.1124830844 -5723817.417593831 -2541473.392285488 -5209662.22753121 -420547.2611274151 -7606589.931839884 1573427.1993508372 -7489425.750136087 1987116.524931458 2839433.08445207 -4424096.318821286 -3573176.693783337 7793723.840939752 -1502077.5954675595 -8451758.188614018 3103445.800582473
-10082704.401896061 -4920072.117560339 -1807241.9323888721 3177484.861659097 -7789277.244831546 -6913920.37475896 4097469.2187050623 34734539.905505225 5909704.227439556 -3028221.2780231712 3504202.725119122 -2017278.3767585207 2111297.2745590713 4346247.221109166 -2356850.7754488043 4172171.8831090913 -4375795.009645999 -8217060.532004024 -5233218.790432774 3691835.2294471785 2242137.601450634 -5738511.61357387 2670435.547723598 9124040.754937422 428113.3986381865 3815296.036563196 2709328.457511031 -5102639.148288486 4331090.714856585 -3603357.6215382377 2420051.9270091983 -4216707.970521958 -6438452.407028268 -10485552.023249835 -6669853.826099135 -9252097.79110554 -3556999.4375364156 -3403344.241995082 -1186577.7421149241 -6436939.75304512 824933.261821416 -6838603.689282749 2797485.000650342 2091952.3455831031 622554.3433647046 -1201846.079729817 6337196.17509324 -712034.6376148348 -1008154.0086307635 2231078.0083582057 -312323.8726383777 -4947147.673603975 -4515074.603683768 -2073861.8636649086 -5073281.290750331 -3017932.810384739 3375772.372702981 6040238.087836324 5776079.31270387 -1584880.6413957071 -2888449.640192928 -2602964.1346633234 283687.64121139573 -2206674.5138474456 -4465594.2488378845 2371220.734715325 1196821.7209177902 -257977.73281431905 -9283217.592941394 1583269.9592019352 5360058.007600199 1225968.6214508459 -4100772.602455276 293662.85381127463 9167586.25073519 -7859130.199851452 -1084794.989478139 7860053.190674383 2608081.178346999 650330.8059298383 -2831983.330700633 674001.4274120326 -150480.85942626785 -7149423.547270386 1342823.063667988 5566871.181015641 914480.8001560667 3136961.957056345 292782.1084141572 588679.282763469 -4921545.755229099 10184311.182294615
-4132404.1039876486 -2684035.430077704 -8227465.935204695 2506523.858189744 -3657209.9278850793 2133957.2388380887 5998104.885489587 5909704.227439556 28757718.366341762 -252831.0694605674 -1125883.9791367035 7353596.078191073 3690610.477448233 5179394.337647751 -4085888.3865241734 -63431.349908219716 -710508.6507942813 -5402962.825470613 4534752.818031239 -2535210.722258802 430756.99422640156 3730936.7328847265 9106718.496310253 5604540.498447275 7397095.547047614 7424163.940519323 5279809.949656596 -641294.8224698461 6616833.338851362 -2567197.719604784 -1774740.7709787094 11289246.746046405 -1594695.432499298 5056970.475705394 -4611258.620540148 -3476386.024334296 -761139.8228443838 2269635.578492283 -427889.3187171922 -3139129.1605129843 2111548.4183229236 -2627087.314866077 5927285.467132171 5543884.159918023 1573462.4548186192 -2618101.766932733 8384776.504266164 6226707.668463566 1802035.5691816076 3793352.8051488143 -6376915.792305987 4634622.485167641 -3927526.8943232796 -1915369.4956468947 4195018.551415348 -1262679.4649842684 702588.1515406801 5345382.323694252 -1631598.1623044703 -1185537.8229478651 -4469884.764201112 -4453514.725044717 4895434.283565339 1355534.379296767 5061195.766345423 694876.3065784556 -552948.4429004842 7466050.04570024 -1804350.945242502 -140353.1965322262 5480414.506857459 1032487.3779391734 5117052.856966748 3580300.570041964 -967088.671427081 -2624301.377216897 -532936.1381549177 -2725507.0382678355 2322346.3653846765 3436855.382638663 5056542.14882989 -4263835.292733508 153472.6026269879 1734904.2356288973 -310155.21238176676 3475499.168765186 -14507128.016771585 3668209.1891602026 1287655.6258080972 1916657.8490463668 -3755817.74388396 -2485445.6081674974
-1764173.7620850976 5622004.200365881 -4935551.208809105 -1041415.3343918264 -17155354.795669526 -3160361.50300568 8978914.638614958 -3028221.2780231712 -252831.0694605674 36913273.89588033 -6851405.790226078 10624656.378773246 7875772.365807244 -5561697.118338522 -2830389.206649201 -8909183.983669609 9961059.948981015 -273066.7773839836 852647.0166875008 -2095739.8426285207 -11231243.4073657 -4259697.767578749 -1783907.8936688874 -12012148.270512193 -3192156.5291350605 -8333095.419334552 4178924.004321674 -4582778.27956545 -4015419.2525112224 475093.4032321882 -1971094.3871433085 6863421.940214029 5179523.720037549 -8920981.770781524 -1324773.511877134 13557358.598275151 -3866761.5006878786 565384.3964057295 2963644.7114891307 6167677.94178266 -5135600.338036865 1458883.5116149632 -1162040.622849052 2991975.8728254125 -4473429.633552589 13316873.975091409 -5554033.428836856 -4008614.3136449205 10601306.436231634 -4508210.326482641 -723396.2809177386 -8800565.410523202 8350688.219695539 -18934.838118282456 -4077281.397549159 -1975866.6466514575 8103732.985421252 6982411.336402789 -743129.9586741473 1068288.5798963252 -2747597.287187918 -1058160.5777616585 4072960.1069422318 4590722.936583319 -990070.6352329992 -4658284.839156227 -2376667.6073579323 -2794070.76066649 5169529.24298934 -44693.22156678985 9784884.698811969 -3397363.0943008503 -2275742.8502614563 -4958186.780897476 -1511654.482557435 5768559.8129402725 -6163929.40223563 1692478.761667458 -9573678.458260704 -7826764.369688356 2068027.9695026453 -223047.52292639614 8772861.11318136 -2855919.277017421 -11331.754654824568 4110161.460720677 3550483.2965783477 2140708.6289226 3045626.5155489524 6476908.411377725 -548717.0695212485 -7101961.844360045
3272685.220737664 1865621.5355581767 -598493.2327289245 -228441.32228622085 6414293.034142736 1600134.777282842 1862938.8535615 3504202.725119122 -1125883.9791367035 -6851405.790226078 30073724.456265923 -2234625.774168695 1207354.7470517945 -2936286.038352627 -5375076.026094942 3552815.9785290547 -8687208.74287836 -2725936.1307644886 5138480.930192377 208228.56637660373 -2177353.0759505397 5464879.430320521 -8034557.966860623 5657066.345343345 -11865540.65799819 12513883.29334525 -4426575.258135597 -1199444.8693648328 239817.49351820172 -4141361.9293899206 -1480618.9815696252 -3949999.3433752074 -1326583.4389265398 2990850.0068070213 -8996212.736919599 -5954787.138809486 522861.27499423426 2778012.217846495 -97815.04966392633 3362788.1771163642 -3747851.237142138 -5727744.75746603 216212.36723994042 -3713774.5099648223 2160602.38101456 961276.2917149859 -4913069.9142045975 1159331.999567927 -5540052.404765522 6288832.940290806 4321485.965630803 -4231846.822978131 -5616565.906025696 4317700.197039511 -3726674.7713928116 5520050.1381164575 2929518.451503346 -5208192.115670913 -5316999.395400066 3204868.2433943045 -6115865.3740530545 -1786178.7814336244 9066291.799147446 -5602893.717064964 81485.615929194 882007.3193918479 5248401.4325513765 3731718.6675610435 -3346622.3353223396 -1011910.303580713 -6340824.296348697 3953429.6043760916 728198.699370381 2234440.061199259 5462042.700960681 837594.0960233054 4623544.328171604 3491179.932986019 -2550079.8916575992 2515347.931940076 580168.3329147936 117470.12612691552 4896659.29771251 -4578540.082677828 -8558753.000509007 -2401909.413004227 -6549760.906910414 10123.067269077152 5442094.934490851 -6901195.736695083 -3366958.1248410703 3970972.49176284
3866263.672674293 1579622.189301192 250297.2905227694 11849333.421712426 -9128186.283759765 -3994621.27944134 288699.9871618546 -2017278.3767585207 7353596.078191073 10624656.378773246 -2234625.774168695 33192210.861258734 -6156114.081947267 -2719857.687170222 3574551.9071520516 -761245.7259377877 -1607049.5831828574 5229531.481786475 -1966862.0615049666 5463994.5753514385 3486653.59914545 -4830450.084183327 -2427178.6336198673 3295333.8570918594 4582127.05522717 -1850931.33565678 3208280.0646284265 -25092.897134980227 -2613614.31388875 12357157.734825023 -1509783.502586052 4110229.696334872 2136157.5737949437 -229095.08844144543 -617691.2943528028 10946545.007809777 3755113.944391412 -708448.8186652364 7342759.748543194 -4853622.312425254 -7070707.973820304 -5208710.64710099 3981220.464837633 1627431.471653784 6002515.175294663 1640514.1226703955 2152058.637564078 3066091.1324973046 9846363.491003715 4204922.307250331 -3460426.857810776 -4304552.657961611 -758377.3591805175 -532369.300116241 7452339.803071198 385588.8713886552 -3660705.4510277594 1667009.694461722 6286256.943563672 -5129565.611196293 -1094042.990630702 6602591.041497042 10078748.085079174 8102977.248260394 -1290826.620617692 -3969142.1742199343 755259.1548042824 -576120.0982851279 -4349176.710691375 2688815.7096372 -3722741.159458408 8657119.995506141 -2872195.9905780056 -1562658.4039822447 5220221.325722202 321631.9876091319 -706081.1830014755 -3173827.3968368853 392623.8698427591 395388.30895523436 2291792.2672355836 48074.6245987443 6824535.255911274 2420859.267819032 1788813.412557239 5901740.920299849 -9604978.93864727 4769869.479735826 -1810865.1427600456 763202.7484043966 -6831394.123607491 -6173270.2378557855
1020100.4016539895 261389.86692853662 -2368295.7002462023 -3036815.070286653 -3901511.2731310227 7514343.420481867 6883631.865624027 2111297.2745590713 3690610.477448233 7875772.365807244 1207354.7470517945 -6156114.081947267 23165808.535750303 -1328863.7203407877 -3538200.606729375 -3560847.5593268913 -1449804.9252505794 977820.5998077224 11574871.931214578 -4305748.5968586095 -972453.2960725043 4557205.489940768 5497513.130255103 -4534302.129213108 -2343393.068122208 -686456.2802800973 3218369.0282938085 -1557520.5559564792 6903371.775219531 -7905040.93571938 -3276336.9359721835 -2115773.0054068407 -3251757.6519136243 -846888.6078987615 -6764740.697314681 -3306860.041599107 3428641.9018651447 -2846588.972354471 -1233996.992401769 -988629.4362413188 -3689308.040366737 -2405687.5136755193 -1667916.3200103273 7814536.455644752 -3150284.9877662607 8743067.532678807 -1087436.9219387448 -4013785.8354679802 4151025.8712129393 -3222906.1009359937 828578.333287504 1605664.8788440241 2988547.8444908406 2577439.5993973706 -4242957.465662794 -848002.9524392023 -937663.0668997897 3599793.0249448633 -3578326.04961892 5690618.018557958 -3325726.8340919237 1307619.2825409772 3636238.4730538647 -4746024.196796299 -3082583.5185947246 -5770009.871209159 -185402.316510172 4375363.580633117 7071904.211476774 268736.2821101544 6196701.196313539 -5093785.142455056 -5114354.301299734 7485440.591211939 2045861.4814466592 9517478.745771604 -4719191.658667516 -1308464.640167389 -5323104.640952266 -877760.6080824352 152718.7449795454 -6577001.912976816 2955343.75199371 2244834.402196988 -6811038.089992855 4753976.051468242 -8540054.964091375 3761039.8390729767 7837464.06842191 8481405.337202156 2613763.5277901385 -1767304.7747608006
-1329567.6509034429 -1541090.4043953207 -2277878.6403456475 518578.11294727516 420072.6478083533 -3173346.7187522054 -2141943.596460174 4346247.221109166 5179394.337647751 -5561697.118338522 -2936286.038352627 -2719857.687170222 -1328863.7203407877 33506914.01652292 -1141196.6082235607 7941729.519996702 -1192325.8648082104 8990773.469992135 -3162623.762577513 -2535870.0831525237 2741230.977628984 -388553.96601507976 8001340.392520014 3433994.4141153516 -173736.41965366784 937488.2092263718 -3766827.086751347 2559727.2247304074 3994996.298635108 2735551.2147035394 10256654.240416644 3483974.9431093163 -1715496.5247398536 -746692.8655003746 -1575832.6499700348 1206017.5899333297 4678722.679100689 -836257.527460236 1908486.1677629391 4753531.485247996 1397783.4700554924 -1948847.0145580855 -1874777.278346356 501459.1026905852 -173728.30432551965 697122.2277127143 4776310.269945508 1728062.1805799408 -9904745.839734131 -6839587.7492649425 1456705.2794423637 4904648.788729135 -7002531.072412729 -4191845.456893565 -1339251.0257691245 765798.151857392 -233859.0260987676 1745433.9404836416 -1571602.0324839705 -3504072.7655029027 -1907725.722929663 1243556.6321198526 -1223822.7568477637 -7816785.341752143 5010691.17416539 -781432.7222790774 -512221.60760340374 3757164.647355338 1038985.7057621115 992976.8482561229 8155472.777785041 1240778.2001911118 6846481.820400731 8582378.0799679 -2818230.4771159217 -5796730.407383368 2211496.145105106 3765649.902618872 -385095.93558024714 2503680.216435463 6203423.465251179 5281006.984207319 -1093183.535920642 -3656685.056417084 -3240076.416342048 -1846322.908448868 2216117.4293073625 5527382.766462579 -7047361.4919552775 1533464.77157353 1599031.1641899762 5138332.837154655
1139031.0757609126 2190707.292800306 -9897344.114445725 1564400.4933507661 3953341.585745766 -516772.82809444953 -5729221.781123533 -2356850.7754488043 -4085888.3865241734 -2830389.206649201 -5375076.026094942 3574551.9071520516 -3538200.606729375 -1141196.6082235607 33965861.84700444 -8312481.837621037 -5791392.479677715 7230146.384162842 -2457943.2783303163 7122116.8199473405 2268313.703752476 -5901269.671175662 5509393.367923893 4682315.505247582 2691479.067080391 -9213167.321575113 -1067143.6789094144 3859517.6319140224 2867972.523658554 -1874569.7252078245 -1240246.6986039453 -3407710.556744643 10452214.298105253 7867259.754522549 6822282.331662225 3283718.684412719 10541170.899497429 -480966.70924151887 9932992.953292312 -803936.4158026783 40062.89465572785 3135840.0071950755 -8685007.032869214 -4196761.247272719 -714615.7075074653 -213678.9065529911 -3649172.8560352987 -6630713.853936312 -144658.78836395874 4547628.002124513 -10018143.030690765 5951921.868968114 -2301546.692191015 -2092893.599539984 2195775.7166166026 6251425.903846125 4795196.961789341 -824092.5466838601 5276245.503052077 -2192049.9058585074 -375748.99283698323 4624099.651731207 -7970323.018055587 4727409.395557179 1435888.2927854373 4693500.423050294 -355123.86130306456 -2409610.5756629487 5814426.557127445 -2204396.1066383217 -3100964.546646608 1533633.546527752 -1877867.928383599 2875788.0971670058 802373.2487936232 -1358757.5963237865 417549.33414033253 -410318.4792100665 4366395.952841909 7914109.908080484 2601051.931972039 949946.6705768405 -2016593.808602499 -20110.137557157545 3821294.4933805186 5783219.362144543 5016060.319196235 7186153.723491875 3130891.1788286413 6604189.633401949 8898779.774274798 2187204.2916881647
-907810.9717288092 -5551379.562390391 -1845177.8599313041 -1314451.9862121588 1313604.0097690108 -6148166.514801584 5023853.4425872285 4172171.8831090913 -63431.349908219716 -8909183.983669609 3552815.9785290547 -761245.7259377877 -3560847.5593268913 7941729.519996702 -8312481.837621037 31335013.24793059 6843461.565612627 -3878352.294742601 -439255.9379447262 455419.2500403421 4044524.174682573 1256715.294565863 -8974711.814254992 17682544.588192586 -2157021.044066257 13579597.672220442 794651.1810421082 4068697.7178346924 2047185.6938817918 493701.52344859525 5956476.290975889 4149722.27968208 -8937745.599191329 2652882.500096492 -3375249.6448849724 -5330413.728128026 283273.14094119787 658914.9328621352 1548722.5195676042 -2929949.990664915 -2069563.9862820825 3469242.7001358266 4951313.991762788 1526811.6949749377 -3656874.1989280987 429110.3812422448 2742800.1327660857 -1599903.0726074295 -12072176.944353726 -5353376.301100609 2200758.32679568 -1655741.8718894853 -3199084.82042701 7464985.799209567 4929650.055224842 -5981276.414343611 -2446563.9003236764 -655508.1796161019 -5736473.918884549 2772760.14561045 1958348.7970475412 1983329.5308365782 -2939249.376105919 -13381662.02565492 5495544.917240666 677082.2509662473 1199716.4699514767 3262220.0951476055 -12959359.721373867 3918269.8923338028 2444363.540629456 7130786.989076941 2649816.2572977794 380588.31321508536 3056917.2998884856 -5412467.892869598 4884412.73102234 -3131536.078735253 1167954.9769227223 -1844934.7925344957 788597.4125210756 2609620.697462072 -3172409.9607440843 -1601968.6045124861 379576.0153924638 -5522096.10585512 -3102841.1995019396 12053651.463175869 -8667658.575297456 -4943151.638290321 -5864160.020815567 5703791.955490386
-5836648.148107177 1446442.7548263452 -3089268.7319417694 -5326613.634720758 -1237279.25449818 -2205325.912336514 5747473.30158535 -4375795.009645999 -710508.6507942813 9961059.948981015 -8687208.74287836 -1607049.5831828574 -1449804.9252505794 -1192325.8648082104 -5791392.479677715 6843461.565612627 30460925.151803218 -5120234.890592746 -1748578.3515727953 2616777.6632211753 358939.7608054135 275688.5014987027 4573436.809609947 -268581.670174446 -3972842.998970657 -32180.217867993237 -1008839.4282323625 -1972872.2512413163 690420.8894681951 1661930.4183971442 3067018.393768182 5747272.873927051 3419083.6510898313 -3107975.8996854504 981043.2563075086 349116.64869490144 3405989.265458646 3625676.6820795517 -8675429.502039207 3361243.234291266 2343140.151769394 3980750.9378516646 181774.83801234965 -1154245.1244044441 -6414911.948004171 -240337.2937742105 -1808349.1407305223 3045723.974463237 875117.5068615909 -7584898.044908818 -752434.1904971624 240714.935654245 -2196104.8775077434 3170697.5842982433 -2836007.2596007152 148562.754745435 393739.4238259521 7106916.1433526315 -2696089.9978504726 2575219.9626184353 -30412.105474073527 1497578.3105270218 -6720736.64600922 4169016.5528596235 6847832.853103682 197475.98293825044 -4701246.07040766 -9016002.25767864 -2161289.603510982 2410304.0819884473 3755909.2304220744 -7234111.100316792 7849814.860487034 -3455805.028506538 3670020.7300539357 1966783.743296208 948944.922140003 592664.8416151666 2467456.8583095437 -9790899.355867883 -89909.46619782275 2401594.6675227233 -1794795.8835926545 -2313381.834467349 2977197.359283482 4014808.257210454 693627.2629073634 2344296.2785169124 -1932989.2975214687 -1177758.2116623456 -5491170.163933256 2480219.8051065523
2742931.3342181733 9020484.642443929 257072.6516062032 -6125349.413706542 916483.7050159429 523883.1395893467 -623283.167656277 -8217060.532004024 -5402962.825470613 -273066.7773839836 -2725936.1307644886 5229531.481786475 977820.5998077224 8990773.469992135 7230146.384162842 -3878352.294742601 -5120234.890592746 37898700.17114348 38883.726025651595 -1129262.6341831167 4750384.557985359 -4175689.062237655 3627726.342852887 -7955435.092773713 215930.5977871745 -10490247.109898437 490758.8845569132 1310832.8936204615 8079961.768272562 7323269.294867039 4213228.640314775 -8137584.828204086 9244495.77673124 366938.51535430056 980211.9520330714 12420868.444755912 20892910.297310438 -5255604.292083757 -792101.8944479808 -2641173.1806447916 894333.4639346687 -5577897.1732447 -7877649.725928717 -3324535.4685304263 15037241.876887038 5788487.910738374 -5618723.4928292 -504256.0455202153 -5871324.829273264 -10802271.456707316 -2841172.560869686 2886760.552349358 -8412536.478492955 -3291250.030366571 7636119.745282793 5515508.349610055 -5586575.242598289 -6281393.970646142 3528951.4190250686 7093134.328379703 3380242.976153727 16015809.111374434 -621651.2842533668 1068552.183123496 -4749633.799559291 1078913.4335698066 4431571.047573608 4421130.373753321 6487453.49321567 -5492440.75898972 4200203.970264731 5642710.4179905895 2501645.608353134 8387024.386045455 1897390.8670547104 -2021735.5453806762 -3834512.4619085197 -6615614.983026584 3748412.4282912235 -2214071.702710254 3848767.743761305 8348271.499774766 4113149.032539079 -5099865.257496246 -5729907.211617252 3870626.5833000364 4997572.622573397 2743016.501122943 1786972.063143913 1349792.8375642584 1303810.2179075792 -6076795.304822046
3708721.3147656415 -6739863.191905167 -2780590.8883638442 -623247.8851667062 1279260.7640332303 4581997.1268554665 -4687348.341695458 -5233218.790432774 4534752.818031239 852647.0166875008 5138480.930192377 -1966862.0615049666 11574871.931214578 -3162623.762577513 -2457943.2783303163 -439255.9379447262 -1748578.3515727953 38883.726025651595 33828946.3909084 28755.15222783453 4986561.343689549 6899695.022407992 5929304.25331564 -1905020.1410707487 -4186444.6673162673 1373159.2539962034 -10851498.160046332 2818408.0789469103 -583274.5214772807 -4486638.030534025 -522230.8765041127 795919.1179862238 -3339220.693096834 5930053.580287273 -5898534.212533198 -1603871.1174730896 -2708378.2901085266 -12604242.88420159 5557082.237098698 -2200314.9754972868 1182386.7962398038 -1613134.93117688 260318.82229297204 3219509.749244453 453187.27421276836 3144276.274591779 -1824761.5499400191 -1047161.5358794928 2484784.8102039057 5021486.209249538 -5855771.707820126 -2586394.353349378 1246232.131125928 5355037.302556125 -2038337.4581756017 6752026.770829773 5096375.426645271 2536161.956056974 669866.4919400663 -2430029.4836563584 5761274.427356982 4983074.562373122 6541054.717895782 -2969400.6644290374 3530786.1732555362 -732193.4534591824 -1827755.448338991 -1529077.9782258333 9784105.839690996 -1141543.0233088022 11362672.418075742 674943.1352294693 -198812.9402592187 5537754.334763052 148618.960687297 10450974.832290284 -748412.8268789991 512118.86054925504 1564530.0470915246 -3264614.71669148 -6337691.557694863 -2661087.05696614 -3371536.2022070084 -1984017.5260727631 -8241330.332569616 -1035732.9612332688 -7364367.300382008 5114556.396469373 2701264.7416181737 2508312.1525770375 -3620380.128577366 -2903621.6632692963
-3129302.0971243507 -344229.58042580733 -3082368.937007084 4323731.562130668 -8240809.91746074 2860402.3262696443 -3596608.9828820294 3691835.2294471785 -2535210.722258802 -2095739.8426285207 208228.56637660373 5463994.5753514385 -4305748.5968586095 -2535870.0831525237 7122116.8199473405 455419.2500403421 2616777.6632211753 -1129262.6341831167 28755.15222783453 33651482.6542998 7101534.153697416 4923804.313910176 5812327.048255037 7878751.082487025 11885378.28470367 1323915.81862855 -5007775.01590686 7874613.8580594845 -677183.105974993 3634381.724149232 -5392448.038136737 -9205306.54392295 4396508.537214104 -375874.66667206236 -3003132.2434108607 -1731540.5889508785 1117129.153860872 45223.82115787483 -1256370.2562604377 3683643.1465290487 -5444869.305402825 -7862622.043938499 7439729.991578037 -5304640.901583692 -7447432.677321639 -40774.65962483585 1124671.133271989 -9779288.949368374 1870900.9572011821 -4040764.4327821545 55879.18213003253 -4405673.680311601 3912272.7939672065 3069822.7024458447 -4939954.170751572 3297396.782502215 2953309.2534595826 -4590162.784683029 -1177804.6775102227 -9748215.446781913 -8341964.3663164815 3303465.798565262 -1317647.0221139283 -1282027.4393589094 6187162.984449258 -260878.4657779321 -1106185.0196685074 -5420762.441459412 -439421.57692112244 -1076914.1735825888 -5049993.589018065 -1600774.523853301 711793.3195108155 3170907.5803549844 -114315.83120577327 4480668.434665945 2470626.7927374467 6816887.431448871 -6802463.054117671 3399549.294405774 -9326380.151317673 5898471.5631051725 1488646.1713512805 1694808.2190684748 3041810.2727919733 -3436721.4587615184 3142890.0471940413 449528.5724952117 6259120.433393623 -742018.0130256697 -4987462.89181058 -3019263.761319038
-5506637.976290349 -11751741.84593503 -3468565.8684176523 3199328.1225572857 1390052.1201381756 -1188591.3728890396 -6895855.305033226 2242137.601450634 430756.99422640156 -11231243.4073657 -2177353.0759505397 3486653.59914545 -972453.2960725043 2741230.977628984 2268313.703752476 4044524.174682573 358939.7608054135 4750384.557985359 4986561.343689549 7101534.153697416 34196037.87568981 -1293085.767744291 6328933.92781533 3957309.7667086325 7114056.041105246 911120.5279562336 -3449807.8685973473 -1963937.214525621 -869851.1644069935 -2108958.492622631 -4247860.493195178 -13500075.543002807 -1658155.3233165052 -1620323.3402447503 81397.09242835926 4834953.011632743 11474391.259652283 -3755460.880876409 4535671.218631576 -4798184.314028495 -1661680.958726893 -6917705.933784305 -5686883.574422453 2271151.709261376 5601171.45976753 -7999827.388307499 2976467.7154761823 -1930207.752293136 -1680614.8872196598 1883128.0666744348 -7713130.645754249 4993259.288398362 -420976.52561987756 3001215.3269345555 10453394.117721267 5479113.896846982 -3374161.6144860573 4214905.378921571 8576615.444996076 -8625169.547354365 -433013.9994904729 6114264.841451519 -1291611.9737322289 4703514.789951217 -52899.720914949394 -766748.7660995013 -1052879.9822537873 -4019698.3786335085 2426691.30351368 3704575.925910588 -575630.5576348742 200964.25201872984 -1264110.1194927068 4643005.282930526 3400367.6673649875 433134.0124694701 220791.14239924334 353322.2176350467 -3445384.1449707705 3807447.2583350916 1011281.0884230116 6137167.722585408 7323156.131273622 6962313.845072513 -1253942.348123475 9637819.056505246 -7824010.503048044 5341583.752430393 -3972560.4783436703 -3402428.307900607 -1834082.4058380905 4056537.0609006
2673808.153364547 6068228.978444031 3030737.902039784 -6390079.545849524 9832435.26753645 6774875.656297228 7343836.626617338 -5738511.61357387 3730936.7328847265 -4259697.767578749 5464879.430320521 -4830450.084183327 4557205.489940768 -388553.96601507976 -5901269.671175662 1256715.294565863 275688.5014987027 -4175689.062237655 6899695.022407992 4923804.313910176 -1293085.767744291 30335937.188281372 -1296993.4433582227 -2828848.476603583 3973340.410976161 7186886.257385051 -719065.8206405584 324844.95049493486 1036216.8648646816 -9205681.302791506 740788.873044763 -1675802.359715785 -7738031.906293665 6776102.166855266 -92600.2369015188 -6328463.435297069 -7419086.336334326 -1370857.2594555405 1243149.7120584282 11403993.524811028 -1885100.2969156983 -2086245.7052483843 6288669.202735176 -4523942.534298317 -7857295.233618567 5158833.065183517 3482213.322149332 6221584.447107992 -406223.11049234105 -4690548.478616745 5775426.520245894 -2191616.375461723 1212525.9252844271 9572571.890696151 -1782164.9949689596 6873966.5999047505 1036475.7250083706 -2667914.4701450597 -9081506.4452279 1086200.436718464 1652124.7403309778 698837.9165393023 4974325.172248399 -3476357.121948126 5028254.186391914 -719254.3302271453 4483474.082612786 7741058.430044402 6450086.684897837 706269.2320948365 -2749447.516941639 3407017.5167610096 -7619706.267204229 2538933.801107962 -7408427.865627512 -3253959.057674413 2198555.0947483056 2757565.936078463 1034282.2022510075 -998115.4669279947 -11291792.757753354 -5306302.053766887 -8957152.297263784 682102.8472189764 1265683.1437610595 -10488724.242131341 -1673206.2157493844 -3869298.1682195445 1551523.2704683817 -1439736.2937624154 -3427973.942265799 -5283183.9627638655
1105587.0249506105 -3819973.775868454 -3796810.7691109884 3700091.261099902 -2559800.5432667704 7933337.1534911115 -757722.5665405776 2670435.547723598 9106718.496310253 -1783907.8936688874 -8034557.966860623 -2427178.6336198673 5497513.130255103 8001340.392520014 5509393.367923893 -8974711.814254992 4573436.809609947 3627726.342852887 5929304.25331564 5812327.048255037 6328933.92781533 -1296993.4433582227 38760044.898822874 940560.8163603768 3878664.546842326 -7952234.637856237 -4940145.43905866 -3130467.2165838415 -914311.2417715286 -3781151.246648679 -9490815.66955702 -4623790.492203392 3009491.677519975 6763073.166839317 -9627400.447436674 866264.7856531712 11096188.47930306 -5368663.23770597 -7843606.825037997 -1508426.499732765 4030457.840890939 -3445308.38287745 -3957230.4611326675 1554537.366744389 -6029105.922888207 81370.78106619343 12164528.438602697 -4155183.8739158013 -1315669.18784672 -4482536.763845296 -3671105.969034835 5186425.99817466 -449094.8088719563 -8349072.600298634 -2102004.89942047 7006480.567346067 4006088.0826522405 4544331.820241826 -3837460.6872080425 -7706301.479015695 -2102191.249245635 5192490.629361103 2750389.9350737557 -2330249.2515260424 -783517.0277963915 -5535818.116496298 -6596824.406891669 1279856.771985305 10098538.539462768 -12020027.238388326 9645297.819950432 -9679339.868773399 8376644.578012165 4114234.29716812 -252882.85725196177 8270362.774968768 6716914.522552666 5900858.084986552 3106737.7592294575 251948.18794354444 1811870.3679701488 802459.1422441967 -1045233.0646210008 3166966.591609677 -7704074.362910167 10847108.38749422 -3352524.287402475 -2438335.7839600556 5596028.122017905 14501370.792586137 8985327.300639506 -947818.1870684852
