29580744.143808946 -2620972.166995744 763424.5234673537 -22552.390888927082 522075.0006841093 1189558.355134576 -850400.1937027101 1980344.0205212196 136909.75593477787 831946.4339612206 -1500841.6901171117 459315.73623365146 -204179.44130799168
-2620972.166995744 33783072.35987836 106892.4306956925 -920126.4778816154 1149554.6933810024 1596481.6798088972 445605.4231110401 1173380.8347415037 3718.9647395600164 -2311801.772100702 2096129.4228108765 -1877374.906759706 1567753.829536986
763424.5234673537 106892.4306956925 32306431.600076906 1024253.7075395064 -1868309.3063133843 219909.88619666087 2060945.9774453463 701450.6917775684 -364430.3683078472 3139420.6154366047 1911110.7764836282 -1013813.9117217567 -904248.9338870631
-22552.390888927082 -920126.4778816154 1024253.7075395064 30549145.305524323 -4703583.787924061 -2162621.2600273495 -1437397.2310134047 2352327.848084684 -857490.7143080662 -3230854.0298626944 615841.7884299589 4653563.019894475 -2104436.9043733464
522075.0006841093 1149554.6933810024 -1868309.3063133843 -4703583.787924061 32916246.979740996 2499998.9393526358 310704.72223302006 -800882.2893878496 1949753.0140452893 -55099.74603127468 260160.4664635716 1430403.2803067635 -3242077.4083725945
1189558.355134576 1596481.6798088972 219909.88619666087 -2162621.2600273495 2499998.9393526358 33143474.787643075 -657280.9192205765 -398967.7410526046 1683979.5818977477 -1007866.2987100984 -293811.8473491004 -2122824.3296696185 -400465.6537960924
-850400.1937027101 445605.4231110401 2060945.9774453463 -1437397.2310134047 310704.72223302006 -657280.9192205765 30449966.97418354 -575014.3026984354 1817122.516825964 -548299.5069754594 -3096474.0747702564 -3866006.979318275 -706560.735835065
1980344.0205212196 1173380.8347415037 701450.6917775684 2352327.848084684 -800882.2893878496 -398967.7410526046 -575014.3026984354 34156032.95548496 651377.859292696 2695619.447259501 1436839.7398704826 139259.07615569368 1267963.8559895232
136909.75593477787 3718.9647395600164 -364430.3683078472 -857490.7143080662 1949753.0140452893 1683979.5818977477 1817122.516825964 651377.859292696 33469701.89587938 133060.88149046878 -1556602.4780789604 1187246.1120734646 -552246.7527062042
831946.4339612206 -2311801.772100702 3139420.6154366047 -3230854.0298626944 -55099.74603127468 -1007866.2987100984 -548299.5069754594 2695619.447259501 133060.88149046878 30884616.460711394 1585325.2083050075 884252.1955658711 -2165628.51809659
-1500841.6901171117 2096129.4228108765 1911110.7764836282 615841.7884299589 260160.4664635716 -293811.8473491004 -3096474.0747702564 1436839.7398704826 -1556602.4780789604 1585325.2083050075 32571902.473877907 -965481.0346462349 -1146921.4080216559
459315.73623365146 -1877374.906759706 -1013813.9117217567 4653563.019894475 1430403.2803067635 -2122824.3296696185 -3866006.979318275 139259.07615569368 1187246.1120734646 884252.1955658711 -965481.0346462349 33770876.97451755 -1155635.5310054342
-204179.44130799168 1567753.829536986 -904248.9338870631 -2104436.9043733464 -3242077.4083725945 -400465.6537960924 -706560.735835065 1267963.8559895232 -552246.7527062042 -2165628.51809659 -1146921.4080216559 -1155635.5310054342 33412769.56078176
