32813382.84193015 -4697217.113232377 11474982.156230925 -19862310.62378809 -7534710.8512214245 496788.1320411672 2052555.8338552539 -5649825.931826722 -7163240.478173682 -14661790.256650694 2324506.889761372 11014645.047047034 3570823.5578812845 -4683521.5222886475 -2120098.666353638 3026390.285268925 4737257.968590646 -3616609.1727226325 -6903725.1678319285 -177628.63210131633 -8428773.888326062 -14440092.6423574 -8152816.292923935 3798810.541072792 5795932.521211367 4603350.841016077 -14948673.93533478 -9204898.136405818 -7872593.072448991 6415108.22667822 -324641.1887283863 1289743.0512946278 -10379775.320525922 425116.49258868705 4374736.3933622865 9048305.420722302 5550458.589709246 1141680.25812136 18797101.17923768 -10330072.25810354 -11002755.984554918 13139000.946066326 18577215.625693645 10620257.24961496 2331673.0469483132 -2646597.8440620657 9372976.499019885 -4769162.289991923 23436195.364301402 -10583830.119182162 8543329.457736565 -6321333.801288821 5156459.93895503 -1123907.771931661 4918164.203825953 -4861461.02904061 1861328.3750361113 -22394878.80045165 -776202.8054560391 325420.76146125636 -10925584.620557904 -4063724.7713668495 6337364.780255579 -12901250.884060325 14147219.869844625 2892006.0351131535 -1451113.6687786512 232540.39599140236 20653501.145500127 -381457.56823847635 10311990.585249688 -1905828.6042733851 16891933.750558924 -11061729.438007055 20384155.02761164 -22171362.027571343 12237472.08713564 -10297657.55241056 -19067875.024245273 11407123.912488753 554191.1606402844 7389614.128423111 -8938827.80258854 6586722.37249623 4232402.317087068 1074967.8724437386 -7135108.005407251 -244822.8125116912 -5112322.064269326 -6342426.587671839 -2071.9951359733627
-4697217.113232377 18380634.00417019 -5925642.620677701 7842557.316167023 -4030863.6311024833 2249883.9200681355 1512453.3626054216 -3978795.2486921325 -7963017.691152637 10789967.53883283 -3346971.3674488147 -8653306.974356161 -3680330.8537394926 7009058.551395592 -14063652.15641267 -1581974.23502127 7774860.865528953 -23029201.089577172 2541638.3608067147 4303857.289495763 -3549675.0277791247 168194.24145179134 -2955017.852256995 419951.2531789194 1178638.2756364024 1892122.726027643 -13750177.809094377 -11399883.982457997 -3500267.4340094184 -4099323.2528037354 -8259772.39353295 -9729019.695825223 11146984.799198987 10564179.75724695 -13589206.575443113 -6942725.262814336 11440365.365670823 11397113.16688796 -544505.6647171065 6682979.580512921 3240028.4830540135 -3860509.66603486 -5692676.418193263 -9689223.973334614 -7646843.405719716 6490569.05399172 111674.5054904592 10578422.64148036 -6427130.436054793 9622497.10968964 -9773463.838655027 -2368560.7632499225 5953398.876285647 1624459.5386514415 -11413684.381348914 8509474.744469566 485727.443874221 2463966.2476768326 -11170438.293759234 3783918.7018084065 684893.5676891501 -2940384.545414561 5973579.645343881 762943.0616749413 1881245.552910844 6022709.598195073 10919152.970025662 -913027.4726164317 -8649238.516649421 -3246778.393698074 2365184.728173425 -1820281.5703676257 -5068971.335343069 2154318.9717791006 3972758.4200137295 -9871781.616533859 1513654.1594223399 2368393.86389442 1946091.7849550925 8736305.029690668 2519732.2598713147 -13161549.383171061 -2718670.067203292 3165689.572306884 -23261.29603814582 828643.9600215718 6413539.3133315 -2154705.574348478 2785785.0753190746 -10381164.958414841 -3137973.5100771724
11474982.156230925 -5925642.620677701 24847916.22873786 -16442534.11483424 -9408328.751850225 8370343.1721036015 6455869.069384389 -1646888.9372257225 -3421627.5634689257 5862821.690819193 -11850295.243764369 11307355.722167814 12253248.084023803 4292022.769864822 13575329.56388632 -7229597.928975203 5369033.986399598 995973.219723768 -11536564.35043911 10559220.229529593 13754090.159263238 2577573.5244623004 3378578.918975821 -4209569.286252128 -4770558.49639371 3394305.1329257577 5136734.978893678 557493.5022745145 3159137.64774207 4748191.770459102 11016241.572234025 7758646.347528803 -6879456.679182135 -12990891.986535972 10463024.678979412 12248822.207741834 281068.6244916872 -21774431.41801512 9147930.992873315 -4445563.4270136 6301212.003563066 2622845.4066604897 12171970.382139804 -3133510.381670095 2230563.506160188 -1234787.3781275302 -1545183.9158123077 -4020953.7789588924 10515204.123349873 -2602381.24984392 17548345.774388906 -14543804.948288038 -8965094.055746714 4884350.408426187 2988135.5712052756 12659891.435698742 -12550812.629144385 1346169.931809973 -8522886.737755742 7754847.600269702 -16586346.311029002 -4854633.796995422 657984.7978177265 11328369.650716363 2797425.1161618778 5520022.00873066 -7074064.259375815 -3580738.7916273926 8440191.553490944 -10006694.53654006 37173.96068074927 3713428.2355585285 30037557.155510664 11965271.565411687 11308165.179890418 -224448.44712481587 -6749610.125201299 7158202.042122975 -12959404.646370113 -9031401.56529058 3017390.262368428 15937756.189936005 -8730425.595565708 -976947.6279966907 10014039.488457995 3400670.24596504 -5847507.527582422 -8469514.27949298 11612460.734370014 76775.12424938443 5735903.223291508
-19862310.62378809 7842557.316167023 -16442534.11483424 38022288.1520983 16221024.433755206 3214110.3573594224 3037851.069593057 -58722.330753197275 8297379.526674534 19010517.815388855 13598425.734678885 -10321948.468860665 -3484705.6522173206 6166812.913396083 -9600724.351869022 2072600.3117734334 -9678843.401874624 3080058.757451888 15252845.17494437 -6645470.439540259 -13770923.745321276 7160610.192252495 1702821.455644495 6453091.10724331 -14281850.435136693 -3088802.800076492 -1064847.5043309128 4826230.513767955 1170290.6059169099 7802499.353108489 -813757.3681437387 -5449917.437242015 2668218.41516107 -5378996.560225093 -4244633.860106212 -17023156.221365113 5212301.332781891 16266244.907527903 -2840367.9223549683 22595072.033914402 5523961.062986406 6540822.309039994 -4075102.1076638415 -2326101.312094241 -12954960.496298416 -12410931.924032712 -5294539.753648299 -8073770.580894769 -14263267.38620475 10816309.781147685 -18080363.47359091 10853239.446346879 -4304824.634854276 10600718.673656793 657999.111489802 8750662.967411863 7708516.635624419 9265318.07108161 -10072953.404869953 -2656659.2688788227 4768036.651539832 -4790493.301737576 -5437727.985904078 7905799.155299 2497150.0780108296 -863914.098230316 6666452.703197465 372407.6452823256 -3934430.0652724416 12001097.836162334 5779906.212396026 -8803271.145062467 -17445655.154290415 1186309.6492342434 -11312709.925579013 2657627.8229351365 180633.59777830695 -5968865.303838487 14630301.52464255 -3738401.7347354465 10862013.448507017 -12829398.085283652 10760226.195943246 -15174682.134067798 -18749551.68216506 8574300.7182331 -567711.9579242337 -7142474.9918006435 14471636.611077093 7701355.210934398 -5190873.082579481
-7534710.8512214245 -4030863.6311024833 -9408328.751850225 16221024.433755206 32850824.34180483 -793794.6842621317 -6731769.271135811 21105796.174353335 1254546.929837255 7300763.494602443 -1860841.0453811511 8995578.53149904 4020176.694137404 -22809976.716541216 -16863834.18979973 2303849.860373548 -17685919.928172965 15411626.245002292 19432319.771601636 -5711663.131652233 264270.7007968975 -8593588.131672354 -7069695.108168396 -4777514.259752545 1753816.3057588553 -6399692.531947884 4248758.492421618 22893542.472645033 1498534.0763710395 17991454.471078448 3219998.283935694 8373105.896176934 2553050.704489347 -5273541.288178959 18767153.5763322 -11767320.962222671 -8956464.949753322 5386595.726478496 2720610.5048958696 -8225451.654443563 -8210420.769284402 -1566543.0787130184 -10363056.66156263 3115602.841572638 10232702.566223487 -18901262.034499507 4576380.356966067 2656178.130288857 -16420.191761486854 12743336.205937413 -15891999.149308225 8994625.151895834 195415.4693905053 1674968.3803688816 -140793.17032909952 -12080609.557435619 2429148.849139513 14889546.48953195 9423855.18279403 -18065180.4858122 3303101.3818199094 11566777.007256255 4852224.47490302 -6106603.572628856 -599595.6243769252 -2105595.0458378117 -7440045.503329192 -5866090.892116811 -95330.05967807025 11591270.16782807 10268584.891666623 8475640.50923568 -12297222.7143303 -14149639.149738975 -10765135.45025728 -6341628.21195367 3523719.050583581 -19314837.69081665 2086518.4772785436 -3738721.379015015 8209628.22975975 -1673636.9582262095 8426808.676248992 -1945653.4397471587 -13524430.25506867 8623879.79907428 -844051.2106639892 16437326.05218084 -2401430.917519633 4576382.949871402 6781928.261730448
496788.1320411672 2249883.9200681355 8370343.1721036015 3214110.3573594224 -793794.6842621317 26302137.182024088 5208794.58293628 -5773940.529786661 4407117.587209699 -2485929.8764313553 -5255890.170824355 8985227.6708917 1378577.343517642 -553226.0052663995 831479.4042107365 -5805020.205368669 5287292.417369818 3795807.064753802 -1996903.1413133347 1980809.5963416568 -10269048.186291235 3561754.5366221643 15206386.869029535 -16880830.262715664 -325369.8267840758 11329221.52125671 -1189480.8036902037 3898067.7023260067 3991856.2759772358 2123866.379085352 7641715.750008362 -4868733.034319861 -4671362.319313758 3282690.134440022 -1345761.9674306435 512128.2293588983 7622832.193982678 -10481770.4864649 -7539733.5595942335 -6989892.507983488 -5051828.433698509 12968094.160410658 8006173.428520996 -1610503.5348584868 11901734.585931508 1102733.3850860072 -4334834.9379357565 5571974.386224044 5714391.29825404 -2161531.300688478 -9113581.02127683 -9789976.660395369 -4070665.298922023 7390865.487719377 -4824576.106537968 8195620.308509328 -9622091.859907968 15016438.394951774 -15293656.691174887 5068833.312825886 -13485855.283957252 671361.5136543541 1634265.509754948 14999564.71703358 2555197.5230079596 -2516650.542294457 2458712.5898033422 1010499.3854259249 18994960.331775185 2102214.7067898475 -2980301.335530758 13806828.850161478 15994323.201275164 -313102.8415862326 9189960.099800518 -3652524.14867343 2920704.053674204 -1477170.7520711364 -16583048.230559366 514607.9905286148 6801370.559789793 4245736.589793199 -455675.1919874951 -18310924.128546443 1931609.3353323217 3689413.020173401 -4031986.5119239953 -9685083.113815943 9268840.62764845 -3295016.0319780824 -3646913.169328185
2052555.8338552539 1512453.3626054216 6455869.069384389 3037851.069593057 -6731769.271135811 5208794.58293628 30024595.58479899 -6710182.872022103 -4910570.474616104 -8322356.05188901 7086720.680953403 12009612.181413801 1266680.0680678892 -10063737.101131132 14231731.328512356 -1193246.5278328387 7087500.969610383 -9219652.654251654 -19115322.81298503 -10262610.998928698 782397.2912814688 -6694121.036109675 -878162.4066227181 8969955.664546838 -1249578.4802299498 14048851.357444132 3600013.0232096133 8964961.829726547 11015328.549442844 -5022132.700868335 -1748450.2147788582 5519696.096717969 -8965201.231677277 -8818412.436368203 -6985870.325033501 -7855518.267551973 -478875.7617865882 474395.1283471201 4725907.107320433 13442659.60082093 15895141.643521087 186598.44601267422 4646895.3957363 13698343.412591487 10689769.027324473 -11169406.83746254 15199940.630684791 -1370079.3613947467 -10003349.778134149 4422893.424342381 11722898.547792144 -2808665.039025225 -3098243.563889804 8072495.09549911 19092051.85472363 -5880338.282313955 5267212.490704528 4002450.582236845 -19826011.180590376 17849030.023724128 -8246488.271112106 -5869267.066818067 -1172964.912624576 16413607.035418088 16511601.986210918 -563413.551587347 -9025663.484336214 -17223056.10855528 12048025.562146872 700595.7322509832 6749877.147083674 -19904094.758289907 4803183.533774256 6781907.128255904 11418845.383547679 331043.60089814634 4397880.428799279 -5376207.42549156 -12283699.436320635 -828686.696460093 5139740.423548889 10211503.486084355 894453.6102331536 -6951090.824519542 10223651.630985584 -8351955.533793733 9977303.582644852 -9786828.99046964 19865210.405299228 -6942357.1158865625 -4169525.339655537
-5649825.931826722 -3978795.2486921325 -1646888.9372257225 -58722.330753197275 21105796.174353335 -5773940.529786661 -6710182.872022103 25869496.128823433 2769015.030029358 7128181.5013261335 -12570503.86777918 10381425.215190923 14845215.086293928 -16538298.819575148 -5993404.077913166 2502833.7229586057 -13655060.293828413 9007851.731888419 15329485.23201529 6193088.245813976 10909965.947242951 3295548.2229421996 -1529851.0508614825 -1706703.8508097187 7224457.91311385 -10441233.67588961 10640606.764726559 26154678.61955653 3411131.1604273147 9767617.365225399 1048348.4789967529 9822837.404498376 4381186.807055734 -3833788.413697127 19093385.897609968 -5046876.360009675 -13901763.167427024 -5474824.442723546 1095992.6968197536 -18843855.15806457 -2033553.8347966245 -11785812.4043148 -17971250.19224639 -2931068.6207415923 8732954.459107213 -12943394.468167014 2959791.8002583594 7424802.85425127 3460886.4575151005 16997118.47463429 -5885299.221566486 4166081.504828455 2818888.9336742703 -8235802.66792287 -9586624.616362324 -15913226.61835411 3176367.56923869 10000589.253881756 15404703.75610873 -19470263.657207157 7125225.084890726 16212778.56467987 8368377.936129398 -11222822.197219828 -11058275.27687219 -7201016.33893697 -11299213.613836402 -3253608.250517873 -6939532.868482967 -6062173.174041659 3921244.878454001 8778435.185421176 -7488699.028479141 -10714288.592281941 -5834276.714444053 -3154711.3542816453 -1783559.292448484 -7674528.136564749 -2329976.059085948 -5166044.197305475 488737.8886727846 10190472.78143469 -5647506.175491866 3770075.1182411886 -5785264.452027275 8151156.087881514 7128787.961673514 20238199.134864498 -3032403.8895800994 1293919.2265457 11880043.607090399
-7163240.478173682 -7963017.691152637 -3421627.5634689257 8297379.526674534 1254546.929837255 4407117.587209699 -4910570.474616104 2769015.030029358 24270678.277220543 3075792.8615866792 9438830.409660613 -7830735.4161785515 2798274.330628379 10552226.160197238 13358620.612722447 7191822.763455684 -6653780.701153208 16707708.533909127 12593082.337248385 2522436.440807911 -10159990.225587124 22447176.715966146 19487549.861030016 1818001.6691859865 -889857.4428986061 -8018556.7014594795 9142242.670475565 12678825.36097982 2197453.955973298 423366.11765000736 204777.8003637533 -3838970.8469615714 -8973821.557297477 -4822213.914125807 4393897.109666129 -1094600.8782989576 -1177217.6455610031 -8447579.945620202 -14266114.578763777 -4855686.309636082 -1869795.0461787963 4447664.348755083 -2509675.794252029 -4256659.383049312 -4097304.2655710205 -3915124.8552287654 -16091056.381738551 -8713451.535335464 9867041.761551784 431166.402100907 -10495784.697371284 5523373.3281874405 539311.0671109433 -1292041.9941536374 -9813746.421533743 -4512384.428149679 12199803.673120296 670045.52475562 8828849.145404382 -7114823.3422906725 6179146.590843096 1719121.9300547566 -5261462.055019594 487570.5556934324 -13575838.887757227 -13931628.517294781 -4750538.237466324 19574828.260099728 6153771.971434322 -4756225.192221825 -9314885.08982548 1636832.3888313388 -2843398.674486261 -3205269.987266425 -7238418.896291106 11962497.54064811 -4113231.9042243864 6096210.966360255 -2887787.0661026225 -1233969.275902369 -3853409.0680105817 7844098.433231362 -4344183.949865006 -14986048.290341625 -10308008.184721155 7126735.966521713 -1548081.9715682603 1610180.7782714588 2090966.485197813 9660077.720555631 -1796536.7360575479
-14661790.256650694 10789967.53883283 5862821.690819193 19010517.815388855 7300763.494602443 -2485929.8764313553 -8322356.05188901 7128181.5013261335 3075792.8615866792 57396082.204532765 -10353588.627319932 -16791957.765417736 8998985.408296017 20732829.952583034 -4326925.85782678 2724609.029206769 3171956.6071617394 -3372357.606143611 26046313.734048728 18870478.177749116 5583793.481699337 18631223.84089893 -1220015.8930498941 2539111.8993478823 -12912471.930266902 -21911848.920559634 -983122.1828419548 -2109025.960711747 -5004231.987548362 12204485.241379982 307662.2905948412 -8602484.338490043 4132738.1855164873 -11538860.345494522 10657127.706880772 -6226413.619263504 14980959.046667628 -5794362.566632471 2930055.201365302 14511285.24583908 19521858.083879028 -12102232.96656187 -4177300.9054834624 -26414140.253859002 -25935189.068093415 -6970496.461634059 -27286288.739665747 -11284488.682886614 6867507.407958156 21737866.148126084 -3375472.7231095955 -9609055.339662848 -8025148.976449988 9989532.942888781 -17148891.450797282 24540453.494638246 4876881.579352287 3001831.8782927054 -4913526.092667096 -7812815.09712688 -5781863.048534073 -16271867.217762398 -3195164.6930357143 9123181.870169384 -11037475.843278328 16474864.154964685 13203975.719109455 9545094.134282423 -22474668.50026284 -10650562.974793611 -2936739.248408241 -1671700.5428130124 9183273.416749435 23198879.140182335 -8127702.255756161 417977.2683563363 -21232711.99195545 16740986.629137546 8031292.680769564 -4388602.6333306935 5009051.568677724 -8345779.326187172 -7091202.415981754 -2954363.83021316 -19546006.127114665 19731010.720978122 -2254081.678292082 -4554453.356801224 23997961.415806618 2754632.5578323 13117687.244719058
2324506.889761372 -3346971.3674488147 -11850295.243764369 13598425.734678885 -1860841.0453811511 -5255890.170824355 7086720.680953403 -12570503.86777918 9438830.409660613 -10353588.627319932 35130826.89042265 -17406282.52325746 -21357691.41169854 4418867.547930398 3426260.1079496653 6218079.617579412 -5969170.030186138 -112729.7819653203 -2729114.1074707354 -19859744.048006237 -10058162.514535664 -4467415.588961859 -1811791.9670395262 17915793.486962132 693745.4490220532 4618407.87452431 -11509032.798606979 -4589421.999869662 -4206793.394377659 1256503.3997191642 -10343317.356327709 1478625.4274088622 -8129632.302837979 -8140517.437206241 -8819402.302814392 -8416419.140048718 7230147.550455245 14338319.778408423 -5748185.809841328 20538313.886249576 -5515783.650994389 9999315.184075594 9296712.914553417 7464163.828139812 -3413217.155075045 -4358521.146813299 4826796.137926581 -8637306.168694431 1385968.6211844496 -7915842.926872641 -7844903.297802432 12477676.290442744 4967313.513347958 10997674.808226518 9871064.239018546 -2327262.254556501 20046721.330197316 -4384118.985004344 -1303629.293970107 11871746.686406307 5788607.686727523 -9351225.998160778 -3564809.495230599 7583791.270551517 8319948.250880271 -411717.5220633736 -12289877.285922261 14239158.814219326 11410758.465272881 12080434.378635956 6309714.6633748785 -20005440.50960041 -9891449.533758352 -1345717.2506199188 -12160822.728176398 5015188.193436833 10557083.942403115 -6711705.814403302 2072291.0538370656 10080473.567964176 -182073.35798921125 -9977892.786397057 13149496.768329738 -1776901.783362204 -104480.81720688939 -7209808.603851552 -3721717.5866970015 -1642515.1496141402 -9577138.975553753 4126494.9246368594 -18060615.52606675
11014645.047047034 -8653306.974356161 11307355.722167814 -10321948.468860665 8995578.53149904 8985227.6708917 12009612.181413801 10381425.215190923 -7830735.4161785515 -16791957.765417736 -17406282.52325746 37898804.21618191 22287147.280447785 -22777394.85340492 3550461.0097741727 -2021200.6714851472 -2250125.917223726 12590665.340974236 -9572783.84619561 3382026.5837571784 -3111844.579272049 -7086577.703457723 688534.2751976119 -8414551.955728153 -1185852.7666204756 8032491.085842327 12268245.73237964 22799434.796360817 10778080.62026886 4455686.055906785 13864653.110647464 8815553.217962777 -7827985.028870653 352948.663558064 15824373.530538604 5079462.226469852 -17571732.54149436 -4661052.0941687925 15413863.337191934 -16654568.506155273 -1339942.5939505568 5606664.265856214 3257011.0767312814 20393966.811058193 18665424.33785617 -13448976.768696658 20956981.313488897 21148.10895333874 -161390.6351988601 2061705.8197737925 16269363.801311074 -8309975.428438907 -2690463.3627051264 -6087689.28452935 10663011.767580805 -15307496.559624054 -12248008.548662985 672199.8508445671 -6457515.8897559745 -7089906.1896925 -8670459.06521093 13469250.207337158 1564664.7448818255 -4346274.493284761 5587426.220265271 -8781981.4836013 -2062332.6447458796 -27044088.030878674 11767693.696992291 1585328.9855727395 6476445.88575321 8962017.760602975 8017869.966560434 -7616962.645541072 16997468.66965083 -11092315.515464857 8958585.064891333 -12847329.968168104 -15974072.128202958 -5932548.719976981 10175966.51667737 24917131.30561425 -10588267.53368833 -9300680.171504313 2205587.769498833 2263739.7017717496 8835584.792900434 -3743855.493182342 12961013.734113254 -3312689.457330438 6916529.873034579
3570823.5578812845 -3680330.8537394926 12253248.084023803 -3484705.6522173206 4020176.694137404 1378577.343517642 1266680.0680678892 14845215.086293928 2798274.330628379 8998985.408296017 -21357691.41169854 22287147.280447785 39516908.89462031 7299362.564782705 7735164.07713164 -4052299.675379665 -11139599.16460482 11937949.763242083 6727717.779236899 20032038.960642647 1724016.197117335 18973762.99481693 4798160.28011101 7317210.777282585 -9683011.854377462 -6483952.355028597 16267679.068274051 18324877.144490108 295370.84032299835 6375457.549889408 11893326.84635412 7499889.374694657 -619583.4123267325 -5672310.876436313 12968401.44562708 5483827.892241714 -11995591.111911615 -9617783.72583233 17501342.382944416 -9616637.157940475 9286366.32687887 6107409.010741517 -4830932.094928 700157.7271738992 -8173945.086085428 -11159610.578282876 4616833.920554395 -6530362.545019298 2565842.8218899723 10699735.606778957 19048007.031778544 -8010392.231994435 -14522540.564614559 -13107839.101787254 -6467266.157514893 2422543.2968353396 -5105882.325949273 -11876578.61421235 1457575.2409729816 -19629861.608481184 1967172.3381945882 10481467.808644816 5626186.371028739 -11607184.981840163 -9762217.491532179 -11415797.068510829 836153.835604794 -10613573.347945718 2926852.1676498824 -16498759.633150088 5506837.931205358 2031172.2054472296 7664724.8690606365 528448.2593028039 13487077.989613466 -9825152.371298643 1767846.15455477 3346564.3849914134 -1943836.1019358712 -17399902.92012151 3362089.067364807 27144986.24277241 -18799728.755173635 -11692592.066317806 -7057574.535487972 17637684.378034357 4184361.2840578402 -8430331.676833421 18002853.967754234 6897673.131211791 14079564.98102261
-4683521.5222886475 7009058.551395592 4292022.769864822 6166812.913396083 -22809976.716541216 -553226.0052663995 -10063737.101131132 -16538298.819575148 10552226.160197238 20732829.952583034 4418867.547930398 -22777394.85340492 7299362.564782705 51135468.83838702 8474917.60765876 -4425273.976223448 107966.35754109856 -5717424.841400112 2519164.040738479 19591019.368858736 -4147392.566968269 32860547.37478299 12546489.954904048 14145009.163483337 -19418857.128902946 -7497538.5337463925 -5271738.856213109 -22907563.703955248 -11202793.348664455 -4911913.090710851 2862718.1145018614 -9672675.836665096 4722922.310030524 -2257736.567588774 -11363981.101926623 11837624.476323618 11535242.057781594 -261896.7726569511 40848.24932861235 21196012.857894216 5812582.939193563 11902524.87813802 9091189.465367148 -19157010.747208398 -38173378.66520437 16449003.653852269 -15479727.164850794 -13620771.216639956 461865.8318702777 -5483777.2678428525 10298436.461355029 -6734760.527957742 -8819066.25521865 546189.4470743602 -18434462.974100076 36415165.936102614 -2255608.0792542542 -16629798.189752983 -7294102.433007729 3541740.9311297834 5387807.385183338 -11771205.111619562 -5849358.352517344 5311409.818386443 -16502036.581138372 1479918.284989438 12375609.909189532 20979802.822072454 -10834496.366087442 -14192379.123724828 -7419281.571450401 -4745963.460690698 8585890.06500717 22779456.766937207 -5198721.383816724 7253263.534721494 -5018452.675647405 28231897.012898486 16802317.61229145 -5582808.293091304 -582409.293041341 -2026387.243561915 -11083068.746057248 -8459636.870759869 -4527042.159572462 11016727.24817709 -5923162.793894493 -26026265.299499303 4989269.420148806 10482275.127148436 -9464460.395471102
-2120098.666353638 -14063652.15641267 13575329.56388632 -9600724.351869022 -16863834.18979973 831479.4042107365 14231731.328512356 -5993404.077913166 13358620.612722447 -4326925.85782678 3426260.1079496653 3550461.0097741727 7735164.07713164 8474917.60765876 36909050.84831913 1274216.2028503977 4852285.9339002 14803710.408940451 -12317397.70786581 272135.97106526763 5414529.321750295 16332853.64465527 13826875.342691109 7486893.810522773 -2984471.0444271243 517136.1682936928 21710305.0866909 10079151.431836845 8620045.754396139 -10652746.366256803 4144347.332567302 4796491.178563888 -15839949.88865959 -12974534.743125021 389156.68748583365 6050317.237494837 -5416453.56999113 -20977772.75455347 -7455782.770881582 4801705.78683726 18186273.382407118 -2060080.9760287155 4614784.902168405 5115394.408984839 2928823.4324881225 -1602066.8511059259 -7466729.915094301 -13768211.733901558 1163887.8733146526 -6371009.7335884245 23056118.268606555 -5729160.2511757165 -12495028.85172733 -1074076.9931537227 12208234.014639264 -2820991.056403592 6687242.617722415 -5368614.249488922 388348.00971554936 9077271.785053888 -1683771.201755203 -6881877.221770778 -10425497.458716346 13774839.902450247 -5267392.658215017 -7637913.944778728 -9418329.972161813 2563411.5696708695 7674412.076576923 -11046786.345658349 -12057901.170204574 -12780752.174745113 11929897.97935005 16241731.71081473 1894288.1935994793 21217563.9213496 -9378928.672487654 15886107.47497333 -6294971.5059422655 -11433021.19872822 -9068318.204339167 21392833.246410824 -4410977.312627217 -11626545.682803446 6938141.21726229 -4412916.5320022665 2148978.224805473 -11510457.120467896 15017752.062902763 7330972.317821381 2705106.921510694
3026390.285268925 -1581974.23502127 -7229597.928975203 2072600.3117734334 2303849.860373548 -5805020.205368669 -1193246.5278328387 2502833.7229586057 7191822.763455684 2724609.029206769 6218079.617579412 -2021200.6714851472 -4052299.675379665 -4425273.976223448 1274216.2028503977 16557944.567719756 6614605.836981869 3404580.081322731 10607150.28623246 365416.9500586726 -16606868.273120439 4390668.723636214 3771459.026313581 1313462.0833758565 5492899.73659864 -10592139.997102102 -3630919.234842384 7233479.05817357 2187395.579886015 -1663339.0999216672 -7172853.498169967 -11150608.128665037 -9488478.159457918 6003435.754799851 6363013.374173738 -3226694.8106158734 358476.0324146552 8438923.691929476 -3291374.724604783 -5076833.237395539 -1308336.1844189905 -6972994.177127202 -733256.6158566506 5210302.913673906 -1785553.7103541922 -5628322.03314028 -5110299.617566592 -8059879.213334467 12146929.196161069 4933461.968532152 -5284663.097922214 1059842.8206432357 15772397.193449983 -1696567.091004608 -5652860.996115788 -17863533.692748085 16609749.51435454 -9857413.025654398 5320038.540860086 -5822697.534491322 2897919.1589033552 -2737467.2876306237 -6530380.400926016 -8619957.282901023 -5171061.619403783 -3195302.328796704 7587271.455423576 5357616.301682619 -6308105.537888882 621596.8253012606 -5920613.504326816 -1758951.6410858694 -8732234.797315126 -3594748.4906851514 -804886.782992118 -1801171.0850159072 -933634.223033901 -91317.93539751973 -8773762.69153927 17308374.58024538 -274950.40545820043 633441.6214369714 -10551497.312475547 -1969354.8502109076 -12271718.570952065 1236364.9589592025 10713465.795545211 6339443.620634757 3069507.6448434056 -5292150.553477552 -388188.1337782736
4737257.968590646 7774860.865528953 5369033.986399598 -9678843.401874624 -17685919.928172965 5287292.417369818 7087500.969610383 -13655060.293828413 -6653780.701153208 3171956.6071617394 -5969170.030186138 -2250125.917223726 -11139599.16460482 107966.35754109856 4852285.9339002 6614605.836981869 28344472.40757868 -15366029.601852305 -8792000.440599639 2941402.8806234202 -9122160.783478927 -4133821.238169336 3558195.0271874988 -12656142.91900274 3704367.657647673 1630700.1079640726 -7231212.826072451 -15403748.47623757 5585614.75380381 -13240725.067697993 -4587495.011827083 -18084976.385462016 -5833841.7041626945 11890308.598157547 -9391991.233657282 3365456.3758971854 11671033.425077258 -1473091.5835286702 -4588188.368030736 -999225.5243395081 8247413.697402883 -9900850.610424351 7180819.86344931 -296280.81094609824 1170539.018595674 10013761.446568271 -10782383.991027016 -531926.035425466 4555829.266681748 -2880369.288239319 1147585.633975208 -11066678.572526066 10997776.437213382 3804095.125237753 607059.84238502 -1675373.0558661895 -1583980.6407994467 -4445848.004250518 -12413421.528612077 14272165.187212601 -12832011.38164293 -13626126.976212317 -8661115.44982042 5440480.240794015 6580140.42948382 8777752.775281763 19242976.378342737 -3615138.421534369 -6223080.23000818 -2254130.828842104 -12957564.571571348 1177259.3383407693 9042955.239721045 8212070.479145392 13856914.18280833 256672.23954004547 -10361357.175115203 9581474.93054931 -12213907.150497824 15369713.874097876 -1967449.8389360104 -6357530.48994415 -8527438.045629071 2141691.057152297 2435910.181351734 -7916447.420632492 6409687.3215365745 -5583430.749249408 12205615.107003352 -14657522.695698554 1332206.3573482817
-3616609.1727226325 -23029201.089577172 995973.219723768 3080058.757451888 15411626.245002292 3795807.064753802 -9219652.654251654 9007851.731888419 16707708.533909127 -3372357.606143611 -112729.7819653203 12590665.340974236 11937949.763242083 -5717424.841400112 14803710.408940451 3404580.081322731 -15366029.601852305 49011003.324976295 16919094.929843318 -3844426.433640901 -10794488.172199788 8909426.374653783 7392017.411381744 -2482978.9268677053 -665158.1849771884 -8444264.41932887 22892539.453782853 23621089.09273466 -3159787.2528341054 7688515.188635533 11274968.154433357 6381492.582586825 -14615227.50130648 -5180498.555849037 18450717.481316846 1507993.64895727 -9557692.219182882 -11907575.896665424 -5764819.119168181 -7561954.973582371 -2379203.0996683347 10651938.26666121 2457195.205777701 10239868.682127897 10742524.090592453 -10274366.083953192 -7673236.191658944 -16486199.98918517 10657569.68426578 -8152702.812709996 12139072.452845976 -2961242.2369737676 -20629887.43411733 -6197106.458191436 7804658.363571659 -9820492.512314985 7443281.215148825 -5085158.23836854 18845831.952386674 -22012997.884637106 5801429.04561614 4704874.778012866 -6991233.303049137 -817564.4238504972 -14155918.755117023 -9282786.340934629 -2984854.704751828 5258512.942730646 14235015.843327686 6521551.388512925 -6393713.207134437 7117134.551889584 -182339.33377720043 2034652.3859162778 -11576338.942665376 9072705.76945132 2814962.50466379 112198.30678338061 -468842.07688708865 -12639799.477197126 -5667126.671048454 16374899.738681488 7097250.545363977 -21281512.87285107 -14154846.097157767 8801758.249202142 -7990143.247904405 -4085124.038323931 966860.5498069288 17309897.501983684 8617199.480565773
-6903725.1678319285 2541638.3608067147 -11536564.35043911 15252845.17494437 19432319.771601636 -1996903.1413133347 -19115322.81298503 15329485.23201529 12593082.337248385 26046313.734048728 -2729114.1074707354 -9572783.84619561 6727717.779236899 2519164.040738479 -12317397.70786581 10607150.28623246 -8792000.440599639 16919094.929843318 40154089.97564412 6221932.844750284 -16024753.602977587 12032347.37350048 620180.2198384474 1363570.5907870026 8152202.099952404 -20778534.03677094 -2006195.082941098 11715480.279753372 -13573639.1281413 10869878.856763521 -7880353.581552307 -9545279.917321917 672196.9849269657 7002616.635310764 9419405.496977327 -12413555.158227926 10043003.389621707 4143504.847177975 -6711784.950759985 -8399686.05665624 -2339505.215150072 -2237496.804367373 -12124767.612860776 -12601201.05438071 -6053252.561863951 -7771462.663598813 -19491799.58621242 -3015271.953630947 18595989.758138124 14524519.367453283 -16063498.806751452 -555661.1005923141 -3033809.6455693175 -6005558.669767062 -21007565.932825528 -6003099.706951427 21692070.776145615 -6383294.411476887 18208035.82933651 -29616667.608541608 10676219.380855963 631948.6122307064 5906754.42015379 -13493501.951177249 -17140187.087829355 -543015.7205371185 9583347.624362566 18810627.239869274 -2521192.907236377 -2893294.6058485345 -1703006.0260326462 5841872.746831668 -11274354.149698459 -4940741.431579772 -9891623.34247425 -10679877.96618001 320658.05905233027 396836.03542054753 -575993.4247852556 7282604.035690114 -6016738.19406237 -6135675.66672792 -1877763.048661665 -8671264.995729545 -25183507.975853395 18261553.429720126 -1189401.590560508 11042564.528955454 -1459546.004035041 2763377.7700523674 11320262.71795837
-177628.63210131633 4303857.289495763 10559220.229529593 -6645470.439540259 -5711663.131652233 1980809.5963416568 -10262610.998928698 6193088.245813976 2522436.440807911 18870478.177749116 -19859744.048006237 3382026.5837571784 20032038.960642647 19591019.368858736 272135.97106526763 365416.9500586726 2941402.8806234202 -3844426.433640901 6221932.844750284 27966445.910123542 2037068.4263449013 24141293.455614712 11800950.174729941 -4808737.480731211 -9116250.138999475 -11467347.04944435 1775940.7477393 1481595.1958068705 1324193.7866327388 1252235.2710905953 8337913.449707542 -6305912.60461123 4201599.4162522685 2456349.3438899578 11449444.091058902 13041762.652761824 -4028414.300520946 -7584832.382549259 5531933.486936375 -9939234.390859267 924052.0459058482 -3646235.311733442 -1612514.6781475663 -13273946.552312138 -17341212.379623894 5168301.7599842865 -7494811.760993529 -2459779.6656199307 7536140.484197802 8913550.53829473 6420532.628961644 -11418934.710502787 5340738.660117268 -5920182.992885952 -23950554.84366272 12404789.33624001 -11070892.21351769 -3815863.970559182 -2547451.627946452 -8361867.380562566 -1929655.675063086 4454384.243688755 -1126704.6512767018 -5341853.503095339 -18537279.399295453 -2351737.64440671 10591991.446482087 2889037.7686492093 -17281011.663791552 -17056099.031243797 -7211869.336414485 15051561.993862705 11205531.281976953 9039015.324659964 4175980.460672166 -2366169.167911563 -8689840.37924209 16309747.126499439 -1005545.2070238916 -1118270.804059112 6184172.649611421 11355577.417441955 -25234078.033772897 -2503398.707188916 -5647392.305898479 13405487.00586084 7257007.550538239 -6183472.576062631 9014547.967453893 -546078.7380169245 4151748.9744722224
-8428773.888326062 -3549675.0277791247 13754090.159263238 -13770923.745321276 264270.7007968975 -10269048.186291235 782397.2912814688 10909965.947242951 -10159990.225587124 5583793.481699337 -10058162.514535664 -3111844.579272049 1724016.197117335 -4147392.566968269 5414529.321750295 -16606868.273120439 -9122160.783478927 -10794488.172199788 -16024753.602977587 2037068.4263449013 49023196.24865853 -6407158.467551023 -10060780.036425946 1722854.8843255874 -870261.1054248861 2826876.3846986885 12079470.545694703 1171063.0475337654 5567020.720384898 3244236.7820960716 5171178.027713522 24983766.618053857 13751637.71995283 -21253609.973212175 6549000.741306408 5776708.575893835 -11917066.641311938 -21245807.53555913 1666668.0896629195 426230.76739276014 8105598.815380077 -16870291.770339947 -10448561.325606083 -13183912.553524457 4883716.915493824 2648075.6342535904 5128686.082842758 13090847.088496521 -14674200.494821219 4071548.373986883 9377809.18414029 3742255.63116834 -9032432.820311135 2649925.0989941107 6350602.278018235 12030576.971413014 -17826827.22368915 22583888.011710484 5807874.296471645 11044995.80074011 -1434120.9006066108 5948452.996946187 7439771.530199435 11448081.294816809 338231.74833968 7753178.206762635 -27334180.79161338 -5807304.292419021 -12443862.40914312 -9504557.07538045 4509259.623041182 -754427.1168505816 10870144.684378427 8774580.064041903 -10755770.772900049 16080081.51184362 -14184778.891927058 4248149.657630657 12649491.94149599 -23450981.176109955 -3348699.0593937635 2770284.9167907634 9300215.354672123 23200255.28188668 22895152.52008131 -7289281.5413329555 -6268435.269690987 12858525.114308551 -9475807.0989327 5426205.697325151 6698953.944000301
-14440092.6423574 168194.24145179134 2577573.5244623004 7160610.192252495 -8593588.131672354 3561754.5366221643 -6694121.036109675 3295548.2229421996 22447176.715966146 18631223.84089893 -4467415.588961859 -7086577.703457723 18973762.99481693 32860547.37478299 16332853.64465527 4390668.723636214 -4133821.238169336 8909426.374653783 12032347.37350048 24141293.455614712 -6407158.467551023 45506432.5575881 27221200.337509707 6175720.824473481 -10542690.94908485 -13824283.268383166 11410138.787725816 13115402.842737867 2616293.429615821 -4875455.968193073 4541273.912145096 -7780593.61017114 -1435907.5245921218 -1027340.3621387134 5818964.701239526 6804782.768698052 -4558898.596700174 -8382293.731073703 -11118603.57294594 289397.6462343228 6279404.128177724 -123518.07685914433 -6534239.496334478 -14336186.991176644 -20774190.310534827 3902950.555543818 -13916121.265160678 -9100480.033550447 4072761.5144322407 9950729.584099019 4971826.534360472 -6543648.832080481 363466.94627113437 -6150638.522234836 -27494786.769062217 10605960.366580246 5221233.285573097 -2165635.3432884496 509588.9102222018 -8896825.667362358 10247521.781304458 4174724.4213731377 -6384032.249706184 3925232.3459876063 -31693454.217650365 -14020610.682890562 4211955.39077437 17085323.195340365 -13995446.972356373 -19840388.537792914 -14683989.793737432 5522928.656995036 1080037.0541988425 16110644.157730848 -9102593.833351268 13333813.873970658 -7286997.466229089 25591952.41025716 2607847.897170205 -3442466.475236001 1294635.1918496343 16469639.93013714 -23020566.909426928 -19161224.607502747 -10283227.595757708 14313968.844037266 12076714.22879546 -12733000.0380063 11500661.02262424 7947736.087091277 -4053627.595991535
-8152816.292923935 -2955017.852256995 3378578.918975821 1702821.455644495 -7069695.108168396 15206386.869029535 -878162.4066227181 -1529851.0508614825 19487549.861030016 -1220015.8930498941 -1811791.9670395262 688534.2751976119 4798160.28011101 12546489.954904048 13826875.342691109 3771459.026313581 3558195.0271874988 7392017.411381744 620180.2198384474 11800950.174729941 -10060780.036425946 27221200.337509707 29452038.25630932 -11088286.39018312 -3785540.808200424 -1150718.16882286 8387165.272064968 11652018.81364577 10873964.121994918 -6049062.76063469 6528615.0349911945 -8838364.696374713 -6769532.975246037 2442964.3101535775 3737209.675436363 6902243.495199536 -4490591.983581618 -11903811.127586877 -16490763.54884605 -10626551.153038694 -3771784.7337355358 3001987.6087974184 -70369.46583025825 -4719806.683488526 -728692.6782362731 4133891.4502117014 -11512115.562374676 -1876745.3677841548 5214365.36757507 559588.3360365223 -8157386.42787956 -3282082.116139924 8341331.4876788845 -198694.58587121346 -16607894.830830967 267085.3683530273 -3190533.753502294 10251865.169946484 -4726514.437286321 1809306.1729245617 -1294821.4403799744 5828297.109407045 -7919832.979427981 8152468.472767618 -16520056.485487072 -15021674.689962791 1518868.755341775 11342307.821391324 416127.9290316868 -8024751.014623611 -15719496.593796844 14135131.757086353 5547604.273318115 2101455.695088275 -826217.357279586 13371936.333794286 -6088515.063215292 12155386.02793946 -9708626.802826358 1999564.8371491004 3683176.1952932435 12583447.679413736 -14946027.157719068 -18290866.22596937 -3025561.901012108 4217422.475141669 7127134.632991287 -5950843.953070906 7563913.673535281 2199685.24635075 -6956288.802681933
