32300603.417965822 -883677.8657003916 -1061666.4182179463 -1981891.9995190685 -1107979.82253728 217485.52816969188 334719.04684590804 2096849.6710309004 3379897.627682894 -1622787.053630519 1832590.6972480027 865781.4049173753 3599023.5718645966 -2742025.2293347316 546304.9701651653 1180970.8581598925 1782348.5578727198 240646.5611737147 1309524.6765669696 1117676.4133099027 -3352362.833758506 -1911398.9058946182 78835.18089151756 858440.9395873534 903220.4691086521 1427975.6812002705 -1625260.841458953 1209100.8835472632 -220762.81328500513 -3257044.7580319927 686746.6731460195 -504385.146941239 1634487.303294198 -368943.04195446044 -838860.5536452247 -2241347.212189916 -2854674.966814481 2178034.6433272334 -889492.7616310974 -1983235.2262852879 465837.4798644224 548416.1614959711 488008.1518458963 -6840.99783837808 -421245.32554591645 -752240.1135393628 1139503.3326166237 57707.30398416956 -2650965.9716474917 -1965115.5676299701 -203018.56177123007 805905.1498337799 818268.3575157477 -355727.42577678995 -1118067.6333891964 1809163.1890785838 1740858.8739642922 -466706.6091606183 -3090743.2428905186 -508930.9620392728 1205951.5617846965 -4042412.6157439887 623067.6043481695 -598031.672736385 -605068.693872977 -1547001.0895710224 -2298587.015744236 63556.46065597592 460047.428945881 -144669.5314274793 -588034.5079547204 -2132767.920108393 1303192.266172556 -2935019.4647279107 -549293.5835136137 423314.9544777529 -1215735.7563858079 3264861.2439496485
-883677.8657003916 33036945.931043062 970627.261291158 1671044.2380798534 -840164.4358909797 -580501.5795632491 -1512431.4368221273 -3140165.05198305 -2811782.952779938 584632.3006395105 1089795.6946158553 2008919.5127354723 -4092130.7465769323 3439814.245064084 598423.9578018738 -2691135.9387260205 1095444.433881769 1899569.5227015011 -1037855.2373718962 -2890675.236422006 707040.9469396196 156769.7131238003 -990810.0124368902 1115876.924766426 949755.7627423265 1707441.5239557084 -2023744.4351222545 1386637.2685230265 -46225.19928952555 -4350055.141818016 3231231.873951848 33830.56861430371 -1032086.1418115989 -1242695.441113043 -616375.8824158959 -1452440.0117074451 -2195217.941599935 -596926.9088129642 3592838.4846865386 1843778.2126427835 -2329824.7606139164 -3271220.6036276836 397284.3122980106 1284237.3705863426 -1010998.0463763701 -655161.7259762752 580868.2351837906 -2415394.753624501 -3095207.2866537715 -1214181.8498801885 -1947857.5291231556 467303.4562258106 -1472636.3601735954 244136.61875377147 -305954.30795672146 1625539.4391133832 -812463.0550075723 3752655.7347643324 3515018.3134397804 818009.9401264524 -1702408.9039448528 -3054929.5665047495 -1092377.7943450762 -1070829.9452907094 3082734.8911324083 3472.034738252802 -1508617.3796186151 -64642.00157937083 -1991776.6868023784 -1421421.6210349444 813367.0325483987 3193177.970960533 1927755.6011713692 -2660573.2191660996 -933843.1397842759 -789281.528996336 1011444.6408086537 2506487.0886026085
-1061666.4182179463 970627.261291158 34108758.76952344 2443336.749969338 -1773760.107680018 3552023.8244192884 1300871.9142256046 -256263.9678698611 5636984.2016010145 -888005.1341254241 2341122.514881762 837400.7133300431 -1386168.6407536322 -1629090.1095209336 -213362.7727720673 144038.02947559772 -2179690.214632404 -2884631.662686117 587072.0506988863 -570284.3771692376 -3154094.74519566 -3860300.4316089293 487342.3500070281 1424538.4856705212 49247.002036524005 -1773945.4690073726 954238.9056104897 4719021.326814088 -1183326.0853127667 3507781.879086879 -990402.106138784 714980.6700435863 -1225888.4647045245 -2989436.489319167 -1196488.5210727805 145957.8474403084 2253034.1346168676 1182372.5187713967 1821461.5354370135 745588.7466157385 -1098762.864408908 -9682.853584321687 -4390675.507653489 -329773.0298817783 -3075889.400822959 -97644.31442679018 -4532427.040778858 -2332678.9212603862 2229901.2570828446 2584316.7074320936 -832178.3288628265 -1015144.4189962831 -510168.7915919824 2288560.642902939 2106438.759651864 970240.0120565977 796040.0343550754 226138.6878090055 -259495.35435211894 -570971.93762234 -2822668.8042855123 2792368.795391686 1612066.956726915 -2129179.4729123553 -663050.8383882777 -1385834.0717142525 637963.2592464014 -2125621.599009175 -934510.5007303532 -2152276.7339091892 303797.99869620823 2143294.672337467 1333787.5490948688 2294874.7674235227 129772.63217347661 -1442271.3662994695 -1028345.8898862078 1699980.9411182376
-1981891.9995190685 1671044.2380798534 2443336.749969338 33113056.13131486 978061.2054993853 3312751.106375819 -4179593.5562219527 -478241.4364069122 -154619.05069212898 -1558213.7096308584 2196012.236096658 1793410.7800892205 -939151.2745925242 2741373.4972228 1713892.9193562814 -660632.6326676792 -217078.01101083274 259976.40229896907 -744136.099820231 -536749.612662674 399766.4633332827 2509899.853451517 -1846555.1772826647 3163033.883643695 -543000.962725596 396266.90480316186 403968.4493299773 1449668.005226993 -1272203.34379879 -257325.00334639283 -3477047.9128359486 -1891985.7270963364 3097692.9643287295 1167535.5461532138 1020874.8786266319 1836883.5029065192 -2943322.6974858087 -105167.6551606576 1928705.5074054948 901843.1462644051 -2913989.3812785307 1534882.4476560452 -1180251.926519631 1187687.2774493655 -2559043.5320559447 -2303723.605110144 3178456.343724077 452355.5412634114 2648339.8150177 57981.280670842134 2162534.0323589323 -1061198.6133698884 167911.7934454322 -1699786.431793409 -819226.2184737718 -633262.1344409505 -585721.3876975786 1174982.4247287377 -1107844.1291713354 38607.122506222666 -1852954.2933866484 1094664.5867092866 -952137.0540600739 -1446587.5094114596 682533.9889044634 1986194.1039888707 214776.22603159366 -1556574.891299368 2487509.662306732 2952458.3547995114 1878890.1153677916 -3328613.716031091 -194669.88501878543 306011.7691494687 43090.67253862679 955558.0215740303 -462278.01656084985 1071291.9583147974
-1107979.82253728 -840164.4358909797 -1773760.107680018 978061.2054993853 37169775.8196687 -1949352.880627977 -3540474.413932004 -530051.5243865781 469270.70050300617 -1428537.8146764585 -1568188.7454880504 3281710.479228637 -209875.07619790913 855724.0895240712 2677541.296625447 2766285.7587756775 -1804148.2656545648 -429923.65367639944 -207433.7618551471 3721022.6905682865 -703294.2425075835 -517945.63466413924 2066385.522199508 -3144439.247240736 441273.48442472826 247256.86103754505 -299761.2073584621 1207810.3496617782 2598630.4760183385 1493729.8531924768 -916086.9229967686 -1882376.2685322193 879914.5788409042 336849.7356574702 -205492.4342615021 2355718.702715399 182425.34407727327 2255836.970095688 -137656.29428277063 781393.6386640853 -3477330.189023131 1014796.6059013759 8136.871141744775 -445750.65569311066 -3599405.401641651 590211.3151523061 -2592830.336207784 4233994.723217542 -207250.62529785212 1201143.4933897157 -964285.8060501871 -1616494.951083072 1102925.7821554716 -3177621.218526606 -107476.0203470766 -985239.915170611 -2728737.7805346414 -2236679.134677166 1993852.766876928 1001937.9118921253 -2037812.7224319172 3422419.433790333 -739853.6076775808 2348281.809129823 -2976638.88538243 -1959553.6883978844 -1867724.5275865947 -3700739.572341171 -1124660.5605325836 845627.2912079637 -198479.4986299881 1033345.0646276867 -797479.2666514196 -3305475.863801472 313176.6881087339 -15889.947417410698 -619798.1846908699 3788327.3113441337
217485.52816969188 -580501.5795632491 3552023.8244192884 3312751.106375819 -1949352.880627977 35240796.11450879 -233374.47269962917 -645285.9407747716 -805622.4769425637 -1765790.5110385064 1006977.9698654679 -1361269.0867062781 84377.21872008494 4255223.673989637 892300.805341028 1284730.1502903095 596641.9180098064 -869969.5587045893 3228243.7694774615 150790.6248873809 -1413871.6392209488 329909.03112442384 167707.99054999943 327233.6318504313 -716076.7127108199 2035909.7306743606 -814716.803447574 26347.97357772883 768071.6375597042 1445214.289258378 -3294712.6397315264 159540.81955094493 931576.7099959 -1349400.6189150424 -1379405.435272283 1776740.4406402986 -2286213.0906475903 544152.9387449063 2490249.291315181 886395.2985558343 -1131109.2764663326 170334.66194399318 -3686905.7025962495 -1447920.92635527 2149605.6327319825 -530539.6777107576 -902821.3679968693 -1031921.0088231107 2234428.157646044 -736129.8600088682 -185959.24489740556 1600164.825039237 -676491.8918736202 815363.9136351504 -297969.98836108914 674192.1943119739 287857.70413196855 -2736802.5148920827 32126.66452693547 935451.1592604378 -710051.3244909289 138799.69770399012 -3795025.4966695774 -1620020.243793318 671734.1189693821 277667.6323427009 1726946.2423560151 1219229.9050594287 3039283.9017356974 -1797452.5005687035 739659.5972569914 -2298991.119437489 796378.6308960739 1594075.4986257 -690494.5046536291 -975783.1830917476 837766.5785094196 -2574856.6039630934
334719.04684590804 -1512431.4368221273 1300871.9142256046 -4179593.5562219527 -3540474.413932004 -233374.47269962917 31764404.464277916 -60805.480490074326 -1133718.9385483658 1131136.303842328 -2311365.7724404368 1903476.758184653 2489103.314519079 -2085578.5947999158 452830.638498992 -478932.26990334166 123406.640325523 -4030541.910346824 -2745961.1857604044 -1029735.1387172206 370364.5500377922 -1378125.378747697 -579424.3433358603 1081955.9065386832 -2944980.705815355 -113623.58215102718 271268.4197966152 1248063.437119888 2301683.7144365003 3781622.135063599 1727368.8322708155 3216478.513684876 -858704.1194350191 1278524.0978676244 1194160.8726119085 -1374828.6049644034 1227155.2523626857 2558398.6722627413 -2097461.136801673 746799.1115116047 -6404.404774870527 -1311557.7420980737 229919.56298653217 -265615.79809965024 1218784.2918660587 -1923091.0346592872 74139.65690500302 -610921.4945114888 -187524.62605897847 -1164822.513056129 -2896904.1079618656 -150254.7436314256 1464132.6489398535 1467126.2634742307 -1205903.5527069918 1212022.4544600034 1069290.6524180348 336339.85887285543 -1720068.2948098301 -2945187.6276679467 -1908201.9771080967 1511557.0264723643 4474821.214193426 1464154.1317859688 -2620536.644389875 215403.8980973239 3200994.67389192 3785610.6726179533 -975325.8689145171 -1402798.9438961588 1556992.2943404987 -682926.7305073242 -1962506.8052190344 5708557.488260768 -425552.2113739739 -1203007.7645990704 -1605752.9542069673 -3041016.5982081047
2096849.6710309004 -3140165.05198305 -256263.9678698611 -478241.4364069122 -530051.5243865781 -645285.9407747716 -60805.480490074326 32493747.960102864 -2019299.2752382816 -2323209.413864939 3550934.5334466225 1100689.6991131844 -382131.3788530113 -2103657.4870411577 2151033.8655828466 -2157584.880500759 2467675.150889201 -314245.1499307131 -394131.1855389348 -1536404.2436002067 593267.8256557116 656499.0319397243 1428558.5371278978 -1805902.931177588 913129.367589836 -49883.50400810242 -3463787.886566494 2583417.433143801 423959.0051679284 -233259.89148336594 -1917511.864375023 -1168309.094685176 173233.5278359322 -1324876.9275938538 -2322785.115043899 626430.1516571207 257277.53926445096 4059416.0630867714 872450.1955964282 -1822350.1563960668 -1219380.5296482015 208706.68092291174 -1432755.098790741 -401959.8550404533 681575.8093409823 1188445.66529833 -220677.21970712824 98283.87770047782 430667.69008568313 -3471733.3024266753 2025333.4321403385 3399960.6167747937 477532.18662272027 -3951953.4969550176 -1973192.122206726 -4351824.191789347 409625.18983364943 326291.080132967 -1558351.1916764656 1014203.704558583 3002347.7807283835 -59223.7007840691 -2071993.3799431967 -1436054.2802290819 -3913976.28414868 403339.68116387347 -794048.8833853033 -2313482.6518875635 2394019.6852495647 -1757202.627251028 -4903583.099431335 2752200.451619788 -2955300.175661768 -722606.5493818381 -186502.94330119813 -49821.57380727732 -1906643.6214492393 922011.0170212712
3379897.627682894 -2811782.952779938 5636984.2016010145 -154619.05069212898 469270.70050300617 -805622.4769425637 -1133718.9385483658 -2019299.2752382816 35061843.830809966 1441230.1693437838 -2736292.9919379246 -1089009.965332633 -674221.3071735295 -3816408.2502091443 -2188804.1683837236 3978244.310308218 -323423.5605636146 -2708638.9178960472 -3267121.105336684 164291.9077538659 1858323.503884319 517385.8409167862 3227960.051131529 253457.46260456968 1074849.660329154 2925788.9489677153 2266536.233847996 1025976.8568649569 -427305.92398388777 766565.1450076571 -40793.41571845365 1626882.5216228925 1268648.087566791 -1324341.1932080712 570284.8573967867 -2407546.435861193 1048863.5547373416 -1449382.4217179527 -2518477.9848254635 -3616738.9695262783 -1873700.2188911955 1449036.477227827 -1465551.1846706395 -396946.7524314227 -2426603.6359204194 -1062937.744028652 -2368194.421220873 -1762385.6027108477 -3384444.5663296683 -2236341.954858588 336007.27441527497 1772172.443630558 70064.69970556232 -570044.3115632837 -1291751.7561634248 -731693.7348997707 3563012.4610640258 -133473.29073539542 2772833.7664709617 -1703676.5048509752 -960807.4031095761 3279700.6573736034 698792.6442719545 -841709.4714497012 -267343.1411918398 931114.1902800362 -1161857.9840045606 427058.9472882804 22333.215869274616 2359809.1962566236 881201.9125443271 -2757013.3465626743 408101.4127273374 -2478686.66723654 2343551.1356418245 1443523.4122214396 1602093.2390666704 3069241.707638383
-1622787.053630519 584632.3006395105 -888005.1341254241 -1558213.7096308584 -1428537.8146764585 -1765790.5110385064 1131136.303842328 -2323209.413864939 1441230.1693437838 33870141.26956854 825266.3503136178 -1469070.0619982479 863614.7693138828 909341.991855339 362133.4178419187 -334160.6087785417 2121883.960433506 -176230.58013646246 -975773.9162378821 994513.2336065253 277568.83420499903 -222961.7945085073 -1796587.5273092717 972062.7362815229 1919514.2269574723 2012333.7913792676 828689.0164932183 346661.56874964846 1708069.1019792212 -1138643.5462880803 3043207.735129037 958131.0436446982 70483.54396960276 174061.2819541535 -555896.065798343 1702106.4000528213 135638.32433031997 -218523.19068124882 3749435.511596941 -1076766.4634663037 763642.7831853094 2205737.233026479 -1440281.2377703912 288364.1954343654 -1820649.1406477434 -562036.6445841023 1101954.9383064609 1669871.7669259699 3179813.2325491 1374048.4281006749 -960618.6562798696 -1520602.8833113015 119666.51758633496 -1001377.4200102099 330111.00551465224 2211349.94042706 1238272.4147024632 -539325.8153188264 1346364.4714883799 2092453.5264787849 2016677.9072674646 1184644.7051585237 1834722.0815916935 -145634.6703729101 1701476.4533870805 -190290.60490263265 -254260.83978437667 -2383453.7268963507 -1931063.3765086217 -2765149.215598517 2330791.1401881287 -66432.6782135608 1301080.7617744138 1286462.4246253576 -1301487.3716546984 2382709.3037274037 251993.8299871929 -374385.37727879966
1832590.6972480027 1089795.6946158553 2341122.514881762 2196012.236096658 -1568188.7454880504 1006977.9698654679 -2311365.7724404368 3550934.5334466225 -2736292.9919379246 825266.3503136178 34140178.63957235 -3749497.6079252395 1305085.6652592246 429160.99475274887 -195832.9399199338 871042.168723044 101201.62581372695 2741985.9693240905 -395971.16436789336 -1040195.2202657359 1374946.2925967313 -2235123.689774807 -1314818.830077385 886906.9828825922 -2142314.809419112 1928468.9399737834 969267.0442803734 328196.38406411826 -344506.7779163325 -1758002.3434739474 -1267990.1383454313 -1655483.8257069874 1786066.6420064692 4061458.971333753 151399.4487515508 -1969776.9956632585 -754382.9656138897 122086.88268108694 -2603391.8097447096 670041.1818961777 -39169.503614994384 -3753571.597210835 -1327372.4543038849 -574722.9061723547 -1131780.998562143 -1390396.0004081903 -3271833.7917053453 -1164701.3309872395 -1254882.5305712044 -991009.5749459123 1562259.4893495159 -1669445.372088043 -564344.2331887385 -811685.5891708786 -1787184.3297999382 4390764.067577265 -547990.2919425403 629285.4997112274 -1727206.5255768397 1180008.2790563337 -5065786.340716367 1429608.6314451173 832206.2395112728 -122661.50274809141 -3174328.8069512523 981598.3405747997 -2625442.3402103414 1141492.7299771972 685552.7089789957 -1168305.8525522575 -779786.7559244499 2928683.90505648 -4327333.615709921 -646393.9118158022 -373072.82031906856 -1701602.8810845227 -655474.6783290489 1638285.6743520568
865781.4049173753 2008919.5127354723 837400.7133300431 1793410.7800892205 3281710.479228637 -1361269.0867062781 1903476.758184653 1100689.6991131844 -1089009.965332633 -1469070.0619982479 -3749497.6079252395 31843127.50680104 -606744.7142319692 -1246067.461512077 2150983.797726586 1301828.8558446544 1420832.721476795 183575.52328935737 -2104708.5950067653 657926.8288479014 -1209501.431177748 157334.35293901456 1129492.5349221376 24901.039685704407 910345.2917559576 -2723153.355793265 -1275685.2071538623 1007080.8169182793 -1340423.5929376232 499275.83983022836 -18795.982070278867 -593764.8891281898 1266275.8647526267 -986434.1499345123 -5034970.572106774 354307.68680245365 -3064815.491266708 2572463.9169339617 -3645693.780452579 534842.981656015 -949148.7393898945 -632180.3624313951 831880.881296674 3455451.9887024965 -1053328.7563107116 -225738.18267583946 409916.1656476614 512967.4739345523 -507067.6823123066 -2196630.7904411205 -142515.67018049085 -1105394.651574515 3113096.806978175 -2881817.619473051 -2666386.247866083 1740102.3573494263 -1135628.1971519922 4205438.921442353 1078673.9769566408 2519732.848499567 948975.7174069276 -1485876.6001752915 326249.85438361263 -771674.4233026376 -1858514.5935118278 269833.3908848289 1204923.9106544303 2995274.717099117 -1902866.5336510723 1126447.1018977894 -2511374.3940793 31304.416112493782 3072780.4097963823 3621.476995926458 -1419711.6270434456 2498665.008779099 -243524.56687951088 5507195.918731848
3599023.5718645966 -4092130.7465769323 -1386168.6407536322 -939151.2745925242 -209875.07619790913 84377.21872008494 2489103.314519079 -382131.3788530113 -674221.3071735295 863614.7693138828 1305085.6652592246 -606744.7142319692 32501466.623803772 -674136.7904397175 -3618057.517689495 436402.9809840303 -104413.1084409771 -832979.4859912697 1256701.0583318893 877191.8889685337 -3372246.084533885 -796082.4520478575 -80594.27471593687 93085.04143760848 -4309344.023606686 1582284.5768445164 405778.20715037687 3910283.608794476 1345426.608201889 2286829.9111384447 1276759.5646994798 -1349282.200742098 -1465602.2294382437 -3560028.676696973 1075748.750850025 -1584051.316923869 2451432.5678464747 -627781.2040769003 507837.18789356 -3029317.798401997 882746.90027734 1062995.590598932 -90307.7942116695 1299270.36009478 298037.07180807675 -1360138.7821900975 -354151.2670453539 186273.25952846 660997.5534680405 1119063.484039422 -1184141.176060454 -1482018.5107737582 -1992131.2301661868 -214399.18679262212 -378582.30078327 230550.40116017812 -100568.1989594515 -1225939.7949246527 -44907.9257174336 -2198941.1306584585 -1154024.738772751 1486326.2001131193 1420843.144945678 -1658124.092930534 -3468770.8147919867 -541985.0679861776 -65738.4726902189 1435518.72257672 -1311617.5333479508 1512263.5330029896 -349892.7512976099 -1410252.6014632692 566912.9976748775 -2565928.6993999267 409487.5136143287 1245256.8716245801 -1462885.0043045755 209106.35125990628
-2742025.2293347316 3439814.245064084 -1629090.1095209336 2741373.4972228 855724.0895240712 4255223.673989637 -2085578.5947999158 -2103657.4870411577 -3816408.2502091443 909341.991855339 429160.99475274887 -1246067.461512077 -674136.7904397175 31946398.570531942 -1023774.7058620544 1544000.782196605 -2850445.828432917 1198396.128605756 -955866.3490365725 2289821.81143986 3739841.1328833317 -543450.4128524744 -1389311.987927832 -407349.1731523301 1428881.8969802782 -533692.570479826 -1915340.5543320302 -374658.0077538312 1464230.4285991772 -328482.5036016118 -1690399.993743196 2058007.1937702964 -1075678.1298213666 119000.56688681143 -2406046.541827776 -987021.2247245448 -423957.5895065012 -938845.0690520272 4853134.571326592 3414313.139693658 354529.4265548007 1079685.6029594163 -1682791.819838212 972638.1816468817 -671903.1677176334 -1698385.9701797408 -1214123.6802331004 3079127.71829092 -60272.13780055317 1523124.9840454168 -2334456.7174748867 972017.4302355368 -1211927.5617880523 3265141.4500839473 115640.6396525064 -1523355.6941931534 -2165927.6852444513 1400915.6894088895 1520919.6911621997 -202647.3062142346 1314989.1585933866 -1615229.8559830703 -1378887.2094148507 -1169147.5459462975 -924004.6291131084 1120030.495731881 1076621.224286603 444012.48290437664 -1802963.612502712 194347.17215656795 1386718.7402833411 2725715.1801994997 3020900.1172515214 -2019501.7707373982 1366676.1449690042 -988571.4017380188 4476517.27628238 -684458.7484947348
546304.9701651653 598423.9578018738 -213362.7727720673 1713892.9193562814 2677541.296625447 892300.805341028 452830.638498992 2151033.8655828466 -2188804.1683837236 362133.4178419187 -195832.9399199338 2150983.797726586 -3618057.517689495 -1023774.7058620544 32332678.77002632 -2128018.609618322 2513888.543680643 1665032.536164722 3620096.2931985175 626067.8820092632 1397349.1650049281 -426408.88338810165 319974.85250032233 1513840.6452223894 269998.88311965956 908568.5692321257 -1752285.4987137825 -137865.9736624913 1974485.574310038 -2188837.2406925545 -2284852.924000596 -595411.0227258746 -877767.0841876515 -1372771.7872688426 -612629.0284885594 -540903.5465066069 -3297519.9987364905 1429660.6010882014 620349.4273192148 -1260959.415440528 1339478.050932314 514225.4717075414 1401775.797678394 -519297.8893514273 -2342265.2818271257 -1254723.5477183436 2800646.6455916525 -1458322.2747117775 811477.52037851 -2595286.322236829 -611142.1064761201 -73143.88146687859 981776.7103211278 -3259812.38175642 -773605.0267825733 -1821289.32244527 1535735.16607145 2209958.1218818133 -1900284.1920305588 1734894.972619302 -2617425.056667832 -1132418.6049422277 -917860.074680113 -324372.7306651347 801974.9965838082 -1318504.4685162439 2902734.601028266 -1103087.020861792 697303.9792028371 178522.97039754156 -2346736.042454081 -506450.87721623364 1230198.6201593957 1889731.3594287063 -2039130.4121014674 1410798.7898836904 -43414.286738755254 -919006.2789477407
1180970.8581598925 -2691135.9387260205 144038.02947559772 -660632.6326676792 2766285.7587756775 1284730.1502903095 -478932.26990334166 -2157584.880500759 3978244.310308218 -334160.6087785417 871042.168723044 1301828.8558446544 436402.9809840303 1544000.782196605 -2128018.609618322 33753130.36228685 1200779.2320465914 2007571.2620864988 -3076238.4307949115 788888.4028393541 -1237007.324231213 -2466006.849114775 507217.47444508295 -1282334.4734407316 2097799.08018162 889150.9373883433 -466732.1519823839 3414712.1244450947 -2155904.691986737 4395698.617031818 315178.73892125994 -926003.3545830325 1789940.0420157139 759462.1111589901 -1527101.443071759 -536984.9834096292 -447429.0548751542 -121406.98232361424 -1469037.904160333 3272661.882412278 751568.0892693548 1538731.1184622664 -182106.0244836543 87033.45765233746 -14786.705062983538 -49109.48966284729 28041.903313486357 -2358359.97589359 -2414702.40413214 276793.37494385435 947151.0933602555 754721.0408919151 1778085.794831695 2407789.011362243 -3989746.6156128715 2315359.3487587785 -2632390.634240639 -355839.62685590435 -1485433.590979038 317812.1400856282 4093963.057980441 -409089.18362883205 -845137.3033372416 -1962381.1762963112 -223568.17973986204 775875.8871420666 -1878984.1847366013 -1159304.9341859971 531802.7614253056 -1170350.2059072482 -1740814.5281012494 -1520940.1559820494 -1063425.0234726986 864087.2078400276 -1254467.3149074262 -1410577.8497966295 -988213.4189189465 1250696.736879562
1782348.5578727198 1095444.433881769 -2179690.214632404 -217078.01101083274 -1804148.2656545648 596641.9180098064 123406.640325523 2467675.150889201 -323423.5605636146 2121883.960433506 101201.62581372695 1420832.721476795 -104413.1084409771 -2850445.828432917 2513888.543680643 1200779.2320465914 33736568.80173396 -2066911.2606454643 -1711947.7088322022 -2284101.500519032 -633693.4306159903 1679791.5980732208 -1685720.7822260677 2351319.464124615 3033693.153994141 63127.377799899856 -2593150.0511450693 490828.7854950486 215930.93885758828 -1127698.5476674135 -1093197.5576247224 504757.0625996179 -218690.40629338898 1360815.4330416978 -240677.82789940067 814657.9042592903 214321.47169213 3290231.0616551586 -617791.4273360113 2025949.459954262 19914.12411505133 -2327341.1568741 366570.158173271 114329.82490894159 -319976.58776187716 1841875.931718628 -698007.558286381 138195.4460270468 -561830.2068704666 -2591952.8721840167 -1261715.324502863 741801.1060279928 1704438.647750707 -2468159.2803235836 -1006361.4525583156 -2508421.11062316 4064240.337002433 1775004.513352508 -372409.53218707873 174049.8268087806 3561279.526894286 -2906768.226062702 -755639.1810641695 -514394.05651304306 1813127.358846158 251773.6978678411 420196.0907224332 -543346.4371354362 -1628316.7946118687 -2111111.553564198 2161996.380291652 -1070847.4785373632 -1170129.384681546 1829640.7801350353 1682897.9856864403 -297226.63748916757 1765229.1835450195 -272440.77101521153
240646.5611737147 1899569.5227015011 -2884631.662686117 259976.40229896907 -429923.65367639944 -869969.5587045893 -4030541.910346824 -314245.1499307131 -2708638.9178960472 -176230.58013646246 2741985.9693240905 183575.52328935737 -832979.4859912697 1198396.128605756 1665032.536164722 2007571.2620864988 -2066911.2606454643 33233289.756353103 -1712759.9833604037 -99926.26774660649 467143.3232380621 -732408.9101577207 -1593599.2107604654 -1806245.2232488645 -2034633.537784639 -1578241.6295809918 617320.7893354353 2065513.679956023 -329702.7473840093 529770.4485703895 -177807.3709447303 23913.3589131623 -635483.5643641669 603200.4793697611 -2161930.365165907 -430872.4492342583 -76170.4686629952 -3767714.220401981 2917783.7550385846 -1132270.702031935 2451473.822051133 -1340191.7769527808 6843.8800619687 3026194.1460706433 1159636.0833885823 -692744.5272361217 1703226.3347676243 798.9348759197973 1542075.3627025639 695564.5623481672 2169573.924189142 2708540.4627810735 -1782987.212296343 -866362.6517237362 656628.1417000489 1725421.7683359375 -1255289.4192061357 2002626.1880114335 578486.7196912485 2949488.2222561208 1285866.626154585 -3611284.714158459 -1877945.399345824 1764323.2857352516 4654577.797500053 -1491706.464314215 -1806325.6714867826 -3575325.9413922145 1318838.8051263294 -171999.3329295959 -3698638.4532905775 -1027329.2552968673 -1987010.2144231703 -2239374.9511761176 2063982.568173486 -924206.9937590478 -57414.640938202625 -1013659.5208785896
1309524.6765669696 -1037855.2373718962 587072.0506988863 -744136.099820231 -207433.7618551471 3228243.7694774615 -2745961.1857604044 -394131.1855389348 -3267121.105336684 -975773.9162378821 -395971.16436789336 -2104708.5950067653 1256701.0583318893 -955866.3490365725 3620096.2931985175 -3076238.4307949115 -1711947.7088322022 -1712759.9833604037 33674301.247996055 -930347.287631756 -467683.1955497192 608721.9397313964 3609368.434679418 -3306112.7852582177 574306.363494452 -976165.6759790145 -3450239.3815998323 -1476751.9567760925 696754.7020509827 -1218641.87406877 -2417202.766746043 -2376623.9903354514 -79304.4924076486 203166.20344347428 -80913.05551707046 2173879.9355155434 -2531106.7990421625 -137402.45297649998 292083.5114529882 268049.23219251214 1974786.203976231 1719327.280857706 2542938.3164908416 -1793383.7575475238 1701844.5631992132 719055.5075264631 1018224.131026258 845121.3791024229 1979692.6107040436 -3021379.55624975 1591504.6297674326 -2399692.9504251583 815473.5937715662 848484.4927811739 1117315.4080895947 3940050.336645356 2251305.4469332355 -887845.5329019965 1992747.0523859952 1209462.6473530435 -218601.38678425035 381202.32714129036 42977.44482425192 -2114781.483142071 -728905.6718551299 -2818286.345125401 -884442.3392976858 -609394.755556769 1358696.78379416 650708.6658215136 -1627903.8252114581 2874905.1238589687 1289730.8987821685 231671.93936709582 -623973.3980201207 -1239885.0837580855 1164352.695863861 -4991572.196295114
1117676.4133099027 -2890675.236422006 -570284.3771692376 -536749.612662674 3721022.6905682865 150790.6248873809 -1029735.1387172206 -1536404.2436002067 164291.9077538659 994513.2336065253 -1040195.2202657359 657926.8288479014 877191.8889685337 2289821.81143986 626067.8820092632 788888.4028393541 -2284101.500519032 -99926.26774660649 -930347.287631756 34799491.8065536 2372460.432428732 -2091400.5454556255 2624269.1415096186 -824345.4735226794 -745654.7802316226 -622350.7148250381 -367408.5456416203 -678621.5477936853 1703700.667393112 -1224316.743812668 -1674375.8792735322 -1681269.0659866512 -3654037.8451636233 943876.0693846692 1547803.4471993435 1373131.0271415117 85044.12261736127 -3608737.555467837 204451.7160641871 -1696792.3268134126 1613841.6439996553 -942386.1137494837 2719436.3385252226 1852121.442691595 -2378979.443153819 -2167614.500548021 -547826.9861351885 -1777215.6950735317 -1164736.7519167333 -208099.17211424944 -997273.4777661331 -949655.8876562268 -206785.43760615838 9960.47479104281 -2106188.245463499 -2061031.4134205298 -4096450.359563355 -2316010.348811677 597077.2364501569 -1740713.5856987564 -504552.8696182512 -1397615.0650999972 1167577.3302374734 876300.6923340916 -2843475.3161430797 2331789.3396911905 3830458.00034806 -1010944.0563309067 -1740647.843035351 549769.9608161503 -1017304.5103877411 2090696.7570092615 1017979.4962053192 -1121243.784788095 -624942.9244204788 -16768.782983961624 -1348741.984422702 -22393.579702546565
-3352362.833758506 707040.9469396196 -3154094.74519566 399766.4633332827 -703294.2425075835 -1413871.6392209488 370364.5500377922 593267.8256557116 1858323.503884319 277568.83420499903 1374946.2925967313 -1209501.431177748 -3372246.084533885 3739841.1328833317 1397349.1650049281 -1237007.324231213 -633693.4306159903 467143.3232380621 -467683.1955497192 2372460.432428732 30918305.521372437 -20897.81858077249 -245692.83815813693 883429.7263304141 -2149105.601475367 490878.5768839566 1944923.1585500322 1187493.2745100413 848359.7046519646 -2523626.040039164 810904.3124510575 -199790.66337409217 6816.705487348923 3257603.1679944503 1592379.685018929 -1074636.4965880574 -1202405.0283480757 185953.45860458925 -1632461.701824035 726388.5014382984 4792971.235969322 -825631.9573281752 -362659.107615685 114129.07093008267 -494630.4926669304 -772606.3650423416 -874600.1272988659 8519.728378377487 203946.64899708465 2648023.9623624803 -733539.8321337894 511261.59369371296 2247049.371383828 -734881.7786330368 1384524.5732145992 -381897.59976877325 4595481.15818407 800915.6251621622 -8272.497720056772 553466.659925096 -1892143.500249589 -297617.33836580854 -1714603.6106744532 1693445.9851323436 1937351.4885318053 980295.8300534234 -958778.5995512559 305537.43838957365 -927804.5895998076 -571929.6991700002 145125.98020805488 -273839.80018883373 -441947.324866709 742357.3706020702 53385.392088232424 -1448431.8883129484 1457908.3678074144 -137829.66929503172
-1911398.9058946182 156769.7131238003 -3860300.4316089293 2509899.853451517 -517945.63466413924 329909.03112442384 -1378125.378747697 656499.0319397243 517385.8409167862 -222961.7945085073 -2235123.689774807 157334.35293901456 -796082.4520478575 -543450.4128524744 -426408.88338810165 -2466006.849114775 1679791.5980732208 -732408.9101577207 608721.9397313964 -2091400.5454556255 -20897.81858077249 33456532.614105817 -1321387.6387253734 -2605272.795357049 -1179623.17976872 323418.42397001927 -1500891.1450644021 1424758.8353601883 1166876.0072858683 -2672729.4569659177 1553196.4725921263 -3053123.0261002905 2580965.9345173948 1641721.172202917 600636.7939133238 -1097736.936828832 644622.1934124753 752271.4278409599 -1068094.9262757371 -2346044.96060424 257643.67813176574 -269144.35916966427 -36735.77881318515 -369931.41011811025 1586304.2483292848 994278.4256435593 -2266502.5114384247 19881.841557169526 4963489.2268263595 -626243.9923292943 -870848.189418478 -2926736.82197226 67086.79912739225 -1010469.2839685517 1373296.1832126135 1630973.6171572856 702761.4200276044 -678919.1360508982 5012223.370104079 -462222.96917267353 -1121698.9743550275 -993028.1266590116 -1651944.210252063 -1082779.6210849606 435649.4334218287 2134272.8103014096 1804450.9028943912 2199644.5305089834 2693713.970025256 2828304.6719486737 1179602.3360800382 -1188401.270836148 -2229456.6717267493 -159523.1703038513 869773.3182237826 -1709547.6252205083 -1310526.9301079058 2827080.92938299
78835.18089151756 -990810.0124368902 487342.3500070281 -1846555.1772826647 2066385.522199508 167707.99054999943 -579424.3433358603 1428558.5371278978 3227960.051131529 -1796587.5273092717 -1314818.830077385 1129492.5349221376 -80594.27471593687 -1389311.987927832 319974.85250032233 507217.47444508295 -1685720.7822260677 -1593599.2107604654 3609368.434679418 2624269.1415096186 -245692.83815813693 -1321387.6387253734 32278315.32559044 -201045.48555816003 -1202736.1555907952 1528696.1004582262 -1264463.4901578831 1442655.0689626753 1755527.9486732134 377369.0817349115 1301822.448121533 -707940.0220105815 -1677015.610738492 -1001021.8939999429 1017239.1907899074 -1379823.9844398971 -1118243.415233427 -1575759.305804172 -878238.1480476137 -2807686.6662437026 -1057741.6129772721 1792067.1997605562 -198027.51904219532 -494530.22935354704 1556563.409385272 -397959.54514383926 601662.9856558926 -576213.9740943449 -3895857.388273109 -2526051.3542776383 3087767.8043229496 2920002.867664489 3101178.6980410675 2076229.1811622148 61212.16373328044 -1593654.0859525865 -678218.000720086 2870107.5855746125 -1883298.2718608142 -2245886.8767923685 2267007.1913982937 -346300.398055994 1195121.1186206436 1607908.2022871953 -562584.548422487 750805.5220777456 -256255.75948967063 -105014.79641884976 -737920.9273669418 1556695.3172119784 -307367.8925168642 -1375651.158421085 272905.4638435351 -666905.2733660951 1085248.001290787 2093182.1275292002 -1527621.4833384592 -2317186.5339112952
858440.9395873534 1115876.924766426 1424538.4856705212 3163033.883643695 -3144439.247240736 327233.6318504313 1081955.9065386832 -1805902.931177588 253457.46260456968 972062.7362815229 886906.9828825922 24901.039685704407 93085.04143760848 -407349.1731523301 1513840.6452223894 -1282334.4734407316 2351319.464124615 -1806245.2232488645 -3306112.7852582177 -824345.4735226794 883429.7263304141 -2605272.795357049 -201045.48555816003 31391372.225703657 806361.7358483266 381650.8060004755 266915.10252128955 -3065827.453850551 -1405253.8660120554 -1137217.4221354688 2800097.299603736 -2712415.170423657 2345256.45845721 -2090190.8897723863 3048913.1091519697 2064649.121286993 -1600078.4157199273 168384.52364075853 443488.2333688012 -974.5671818517405 1968128.575609171 -1468828.0315196575 25681.035472965064 -536414.7116020179 -186080.52163201352 -322107.30448881094 965553.6137570747 1388391.3551100793 829666.401299966 -1952730.2858059064 -1783630.142776875 1988865.1802207911 1415487.2811383132 2057844.371266872 -1521015.644102362 -2315328.8469721805 -214888.23229045083 1848453.6288253693 -65456.25620218542 -1752782.4937549494 1139949.8642512134 1069157.2685410215 1840657.7720523684 -637536.4397428731 1321999.1916717356 728054.8851509963 -950185.2769456375 -1674201.6824287418 -819937.7012995499 -4122746.0424028686 -1413797.0877304897 -1091059.3660795442 -1593112.5752871288 1895398.0375768098 -313711.6860772259 2017355.9183771133 -414326.1663425273 713302.335356361
903220.4691086521 949755.7627423265 49247.002036524005 -543000.962725596 441273.48442472826 -716076.7127108199 -2944980.705815355 913129.367589836 1074849.660329154 1919514.2269574723 -2142314.809419112 910345.2917559576 -4309344.023606686 1428881.8969802782 269998.88311965956 2097799.08018162 3033693.153994141 -2034633.537784639 574306.363494452 -745654.7802316226 -2149105.601475367 -1179623.17976872 -1202736.1555907952 806361.7358483266 33014773.274201028 -1017017.7548012631 -318971.1020622895 -3025990.0703296172 152835.50827187963 -26601.805097203465 439576.25809779717 -380161.52456899645 -734554.1954007003 -3305169.98702324 -3322283.1606255258 -342573.904927308 -1918028.6408378428 236250.0542318226 -209675.007073844 -161251.62952011346 123369.07110709754 -521856.1275906893 -2634573.626537145 318098.9986428732 -1167008.4383434288 -793544.7662382739 -2528366.151278426 -1504534.83112764 3084968.394922006 2597420.0493225567 -1368021.1144584655 3019265.597600745 1022988.0009736513 -680535.3932426745 -435914.28946776706 -2278850.9468961474 -534982.5468768623 -1424955.6762424195 -727384.232680011 152044.44080025388 2481024.626049966 -1515851.0704238515 -1527680.7779936295 -1590926.0170942184 -1350944.6646280675 1646005.3265759842 -3208194.3533996744 -3288476.415544784 -3330863.119869651 2792560.35035528 600794.249035409 -1753304.2921202579 3442870.9652380617 933678.1090272972 6707.8400370047675 655577.8435468957 1169246.5813811093 -172069.81967785672
1427975.6812002705 1707441.5239557084 -1773945.4690073726 396266.90480316186 247256.86103754505 2035909.7306743606 -113623.58215102718 -49883.50400810242 2925788.9489677153 2012333.7913792676 1928468.9399737834 -2723153.355793265 1582284.5768445164 -533692.570479826 908568.5692321257 889150.9373883433 63127.377799899856 -1578241.6295809918 -976165.6759790145 -622350.7148250381 490878.5768839566 323418.42397001927 1528696.1004582262 381650.8060004755 -1017017.7548012631 35024571.67059152 -2433454.483156075 -330319.2037397341 368628.08683869574 -2377207.9297074303 2624675.8400173113 329191.4345737684 -2096876.8998144811 881185.5485881537 843688.8513458582 562338.6649518359 -505867.31219178054 1343843.6470829267 -2733307.2423326075 -2380020.3601546427 145272.57515883908 1756374.8759050963 -387945.61007583817 -56254.14230880973 80014.63873672028 -834174.208131765 -1520209.4083619379 243700.19781020275 892440.8430630543 -1375546.4524517856 31767.519320696538 -2180578.8777422043 -2724457.2041385295 1276265.2974346117 1089428.6591165124 -108912.30613282968 -278141.1954142918 -594937.1390171478 1113925.0127051494 -3028621.259458179 -2638118.448863014 1426075.253233946 1681349.319260608 -274085.1085051951 1047165.8724390784 1308319.2785190057 1401515.8515177248 -2335411.496491772 1594974.959645361 -50713.26881930624 1719373.0635028807 -1075324.077041268 448693.70908907533 -2877951.9443337084 718756.1392655597 737707.2754692825 -685535.5765918657 -4444088.5817193985
-1625260.841458953 -2023744.4351222545 954238.9056104897 403968.4493299773 -299761.2073584621 -814716.803447574 271268.4197966152 -3463787.886566494 2266536.233847996 828689.0164932183 969267.0442803734 -1275685.2071538623 405778.20715037687 -1915340.5543320302 -1752285.4987137825 -466732.1519823839 -2593150.0511450693 617320.7893354353 -3450239.3815998323 -367408.5456416203 1944923.1585500322 -1500891.1450644021 -1264463.4901578831 266915.10252128955 -318971.1020622895 -2433454.483156075 33484523.968129862 1220038.1828330911 -1724156.3820353393 -2409614.319401607 -836719.5097285816 -1130178.08164607 479915.01857437444 584849.3512430392 -357249.50336378865 -2016504.6919135905 -113712.41116299936 -984552.7804195306 -724539.6496250364 691230.3726854055 1370085.3085959945 795612.013593894 -653253.5813766081 3320766.608952099 2176139.61630517 -1743947.7182191203 -626192.9985857699 -447700.948357794 -2175231.077387497 3726010.067020877 -1660278.055028237 810699.334754345 -1443509.338032577 2701492.077819152 1389154.0885882564 -2164442.4108709004 1338189.413575684 -784222.7060431242 -2771094.49693566 5081029.632671811 237308.72645080194 -1453994.233136346 -1603813.7054145825 5588737.517336063 -2286687.878278303 -504131.28401471645 583203.6086087817 814055.6274182649 3114224.0473525557 467165.1642705977 -103177.24350499589 -701640.2144330528 72931.26144858482 323013.7442019944 -63727.35721999232 2109619.481827591 1147723.9718134268 2480276.9574247245
