31592296.370797116 -324368.99321311526 367487.06506269524 -1545562.6834439868 223201.16400609643 -1086388.5334919652 491082.0708841347 -2273297.0647568516 -911486.300707836 -2587499.810823491 272186.3534579127 673617.9136150081 -936577.6139772381 -1710804.0193901842 105790.65956855651 -1770987.701932765 192443.71151581756 1473431.1406076225 2528141.0539948093 2732538.485128766 3886112.8394640945 -2596742.3155024676 1360424.778874092 -1042192.8891973405 1063319.8147227233 2622562.74215803 -787381.8743149621 -1441871.767674553 -1574845.4677596902 -1402358.597586802 2437213.0910153263 -1923784.7871628446 -1712976.001613266 1741849.9958264574 -2098786.699919259 1619283.7624448414 -3442006.0060073812 346895.48148143303 -2465.4259773527792 -380105.88549406553 -29750.34296258982 2302679.741114201 146177.97413550463 -287108.0858866123 -2277559.958644173 -1156097.878829651 -1864834.9766789004 1495179.1239602943 -28493.499624509335 -799451.4659539413 -668827.9375694747 1163941.3510358238 -1209025.0196768215 -723735.2571459993 2504616.210602423 -848475.7817958142 1106521.3337317393 -332135.9855032477 274544.59208575037 173158.72547998404 -754575.2309604898 2098946.3738051704 -1485902.6292094793 319997.03925623576 2707087.7441119496 17180.305621179334 -134701.79874534986 -837236.735588858 -57729.116064441005 256569.92742355823 -559982.6421319703 185776.91587259184 1551843.0281269392 13539.132798765568 -2199373.5992559167 378482.9101226994 1872449.400198863 547532.8254552054 3057472.3032095893 -2510275.3590726685 -934507.3300226026 -1016235.8874080551 1333911.6656342712 -280428.282256096 711350.0712440938 60113.10261827477 -1572669.9300926288 -323198.98438667605 874867.5112105435 1272595.289264673 -1762898.2235611735 -1707908.320158141 -2594205.9809369063 1493085.7450430114 1214951.0993148428 -661357.2121266127 -1174713.1345089502 -361341.2333486371 86405.39309563201 -1613552.2794636316 -1782101.1108588404 2191543.3090230706 -2644528.307877652 1542628.5391103951 -160926.32680789253 -1852619.845229087 -972825.8956494563 2239907.2406170964 1095356.1650564629 577577.9090905022 -769751.9501425301 884370.1383854147 -665271.3077162992 600103.3190250312 1567509.4428565726 2582409.3874734226 -1826070.240263582 -736538.4841721338 -33564.88426778399 -396476.768201 5408.272713269007 -473490.51496677933 165738.97271685913 348757.15456065396 958292.7609376038 332693.0691128349 -874494.1427401681 -1631229.0460887416 95432.74868907282 1074858.8058450713 -51148.248856739105 -1887488.202115907 970268.7190751117 295261.1263305124 -1148423.7260749927 -3080578.782274077 -2341322.648499755 -4307975.608682376 660671.6535650657 -2408421.9731682697 -1045498.6008874325 2016470.9098398688 -365972.5133307855 441579.9119252413 -938079.6811273416 -1162400.5285679994 -2459185.7303068587 1359545.668447304 -2057761.4280686928 -2905564.7959301034 -792907.8745936733 2577128.6427037977 486159.13634026505 -38303.775523610995 1554613.21928496 -1716688.725084426
-324368.99321311526 32444331.40083302 200424.64656881345 940182.4211701379 -278055.00967118854 -568750.015419312 782131.471011715 1273982.8600987254 -982354.0086403817 1755593.3071569484 1083981.3330473613 -13805.165146189092 -2405637.0448566717 2217672.267248685 -530053.3168412868 1373147.8150543896 -1457967.7206637454 -2104338.5801540026 3351252.38671825 947897.9678286008 -890286.0907027127 913541.8146717888 596091.8729898895 -872290.352797359 942699.4939070601 -977695.4882001728 -147766.39487777886 458618.09617288806 -1735493.6711738305 -739597.4741214276 693237.0842776832 -629838.439184429 -890192.7066242248 -111066.31356642304 817537.6869271701 3072762.4464076534 999437.1817641758 -205791.33610730252 1148618.832963393 -309432.3180861697 -524181.37380308 -1648653.1507884145 1582877.1851898741 1508179.625063655 763889.9929808265 -1337899.5347919879 -532062.941788003 899701.1185690188 -1605660.5251213862 3109535.6795380046 -1845278.1106728176 -1886528.433718234 -328771.8531225079 -2585779.9963900913 -1598205.463197628 -842226.4885318809 -312947.27711245994 -2498452.284314049 30880.87399441873 1375435.8817797822 -1299825.1957706332 -700532.6342276438 1083087.887870158 1881895.9630203804 -390557.49627275637 -1665003.502908322 -879754.4278069505 1734640.2249852777 1982609.0914745103 1022517.2459334955 -2355440.766080146 1020599.264505669 -752893.2622583284 591682.1619825604 -1115814.0942483128 175761.57746936797 -1479457.3436851797 349420.9974582021 -3816551.0789944176 175814.6697065686 422044.70313727355 1057120.8227305268 1204118.1634849661 1051437.2774664983 949044.6710087261 -1731528.5451374734 -2349548.6053649825 -1086912.874462106 244356.60790293498 -675595.5497897832 793374.7873089319 564231.2721987228 -22224.219882227928 -592227.6633114152 -2865697.478828611 1031329.6257703671 -1688952.845049174 2925275.2083190526 -2304230.0036869366 1634312.9435452526 2842555.680193519 551923.2267465051 -369906.84315535874 1319519.892928455 -219953.4103530094 -313415.4580273934 1419283.8195820143 -2681907.648697325 2112428.1229027505 1737473.719307354 -1135303.979979962 2461890.5062273154 116865.87536037096 -529350.9972847826 1740546.3327437865 -84967.38461315767 975983.6857825624 -1884194.8122787483 -1777004.124204888 1527089.7324683582 -1792838.9706653561 -67530.2837087099 -331995.15539688454 -1859723.8704007212 1053891.0397754887 -418916.6383597604 -1621613.2682378383 977644.712028882 815158.1708274088 -452581.30842883233 -566843.3949846466 -1479081.820576773 1021522.2727115141 1044871.0139344183 3079099.6903807973 -1776901.4714072596 -80545.57576468967 -769751.4987615696 -17477.35343438226 1174391.946010786 -1868087.894609642 -2722781.710943237 -522632.93494413607 -1730736.3912976524 1393970.6702372923 -315423.0516671874 75047.36608597859 -1425466.571850671 -668022.1138194003 4007590.1971020196 722765.1462963742 1070065.4424671405 717034.0207181971 -223780.2768495653 -1100383.5526595842 -839970.3135432976
367487.06506269524 200424.64656881345 30223011.212368507 -1976321.2772169325 -532886.5981527393 302856.42928945564 123102.396055967 378686.67222979845 -120415.63831062501 247118.22659696557 -464605.87011407746 -1889164.8985764605 -1708883.524793641 -129427.24697531905 -73451.3995924126 172625.47574314708 -425956.3559651424 -1559753.8185860377 100595.75151166994 317057.9556424666 680547.7983459098 -591701.252510588 657423.2101296055 -1972571.1757862887 -1047608.1392625537 -1358871.4045595587 -1471930.4633218804 -1563395.9112318403 -389970.9332025117 388032.571756635 4271693.781343331 -331741.2653735587 -69792.90762295344 1161132.8647372797 1606075.4466980868 -2767935.189482876 -2439231.872810589 516809.4283526377 565627.6585153608 -242967.35761160357 1738712.7072264107 -4431057.568362844 -507460.36463304504 1451435.688719325 -3717370.523564489 -408843.77537842374 -1347770.3363884673 1964423.6009349104 -830989.5235548972 -1862550.6838391596 2330210.570084345 -890741.8882312351 -2062081.9790571488 -540938.191077618 -1539542.0777571718 -1162442.4708544316 -247467.80186463599 2622712.485182731 977466.8819391136 -1464274.2133436499 -635905.2134243089 2487239.8427346535 -756903.278898578 -2283598.3151208307 168905.78999478542 544672.9569796629 299905.4348650201 801525.6548667122 1976938.3518629894 -1243672.8667778627 1100902.9610471749 -1562772.2320655573 783011.9130433572 -207399.87848918623 2385310.1067197425 -1810448.8476602433 896354.7330094676 -1971929.0164153883 -1157574.0886144813 -2587715.6592951026 -453531.3487378878 -184371.5367563891 1737541.7042839418 1016457.951710978 1160160.8941241966 302423.34922796325 -161326.5265046729 -2649712.5397103955 1132112.386733054 1931711.1910231442 -429148.1593978003 2732140.0870774034 -1096361.3882676065 1003607.4329547465 268564.37794269517 -2386988.524902905 2256867.272324297 -848724.5789634633 -537655.4296367526 -553969.8564727062 538853.0250596502 437473.52532341646 395363.5737759961 -120760.7787062261 -875755.3793262652 1212790.9401596617 -628627.1725684077 -122895.14858259137 -439660.8655942131 1385379.3344689126 99599.00039596556 597003.4517979472 1373209.406938634 552139.887864388 469250.91003872646 -79911.84080741515 -477723.24052254006 -1917275.3049249128 -310254.16579900903 -861230.586295136 -3298017.646727094 -1743812.478512461 -401668.4003947411 1856196.026933953 172093.6443997935 -513699.2166846006 1408973.2614085549 -906754.8029242688 3478407.980877844 -184730.6381325105 1472296.684197339 -1342926.3180359558 1137990.751335784 -773077.2727308756 -1409016.7523931714 -1712807.3346973152 811124.2181117443 509093.87450128386 -382978.03566982696 -148413.9110584636 978474.520263457 1270130.4215283582 1121250.8107077852 2122036.9318439043 1833849.3388653027 2492397.343165916 -1568056.1369615996 511233.6195899373 136186.36826974334 1521924.0868151393 -3176143.134403853 -3186226.245081098 1199964.7197446495 641514.2679803538 -883131.4477542468 88324.32725919323
-1545562.6834439868 940182.4211701379 -1976321.2772169325 32794486.363344688 3750364.4199906657 59672.79176654618 -788707.8251331748 789259.604222194 2417159.5736828903 -276074.77707777626 889775.7558202439 607602.4510464935 -896463.8811460682 2225652.8779723905 282744.05856414593 -1353227.7642895358 670469.2131159613 -549509.5070006542 -1498523.6005659034 -292202.60936539853 845094.0559775324 1521218.4461713943 -1042755.1686799515 2262926.117269258 -889839.9910826545 -804408.7085312092 -871995.3045645357 1242963.523660763 -1468471.3522319784 -2743285.1587370057 1582568.8779748548 249.27903347052242 1061139.7625973616 1768659.3841372216 294694.0395751097 -740367.9697132867 2209124.544275628 -99910.71191771563 525569.4268814386 -216184.99285205072 569061.9165277852 3177862.694596632 1395180.1992955396 -1570992.0858461352 -199299.03578604554 -749212.0761310436 -484437.4224433673 66972.64538372819 -2478813.618023032 -141236.56719035385 -490052.2998292513 366579.75173864124 1730384.1063679268 -809613.0924104141 -1756140.0221623697 -2113234.9934419165 -3098278.8867927124 -1601565.6879732348 1084001.9929751474 -1594498.1471448098 1465240.3446313508 438610.5099087211 -1840182.5576699858 -399621.1124339906 -678902.1473118126 -1505140.1854891537 -555046.036299459 -1439669.7825683365 -113679.37745393753 3578814.77863529 3140633.0931504047 -775388.6006920767 -3285548.7269187253 -1314063.573141066 984602.0212484722 2982059.1016878914 796505.5541575315 -2234481.734779627 1048593.417400829 1943125.3440212482 -2040303.2527256778 700286.1225978363 -838575.0446122069 -755202.7607636763 -1978992.2736220334 2250183.0723983697 363612.6007559494 2826634.4509424055 -1835656.7594009135 1079282.3629973168 -1693984.1433774272 1422427.3376901418 1081359.1617555595 226349.87334197777 -3284620.681794203 -676265.4211512111 138770.56605094002 1264276.5766856165 -1520781.3874446598 -300808.54096432397 534633.4735586848 -1216401.48032024 -679030.3042839783 -827198.3409723018 2061630.087618598 -3915524.441911824 -1144197.4208218227 2108618.401041491 264379.7750692379 250265.6043043193 833551.525357785 -1987991.181286087 1467926.9900635784 -1924159.815015825 573534.3615684236 2954714.04479211 834850.9055842925 1085169.6336502861 -28614.049792537833 1797977.4811881199 1935444.8885734957 -949128.7262294432 -738823.6950229822 -961026.9024849301 -549400.1688828592 -166485.8773559876 -2727622.8840593533 356863.65103127476 -2056246.987440295 -606853.5639026522 -1248151.3231598218 1330525.3256028742 432650.6824473497 -2024860.2566511845 636441.6872497972 2105242.469935653 -522930.6143120947 -819345.7162623815 -375799.6559605924 186273.32949828447 -1158257.2855137063 1932038.3206790558 -2118999.962537937 -175646.93573669903 1811954.8281462567 293985.6795407794 1005796.6388717188 -314210.9761116225 -674018.6786816398 -2057482.5324338938 984470.2290696787 3034267.3693444775 -1837705.165309615 -637829.3709509393 954396.1439580248 -1937632.044565335
223201.16400609643 -278055.00967118854 -532886.5981527393 3750364.4199906657 35786723.66030542 2089051.8541299598 -316333.3982605775 62370.24591261406 -3235381.415663459 548410.8390067894 -825952.8477816632 156497.2296661787 1132057.538269929 2698759.0634196536 -3121782.859841378 -779572.0518146687 -2525085.2413469343 525580.1760264536 1702665.8198322007 56932.78736937427 -165099.4542691519 -1138599.431682844 901595.0000873929 -1125019.1358121533 805225.4822798596 1942442.876870707 -2540206.3864473416 582883.2906884089 1614490.3907102721 -1006345.1701429066 -481308.2235433615 3792424.963277673 2821154.5645424747 -30883.204792867986 -1605534.1922049492 1341173.0143840073 -3337034.99490855 796076.3104569698 1672958.144998314 272028.2186056327 2037801.159152529 -2434692.002473012 689868.9635354073 -2094268.1031907923 910186.5768648267 -1456650.4963503536 1025680.1506325848 1363846.029103383 864812.2605533778 750306.3174761701 -1266690.1813025295 -970214.4224289972 -1525554.0705683935 -2147641.2469632453 -1000171.7078557162 2760827.276394314 510800.4030737228 -2166829.8854807005 -344527.65453458804 -2334023.1554265344 -115236.93888183025 504007.7351956419 381187.59790931904 2170274.440965596 -251003.60179555873 1183661.6057607366 272775.07282753015 86589.16048305623 717869.4898854749 -46656.226574964945 -611978.4341775766 -2340662.027706828 -1006742.3366721388 -730830.2168378569 1302665.14609341 167834.33495038454 -1597612.3439942866 1574788.2791810178 -1111389.194586379 -23459.307991472844 1404264.8151374192 -872283.0768607033 -488113.14876302006 -482122.536236254 -1283064.4939965436 -3193210.3294585356 1540586.2352175985 594822.6319269268 2012608.8356948104 -1263021.695856476 -1507579.5789321293 1591558.73509867 -1926390.0070476688 -674656.5881932395 41420.72713646173 57949.357751365606 1600863.3978476305 -2351865.5578359417 -1007729.7349146474 2983674.9308645832 -41202.855497866636 817137.4045011376 1404061.9061888577 -674395.2767744224 -539119.1622096221 -1675765.9577190042 -1359413.3627944894 3563663.2428513546 -779816.2402368429 -115464.00725058098 918034.9808144134 -383750.41182743746 -1557690.4723196332 -345598.68832464545 -1778172.28942904 888052.015398794 -1529345.724501903 342873.98252941784 -1966977.4969115795 2756132.2216628543 1225546.460771646 4660664.528896316 -1608102.230157165 2315866.823134706 -2422781.4483910007 3178503.147730339 -4016973.3012722605 -2423965.9001103304 -1331122.6816329826 -1378997.0380927527 2275160.984067123 -1882722.4794159967 -863927.7030805745 -65198.09693608971 -1628640.6389051403 -693860.3792093005 -727323.2082858558 -604646.0565652999 623838.1228107357 -735426.9139236695 -5487634.654770422 -1464847.1633144529 -2650673.0906837746 -4042733.2980346736 -1151993.3273047581 2738202.232833693 -1784448.2875865432 536642.7691089779 97458.15445868345 -1565130.2885974606 702815.4376983242 2191856.1638924642 -1168799.6614629366 1416218.3404696402 1058472.2467904496 -874141.3365020825
-1086388.5334919652 -568750.015419312 302856.42928945564 59672.79176654618 2089051.8541299598 34006665.210552394 -1359974.9355323887 756710.0241376976 -2731537.8463776223 1144019.813197739 1904143.172665117 341224.0119690961 942100.9021721766 125641.28086974476 -733908.8559239408 -999517.2637637334 -1058836.0408407785 -774157.8768103046 -1544245.2684875613 1290490.378632055 -1169317.636688591 166839.73017900763 1925812.1821884518 662078.0788681485 -637412.0068978575 -2046216.0320098274 2395157.0928118387 1843832.5094091804 -251885.58430017848 617450.8322397907 -998572.2942812449 -605303.960200213 -769452.7191247777 584924.2654686162 -2689649.1731680925 2209349.028018192 1447662.0911091503 2529767.926835578 1073422.5328408226 1584533.1526422747 -83014.77485459446 -440007.98322246526 -2496785.9826286547 921226.9566914074 -2137062.6398420744 1815504.6503221244 2010559.7106210217 -598598.0366493292 1595820.9894913496 -714935.2408317673 -1541078.6821533528 -860386.5386130348 -716885.3012236523 802463.85074014 -736745.5750524892 1584260.3672494576 446516.4534543726 -1564305.0856353214 -1588390.4526143756 -3281630.5041910564 1679568.55181763 -586074.0849335322 866976.7785084554 -2020409.4303581018 761019.6588255625 -206091.4971210711 1236624.7186160418 -1408125.3353323152 -683625.4499089817 -174878.79259211282 3205717.802841643 -390734.9460091812 -1654028.8783692103 -3245209.5665170844 -1378716.934830687 -1604110.4593668124 1433524.2829527014 -1452035.2268299898 2498814.800281575 -2430670.3292386234 -111142.1407731741 1986007.4962773805 -112386.7472698543 371767.07042283716 -278523.64039716293 -1714555.2523899362 1862317.9095057705 -537055.8907675076 1032472.7516255685 -3093944.439939312 -3052238.0014467454 1277232.1992380153 -3083854.640278696 -1362995.09334542 -171286.82126322988 -95079.62929474127 3930062.5634359648 328177.3193041857 -48183.23204322656 42372.84307665028 487373.3869958421 -3131275.0147761875 -2850667.4853667943 1271056.9427741563 -402375.43837233185 1294538.7856831206 1405046.4689092822 1618693.9562061802 -195079.1662038496 -1057982.5891797524 -1998991.182480705 -666550.2525601577 1826880.5391646042 -2195008.778485771 -2279988.5771628777 -594128.3215803248 1645696.972170363 -734222.6311414259 70165.88299467615 75136.75558719468 -1861061.9281662337 2631991.6990969297 8393.867604474644 -1012028.4470257191 -360809.87085676903 1460911.917838995 -332420.4906784503 -1163289.1820939735 -1481998.4083140173 1198532.1000080637 -253408.5893669181 265690.49257586466 -2731444.686897188 109202.41872511437 -852665.7836523332 1164280.6683961055 -2306774.1265096897 556039.7769079761 1120162.621452841 1071441.4498702188 -595209.2635766084 1823625.9839109515 1116649.1747572962 17707.084255831054 -1897576.5395682848 -576279.6333762488 231221.41820630588 -2704062.9101981856 519141.31264481583 -1095834.9160170904 -985600.9107565029 -1026434.249988147 -951476.0678327472 -2272721.904870302 678036.2264676283 -673833.230873202
491082.0708841347 782131.471011715 123102.396055967 -788707.8251331748 -316333.3982605775 -1359974.9355323887 34916302.8410601 3482352.2947110077 -137908.67369160647 146466.90610559648 1204822.9688969264 -367319.0073966141 -1701807.1137795425 984037.3809192702 1110863.0222515042 -977674.0389078115 2294076.6193447504 1994843.2226754362 2090358.002224852 782642.4213577071 2243724.2975237295 307260.3579086725 -3972091.053303684 -93394.76479650835 225042.8695252843 -229863.72824767866 -1488256.220549654 -1851307.8257155356 -2259949.8657217016 2069509.781866884 -3044730.1609714553 -266670.4200306284 -2637049.495101087 -511706.04262998706 2726425.597895998 1084170.6225722977 88469.27339342594 2049620.464019999 57814.09801895797 -1162466.3450411793 -702734.6399052903 -1504499.6510431776 -1009480.7505687362 1571690.7413027082 -22053.673723313204 3171468.0537176826 -3251985.311022973 -57802.214142029916 103419.64276747685 -522318.66254589154 170231.63072779798 -798134.3379463826 1237537.122577951 -1553655.8716527724 366774.02724745136 2885687.639237146 5062.308097410708 -1516173.7596288244 2615845.737509716 -207246.55969159032 964623.5515810361 -605319.8927320264 -50955.0911425447 -1493740.0171153555 2606000.9714790587 -387843.6628860971 -861157.293365327 -1344918.686274275 2899233.3411726574 1036238.4422915672 306081.73759936535 -1714317.3652797209 1508596.3944057336 1090043.885448012 232843.51895055198 -3007402.7367762113 2768670.3262377046 998053.3027452246 -586175.32532624 -454829.05765051465 1268996.6201628845 2963707.97061119 586603.3396039524 -1389958.8478725995 2560282.0137992017 982138.075786257 -912449.4392421787 2004703.1320397898 -1581848.9377413986 1251217.6693272318 652426.8747621777 900262.3406971319 -1780917.4452017637 -493261.99519798247 -645643.3703965243 -2212938.121878899 2011728.493764616 1048352.3123069693 1111362.5042215874 44278.881013301536 -1378513.6312954854 3763878.033971095 -1597281.9026444526 -1247621.107713908 -90103.9740083208 798193.3893487146 593341.0241660173 -3340163.15185471 3318107.3213229864 -2581700.2689576726 5019251.581782282 -446814.1305309351 -2512876.9530169843 -37653.84274798672 1621391.902875835 1383269.8488763827 147101.38623528078 3333033.1212189104 634126.3574370332 844380.7426539453 -1824958.0489959847 -2905550.1398767983 -549508.6375203104 -977771.6693646435 511071.7452183991 -1829063.1402938436 -1803246.7600598827 -2287700.403521506 1002341.4381503025 2089662.1678172685 -950537.7774103208 -826073.631408813 762647.6965032854 -2933721.8477200363 1078395.9677515735 -945377.3310709222 -591810.47591791 911421.8294182046 1400258.9197404059 -598587.8542615852 157380.09876489575 449030.0771985349 425851.7576836177 1520244.3362767024 2810518.358080431 -1122737.025838298 -576291.6705113006 -768266.0056903893 -1835634.4288887985 3251666.543859127 -2575270.4560484593 1149773.8911030772 782272.6973636551 -329199.98950362223 1200999.6416876628 838105.7931269782
-2273297.0647568516 1273982.8600987254 378686.67222979845 789259.604222194 62370.24591261406 756710.0241376976 3482352.2947110077 32011333.780692074 552394.6988473724 48059.669774563576 591702.5919444293 767511.5984140324 884656.7456575104 -1674051.5308495811 1473132.8512945198 -1280062.0693848506 -1828651.441643892 958260.6329204425 946297.0424092283 -1075298.283868892 42987.026376962654 -656745.5514744776 -2783451.942083154 -1359638.6539947928 -1008211.4964053652 -1996639.5246115786 -2418015.1048725625 -2444642.1995015237 -932905.9768957938 -1043800.8314448755 847506.79412401 -2016175.0184987695 -987169.2342972907 -1469570.823798793 1949859.8088628398 122442.14897860994 -121798.38371286776 -97773.00317701812 654493.7200589821 464675.58260894724 -1116551.9570725407 -1178688.966906931 -1184068.8644649994 144239.01942535033 1223618.5779083783 1609092.4423731528 2170751.758314388 -1915132.6435561306 2122710.1933796406 83120.54380641818 85665.36757571886 1814568.5688552838 1669525.3628742623 623114.7726331498 1511736.5540527415 236849.78556941976 638483.7660750624 -702257.3970592243 -188547.2765545968 -309550.19284284895 -1587818.1960337276 -2236310.220411259 1966898.675604765 1474845.4124344557 -1135536.2441324121 -44252.91744475451 1188211.0115630934 -1694799.8355758234 1783535.9308269534 -776640.8938859006 -893256.4377392037 -165818.49170246406 -1848489.62002581 -307937.4712726218 -863534.740664679 -1939185.4303261607 1691955.2806323674 2574536.6403992684 -1876878.0966518573 1721753.1798062632 975121.0533856509 -807990.1588360624 -617881.6536080647 3153423.9684445467 3150584.1911306265 -1288540.8859940118 -742530.1947154127 1282067.0397330534 -2019024.4823088872 1354047.869442675 -2540234.43886811 -43553.51142422521 -287947.81207798916 31437.275253208216 3866.642296068892 1632311.9218288874 -2293456.3362757238 -144731.5699105832 435092.70316370256 -1006142.2306075178 1213119.2054284986 -578456.1668491588 -1765155.1878869666 -2600202.5347428923 668020.9369228174 3594359.0814447557 -868432.4923394849 -394540.8833090956 1085132.8287527265 -302626.06927315274 -1402174.375256648 1777121.9989705754 -315401.62005013274 2723420.979671482 -1356735.5377066908 1765556.3200219476 619295.672417222 1353409.2477953632 -2082798.816514975 545541.4101113603 -1183905.8029454339 1043377.9488720362 -1466225.8649786548 621989.9423697111 -2279493.350196608 -610490.5223481457 -1125064.178395338 -2604530.12296073 -1638025.283608586 348870.8128414406 -97647.62244081369 1371680.5427143811 -470770.7062157166 -717614.9364429059 649585.8741116093 2234220.9008364417 11108.213567041696 -1142292.669662673 1870395.8025700697 391154.31573057646 2433531.1473505762 210787.79989466496 3354666.7263846747 2237424.6681294604 -1064885.4580770752 -1100215.4174393767 -2659517.2764566336 -522029.52406601637 1917513.252008234 3432249.1623945064 -1721195.21560611 380259.14428836456 3150388.4953828566 3380113.498659392 -777577.224884633 204918.76114982815
-911486.300707836 -982354.0086403817 -120415.63831062501 2417159.5736828903 -3235381.415663459 -2731537.8463776223 -137908.67369160647 552394.6988473724 32321165.63836699 -957623.9941229938 -1319258.7291328108 4253028.526542916 724560.6307065199 2011546.4903863391 218651.49420099595 502178.923174616 2277105.3496595505 69695.72914256794 959689.2842398054 796514.0200839455 -333528.31258447753 478822.1958183244 -2855725.9909600997 1737667.1150206854 2254063.060922721 822719.5345906016 1872581.6953637647 3206.754911691472 -12556.853975688753 -2024754.8815254576 536803.4803321558 2652163.479707905 1815790.991643455 -2750158.7145304806 3574250.2208168185 -1340195.596383225 957679.7992829687 -837879.2124693656 823386.817317957 798273.3266500987 -2165539.491969132 630122.2040287515 1202679.4397309914 -778425.5007359259 -1738427.8368339601 544375.9701941059 709695.9852097225 -1157225.075577997 701371.4056268792 -14832.794386795578 1797992.6910347121 1131457.2270210262 2695833.474900261 924472.7862484746 -1355216.9844216746 -2686091.3150696354 -1215109.7230731528 77143.65789270519 1581634.1900391232 -709047.2015410207 1195057.7687933866 2577086.791583182 -949779.3422301526 617037.3941294008 786302.4767254094 -1361187.9633466252 -2350820.7234320035 -3446416.5699663595 632511.4050502232 1216779.432071745 299122.5583196877 325137.40140678606 339282.6837443645 587701.0172516031 2348096.5656348355 1268844.5940065563 1684259.0412626273 -415878.6250471786 743669.5857039748 1840112.0889113566 1758165.3482631578 -2451235.943466378 -296552.7607043297 -93544.57477104892 88927.34271866333 827275.8874714148 -1414369.87635677 -227430.1263109267 623334.9447123103 768250.2415378476 1466410.8586108019 -109159.3423802963 -264268.1007926809 -289273.45452859264 71143.45048159931 1014945.7157036032 1051742.4419746043 -3560559.7191215116 -1091503.305180401 -934112.5656509735 -869158.0999626794 1351052.2646771816 -495638.54838687176 95443.44028798357 -319564.45601735666 2220852.4437732217 1156927.0085378874 250976.2836514536 -226038.6938587288 -1430575.0729178006 -2352194.7921278714 260877.39966242824 -3401943.7163181184 801905.1705036196 2312339.651057202 2222388.8326052967 601351.8232217896 1109341.0067192777 581420.3955355296 -798222.0454162161 51247.65972435699 184935.37943195083 -2515299.046729839 -310321.5673483034 742319.8156509687 -3385410.8573652753 -1129409.8631161915 -1499415.043833129 23683.243612811533 -1240449.0917670499 451974.33776534745 -1823117.166028559 2190834.142732422 214800.98049130832 1539985.413780833 728494.6541663122 141639.19996307636 1063527.0006878756 -54175.40449473575 -760488.5665331519 1713588.7644703526 85312.74195527723 2426462.1542499466 1406480.7902752063 59544.56606834681 -799524.8328133534 2188529.6877824273 2508243.6768270032 -1621631.1665981447 24209.497488031466 2636346.400133674 2617552.881237144 496047.8805595424 940075.053674643 670140.1879639386 -524704.8127675323
-2587499.810823491 1755593.3071569484 247118.22659696557 -276074.77707777626 548410.8390067894 1144019.813197739 146466.90610559648 48059.669774563576 -957623.9941229938 32560412.974137954 -1993643.6462573104 -1705538.0729437785 226112.15019008276 -603254.9705858938 -232041.8104024202 -578487.672546207 1876160.5621101998 2107503.436894508 -2431683.5493251807 -1380061.780306098 1941398.6345896183 46864.852653739305 -1397618.760752567 -887754.4685360154 291487.8360471432 142836.20244268398 -848029.0826529107 2721510.199612226 -3518844.5019418695 426504.59174210636 -244036.52907438384 -1957654.837700115 -1256432.467109865 -3792276.955264934 1202368.7625440026 976536.5244164441 2181755.175348188 1356780.1206170681 -3602860.9975856207 442332.37855565763 471532.4760420579 597565.7695171187 -1275208.3983840963 190909.93095234848 -959650.0332751172 -1903419.6541896865 -1045642.4177440873 -474593.1781026087 -541372.7075972647 2636100.4237722247 1116162.0372614125 -402210.39133766387 1279746.7801286618 -1440274.514409754 1963938.3630013065 -208984.92984633282 727005.4097050579 -2184178.5229953835 771200.9719947514 121427.38059617314 -462499.5874420766 1995142.9398618103 -1084102.6382205603 169353.5426134596 -307629.17082900193 -2629783.7148155663 -1361443.050396243 -1444231.269181102 1672004.6103799297 694896.209964006 540334.7229280845 -2155544.4245022144 -696762.6752325168 -1580671.3646310528 2224065.6672765426 -664376.6679297587 441908.3339669683 -1329404.4636206497 -1663585.3758180162 1874306.0153751376 -768937.0784174026 -1211771.0990861312 959936.2290949097 -1198271.6941799105 -2107133.871009187 -1548881.8586512178 1320234.8466546936 -1976075.6610572583 2115253.6458739084 559633.7624489793 -1630699.1041056134 2543701.900120655 2282225.7465063226 -948210.0639322918 -2335691.5145674744 -1391663.753248373 1507433.4031553154 3291651.225573957 -591290.2894621621 979808.6298288053 -1390454.1023511426 964842.1869625885 -386496.2488162261 -25044.634824939818 -730939.6122988786 -816565.7868863131 371251.54196893255 -547152.5130314676 1069928.0885466468 -2077278.6181724698 -2026527.6486581168 1673901.6636793676 -447592.7305125201 -2062977.0128079096 -1798494.6582837317 611326.8576413112 -1887039.9764894801 2609886.479801559 -517489.84859425883 1674493.3583477335 -2042425.3181981135 832799.5092567542 2030935.1923223974 -509608.6277697781 -134259.32423280936 1601831.9539006662 642903.5831766357 379185.947670667 -1704057.3908590812 4437691.413700008 -391847.32241491333 27504.642836887568 117515.6405630075 17946.795971774154 3660770.4620091612 1604275.6243930275 -876752.1096407904 819209.9407944496 281860.42428117135 -256389.91192817423 -2164828.1526391967 -909857.7425222995 -558981.7484394492 1063310.1250753512 -1743186.4127216092 1760496.8802948268 2620258.1687072786 -980827.499813231 -666731.6680647732 -608535.0960705184 -2332276.9039989384 1086722.3649137812 -732767.4517412214 -390155.49292451463 -948320.3838539204 393408.4885288285
272186.3534579127 1083981.3330473613 -464605.87011407746 889775.7558202439 -825952.8477816632 1904143.172665117 1204822.9688969264 591702.5919444293 -1319258.7291328108 -1993643.6462573104 33002039.745148584 -279192.86983997014 -1152840.4062276916 1907455.0873826717 -863899.3275961716 -1631931.0669924554 -478755.53265876696 464583.22281648347 -664784.7615072033 382182.40749735915 2085428.5346705418 -423167.2242422547 -237135.30761137814 -160400.90190494276 2909699.6240926613 555955.7896967853 3492034.931234508 1532895.4871549578 -77074.60295313034 196316.74606584982 583774.260628315 -1403252.1671680058 -1015782.9093413178 -970000.2820203797 -2356068.0195668135 1804459.786572166 323576.81700371 686268.1128947844 -1554175.3892392798 -555755.3531048186 -1675200.024999898 1454093.823881291 -733406.6383463328 351634.7377472949 2140559.0850084648 354731.3733143075 862948.4669865395 74147.66687349987 2536152.8526693564 -722503.0235755348 1222941.5785599689 -73072.33371109058 1804358.210114758 1247914.5104274482 -1110363.2692376454 807775.5305833018 -1748362.3319539507 735508.7506199696 -1723783.6428389782 -1974719.9112879764 -1561596.7032257756 45196.95155539757 629107.9772016368 -314927.705660431 499133.30831707374 493464.11901488405 -677378.2089564714 725289.4722037554 -580870.4463057006 1481712.7885203084 -644744.2891388276 696135.4839675217 -994026.0855381559 1485956.171668567 158257.05086797167 1613924.3635588954 2370482.0189089132 -177200.54449632278 1702524.8220026046 -410586.5768055463 -141500.00996267938 2570149.819823224 -3962966.467858195 3248309.7723033302 1312263.6511417632 -426271.7666117826 619837.9153342873 -2198548.3756824527 -906846.6707172262 4046766.468185872 -1312694.3222117063 -371969.77886154456 -31239.286012930304 -652030.2824095968 1843022.733700259 2165745.7114238883 -2987513.3699988155 599522.4002155697 2273075.227546047 -4035728.298355136 498761.1157480625 374591.3979925916 -3025000.1832634783 -470613.57717240206 1485177.068396511 -542725.244698571 -945937.265599268 2161854.6223989464 971829.0056424346 -2038839.9884609235 62784.27738884413 1395923.432465341 -3400963.4361747047 -941405.3863254684 -2008246.155318325 1756659.353217826 510919.1881097299 647625.6820031937 -827459.054648801 -681886.6358106295 -635717.4829556536 2034806.6180172889 -2781172.181717476 733947.5375880435 1350484.9455844937 -913318.2425039462 -588193.7374673554 -1313316.7007620584 -516353.0097118985 584855.6958963341 -461130.0915798434 -744185.7735619019 3829171.7729189163 3385194.3698444725 -47975.86702706609 -876279.9993561496 -900156.381153946 841164.1144332156 129968.76856513729 2050716.6755642437 1788673.4811151568 362600.24558320205 -773765.1265848074 -2335623.1230894015 -2445263.0095419805 -785889.1306130367 -1407694.04188054 -1653699.0113935568 175636.2630800854 -797907.9882369917 -2546280.8085869947 1493073.9837953232 -545349.9492521265 1340988.8549140352 646261.8373320029 1788709.3410422283
673617.9136150081 -13805.165146189092 -1889164.8985764605 607602.4510464935 156497.2296661787 341224.0119690961 -367319.0073966141 767511.5984140324 4253028.526542916 -1705538.0729437785 -279192.86983997014 34284641.44264034 -463312.46663980564 -701832.3701572913 -128701.25597295168 -481234.6498993609 -983550.9606966267 -1235096.518946203 -472193.92466586543 1972269.4935519074 -595133.8123777844 2905023.6083332896 -1090216.4389114594 -273887.55514300644 -820907.8843526681 584117.6470993592 -393468.0779975508 -521459.04728926445 -1463174.1726206369 -636106.2837229206 -422104.53728421143 -218715.92980820278 858662.2449847531 -793544.2658490348 2591509.8491687304 -59392.39498094914 -888328.367944853 -2340593.5500764423 765372.6886752491 2456878.519179173 -2832522.840108519 2751488.1739938306 350230.1103384148 -223357.68361312017 -1249237.261037162 -3662978.6453281944 -1223216.6460493093 55126.46127893981 -1929736.3913104087 2363686.999837046 -625050.3508311976 -1337516.063909287 -1318129.303229222 1007830.1126433825 2016864.3463919724 -1926880.5206680498 1253017.386119888 2525807.7301007602 -1277573.2593111251 -926141.3126938535 -2119867.1531901998 501701.54640122654 715388.516768901 736876.6538716865 259318.14513916217 -882079.7227948172 -1928356.8484586212 64677.46158988347 264428.9779433765 940149.5464058667 1382.6463614740733 813581.8045354715 792348.9080837648 -240298.89559837378 -888485.6333662109 739128.5722619073 -608882.5254619351 -2420626.563090391 1350454.3955787988 -2602514.7176901293 645315.6051195109 1625730.4856470474 -1208619.3731792748 -1936109.4165623258 -785136.2226817948 -2532573.095609938 1349198.3618003526 -1431943.8084076927 -3237729.818000784 -1005993.1000967793 -722411.5281444342 -397067.944597705 -681806.9120811569 -491064.76698270836 -458508.9878889764 1793931.6367864835 -251139.9732726397 -2447166.92311089 2810468.6173300343 -43914.2207554109 1425624.790684698 288658.9192205238 -721374.5025221324 -1567696.4821418473 -2528584.250957619 -691661.5031940212 2333011.353842019 505998.11509945214 -348924.8694296433 -1980657.4036568683 1142980.1356860136 1093753.2487587174 802637.784053491 593780.8245242076 394552.40916325425 441708.2648462377 380303.0062579364 79051.28254277386 -1151388.9207706724 673502.6159096179 -178865.63242623437 320215.6620416006 1243340.1245812078 409897.2597755692 -850949.5420077244 -1139876.8798902805 -2033470.9936123535 -2435611.337633712 -1144559.7410039715 -360399.0994482941 426311.4365271577 403355.0555248274 -531973.2494899923 2276230.8370839753 -644999.4458247374 137755.75017285594 339788.2548087101 -103397.23296493824 -2557736.740887641 70344.06789441334 -694452.3959623155 -1845324.4231389742 -691094.3295696557 1075742.343814093 2099071.345810515 -3922229.5411443687 3621348.056696866 -2566375.7199811465 2602937.63614913 -411731.16608067683 -2833885.8162523373 1070350.3314299835 4808477.864223494 -138707.89214779492 424348.0620369425 -985498.3097327447
-936577.6139772381 -2405637.0448566717 -1708883.524793641 -896463.8811460682 1132057.538269929 942100.9021721766 -1701807.1137795425 884656.7456575104 724560.6307065199 226112.15019008276 -1152840.4062276916 -463312.46663980564 31510184.342841074 121148.37116500265 -2606229.581938563 1153850.5525977463 -22819.531814065638 818267.4467983434 -1493173.9518551934 -78359.06451137697 -305503.5279218227 190924.32015101585 875718.4747184734 991780.6847306815 1112434.5614144087 2288652.0734190578 1518388.3883234349 1375974.8369876114 1128156.8300712963 -899763.0418005403 -686097.1803771415 -216337.39251492932 -1468550.58612189 1203807.5769861843 -1250851.0836579446 -1263374.4260993868 836395.3543314851 1247025.8250673176 395429.5965605467 1452049.9935383862 -441199.6049052574 -95483.21847368134 -784525.000610411 -222481.3495298817 -1379351.628695714 187419.70283834808 961522.0927861898 -911976.6117035263 694812.0989842003 151239.28989899394 280685.8956985332 -619172.2455203756 3728857.3105573873 1861322.8078996975 -470401.68097681965 -2863160.9461784023 1277444.4234343513 741529.3803601403 294196.0329586522 -1526239.9875286531 -1294214.6978516066 -1041951.6121605925 -1574337.1769914888 1307841.8618217022 1092604.8386756496 448893.8449602396 2292306.119442644 2551781.6388558955 -2318196.8272682647 -2232548.6166803055 -1457949.4444620905 -1093471.4060333916 -496210.0510619145 -3133562.0875086775 -5029741.472771397 1251693.0565622358 -1151178.790834048 -1675102.751300418 -2223524.713906304 -1377095.7630686508 -2135470.3690106557 -1792156.121605874 -206183.70088236828 -251489.83534504625 -407672.4391277957 -1312666.952723458 -1365006.8701929555 -177215.66794132694 1431212.8499290247 -1140294.927862119 -580396.9058586515 2342690.3094201563 -2867238.8983038394 -3455326.8664601953 -113182.33961256404 2024315.3142699571 1258945.2698262073 -10034.377774160896 190246.2853308572 2176871.898119403 340821.0314632515 503689.4490412185 942487.8288673941 -1238549.805277057 882538.4433402629 659970.9517256116 2856885.6512920484 -1821311.7790223884 -2992998.5836449713 -141207.36942067326 101462.617631661 -1718665.4061191666 -3493575.9250054243 695951.1457618714 633738.9863697808 713218.0652240823 -580055.1368008775 33548.816597568904 2514989.513044432 -1368205.274834894 1104212.3627950842 -520090.25105749833 1300905.7792879248 -528986.8200805902 -663085.3654256373 1625149.7027566899 223469.33580854328 -449815.8541669824 394949.35141296376 -3036662.037003091 353451.2132937906 635919.2678744507 -1173536.9559512718 951174.8008088077 -748904.5589207158 801874.6193074473 383665.18305412884 852335.270852213 -491501.5880675525 -435323.19924912305 -460767.68143880554 -454778.07889325015 -171571.4273668329 -422783.06023845595 -880834.1504155254 -1449799.1874086892 1168657.6934012258 2117505.827121295 2492236.9289815496 -481531.73150090425 54304.89443268912 -725846.2220949213 876102.7492753946 1845243.2874099687 -613581.3088243485 -1982440.8696735897
