33303298.986901287 462113.12222582643 -419830.02289388946 2327900.259246904 -3863009.3804271687 -2843095.970076458 -1518431.6596373743 -820682.8057236715 2638461.5716605517 -2195964.173858333 3463273.2841792973 585007.7425038739 1822457.591170864 -4796658.24614669 4745027.659527206 -843861.9773498094 -485610.4389751359 2838303.361110295
462113.12222582643 34070508.32803317 -2262469.7310124445 -1447438.7154873207 -497567.60135934496 339721.5814687855 -958699.6840357371 1964122.317348398 -977281.0020095599 -2095566.1028857122 2688944.59817656 292756.90593298734 -318326.59916071175 -1603840.4424319624 -406323.3296854766 2332410.515696553 159912.6213143165 -400565.7039045959
-419830.02289388946 -2262469.7310124445 34544382.36871701 1011700.0849577747 -6576433.506737862 -1782690.5542060572 -3361277.8343306435 -508360.31823703577 1541379.2661522205 -1622086.9844556611 -1805616.3022387451 158418.7805338868 3721922.360495975 494332.34991846286 -1751941.858730526 367040.6947780182 2038557.1487534533 1802635.5610133386
2327900.259246904 -1447438.7154873207 1011700.0849577747 31059095.863836218 -3232359.4292738177 3533930.561088358 422800.7529565619 -4259441.432312323 -5840495.875693816 -995391.1857674159 848639.087242636 1310137.0803213704 -696832.2279010266 1687138.1787435275 -3024562.1653128923 -2380951.9264998212 2893926.7315442255 666893.3794586405
-3863009.3804271687 -497567.60135934496 -6576433.506737862 -3232359.4292738177 33973330.66089523 -1464613.6444433955 2934626.3905639797 -3702778.116105097 1896326.2205491255 1517077.9393010426 -2629564.4975694516 -4214263.3433901705 -13563.578171791527 -674471.2724467224 -4613981.54180664 -622900.8276516538 1359672.4435813492 163044.50708784116
-2843095.970076458 339721.5814687855 -1782690.5542060572 3533930.561088358 -1464613.6444433955 34600441.18293832 -1925821.7352421049 2159888.1336006876 -3242747.9752649465 -2304675.1776139545 1657409.8875163288 -2531244.9673264255 -1996137.7747304952 2381367.4980264986 2574108.783778181 -3627307.0383295924 -3041737.5199703937 1043356.036672204
-1518431.6596373743 -958699.6840357371 -3361277.8343306435 422800.7529565619 2934626.3905639797 -1925821.7352421049 33424469.897030734 1700870.8842915758 3353046.7612274117 6373284.074274436 -1953437.117506257 2699837.290843628 2039905.828321714 579654.6925894145 1114381.48349547 -164579.01560985597 -1323372.9180781865 5637170.0459520295
-820682.8057236715 1964122.317348398 -508360.31823703577 -4259441.432312323 -3702778.116105097 2159888.1336006876 1700870.8842915758 31900457.77472547 3382608.5374255204 -5294079.160675801 3066974.1836896664 -898711.2249753245 -1463009.8595202463 65061.54603388883 -958494.6430065319 703480.8805252503 -4075707.2666171105 1369260.6687734264
2638461.5716605517 -977281.0020095599 1541379.2661522205 -5840495.875693816 1896326.2205491255 -3242747.9752649465 3353046.7612274117 3382608.5374255204 33016677.35362193 1072617.496177238 -4513101.093599984 -1170120.9594613218 -1558734.6807720084 -2768608.2932599327 2957320.2568042283 2471578.2329034028 -1079256.9623652652 -1439600.6383571688
-2195964.173858333 -2095566.1028857122 -1622086.9844556611 -995391.1857674159 1517077.9393010426 -2304675.1776139545 6373284.074274436 -5294079.160675801 1072617.496177238 34609336.46508265 -1008686.6706460803 3123520.482156982 -3715965.607603075 -846714.1368719862 4043636.9316403545 -2424461.1003793515 4233158.714570838 -315571.8554984684
3463273.2841792973 2688944.59817656 -1805616.3022387451 848639.087242636 -2629564.4975694516 1657409.8875163288 -1953437.117506257 3066974.1836896664 -4513101.093599984 -1008686.6706460803 32429393.14997741 1220572.6997213766 -869885.1093298463 2873087.3580663987 3723524.6133853034 -790332.2991869138 -482933.02315260196 2777042.684787993
585007.7425038739 292756.90593298734 158418.7805338868 1310137.0803213704 -4214263.3433901705 -2531244.9673264255 2699837.290843628 -898711.2249753245 -1170120.9594613218 3123520.482156982 1220572.6997213766 32209037.166317426 3098599.771898556 -2764488.205437625 4145496.2173207975 3226614.618525744 -5234092.201810672 4684142.410694424
1822457.591170864 -318326.59916071175 3721922.360495975 -696832.2279010266 -13563.578171791527 -1996137.7747304952 2039905.828321714 -1463009.8595202463 -1558734.6807720084 -3715965.607603075 -869885.1093298463 3098599.771898556 36092724.84135013 -370488.66557392187 -4056374.6914345226 1512350.1573504764 2286975.293514466 -1233223.6633305764
-4796658.24614669 -1603840.4424319624 494332.34991846286 1687138.1787435275 -674471.2724467224 2381367.4980264986 579654.6925894145 65061.54603388883 -2768608.2932599327 -846714.1368719862 2873087.3580663987 -2764488.205437625 -370488.66557392187 36446382.021181546 890265.9903468391 1826732.9720717692 -3597480.184686042 -2567521.6295518107
4745027.659527206 -406323.3296854766 -1751941.858730526 -3024562.1653128923 -4613981.54180664 2574108.783778181 1114381.48349547 -958494.6430065319 2957320.2568042283 4043636.9316403545 3723524.6133853034 4145496.2173207975 -4056374.6914345226 890265.9903468391 34247557.820585065 506369.1923778789 -1872022.8024457085 167665.44078401275
-843861.9773498094 2332410.515696553 367040.6947780182 -2380951.9264998212 -622900.8276516538 -3627307.0383295924 -164579.01560985597 703480.8805252503 2471578.2329034028 -2424461.1003793515 -790332.2991869138 3226614.618525744 1512350.1573504764 1826732.9720717692 506369.1923778789 31776114.38276131 1158508.5187750666 -3097521.5607638382
-485610.4389751359 159912.6213143165 2038557.1487534533 2893926.7315442255 1359672.4435813492 -3041737.5199703937 -1323372.9180781865 -4075707.2666171105 -1079256.9623652652 4233158.714570838 -482933.02315260196 -5234092.201810672 2286975.293514466 -3597480.184686042 -1872022.8024457085 1158508.5187750666 35648033.29033287 -3888629.425287274
2838303.361110295 -400565.7039045959 1802635.5610133386 666893.3794586405 163044.50708784116 1043356.036672204 5637170.0459520295 1369260.6687734264 -1439600.6383571688 -315571.8554984684 2777042.684787993 4684142.410694424 -1233223.6633305764 -2567521.6295518107 167665.44078401275 -3097521.5607638382 -3888629.425287274 34656283.8091375
