32116585.592750624 -107841.4342093881 -692139.1336178024 -130280.5609375018 -21362.55486621381 -2295945.064265773 1253787.3092786844 -4507872.751786007 1603771.1827681279 667867.3286630498 -852632.9676208878 -154261.86633221238 -213551.13478152518 1425852.7508158658 907901.5630512668 1214194.433881157 2605333.8076277324 243431.94843225044 -848118.0829205078 -249558.51316156352 2152715.309664378 -1246966.7484915922 701626.9759376958 238541.9053365436 -547346.1711489946 2161261.1578515465 -1590007.4991562539 -2155166.956302489 1312385.4249046606 -406225.41270303435 -1977841.2193997393 -1382121.440197137 1898363.5771631352 465098.0487987225 45895.216641900355 1054412.935197179 383860.7693091714 3615003.5972515037 281354.928061029 2421764.458333313
-107841.4342093881 34375900.919749215 -3234314.5014989283 1657156.41038211 1195506.7220849753 -238412.03016081726 1656295.9475136804 -1675789.1880701876 1103585.2037927988 -1732988.2930679587 -1684815.4983234075 -1751060.8571230513 1818983.2225866746 33984.044267369194 -1610934.3383351846 280356.1050664818 -4615062.350062034 -1263412.4550483695 -995825.3775202337 1774597.5264344742 -2424541.9799330626 -2463353.969060623 388713.1642492965 -1375068.4892849582 657974.5596778763 -1346468.8520071427 331804.3223480235 3841560.4873348475 865706.0218445639 1400498.0512821227 -179491.36061955776 235195.9683803335 -50400.5196297758 1404586.1699189253 -2250946.3788442747 -1350172.2895282835 1705892.284758865 1037560.1195794555 -3066176.7153952233 326296.7899737534
-692139.1336178024 -3234314.5014989283 31597731.062492043 -1747054.8057988677 -2308752.22044577 311744.65725115273 1174925.5979913746 1668427.649120189 -748998.339063045 298643.3349039347 -2300762.7190382713 1848775.9856229883 1575409.1999267917 -641872.0591702756 -140805.7637596507 261286.26858428936 184276.43005563202 1180326.7916185162 -1135694.6297168601 -747502.1559944407 3130459.774278692 110790.07556521356 1270032.9149889657 -2118026.3525494216 2431536.64610617 794561.8417614867 -1336511.3823912684 -83288.82729314978 -1812412.2630811227 2234334.899929621 -2543023.7900699633 -592403.5393937008 1427994.7700282608 -1466035.9163511118 2026677.4547928357 289184.7357000363 241045.57410597338 -44871.29403838913 -631407.4007875642 -735869.8801075306
-130280.5609375018 1657156.41038211 -1747054.8057988677 32926616.001551006 -327835.09941191657 300571.54251745046 -798860.0465686226 -1117766.0387743202 1109386.2729027562 -1531972.3909148234 -1733569.4629952693 -3248393.1043483373 -2144618.090783049 -2037338.0088453947 498977.0216468685 -1106485.9955456208 1424445.8228894493 -453972.8250068046 2416396.1095162462 754610.9503459095 236208.4601145383 1517245.2642286846 192638.54649360472 1753342.8245130356 -754243.341520773 1507097.7128904266 -1200433.1431246123 1622658.7849593055 1075306.3387684696 1446299.8995124435 -146660.89999850275 969987.3176288249 -830686.7395466279 -129872.9746133436 -1913682.7494490393 -2696339.55393034 -340454.2667096039 -2188499.81724763 -528451.8067119251 -631921.5919866065
-21362.55486621381 1195506.7220849753 -2308752.22044577 -327835.09941191657 33708504.781652965 -2012914.739937343 288641.95222821285 991202.8870464296 -1866604.3356173392 -3045811.288920964 347792.0567219397 223111.20476481758 2442203.166737437 -2719877.8365524267 -66973.46035906627 135268.4905910998 -910135.9254606946 1184550.3965453578 651980.858708053 -1197532.8287382333 2389166.3632690078 -3156776.1709794383 -1660874.4098156046 1425590.8031806434 -3237827.5679458184 1730358.6333719157 -1742236.6228464537 643369.1917159617 1341090.8274113433 534030.6149709846 -17817.161424492027 786268.8534832996 -859608.6440543646 -1272148.5381324594 488034.2325302548 -510373.3957938707 -1351765.2645624566 1109639.6484841967 -1065838.1260535368 2517834.191338942
-2295945.064265773 -238412.03016081726 311744.65725115273 300571.54251745046 -2012914.739937343 32161161.682401955 -1629419.2154941713 -1428051.317729414 1352263.774005104 -1470599.2301000187 1312315.768468039 1085146.8674672495 196.60751322210743 1022093.3089906756 3070689.383974663 2100178.1752484315 -458509.49121458846 -352295.08788935986 -2363649.519205018 437555.79718998604 -992437.2284411256 28240.705803281224 -376621.90541233675 -1261475.717238794 21820.42326167727 -1596565.6251416446 -281234.3425058609 3273219.4784951056 -1599145.493431417 -643653.9018958474 -368467.1915762798 -480233.8602054243 1681286.2129394882 -1034886.116191019 401320.48096679564 -425053.47429432854 -166086.8334207005 -326578.76542296796 825436.0265683918 512420.9247571549
1253787.3092786844 1656295.9475136804 1174925.5979913746 -798860.0465686226 288641.95222821285 -1629419.2154941713 32092829.107052512 436022.1225157155 -1228089.1185447045 -696785.5969875818 826571.0164882132 141617.68826010815 -419902.00435777765 1688875.5156937484 -1012082.8073265819 -846562.3268864807 329324.6281171364 280738.0139390292 -1866985.601168152 934035.3540001957 -129712.35695551512 -674933.3667234872 -2462835.1865582876 -2686599.6032217247 -1261668.6880219846 -405288.78365235927 667858.5993792517 -1910435.5990944123 1149886.667232873 817137.213150501 -3023461.1055282103 -1120911.3222615877 -621988.935422509 135573.06252669194 -1301909.7695584034 -114161.10512455927 -784362.1019211707 -1103932.6961079042 234377.65037419586 803941.7707774024
-4507872.751786007 -1675789.1880701876 1668427.649120189 -1117766.0387743202 991202.8870464296 -1428051.317729414 436022.1225157155 33636098.31336287 -1208930.617534018 1402486.2244842572 -300271.79791677394 1992777.9555664833 1263777.629842918 268040.3372529631 -1218149.6870403911 -298554.2577165002 -2839272.8552161166 264051.43499943 983639.5631865328 856235.8619557056 1019975.1052563814 -589255.8543956052 -587686.595275065 -1516996.6415364293 699436.1643873955 135928.58689746435 -41480.15413779996 -3032410.1671712985 4205099.850446552 -376112.2151988191 1451192.0620674843 -1633052.9526783747 2909480.2154072328 1724919.5296262023 153708.57711746483 129018.67764957195 2040399.6054087793 -4344836.279669241 623664.7803644285 1683871.42635515
1603771.1827681279 1103585.2037927988 -748998.339063045 1109386.2729027562 -1866604.3356173392 1352263.774005104 -1228089.1185447045 -1208930.617534018 32972203.188729063 1423798.0915891463 -3146322.2864047373 -2253073.764024507 -150911.93264795083 -434736.11917158536 766224.5153920772 -1486772.8006274474 -1522596.0559221264 1248751.137176696 -390044.5552679543 1082266.95993084 -3065736.818761414 -1095688.3262103596 1424573.2829856605 -145240.9297240149 -480712.2274560183 318424.79869433324 484550.92675225285 -303772.5174784841 399570.9467352747 -1918578.2025640325 -81470.80657783039 3192882.451326698 1217438.9542870303 -785118.6729042489 -821842.3622958079 144412.8192248759 -1279694.6923738932 1536305.9874508756 100484.14496717237 -2790181.2538116765
667867.3286630498 -1732988.2930679587 298643.3349039347 -1531972.3909148234 -3045811.288920964 -1470599.2301000187 -696785.5969875818 1402486.2244842572 1423798.0915891463 33475599.03149252 3789008.4314720617 -1882589.78822076 1263866.3736426283 1706131.6137499968 -791344.7387317276 435832.2263429263 -1153979.4447076374 557073.3843271034 -1283944.2730784116 -1131830.5171711731 1978407.285935237 248436.965404866 1535683.8950894836 -722992.868761177 1486372.65646137 -758145.7451613308 392625.2462017736 -1600181.727381393 227317.94169270535 1689590.2246985685 2441079.6900369646 284678.61958703346 1366111.8042487002 -380378.38772081106 -1480665.5142996844 -591452.7150399332 -1825174.0661679003 -1298174.466692125 2526337.731224018 112342.76155156421
-852632.9676208878 -1684815.4983234075 -2300762.7190382713 -1733569.4629952693 347792.0567219397 1312315.768468039 826571.0164882132 -300271.79791677394 -3146322.2864047373 3789008.4314720617 34045558.6053872 -595302.5467324901 3359669.4175367937 -447215.0906170069 386633.4455971055 -2215581.8769699046 -228740.05997706862 -3556187.3600592962 1530657.3493888516 -1715140.5642665839 2433031.6006442118 1755467.1377485604 -527443.5714510279 -526221.9167029039 -1682354.3287960235 687320.0090699524 2375018.915402668 1055825.6583391118 -1236790.0126394106 -1159695.3353546348 1111469.7455759717 -1757178.2660464752 -997484.0263671835 2018137.9159389178 1572204.6468166185 1057457.2688164343 -2008845.975939693 -2540975.3763943557 352378.5520538534 -1280557.921878771
-154261.86633221238 -1751060.8571230513 1848775.9856229883 -3248393.1043483373 223111.20476481758 1085146.8674672495 141617.68826010815 1992777.9555664833 -2253073.764024507 -1882589.78822076 -595302.5467324901 33416307.936415516 -2501332.5766739473 512113.86442850303 2876981.520175912 -1787632.4222179286 2077105.9853310494 1548593.6201251918 2687106.0412619985 -565771.1311410539 2009162.2231409468 256870.82768214014 144054.71953796217 -2769264.0550258853 246214.39144830988 124594.4936355717 1904163.2245264875 -1783431.6443879686 -1202195.764084596 2626426.3407608652 -1472888.8942002375 -1431954.827382031 -584059.8170551518 1384483.9819103149 232764.24450984973 -1184608.694276945 -143261.54082756664 1918595.6908088683 13418.706402707683 3419236.147206484
-213551.13478152518 1818983.2225866746 1575409.1999267917 -2144618.090783049 2442203.166737437 196.60751322210743 -419902.00435777765 1263777.629842918 -150911.93264795083 1263866.3736426283 3359669.4175367937 -2501332.5766739473 35339335.7827021 -391959.42547990277 1933803.2010803379 1229537.7897136575 -281556.77203367115 -521775.6150025384 -791971.8165285183 -1507549.728492565 202586.57318611335 -2781424.585986093 290234.1290502095 -152495.5357913003 869413.7297485712 -356600.34235062357 -4237691.8422922315 65276.536118135424 1842723.3364043063 815104.7104723037 -644518.8930024623 -614428.4135142174 1860353.4181220476 311016.1517135138 286676.2299104301 2005698.0506133083 -817454.0388938886 -593388.436316129 751735.6546669498 1180256.9220269881
1425852.7508158658 33984.044267369194 -641872.0591702756 -2037338.0088453947 -2719877.8365524267 1022093.3089906756 1688875.5156937484 268040.3372529631 -434736.11917158536 1706131.6137499968 -447215.0906170069 512113.86442850303 -391959.42547990277 32297228.394454047 -144987.51789781704 -1685156.9348894267 -1154820.2132553048 -737270.6692594726 -115777.14694561898 311761.6678430408 2154683.5840057353 512098.4492481004 1284292.578043039 -576175.3869909149 -2816743.6277250517 1233122.4145722429 956604.7116446038 803814.4131035951 3783536.0720930826 -981554.4016321062 -2219157.46142293 3175540.3087114054 -263218.6754522008 -1861834.6391838025 3086720.4529625676 -543814.636773193 771894.2512690487 -100856.90072649361 340617.9489350953 -796653.3372071164
907901.5630512668 -1610934.3383351846 -140805.7637596507 498977.0216468685 -66973.46035906627 3070689.383974663 -1012082.8073265819 -1218149.6870403911 766224.5153920772 -791344.7387317276 386633.4455971055 2876981.520175912 1933803.2010803379 -144987.51789781704 33271286.97028503 2673102.20033582 199362.21742216425 2204382.173422008 445059.16238366085 -479326.21321526583 -209467.83877413237 412493.45786361676 -226409.32253437498 -1380693.415941011 1984450.9371816462 -3248591.626068909 -2158767.7576702693 -1270176.9245313655 49027.52495142027 1253346.719374464 -2883098.4535812275 1367935.139438588 595388.6438905766 -922535.4467160207 941657.8218454464 3379380.151486539 -512824.6523516288 -1214814.1739902673 -1575733.5792513357 -106779.71091434937
1214194.433881157 280356.1050664818 261286.26858428936 -1106485.9955456208 135268.4905910998 2100178.1752484315 -846562.3268864807 -298554.2577165002 -1486772.8006274474 435832.2263429263 -2215581.8769699046 -1787632.4222179286 1229537.7897136575 -1685156.9348894267 2673102.20033582 33535303.526423167 238561.0975879946 -77609.07406576624 -479750.2652444176 1113348.1954922029 -3425828.833255173 -4269490.786477165 577984.8620455477 1043199.2262235176 2962287.4972426808 722768.3920992112 -914910.4205109762 1342291.7287059866 -1306268.997986921 -144718.8391500197 373457.84664204164 -407995.16407783167 727884.4735264981 -1164755.3772320237 -496375.5541343829 523878.2833998374 -535507.6895347659 -473646.4627092102 -829911.1939407483 462555.8200300499
2605333.8076277324 -4615062.350062034 184276.43005563202 1424445.8228894493 -910135.9254606946 -458509.49121458846 329324.6281171364 -2839272.8552161166 -1522596.0559221264 -1153979.4447076374 -228740.05997706862 2077105.9853310494 -281556.77203367115 -1154820.2132553048 199362.21742216425 238561.0975879946 33598276.41764646 -582007.1757393684 1654816.9413007207 -1621705.9485024533 258706.81743224242 -952301.478731322 -1145982.1762321056 646803.297476125 -1259547.6866103737 -899657.6364558223 -1297449.8678331368 -2528140.9624902727 -281895.29148391396 1900619.008922231 2448889.223765904 -1763504.9721761793 695931.1479378255 -2906095.091363313 947141.9468522755 -87405.51043383704 603735.7677864861 -2631107.943895822 1177998.8676668482 -172808.9784364617
243431.94843225044 -1263412.4550483695 1180326.7916185162 -453972.8250068046 1184550.3965453578 -352295.08788935986 280738.0139390292 264051.43499943 1248751.137176696 557073.3843271034 -3556187.3600592962 1548593.6201251918 -521775.6150025384 -737270.6692594726 2204382.173422008 -77609.07406576624 -582007.1757393684 32940519.221300274 23940.986287379623 -1820760.7101734327 1687741.5917753961 151220.6446760983 -235601.65417998805 751482.8200926584 737799.2958569408 -557823.393768717 -631306.8226004078 230955.9540731043 1208596.074939545 1327012.9866347495 679593.3291459731 -1523782.429362707 1580359.9944537415 2617761.0018733097 753167.9333772128 1145474.770483357 905674.7929455126 -1168863.1801810274 -1717526.9114984435 -1265385.628640654
-848118.0829205078 -995825.3775202337 -1135694.6297168601 2416396.1095162462 651980.858708053 -2363649.519205018 -1866985.601168152 983639.5631865328 -390044.5552679543 -1283944.2730784116 1530657.3493888516 2687106.0412619985 -791971.8165285183 -115777.14694561898 445059.16238366085 -479750.2652444176 1654816.9413007207 23940.986287379623 32042734.835715435 1423615.3053631305 -2385632.2345188223 544777.8399790591 -1056688.8066631833 1567639.2253968157 -2005768.045200468 142248.90994848197 1411567.92672447 4409001.80302552 1893196.2831582548 885167.6729526907 365657.0569954505 -696827.9521426487 47703.46424672107 -792350.9921052249 464990.585513738 937748.413581845 -1062975.2043576925 -76605.56748092975 -1913831.403668988 4723.054151416188
-249558.51316156352 1774597.5264344742 -747502.1559944407 754610.9503459095 -1197532.8287382333 437555.79718998604 934035.3540001957 856235.8619557056 1082266.95993084 -1131830.5171711731 -1715140.5642665839 -565771.1311410539 -1507549.728492565 311761.6678430408 -479326.21321526583 1113348.1954922029 -1621705.9485024533 -1820760.7101734327 1423615.3053631305 33403102.557740144 -2608237.473572833 -2984.1890267483354 -1759226.4192709306 1782500.1313602882 17814.374765152963 -88764.9615274602 -144974.3055435849 1867609.8884779303 -840510.0203189676 -802049.7358051321 889594.040842071 -1486150.2575165983 -1137105.734308595 1150920.1187058452 1739603.7583335512 -1216526.1160587426 -1025519.9683029125 -408454.1888735824 957606.1490296776 1966711.4255950118
2152715.309664378 -2424541.9799330626 3130459.774278692 236208.4601145383 2389166.3632690078 -992437.2284411256 -129712.35695551512 1019975.1052563814 -3065736.818761414 1978407.285935237 2433031.6006442118 2009162.2231409468 202586.57318611335 2154683.5840057353 -209467.83877413237 -3425828.833255173 258706.81743224242 1687741.5917753961 -2385632.2345188223 -2608237.473572833 32025825.886777736 -24306.787003011726 820827.6019232473 1578447.609127861 1385606.2595213866 2274557.7104345784 479382.6130920977 174694.78945932566 -99143.65803864786 725656.5325373545 -1422632.248995396 1540124.5305713282 1564217.4088760072 1544699.0168089995 1028106.7878213522 -1209039.4864130009 -724667.5162022042 2500796.401536269 -1064688.2321377294 -2354601.7754988493
-1246966.7484915922 -2463353.969060623 110790.07556521356 1517245.2642286846 -3156776.1709794383 28240.705803281224 -674933.3667234872 -589255.8543956052 -1095688.3262103596 248436.965404866 1755467.1377485604 256870.82768214014 -2781424.585986093 512098.4492481004 412493.45786361676 -4269490.786477165 -952301.478731322 151220.6446760983 544777.8399790591 -2984.1890267483354 -24306.787003011726 32814337.98904309 2257550.6925692577 -2189923.7296023313 298737.0355470374 2742106.2762831654 2390519.4250234114 -2677112.136284299 1024592.5831693041 -2501061.1118019377 -1753460.4041184986 374724.8635831812 -3627272.5961329606 -1447891.8998461368 -1305315.5885338003 54441.29512650529 -950389.2639039974 -1986061.3226988937 1012384.3702270776 -2490604.6002704264
701626.9759376958 388713.1642492965 1270032.9149889657 192638.54649360472 -1660874.4098156046 -376621.90541233675 -2462835.1865582876 -587686.595275065 1424573.2829856605 1535683.8950894836 -527443.5714510279 144054.71953796217 290234.1290502095 1284292.578043039 -226409.32253437498 577984.8620455477 -1145982.1762321056 -235601.65417998805 -1056688.8066631833 -1759226.4192709306 820827.6019232473 2257550.6925692577 32156638.524516486 -942616.0384310426 -118519.84021637829 881586.7231288451 2424127.531112416 2060297.044659852 2183389.612585399 -2515218.99514594 1479475.6362602927 845661.4868819446 1934467.891820463 -977931.178419422 444199.14822189964 -938776.551315763 -3194764.260669472 -170440.26765786973 660862.6960163359 -1877551.8406459081
238541.9053365436 -1375068.4892849582 -2118026.3525494216 1753342.8245130356 1425590.8031806434 -1261475.717238794 -2686599.6032217247 -1516996.6415364293 -145240.9297240149 -722992.868761177 -526221.9167029039 -2769264.0550258853 -152495.5357913003 -576175.3869909149 -1380693.415941011 1043199.2262235176 646803.297476125 751482.8200926584 1567639.2253968157 1782500.1313602882 1578447.609127861 -2189923.7296023313 -942616.0384310426 34668835.191554695 -1379655.8184739512 4105074.397165571 1326407.7071576263 186251.53695385077 1093718.4485111914 486151.5261467709 1265177.8461062403 948301.3869047016 -1057180.421174314 -3014612.5155639257 731476.8683731754 629018.6812184155 241891.7206906998 -1199650.5846573955 19394.977209315533 55166.54206848394
-547346.1711489946 657974.5596778763 2431536.64610617 -754243.341520773 -3237827.5679458184 21820.42326167727 -1261668.6880219846 699436.1643873955 -480712.2274560183 1486372.65646137 -1682354.3287960235 246214.39144830988 869413.7297485712 -2816743.6277250517 1984450.9371816462 2962287.4972426808 -1259547.6866103737 737799.2958569408 -2005768.045200468 17814.374765152963 1385606.2595213866 298737.0355470374 -118519.84021637829 -1379655.8184739512 31907334.96620831 -1585553.4863148008 -449925.24779439165 1395507.4907112834 -1246549.8043867745 887704.46102616 -565848.8431773005 -1015228.6438743448 2928965.2352951644 28006.710511432328 -873852.3855279157 307751.95768678765 861355.284267989 2484016.0265982253 203535.89712442877 1669169.445320985
2161261.1578515465 -1346468.8520071427 794561.8417614867 1507097.7128904266 1730358.6333719157 -1596565.6251416446 -405288.78365235927 135928.58689746435 318424.79869433324 -758145.7451613308 687320.0090699524 124594.4936355717 -356600.34235062357 1233122.4145722429 -3248591.626068909 722768.3920992112 -899657.6364558223 -557823.393768717 142248.90994848197 -88764.9615274602 2274557.7104345784 2742106.2762831654 881586.7231288451 4105074.397165571 -1585553.4863148008 34431825.30382056 423996.04212368 -1842340.9272206975 -96015.55610005547 -646579.2260172769 1518703.7313444556 2432055.304485528 -1142428.3586388312 915260.605506434 -3645125.663703526 -626712.6464676554 617412.6105989421 -120987.97285010458 -1957604.8583847755 846826.1242609714
-1590007.4991562539 331804.3223480235 -1336511.3823912684 -1200433.1431246123 -1742236.6228464537 -281234.3425058609 667858.5993792517 -41480.15413779996 484550.92675225285 392625.2462017736 2375018.915402668 1904163.2245264875 -4237691.8422922315 956604.7116446038 -2158767.7576702693 -914910.4205109762 -1297449.8678331368 -631306.8226004078 1411567.92672447 -144974.3055435849 479382.6130920977 2390519.4250234114 2424127.531112416 1326407.7071576263 -449925.24779439165 423996.04212368 34558067.20156566 -335372.45801054116 -545666.3313410707 550647.8937732854 2320176.2544883154 -549018.2593047156 3018774.4131344105 -747666.9468960552 1764810.6195476728 -1294516.3152571637 -838854.5050668917 2136301.5674314965 1220945.0935124843 -1907401.2038603236
-2155166.956302489 3841560.4873348475 -83288.82729314978 1622658.7849593055 643369.1917159617 3273219.4784951056 -1910435.5990944123 -3032410.1671712985 -303772.5174784841 -1600181.727381393 1055825.6583391118 -1783431.6443879686 65276.536118135424 803814.4131035951 -1270176.9245313655 1342291.7287059866 -2528140.9624902727 230955.9540731043 4409001.80302552 1867609.8884779303 174694.78945932566 -2677112.136284299 2060297.044659852 186251.53695385077 1395507.4907112834 -1842340.9272206975 -335372.45801054116 35035799.03034953 967589.5313176054 1233588.6762774575 835027.1129371262 301846.2262479057 -1950602.940808555 -2317534.6419206895 291519.9438115452 -136052.96891052704 1303902.8200948993 961306.4775453785 -3582685.6832346125 -467799.0098101917
1312385.4249046606 865706.0218445639 -1812412.2630811227 1075306.3387684696 1341090.8274113433 -1599145.493431417 1149886.667232873 4205099.850446552 399570.9467352747 227317.94169270535 -1236790.0126394106 -1202195.764084596 1842723.3364043063 3783536.0720930826 49027.52495142027 -1306268.997986921 -281895.29148391396 1208596.074939545 1893196.2831582548 -840510.0203189676 -99143.65803864786 1024592.5831693041 2183389.612585399 1093718.4485111914 -1246549.8043867745 -96015.55610005547 -545666.3313410707 967589.5313176054 33030228.300863642 1780634.9175314086 1488429.8488873723 -692891.5543888508 2236501.387173314 -2066890.9013747692 1052658.6131422452 -254671.54796993302 1221786.8541413413 -2379677.7727199355 -174992.17145603843 734592.9145231372
-406225.41270303435 1400498.0512821227 2234334.899929621 1446299.8995124435 534030.6149709846 -643653.9018958474 817137.213150501 -376112.2151988191 -1918578.2025640325 1689590.2246985685 -1159695.3353546348 2626426.3407608652 815104.7104723037 -981554.4016321062 1253346.719374464 -144718.8391500197 1900619.008922231 1327012.9866347495 885167.6729526907 -802049.7358051321 725656.5325373545 -2501061.1118019377 -2515218.99514594 486151.5261467709 887704.46102616 -646579.2260172769 550647.8937732854 1233588.6762774575 1780634.9175314086 33809677.00658663 -76612.09205312979 -5049388.130162726 -644118.2992445814 -1310937.9511541014 -3826783.8711786256 -1824779.0998976615 -3091777.5742240287 -125674.7607451035 -1628626.337022893 1808901.7139968686
-1977841.2193997393 -179491.36061955776 -2543023.7900699633 -146660.89999850275 -17817.161424492027 -368467.1915762798 -3023461.1055282103 1451192.0620674843 -81470.80657783039 2441079.6900369646 1111469.7455759717 -1472888.8942002375 -644518.8930024623 -2219157.46142293 -2883098.4535812275 373457.84664204164 2448889.223765904 679593.3291459731 365657.0569954505 889594.040842071 -1422632.248995396 -1753460.4041184986 1479475.6362602927 1265177.8461062403 -565848.8431773005 1518703.7313444556 2320176.2544883154 835027.1129371262 1488429.8488873723 -76612.09205312979 32060075.7961937 376080.0796112977 386749.24128610856 267501.0286768114 -166907.37174505682 814973.2055984051 -2417795.535473528 -2487879.9911363954 2881295.9126379266 878741.52014732
-1382121.440197137 235195.9683803335 -592403.5393937008 969987.3176288249 786268.8534832996 -480233.8602054243 -1120911.3222615877 -1633052.9526783747 3192882.451326698 284678.61958703346 -1757178.2660464752 -1431954.827382031 -614428.4135142174 3175540.3087114054 1367935.139438588 -407995.16407783167 -1763504.9721761793 -1523782.429362707 -696827.9521426487 -1486150.2575165983 1540124.5305713282 374724.8635831812 845661.4868819446 948301.3869047016 -1015228.6438743448 2432055.304485528 -549018.2593047156 301846.2262479057 -692891.5543888508 -5049388.130162726 376080.0796112977 31744701.229034998 1182487.6566734707 739380.4974334901 -979020.7109254524 -3148861.331181303 -1898206.8630886956 -857088.3384980932 1169382.20686194 -235179.6899076131
1898363.5771631352 -50400.5196297758 1427994.7700282608 -830686.7395466279 -859608.6440543646 1681286.2129394882 -621988.935422509 2909480.2154072328 1217438.9542870303 1366111.8042487002 -997484.0263671835 -584059.8170551518 1860353.4181220476 -263218.6754522008 595388.6438905766 727884.4735264981 695931.1479378255 1580359.9944537415 47703.46424672107 -1137105.734308595 1564217.4088760072 -3627272.5961329606 1934467.891820463 -1057180.421174314 2928965.2352951644 -1142428.3586388312 3018774.4131344105 -1950602.940808555 2236501.387173314 -644118.2992445814 386749.24128610856 1182487.6566734707 33279681.60518759 1082979.941404492 2955341.451293989 -2170367.2861433625 243697.91302587042 -3225706.749094385 1773873.5164964092 -765029.5462365899
465098.0487987225 1404586.1699189253 -1466035.9163511118 -129872.9746133436 -1272148.5381324594 -1034886.116191019 135573.06252669194 1724919.5296262023 -785118.6729042489 -380378.38772081106 2018137.9159389178 1384483.9819103149 311016.1517135138 -1861834.6391838025 -922535.4467160207 -1164755.3772320237 -2906095.091363313 2617761.0018733097 -792350.9921052249 1150920.1187058452 1544699.0168089995 -1447891.8998461368 -977931.178419422 -3014612.5155639257 28006.710511432328 915260.605506434 -747666.9468960552 -2317534.6419206895 -2066890.9013747692 -1310937.9511541014 267501.0286768114 739380.4974334901 1082979.941404492 35943196.621922575 -1320102.9096149225 2334130.1629782296 1239792.033064128 401899.58809954004 4132499.481145832 3624001.2855885644
45895.216641900355 -2250946.3788442747 2026677.4547928357 -1913682.7494490393 488034.2325302548 401320.48096679564 -1301909.7695584034 153708.57711746483 -821842.3622958079 -1480665.5142996844 1572204.6468166185 232764.24450984973 286676.2299104301 3086720.4529625676 941657.8218454464 -496375.5541343829 947141.9468522755 753167.9333772128 464990.585513738 1739603.7583335512 1028106.7878213522 -1305315.5885338003 444199.14822189964 731476.8683731754 -873852.3855279157 -3645125.663703526 1764810.6195476728 291519.9438115452 1052658.6131422452 -3826783.8711786256 -166907.37174505682 -979020.7109254524 2955341.451293989 -1320102.9096149225 32649311.126826085 593692.0972775567 -2424083.190683186 -1926772.3212885882 1226398.5786983662 -866854.4249295234
1054412.935197179 -1350172.2895282835 289184.7357000363 -2696339.55393034 -510373.3957938707 -425053.47429432854 -114161.10512455927 129018.67764957195 144412.8192248759 -591452.7150399332 1057457.2688164343 -1184608.694276945 2005698.0506133083 -543814.636773193 3379380.151486539 523878.2833998374 -87405.51043383704 1145474.770483357 937748.413581845 -1216526.1160587426 -1209039.4864130009 54441.29512650529 -938776.551315763 629018.6812184155 307751.95768678765 -626712.6464676554 -1294516.3152571637 -136052.96891052704 -254671.54796993302 -1824779.0998976615 814973.2055984051 -3148861.331181303 -2170367.2861433625 2334130.1629782296 593692.0972775567 34329127.02938429 200815.09619007187 273005.56459508 -915730.0292741186 1877019.6810627584
383860.7693091714 1705892.284758865 241045.57410597338 -340454.2667096039 -1351765.2645624566 -166086.8334207005 -784362.1019211707 2040399.6054087793 -1279694.6923738932 -1825174.0661679003 -2008845.975939693 -143261.54082756664 -817454.0388938886 771894.2512690487 -512824.6523516288 -535507.6895347659 603735.7677864861 905674.7929455126 -1062975.2043576925 -1025519.9683029125 -724667.5162022042 -950389.2639039974 -3194764.260669472 241891.7206906998 861355.284267989 617412.6105989421 -838854.5050668917 1303902.8200948993 1221786.8541413413 -3091777.5742240287 -2417795.535473528 -1898206.8630886956 243697.91302587042 1239792.033064128 -2424083.190683186 200815.09619007187 33214528.89450939 -3633.1001964750726 -1487007.2482096646 -1340451.4032451687
3615003.5972515037 1037560.1195794555 -44871.29403838913 -2188499.81724763 1109639.6484841967 -326578.76542296796 -1103932.6961079042 -4344836.279669241 1536305.9874508756 -1298174.466692125 -2540975.3763943557 1918595.6908088683 -593388.436316129 -100856.90072649361 -1214814.1739902673 -473646.4627092102 -2631107.943895822 -1168863.1801810274 -76605.56748092975 -408454.1888735824 2500796.401536269 -1986061.3226988937 -170440.26765786973 -1199650.5846573955 2484016.0265982253 -120987.97285010458 2136301.5674314965 961306.4775453785 -2379677.7727199355 -125674.7607451035 -2487879.9911363954 -857088.3384980932 -3225706.749094385 401899.58809954004 -1926772.3212885882 273005.56459508 -3633.1001964750726 34723841.65305397 -412292.29741132964 -155573.24418029882
281354.928061029 -3066176.7153952233 -631407.4007875642 -528451.8067119251 -1065838.1260535368 825436.0265683918 234377.65037419586 623664.7803644285 100484.14496717237 2526337.731224018 352378.5520538534 13418.706402707683 751735.6546669498 340617.9489350953 -1575733.5792513357 -829911.1939407483 1177998.8676668482 -1717526.9114984435 -1913831.403668988 957606.1490296776 -1064688.2321377294 1012384.3702270776 660862.6960163359 19394.977209315533 203535.89712442877 -1957604.8583847755 1220945.0935124843 -3582685.6832346125 -174992.17145603843 -1628626.337022893 2881295.9126379266 1169382.20686194 1773873.5164964092 4132499.481145832 1226398.5786983662 -915730.0292741186 -1487007.2482096646 -412292.29741132964 33972986.014564425 814150.3353689981
2421764.458333313 326296.7899737534 -735869.8801075306 -631921.5919866065 2517834.191338942 512420.9247571549 803941.7707774024 1683871.42635515 -2790181.2538116765 112342.76155156421 -1280557.921878771 3419236.147206484 1180256.9220269881 -796653.3372071164 -106779.71091434937 462555.8200300499 -172808.9784364617 -1265385.628640654 4723.054151416188 1966711.4255950118 -2354601.7754988493 -2490604.6002704264 -1877551.8406459081 55166.54206848394 1669169.445320985 846826.1242609714 -1907401.2038603236 -467799.0098101917 734592.9145231372 1808901.7139968686 878741.52014732 -235179.6899076131 -765029.5462365899 3624001.2855885644 -866854.4249295234 1877019.6810627584 -1340451.4032451687 -155573.24418029882 814150.3353689981 32421541.953600794
