30968254.731153455 2175076.073204797 5282801.96800774 -934521.4017462627 808849.5440274942 -360149.4839829526 265909.48718039494 1709401.057454291 -2817586.4309790004 3347534.933114623 1903875.6955430245 -1191391.5945256148 -1225747.7865157074 1769347.186364654 3077807.9339499027 1637590.5195327103 2102725.867815443 2371344.1348605296 4161236.410275736 1756150.873088935 -2943903.5337985056 -212051.70836254247 3533500.948076146
2175076.073204797 36193011.35509147 1294845.3476548886 -1018414.3746207556 314342.0223840116 1020998.4672597825 4896898.697128297 271581.116393446 -549872.0315671979 1019967.9383896787 525256.3292592944 712625.4913956093 203967.68294819104 -1044027.3061767846 208858.30373031655 3931204.5938056116 -2253261.894664363 3246265.9697100627 -4542396.019526568 -2266083.4025624213 -792319.9844294481 -722104.3091940978 304616.86527183035
5282801.96800774 1294845.3476548886 33336580.464119148 264563.1165510234 163726.53794585165 -2868185.019631319 591728.4577578186 -1098320.1101037213 -350015.94522818667 -1385718.4114733718 3602598.9190715216 482236.6789182708 147258.96143135527 556371.7706451919 4496776.197199355 3493621.7510093055 2602076.6277027545 2677439.8062580028 998885.4235328763 3044460.3116168873 -2012906.5297567851 -1281489.0829429326 -2683999.2053783853
-934521.4017462627 -1018414.3746207556 264563.1165510234 27986928.1942443 122371.6626614251 -980678.7828611617 -216608.25865438074 1611214.4734440316 1454611.1224961532 -2872328.205674268 3020620.3020177083 -3038236.0684214407 906145.6825492312 -2061651.0245392972 2410277.3960237387 -2805777.121876756 3264262.851994134 -5333599.521314422 4058801.0613336745 -2566596.010798308 -1737698.456464562 -2144908.523384372 -3012733.952548479
808849.5440274942 314342.0223840116 163726.53794585165 122371.6626614251 32083560.358318523 -3132491.538757385 -842980.9891258385 -141674.68654121377 2409344.411555802 2235124.3437008974 -3017857.9821373583 -4198570.532280802 -2050022.6763237165 -215485.60839560616 2571386.5389591292 3779553.797846033 3546432.5382715403 499437.845827131 1605319.6142300165 -1019154.4298166956 -26407.544808813473 -3249845.7023608373 -2983913.574311522
-360149.4839829526 1020998.4672597825 -2868185.019631319 -980678.7828611617 -3132491.538757385 32029404.158741478 2457748.217064577 2723540.5294310865 957259.5520746488 6983781.645476265 -431427.3765677424 1271591.376042473 -2559101.427051834 1452107.6655716137 -1102043.6731998217 -3861469.31246068 1620173.545291083 252961.07467439177 -3308892.2994079893 39173.88505380377 105041.20597292509 138304.01942936363 262802.72203187936
265909.48718039494 4896898.697128297 591728.4577578186 -216608.25865438074 -842980.9891258385 2457748.217064577 36775241.54848257 -2250067.3649901366 2651365.6479615057 425101.5922068096 485747.6181372325 793241.8193273919 -3385455.5271737073 1664316.1867795722 -1234243.6096866464 -2517544.872195742 768198.3567897232 -142206.02931324267 2817529.832557916 -1242521.969246038 -3214912.083220738 -2898782.5220806403 954916.355272191
1709401.057454291 271581.116393446 -1098320.1101037213 1611214.4734440316 -141674.68654121377 2723540.5294310865 -2250067.3649901366 31592787.316723343 1407393.1195644464 -1969097.0997775681 110704.59834948587 2967940.9264757014 -1776850.9385931625 2416382.085397958 2875363.6404389148 -4309095.028753502 -3993183.1424250463 -3359761.0348850884 -481863.19692842994 -4883276.026290963 -2105821.6370263603 -257772.56717046 331639.7069934936
-2817586.4309790004 -549872.0315671979 -350015.94522818667 1454611.1224961532 2409344.411555802 957259.5520746488 2651365.6479615057 1407393.1195644464 33161350.81606001 -2727144.7033024016 1168921.1990048545 -2255206.248426203 -614481.537142339 -3655699.3972284314 -1801045.7035649857 -1431977.6966234636 -6549.618482175956 -2746452.16862031 278639.40373465326 2593483.934063189 -3044791.249758859 -4556281.032606446 1302673.1909881288
3347534.933114623 1019967.9383896787 -1385718.4114733718 -2872328.205674268 2235124.3437008974 6983781.645476265 425101.5922068096 -1969097.0997775681 -2727144.7033024016 37123584.59593007 -6868370.440709126 3529402.453221213 -4632952.89162001 -600901.5561650167 2509402.058394208 1185826.4407380882 51328.53380135675 643323.8777310841 -489395.8126715367 -1654142.1376407223 875093.3975350695 1567111.8622764207 975712.3345548366
1903875.6955430245 525256.3292592944 3602598.9190715216 3020620.3020177083 -3017857.9821373583 -431427.3765677424 485747.6181372325 110704.59834948587 1168921.1990048545 -6868370.440709126 32602472.7231393 -2470634.6189863672 4013155.2244076203 111796.52247618686 -5574527.858677161 -1677554.8044716816 191744.07175510196 1744034.3415007032 1673928.1168663998 -485565.1924926363 -2617664.268910226 41710.63128843484 1175661.5380736154
-1191391.5945256148 712625.4913956093 482236.6789182708 -3038236.0684214407 -4198570.532280802 1271591.376042473 793241.8193273919 2967940.9264757014 -2255206.248426203 3529402.453221213 -2470634.6189863672 32679754.92477334 -1333206.4419367423 -1083525.5107421915 1838651.0663134954 1181309.5700386234 -2971176.2966551296 697360.8417421104 -3495888.7876433153 2303578.610543365 1131994.4594320997 4289571.50020927 -2148473.036105461
-1225747.7865157074 203967.68294819104 147258.96143135527 906145.6825492312 -2050022.6763237165 -2559101.427051834 -3385455.5271737073 -1776850.9385931625 -614481.537142339 -4632952.89162001 4013155.2244076203 -1333206.4419367423 32813704.54464353 704523.6731155623 -1939724.7022604586 -2583659.734193054 2471799.579618366 -4797515.993699069 2025564.0668858741 -1185355.22485752 -4191255.49933649 2153599.730777929 5315581.995161954
1769347.186364654 -1044027.3061767846 556371.7706451919 -2061651.0245392972 -215485.60839560616 1452107.6655716137 1664316.1867795722 2416382.085397958 -3655699.3972284314 -600901.5561650167 111796.52247618686 -1083525.5107421915 704523.6731155623 35250410.27691591 351156.0318853149 -3415682.5205899146 1922484.5297991491 785649.3574770252 3935490.370167008 -1221286.9391538773 -1089321.8827230453 -1338346.2581928694 1748422.9202838703
3077807.9339499027 208858.30373031655 4496776.197199355 2410277.3960237387 2571386.5389591292 -1102043.6731998217 -1234243.6096866464 2875363.6404389148 -1801045.7035649857 2509402.058394208 -5574527.858677161 1838651.0663134954 -1939724.7022604586 351156.0318853149 33653523.65896987 3702119.6650466872 4407669.9340793695 -1718690.2992259928 -2489911.78818311 -1738713.7267494535 -1003152.1838028403 304915.89243802824 -2865225.8046213305
1637590.5195327103 3931204.5938056116 3493621.7510093055 -2805777.121876756 3779553.797846033 -3861469.31246068 -2517544.872195742 -4309095.028753502 -1431977.6966234636 1185826.4407380882 -1677554.8044716816 1181309.5700386234 -2583659.734193054 -3415682.5205899146 3702119.6650466872 33967295.15702426 723044.3906418238 63124.02752164058 -2110552.692973519 -3198989.0442734524 3431665.6106065027 -8629168.320467237 2507996.7246903055
2102725.867815443 -2253261.894664363 2602076.6277027545 3264262.851994134 3546432.5382715403 1620173.545291083 768198.3567897232 -3993183.1424250463 -6549.618482175956 51328.53380135675 191744.07175510196 -2971176.2966551296 2471799.579618366 1922484.5297991491 4407669.9340793695 723044.3906418238 32976435.808396462 -688841.2128105524 308587.1633157574 -1047133.6430613105 -3021446.3689791365 -1035924.8972031937 -1515919.5789367317
2371344.1348605296 3246265.9697100627 2677439.8062580028 -5333599.521314422 499437.845827131 252961.07467439177 -142206.02931324267 -3359761.0348850884 -2746452.16862031 643323.8777310841 1744034.3415007032 697360.8417421104 -4797515.993699069 785649.3574770252 -1718690.2992259928 63124.02752164058 -688841.2128105524 32504700.877612416 -659992.916902425 466090.4569041176 596294.2305339794 2795013.2432833933 -649665.7715993732
4161236.410275736 -4542396.019526568 998885.4235328763 4058801.0613336745 1605319.6142300165 -3308892.2994079893 2817529.832557916 -481863.19692842994 278639.40373465326 -489395.8126715367 1673928.1168663998 -3495888.7876433153 2025564.0668858741 3935490.370167008 -2489911.78818311 -2110552.692973519 308587.1633157574 -659992.916902425 33906161.33349212 -2357123.1366963335 -2964224.412320335 1001208.2503060454 1806388.0204700031
1756150.873088935 -2266083.4025624213 3044460.3116168873 -2566596.010798308 -1019154.4298166956 39173.88505380377 -1242521.969246038 -4883276.026290963 2593483.934063189 -1654142.1376407223 -485565.1924926363 2303578.610543365 -1185355.22485752 -1221286.9391538773 -1738713.7267494535 -3198989.0442734524 -1047133.6430613105 466090.4569041176 -2357123.1366963335 32825216.72901751 2092460.1205057113 761186.3039137146 -1770410.754511574
-2943903.5337985056 -792319.9844294481 -2012906.5297567851 -1737698.456464562 -26407.544808813473 105041.20597292509 -3214912.083220738 -2105821.6370263603 -3044791.249758859 875093.3975350695 -2617664.268910226 1131994.4594320997 -4191255.49933649 -1089321.8827230453 -1003152.1838028403 3431665.6106065027 -3021446.3689791365 596294.2305339794 -2964224.412320335 2092460.1205057113 33677846.88520519 -3650686.8337349365 1950791.179469976
-212051.70836254247 -722104.3091940978 -1281489.0829429326 -2144908.523384372 -3249845.7023608373 138304.01942936363 -2898782.5220806403 -257772.56717046 -4556281.032606446 1567111.8622764207 41710.63128843484 4289571.50020927 2153599.730777929 -1338346.2581928694 304915.89243802824 -8629168.320467237 -1035924.8972031937 2795013.2432833933 1001208.2503060454 761186.3039137146 -3650686.8337349365 33011858.763272915 -481321.3169827113
3533500.948076146 304616.86527183035 -2683999.2053783853 -3012733.952548479 -2983913.574311522 262802.72203187936 954916.355272191 331639.7069934936 1302673.1909881288 975712.3345548366 1175661.5380736154 -2148473.036105461 5315581.995161954 1748422.9202838703 -2865225.8046213305 2507996.7246903055 -1515919.5789367317 -649665.7715993732 1806388.0204700031 -1770410.754511574 1950791.179469976 -481321.3169827113 31918436.296996247
