36253723.96850331 1720130.3142580122 -8109408.944728947 -5836782.936331215 8094536.3459364325 -6773490.413323279 1825885.1151224088 5031438.247761384 -2219776.7636718047 -14311762.056009635 -12571961.78565757 -10965609.871223632 -1656202.4778904424 940078.146462551 -14536617.398291856 9051138.118248295 10643674.11524867 4459156.648721488 -2150236.102500662 2698990.4496814874 13042809.02968248 -5076779.527596809 -3899146.7304133303 -7787325.895291764 -1183743.9682018668 -4639026.976001033 3773688.3440068164 -8297397.013047323 9092032.695771825 -7432974.094815269 3903517.2674076688 -1617203.6241296818 -14043690.379625324 -12579409.155934999 451585.13048694906 -903378.8763728227 3108709.2493915902 -5976994.889887971 -1339960.301842744 942470.6633482224 2939940.692107571 2469394.2598171523 1197654.7717945012 -1369832.3873118854 4980480.688907842 -16107171.484284513 -1334649.7234827667 8791771.994084604 8271910.390269194 4032292.1984998924 -12253585.073189737 6387993.147008481 7927956.647647102 9161456.226331286 8135001.53730778 -3299511.131774115 -4165866.9806411993 5373907.001637818 3345865.394578113 5545771.623955153 993014.8377757245 879419.04336319 -6071707.728699706 7666487.103573631 4915093.2672065 303486.8583258924 -8535655.762367057 -9755014.927383525 5444302.764892574 6605984.068955351 6287201.614992355 -5592159.2553542415 4387329.284492223 -6814436.262153206 3658078.0575048267 -3487997.4374501 -10958016.501367666 -4898346.429004859 -10705005.755137816 -11272416.807074573 3234032.063942271 4896544.766347663 -2304624.9054789175 10204865.56996537 -4592396.999438854 -8026285.250934705 7680773.246309895 1390732.8502381693 8803445.96798252 10865609.527847888
1720130.3142580122 35792509.51689134 8431682.445974952 9222740.80448486 -1947923.382659753 5290795.135551128 -14354281.386882735 -3307719.4387404947 -524626.4536830528 -17500438.705222066 -4874562.590164002 -5729735.183066998 -5025677.476227035 6044766.754906107 3266533.4735604706 -3956489.318630917 6268477.592271376 -13990937.441060277 8427148.74083396 -6168268.010242758 1218857.3240782055 4287749.255218972 -6036999.399071733 5329646.512775357 6149375.125726653 -4324552.035316096 2657027.373738519 -11293772.642808395 -10472077.46994369 470385.07282879244 3174163.046906531 -5772363.834541191 -7871672.961799296 -14168537.166596953 -6604382.660158536 -7429055.943301982 6496831.994253827 1241804.6381250161 -8364876.398977513 -17114269.79175009 13602386.671105444 527855.3237269246 -3227276.44687328 3855569.522540109 -7748703.511042272 -11123259.249230323 -399223.6341907458 -6014635.431852158 3201805.4693210097 12312627.826186167 -15707045.813295659 2405867.4819595213 9310403.04623286 -2014219.6594226705 2571474.6231671134 -301285.2503673376 -6430068.732908695 -10162773.988593444 8636566.80990236 -6759586.113550429 -10911693.332584435 -6640756.284501777 2695633.9721695716 11772868.32854814 13539476.380627597 -3645204.661417274 11848198.672945354 -12856096.094530419 8626384.206430994 6264012.900734945 -5444239.68969308 2830479.8107504593 2910222.744442783 4901998.795336864 -101003.48083614475 4347650.049968844 1498631.2900354469 7571022.528742514 -12450419.082948588 -3542975.7044982025 -3693260.209387717 -2875753.670753069 -10826818.63968382 9487038.162810164 11203694.65087568 -1687107.3699637295 9840401.450036047 12160169.528728705 11459167.897715993 605782.0231864396
-8109408.944728947 8431682.445974952 35217107.81831953 2177749.8438667012 -1884299.1158757454 1682409.3130889807 2863400.5559323216 -10126040.694364369 5297366.225547995 883265.7669459911 2663991.5787680317 1223361.5326557045 -4322333.060992622 2262704.047425816 8381138.325221766 -8458403.552792177 -13226793.088020505 -2559506.8230684446 6330763.884674151 -4242723.561691006 -1818491.4175837247 10087797.343129499 5073726.392330962 -2749838.596239943 12403361.90456413 -2816038.7243507337 -1362377.7209213807 3716235.0897279773 -895703.3211842175 14502392.83886935 -285033.16369512625 -2871430.190392936 8470478.649540637 2072688.4188050358 1020264.2800886246 -2361668.407723373 8088689.702325147 4789428.726409967 9892667.633922251 -5141715.49537635 -8009399.825334083 -8333523.645281615 -11604122.161833195 -119243.9244193802 -5711668.622122659 -8208005.912891744 6185151.116768526 1717324.9097910747 2720076.6981568947 5184477.114633084 8798898.025589481 -3708964.101947863 531289.5733817549 -16958889.687197886 2675947.664106361 2667976.857976025 18710879.011495855 -9024457.123627786 -12201873.520003783 -1771042.1235775359 -12628075.941090953 -12255098.845362945 24108747.094551973 -976018.8405394214 12938219.409153746 2502477.5983519233 8454734.71825268 -9040452.200136416 3791118.1049667094 10591641.54218495 5515794.363592875 11423812.079052461 10881293.330201335 884216.0687352414 -1696393.2427876196 -10892180.291450363 7792934.395276591 290507.125663332 1170062.3408843514 5470711.6714659855 -1551275.2998713185 -3643862.8482871437 -849859.9130999132 18888.90179133565 7583655.131565882 8774827.276310315 -3531685.1904886803 5345864.093460121 626534.7312126118 -11859898.286966473
-5836782.936331215 9222740.80448486 2177749.8438667012 35471661.60615463 -5888199.22841072 3169921.1757424786 -2032343.672941174 3591077.7036409266 10821409.887512514 -2170417.7714726 -5060246.125672011 -1711732.546522229 11450709.808696654 9569783.259075988 -3807675.709961903 4135631.231735138 3489527.7390908576 -911206.4559287193 -2303271.2742852964 679608.4731880543 -10243570.055992274 -3688459.993867693 -9495740.36632714 -1044184.0076034322 1444902.8377893353 19392209.67895846 -4341373.278854782 2237056.468297766 -19469246.405072764 10482278.157297557 -3633160.0930766026 9021181.292151991 -10364290.58198082 880158.6661008117 5050871.305760179 -337600.0170218659 -5393754.920757409 -3733027.3503903695 -189125.16524373408 -8282084.727183403 392694.7380902867 6179648.367181443 -937157.7581168129 9393095.367977567 -4700206.05846368 -11853663.968713816 -4651024.404787183 -1871540.5923254788 -7450096.934394441 -883580.1751648725 1833229.6446539627 4204983.697951812 -13971768.406359704 -7081945.84523762 14294759.37481593 -4128250.932556046 -2889197.998055158 12379825.290152747 1358657.7316490416 11138380.620773964 1567691.368387926 -5231253.617300156 1133341.1743089568 18738573.00377832 11124914.324967558 -1323428.3467479688 13308456.781553218 -1629813.4537845312 -9794218.28328577 11361421.501219962 -8572091.894305442 6311417.921044725 5006928.988981881 -6579455.057710356 803997.9585561106 -663001.5704823383 -1887185.7705679808 11302563.047943031 -6396312.32229586 -2645798.3872622107 456689.90624221537 5219667.943624646 819917.3433461653 -1189665.7845619326 7999620.262004341 2870969.971622529 -1272509.5976412494 12916556.428281235 -3635249.397512522 -14562537.986383313
8094536.3459364325 -1947923.382659753 -1884299.1158757454 -5888199.22841072 38077354.88012867 1934495.7134445487 -250785.01414205827 14231969.000531048 -2465370.8220355334 15424932.34637741 6654082.223820223 1539257.6423568253 8494659.502524111 2355170.5345488563 -7507233.823986926 -531472.1588376624 -4128742.916480686 7111666.649275874 -7668375.159141515 6770062.40949672 1446814.0203579455 4741730.476137968 2707159.1824311335 -10806875.407075651 -8527744.857142907 -13472536.72435885 5973407.159105744 -2401457.118978465 6728455.969107746 846515.2224781647 -7461394.191635734 3878957.983725155 613555.5375702811 -58228.88941496611 -20044507.44681042 -2750698.937865598 -2875794.1753130644 -2368224.4151018425 10944505.430852229 2650707.5475465725 -21825536.763144866 1467204.273424603 -3467648.545672617 1137791.715562942 10042855.142143501 146625.12054489678 4216614.406517152 13298908.484071262 3795281.7913762536 10988024.449163612 490436.6560680329 9424135.34973652 6598341.081843203 1362209.587690437 -10121544.578969253 -25724711.427308526 11180597.825772243 -9376265.177133685 -4504665.116224828 -1280488.2699520052 -10556064.90141065 -5521757.497340287 -9628476.64508901 10110654.150595842 -800673.7567982365 5964.437419512205 -12252841.13086315 -6674512.123152169 21306.697374527652 -17660.075006755276 13160278.092772134 -10588257.34104663 -674411.118211831 -2392985.397556821 1081135.6763252704 -6372492.410119135 -562934.4761494243 -8434663.430377947 -459313.46117986884 -1196157.4886595618 -19864753.634544868 5107382.879595398 -6208374.491393202 -2267400.5558782266 -3250642.2011450697 21295482.144315515 3104323.8319411417 10507960.574594734 1863504.6510037472 17861933.21882311
-6773490.413323279 5290795.135551128 1682409.3130889807 3169921.1757424786 1934495.7134445487 43002688.33935389 4168308.1552429753 4895910.570799654 16220317.708885316 -7592916.852884152 -12587108.741376609 -3129463.159713635 3942954.1557618687 2530123.6538318605 -8055522.005908731 7579590.489066579 -4881024.742411894 10209953.603432806 3852345.118543463 -5796376.274515566 8094813.204269688 -2098570.3645965033 9412394.234730504 -178798.55702844655 3169733.8897948326 7834923.626622834 -8718437.926148575 -10493915.674238704 -16696059.725471888 -10714743.796148883 9803189.208369514 10629323.899648748 6198479.0732834395 -4488385.952235409 -8103538.92179692 13350680.21915563 144411.55235234243 -20399612.7368444 7589944.807646202 3865458.727971672 4278122.99536516 -4258854.572593429 6013797.730707821 12041441.341401028 -7506219.212175584 -1937962.9453639898 -4875264.116179632 2719198.510621801 9016502.595755538 6806701.0095320335 14758352.793290988 -13947277.729269259 -2331517.552713447 8209195.8127433555 -10807004.25744239 1376951.8556021308 13300190.274725998 -3395289.4780565384 -1256400.045830208 -8056795.446648123 -14970817.372561362 -13673327.581021372 -10672885.08821355 10515452.650990626 5055782.775212836 13885649.788054673 13558747.505466945 4656762.527750772 7326962.771536645 -4685196.689493105 5433728.302704934 1872091.6083220658 -7276701.2104571285 2056393.7287748307 9855351.095561646 7158016.506019853 -1747233.8623287203 547859.2420353182 -747874.654257889 4308481.104849157 3194477.835412185 11324081.157160155 -7176026.050007466 -12550332.607120859 4204944.413252889 9017907.810776107 -24273059.232278407 -526739.2834250842 3964233.7838114565 -2657871.835114017
1825885.1151224088 -14354281.386882735 2863400.5559323216 -2032343.672941174 -250785.01414205827 4168308.1552429753 37313863.71371299 -8529765.744552303 2188397.4095984674 4245210.252367929 -4325054.699944954 -1470058.3798722418 9050225.591425244 -6710520.084772674 -12679458.30225183 10743646.947135475 -12185698.127259796 -2776882.1510072774 7278459.535875026 -13824686.014447752 6446049.722229717 -7338401.504071557 12027204.745932475 -7864689.958040878 -6426705.513579446 8255883.089427165 -2009133.8891098602 -7210522.5373529205 2068207.2474961276 8836839.891085647 -8202698.147131541 3519120.2501684227 3383350.2193890177 17848700.496212196 13947322.72286343 358052.72650279425 -561288.4056027929 -5986512.28572616 -3582405.9150876775 13783310.544597847 -847964.7744666141 -1573528.154330907 4132613.862765063 -1767318.6460791784 -5712085.025874932 12388910.589090072 -4218483.285874396 13428376.285569703 11354731.84815206 -12647303.990085287 3318152.7672293913 -7568694.965848623 2331404.011448613 -1141606.887229015 -1497680.4389302395 4246704.117929269 3941381.541544428 10369796.043521933 -8246664.932451586 13500548.05457772 -6954293.555401175 495611.5465139991 3571369.123642517 -2998680.520163352 -961061.4760109428 2221629.115940887 -1994484.6580823984 -4014736.4381166864 4738124.000477936 -4085013.3680943185 -580915.2895341779 -1562316.781613606 -2343544.229374237 -19657102.148549546 -5117525.578500921 -14428666.790188719 -6917689.3056282755 -5453611.37320979 19745806.78490469 2716262.5524045588 17712033.298274647 -3791696.924217784 -5097786.2432616865 -12907695.67450987 3614267.1404677085 -5387531.84231728 -6534910.739124418 2526550.271464785 -12947369.103937818 -9636022.836684264
5031438.247761384 -3307719.4387404947 -10126040.694364369 3591077.7036409266 14231969.000531048 4895910.570799654 -8529765.744552303 38090320.60974642 -9854023.11542479 6755412.594283704 -4956199.303176753 1474534.1783052864 -5393727.535879941 1769624.0046569011 -9812066.074218117 4057436.1295910934 -8025764.798363158 7543658.570104357 -9996022.071770882 20151638.976415373 -7894862.185032144 8032007.906290393 7869378.840762842 -12565249.560597751 -3536703.1097085183 -1677586.7270033206 2496459.2241904186 -1226739.046315786 -4054990.345132852 -10909105.868517246 574319.4518995897 11077285.1727601 -17873301.381955937 -11526812.95732799 -14976412.028273795 18460195.05118609 -4595045.413842963 2898136.7170413444 969609.6544945046 8738860.748892907 -9265377.75242623 -1173355.2776131278 7144587.5341126425 12938075.212081555 183711.45359495157 -14840458.190151079 1373626.9703715327 -7734286.689576941 1468737.649247054 7979729.723858174 10156229.86055368 -2127632.263325999 1787555.7597861018 -1076142.590760212 1166372.072578553 -10028537.245989177 -669436.9378943869 298468.38484210026 8743565.772348804 719746.8595350281 -7853180.462746974 -4310158.274725406 -11085887.630114695 9934509.086567419 -1774397.6752080815 22454487.689828705 -14621630.14537099 -2086039.5791526875 -12409122.041833783 7510298.59869455 8066520.240327473 -10299619.848796807 -1079744.6455800633 -7341383.571081747 4315046.084499633 8125550.473401391 -8343638.472497606 -5421305.831714945 -12789687.832790328 -2053545.6107410444 -11844872.666324237 7035386.993504327 10181260.506189538 2169284.0888508125 -16011523.651368512 12669960.08693787 -5484560.93629488 3769825.1678458666 290504.82283287577 14905077.32204131
-2219776.7636718047 -524626.4536830528 5297366.225547995 10821409.887512514 -2465370.8220355334 16220317.708885316 2188397.4095984674 -9854023.11542479 26449630.47546135 -4398851.745258968 -6938338.837417748 3372659.393189576 6133669.550887373 1113172.37290526 1640900.4581035522 12824838.192432726 -2416087.822872798 7863540.635874678 1110318.1008005377 -8320809.503374732 5026156.129139668 -10999669.685161524 -4251293.289177892 -2115399.106695642 -1454923.2578135973 11376876.67753464 -8315517.276339497 -2630713.7098205048 -3444558.76406342 2604298.099846295 4871907.468321025 5947090.542326953 8093832.25421833 -2310637.72438632 -2587525.2209709906 812566.1167481678 -4967859.986869333 -8226154.615395386 14743859.31870492 -1962206.4493338387 -4026227.1269215546 2351629.4618473663 2400783.157826576 3049110.6693003313 1326065.5095365895 1933202.2374743894 -6630633.982291754 10157759.17654115 -2237320.744637722 2161363.2200169 8104042.081102914 5813542.71334432 -7954198.210980598 -5782822.844109809 -911090.528560775 -2480508.8383377395 5780150.745594399 5326967.478525226 -11627333.669248179 6100755.70377642 -5003198.452343855 -8329808.459112123 5211232.683889386 3838316.626470054 13137934.512256213 -5792340.393870117 8182155.0127711315 1517927.8231369874 10047829.473698856 -4129021.4678309793 6022274.353317093 6465077.27898894 -3630487.068952451 2548896.642785514 13069101.348663993 -2412071.3684311206 4103322.7839500126 -1074829.0586416353 -7207045.527938474 -928183.9962884991 7991761.393512209 9894159.362546021 -6069710.980643628 -6627565.615342695 9018878.297898062 -974490.7745047464 -6676198.459444584 -681920.7136874021 4480554.345722493 -11495189.37349449
-14311762.056009635 -17500438.705222066 883265.7669459911 -2170417.7714726 15424932.34637741 -7592916.852884152 4245210.252367929 6755412.594283704 -4398851.745258968 41347188.80453123 12173448.409513947 15800089.408518502 3776318.059110172 1383910.7139951277 4444687.782148584 -5840218.235244876 -4063246.2440533414 936116.0524703949 -419620.15100706083 2828047.339657192 -16576328.676940951 -3420635.4812658494 13109729.637847263 -7010620.328616235 -5177374.895619647 -4721473.392320426 4345995.115409132 3334113.930832617 3140415.960776165 2891565.675457729 -9627329.232708719 321148.7472666636 3587126.5582280206 12967362.91509095 2454185.204032978 -448326.9210347135 -5651207.618245679 4351082.151421295 8172638.062973661 10444907.396741074 -13221536.20209961 -4625804.930596791 -6693944.460413922 -4521685.182208864 10798989.211077578 17574463.675567284 2939118.2959502754 10075582.011254106 -2577959.631562729 -1229954.5609359087 14361496.596144898 6108649.079523092 -8711487.335252391 3984461.2619845527 -4233300.601164868 -15304925.886972375 6705626.899987645 388650.3448487727 -6256564.831328515 -1984720.329631011 -1413709.8976937048 -2532824.143179665 1585858.9846071987 -1224989.4671664455 -7496210.916593724 -8635704.830194522 -9155479.080548193 3757318.647123524 -11924496.689777063 -2543710.413160924 6004450.6188840745 -4144593.352895329 -10636087.833014678 1808539.8992574397 -6808680.086641219 -11123368.327436198 12196055.196845718 -7054995.004421359 18202864.157056905 -7557843.481117583 -16674814.988777786 -300554.9115709677 9043368.850574208 -9664280.960989036 -8397442.054515354 15566694.39650593 -1308706.5825755852 3559509.971779368 -11941416.346901884 958313.1901420903
-12571961.78565757 -4874562.590164002 2663991.5787680317 -5060246.125672011 6654082.223820223 -12587108.741376609 -4325054.699944954 -4956199.303176753 -6938338.837417748 12173448.409513947 28523371.32932972 11845346.841914043 270352.17555390793 -6469825.882582658 2750967.516235618 -24203800.043451812 4748920.684357878 -2284265.2763431706 6663315.4913658835 1627815.9044876928 -8989026.283836292 7272992.6771784555 -13617861.288382754 9714563.939827792 3897054.6889049537 3089818.72472861 8089469.500156351 7893065.862921824 7053803.63910655 7021667.594598301 -9958259.954345357 4878764.05669849 15455888.034114987 13470452.93905183 1859139.085443806 -6547847.879385863 -3882644.5878137117 10512787.152432337 9378625.904698513 4807905.668373712 -4044359.189678982 8379686.904189893 -1389908.746345766 -4973754.284969248 6356924.649262285 9525595.777210439 4629216.542542752 8943327.621141996 -2593462.655853957 -6327210.391132804 -8693295.699194456 123861.60302432005 25014.14156938815 -689849.280137714 -2307938.841552382 -2816578.0910863215 -2271683.752669102 -210292.2605411805 3604592.0248792577 -7482011.67828181 5201345.049734894 9137374.416108338 -2849611.5272384454 2518152.307779271 -16622427.051534407 -11889432.360540831 -5247531.375485169 -3086324.16625789 -203597.98069555045 -784336.1379622043 -9657749.049546933 -4693886.771809874 6257749.114406825 6827814.1203540005 -16167054.296879739 1929498.3918005687 7032330.767318386 7147630.875974714 7615992.851660939 513348.48333974235 -12358962.547767736 740836.8175096246 195300.671801617 -8263623.425761487 598372.4171442823 12165713.966625929 9084486.698062742 -2492194.1023232383 -138060.35390154898 2071107.8564898781
-10965609.871223632 -5729735.183066998 1223361.5326557045 -1711732.546522229 1539257.6423568253 -3129463.159713635 -1470058.3798722418 1474534.1783052864 3372659.393189576 15800089.408518502 11845346.841914043 36167919.11033914 -10166376.472901843 -10310740.010477921 9398156.529414646 4481453.108520001 -6806603.62408478 -25401190.103456933 -1535961.0561674426 4319320.93618686 -2935581.008163482 -7302087.196578027 3864188.546226031 -1373347.710649449 7117060.548212042 2672112.5825896207 -12496752.819454806 -805782.5685864022 8227827.008782617 1337032.4801607402 1976443.5738532746 2272332.5857725535 -1780640.7241782122 3124684.932556687 -2728754.197967487 5407879.497253608 -1138211.2993228808 4427806.361471613 16562830.294430047 -2912599.17128225 2690535.482126701 -10038807.095597528 -1234518.2942670034 17146662.939957783 -9247442.335549705 6290315.703310744 -5430899.940705746 10961674.92042031 1324842.0907355174 -8088435.685309378 3692882.568325329 -11792524.283343527 2879210.7957254862 -3227436.343643261 -328954.39411978447 -13601347.161810525 -3035399.9084791234 5679795.691336837 310312.46285967407 449891.46147985454 -9761715.717379685 12283166.979309779 7989320.310759068 2411986.8923251233 -9616877.432147661 -6574996.255801905 -5050979.547875718 8040839.743184441 4085470.020636815 2073184.645504463 -212060.01197246215 -14557147.327117832 -2482175.5924393088 10258992.5564847 7132940.220229398 1812344.3208156866 -5002174.433882218 -9905872.081768053 1368632.815412112 1971598.5654317094 2987310.359149384 3812816.948707833 8089473.073413882 -4381538.095464166 -2753259.898085886 16259134.059082568 623643.9906755874 -11471406.260396658 -1795146.7809976456 344447.36764291825
-1656202.4778904424 -5025677.476227035 -4322333.060992622 11450709.808696654 8494659.502524111 3942954.1557618687 9050225.591425244 -5393727.535879941 6133669.550887373 3776318.059110172 270352.17555390793 -10166376.472901843 26045083.484321423 5464025.319252419 -11004281.893845018 -3030170.6243583467 9479914.882737018 12019351.806800395 -5624594.831141874 -7256173.995463582 -4059200.8460346228 -5541509.304807145 -2686600.7308161356 -3381388.069395973 -82939.03149543496 6819948.462764481 -657859.7980031451 8973699.743971592 2171623.969140597 3247220.3889064537 -12473766.537950583 1437532.882986064 7276749.262188847 14083848.721955927 2446960.561557481 -7985992.687365916 1086610.7489713493 -10241786.788698941 -1720794.0571812629 -5000025.598552561 -8548220.46788322 8713916.066923173 -1410494.044270021 -3714323.2086749785 11798624.532154713 4054756.6326584965 3599064.3899639477 6389081.778035303 -3298998.642835196 1486351.2761074398 3748349.559413934 11915625.041711701 -13950381.298082348 -336349.01409758336 1943037.9514851097 -2927114.9260584256 6166076.901551029 -2412373.3775643646 -1903825.4794831164 3559637.4606864736 11265448.752478208 -2056692.0757919922 -6762881.455603338 3860264.421284085 5283972.888519229 -7465460.868655788 6294143.11124036 5081401.903618367 -2333695.9048620784 -5895194.706188954 -10025158.652135022 1339294.3009562264 -1388417.3505191142 -9642833.769345883 -12081413.233821753 469934.2132251441 356262.7974843714 3570604.7153907213 11451184.258789994 3186120.3800974563 -2712130.7662420403 1416771.438054541 -5955863.30564991 -6917448.241888789 2518230.0024156333 6475999.109746332 -1394740.9607362265 10994821.879762534 -2190072.592310641 -307844.63691486896
940078.146462551 6044766.754906107 2262704.047425816 9569783.259075988 2355170.5345488563 2530123.6538318605 -6710520.084772674 1769624.0046569011 1113172.37290526 1383910.7139951277 -6469825.882582658 -10310740.010477921 5464025.319252419 24837335.96012639 3273890.72747861 -1701648.7864305526 -3243105.130419349 7280399.054655392 362277.9722441077 5661195.409324578 -1420577.1480790842 -8700381.454745365 6405504.070518848 -3572261.881702987 -609435.5970772548 -142240.88289984915 4571321.179586786 4432634.759586001 -13064596.465173222 -11545968.341990517 10425956.375489218 -6430005.812324853 -4645817.52670392 -8226161.8217472965 -6147167.5814578645 7146542.512908926 4396352.128134594 -1427234.5661899257 4689709.2435511025 -9048255.397284733 -7449424.571487006 -8672642.520332657 -11252763.9339506 -4903763.99052744 3438842.744105521 -3443520.5206648465 10508493.256348014 1559213.5322619383 8923013.708036982 1083831.6035471181 5638928.092376875 -2605206.5822974825 -2574656.8655531714 -2524693.654799673 9334682.427466981 -11361401.128760656 -4299493.107228407 -5454434.533130873 -7598627.750996251 2751454.236912165 4850654.359542465 -8927629.948268203 -6927859.935931414 3793032.004470817 6479747.237806931 -2939738.21024332 6506707.238221789 -160663.98779488023 -7976468.043363308 3023224.45812965 5648574.36776013 9921335.821808062 -5562630.783896258 11235259.630743016 922089.6169553896 1739811.0682629468 22480.06585142658 3882157.712364485 -962921.402441347 -3749676.365565582 -5394713.531896059 -5289855.791428681 -2811690.860581071 5901301.3397725895 1662902.0955725217 4477198.324450298 2500734.902320517 6662616.826959517 -1092630.3026295332 -7011971.515362948
-14536617.398291856 3266533.4735604706 8381138.325221766 -3807675.709961903 -7507233.823986926 -8055522.005908731 -12679458.30225183 -9812066.074218117 1640900.4581035522 4444687.782148584 2750967.516235618 9398156.529414646 -11004281.893845018 3273890.72747861 27129456.223549236 3292589.4115727153 -10276068.789609944 -11903843.297980407 -1196795.370895635 4407272.376027493 643795.3368489792 340554.1014942084 5426333.250517089 6180506.887847347 -3279045.509636545 -13435585.378841529 -5946859.399722327 3840078.589089183 -1694661.5509912288 6187207.779519757 9020790.370593999 -15691091.726318993 3489948.516270589 -5536454.591437557 -5319139.806586346 273638.10205732164 8398571.11822497 5908190.817004736 2166263.6010308135 -9813585.366269324 -2404724.412351788 -13329455.458065376 -3346433.6245446405 -3473792.0983567853 -11038622.73095758 9600774.979197653 7428467.411190756 -13986970.78436396 -6238990.582849255 -2212541.976518695 1864253.3618527476 -1507209.9901351845 565857.5158774927 -9916242.610607944 -1569539.5195038244 -2777938.0412314064 -137674.95077362884 -5565723.4975351505 -12219079.187765233 -2338763.08131822 -1460752.8187382359 -204379.41903676852 13909521.126631232 -11671159.284106025 1383911.5684994438 -5480386.644917544 933708.9013831951 8578972.934655434 332982.6308440773 -2523586.262905262 4870463.580014607 7262753.918985397 -3531360.9605877623 19738205.860425826 12359565.907287598 -6243630.001498382 6839986.2912446605 -4928405.484341253 -1979818.6837749365 2087191.6319650805 -1697906.0714868722 -9466902.361684792 2893786.3311908105 6013761.879038926 2983363.4232485862 -6285579.441946536 5564581.634275834 -7537362.208129042 -3436483.4726250516 -4607801.3710849825
9051138.118248295 -3956489.318630917 -8458403.552792177 4135631.231735138 -531472.1588376624 7579590.489066579 10743646.947135475 4057436.1295910934 12824838.192432726 -5840218.235244876 -24203800.043451812 4481453.108520001 -3030170.6243583467 -1701648.7864305526 3292589.4115727153 42398143.50993131 -14267352.6645054 -11026236.120686296 -12034035.310939383 662875.5200182585 9693930.03299633 -10627804.645003213 14619600.222586177 -13107797.667750768 -14616408.16916691 -4251502.381914895 -11695821.962971853 -7550222.572256799 -3526345.5600926853 226552.23852585835 10956168.701873748 -807328.1589504151 -17999448.041939795 -10736750.263761016 -5901084.900279801 7961004.519041219 -2849326.1194926216 -7165889.272990606 -4047060.321567992 503156.72689284984 -3398858.6559400577 -11249960.311857497 2083436.8615739802 10107956.326922135 -9791127.490100443 -2404867.8553951513 -12875941.580816291 -2319121.9906331804 -2128637.6987766465 1290816.7519135447 11950639.529982189 -2673334.1829344984 11118577.426425904 -2512700.888592121 -6593987.062294058 -10204590.610462653 -1213999.4312863052 2760274.701313398 -11228756.475579686 18102604.938407794 -11209045.88856111 -1816921.359198002 3647844.6903604674 -2430017.7263751295 13373526.668129748 12062450.217419254 -2201672.6100082016 5198513.623423702 6109221.373355087 -2849103.5405590143 18013552.800476067 -2316997.5815011687 -3839380.6139793745 -4285112.721458968 22920565.693491265 -9894429.364033993 -9420195.900182687 -14197712.948373139 -9136554.535971541 3487467.147712935 19873454.121222693 2454913.665480127 228065.26595213555 5921965.348094084 -2541113.4981369376 -17267274.47310028 -5312389.777395213 138142.0521083944 -7583621.905596312 2613779.396293771
10643674.11524867 6268477.592271376 -13226793.088020505 3489527.7390908576 -4128742.916480686 -4881024.742411894 -12185698.127259796 -8025764.798363158 -2416087.822872798 -4063246.2440533414 4748920.684357878 -6806603.62408478 9479914.882737018 -3243105.130419349 -10276068.789609944 -14267352.6645054 39037049.92863936 2915637.567053368 507550.67821358633 -7279914.639992973 -7122785.074924788 -1593387.3393577824 -15531738.429097781 11531942.91608556 11566372.506229624 5464547.083601183 8014436.678052332 243857.55383695557 3984867.764703391 -3630159.4756949884 -9101986.229811233 -426441.1972250539 780098.1404705865 3003387.6413324485 15816033.017776724 -16447532.030848019 2696037.3999276743 -7919332.307069308 -10047830.823747301 -3903339.541228839 16459453.594309071 13217266.1098961 1014117.0316314565 -8668471.5546537 14959281.049759312 -5258575.6776843555 -2788583.6287069395 5349231.709074904 -10572937.409734266 7445288.2604758395 -13601498.71811857 15000073.127753334 -10853810.613055104 23859343.65636569 2172470.2539169216 9675186.367568433 -2808602.309386424 39712.02168226925 21407190.13779399 -11389161.409528164 18075252.700417086 5756619.478886094 -11468924.232344508 9995703.533099182 -3525902.7379908427 -13825545.506248709 6810694.846322168 1214616.622421475 3259073.2916441555 993990.1718534274 -18619421.372974947 -3020946.9872236275 6460347.166782168 1973506.581293491 -20431165.606813285 6114285.752053269 5162863.198500736 12628995.229238847 3434557.42171522 -11686698.414666655 -8511528.662065059 8317719.265028293 2126728.787612742 231244.13185926693 -3209974.8592253416 -7608619.998420419 6514034.052368 5423491.089072762 11313494.140528299 9104174.255490819
4459156.648721488 -13990937.441060277 -2559506.8230684446 -911206.4559287193 7111666.649275874 10209953.603432806 -2776882.1510072774 7543658.570104357 7863540.635874678 936116.0524703949 -2284265.2763431706 -25401190.103456933 12019351.806800395 7280399.054655392 -11903843.297980407 -11026236.120686296 2915637.567053368 50219182.43322283 -48383.553273942736 -1048248.7163342519 381818.041289207 6656005.108693825 -8869593.568277827 -2867211.7543157185 -10902334.513280414 4012578.01819867 9351307.04990647 6362989.159398707 -2650594.7756965477 -6022428.120842839 -2829871.107089093 7621093.793636761 15090925.282307161 2888599.2467352245 -3052232.884734687 6465518.934273247 -12439560.18490781 -3995918.118471482 5402447.402086239 14871373.494620191 -16086399.481429733 22173954.687205084 1139859.8131368426 -13832455.285280343 25841905.03806476 -1362822.095905331 987942.8000682174 -333038.8581057429 -1357940.6159942294 9798172.628227545 10200511.161080547 17271571.57696204 -14391854.541141314 5388517.027887958 -1295375.2019568011 4317574.4802276045 5977609.691835278 -364363.47228859615 -5797116.006537337 -3063853.829358837 15261006.901231362 -14540260.577850852 -6501142.205353765 -1538979.6324858018 4453022.742115288 2023187.9902752195 -976865.0393663713 -5321311.658577339 -4251333.205575875 -10565718.663139699 6738042.16374217 16849437.812929388 -4889103.796113309 -11927436.934440767 -2042330.476799198 2295723.04306042 16559460.341423346 5191229.046724628 -3175959.490865584 -5228276.22251373 -9988029.845133496 10314699.703784386 -6395891.880904603 -5627863.735993313 -5342748.00510859 3787891.430767186 -6964262.149602761 1938593.512982062 4112194.3669335768 -2086917.31947815
-2150236.102500662 8427148.74083396 6330763.884674151 -2303271.2742852964 -7668375.159141515 3852345.118543463 7278459.535875026 -9996022.071770882 1110318.1008005377 -419620.15100706083 6663315.4913658835 -1535961.0561674426 -5624594.831141874 362277.9722441077 -1196795.370895635 -12034035.310939383 507550.67821358633 -48383.553273942736 33076820.113703948 -9740796.761982838 -2140734.935862316 -4183409.4467985844 -4320286.706167298 5770745.837648509 -5368870.283917446 3894966.011402608 5511414.97303902 -8285512.567854498 -7277091.237129893 -969079.4996141666 3778459.3422462502 563174.3225791209 7530815.69609141 2951323.802232662 11087110.229135342 7188860.37990225 2283745.171805092 -3896873.127055866 690672.2128676592 12498831.11261208 15922172.181733357 6642687.35948142 4160773.844798496 -4365083.528933671 -3098978.911809442 11211070.746696677 4978026.672245505 1571877.5921933039 17076899.879685864 -9680109.245384749 -9697038.315939084 -5446047.462637731 7516114.607897596 1716981.7665948872 9878015.84340219 6668362.31110091 -14891141.66947912 6599093.442708265 -11390991.848150643 -7547324.28024636 -6404941.741362643 -6052458.2195008015 -4650480.876322221 13220508.175730806 485869.94013812754 -12725601.401729725 1918875.5253902732 -15263026.528833887 6016298.405913019 -6537191.891546875 -7959081.522013485 5907976.640920414 -10622846.25585723 4491369.277511682 -11928211.070538571 -6266037.429474909 12124108.964959243 5439957.23520805 8326890.488169162 -18971791.39208139 -523469.49684802 191486.45720102292 -11609756.290951379 -10534202.79771723 4285553.514798828 -9114724.185269572 8917910.806882627 737132.1319897857 -5583289.745132271 -5563140.736251088
2698990.4496814874 -6168268.010242758 -4242723.561691006 679608.4731880543 6770062.40949672 -5796376.274515566 -13824686.014447752 20151638.976415373 -8320809.503374732 2828047.339657192 1627815.9044876928 4319320.93618686 -7256173.995463582 5661195.409324578 4407272.376027493 662875.5200182585 -7279914.639992973 -1048248.7163342519 -9740796.761982838 26008155.750640858 -5393105.830359821 4874894.35037684 145543.62379593335 -4080747.410718853 417085.64126546704 -4915277.717930484 -2343299.6164736026 13229064.457652025 -1263798.120636476 -6884787.421530911 9351576.99273569 6124933.190482377 -10861645.786620758 -11131799.729364907 -13586721.158436572 12808645.236899234 690235.2205653694 2510823.7462847363 7269693.685281616 -358449.6067922045 -9855997.35213731 -9731805.705771107 9417.605393664704 10188971.932787241 -5864163.833049785 -12466136.063092202 9697248.886288255 -12418713.43197069 -2296865.664816684 -4564681.06346657 7882064.058328558 -9849646.23875626 3653941.8693330614 -9336820.877702456 6404536.847571875 -8260928.957407034 541915.0208024087 380992.15400475846 -5735913.937609029 -931154.8890296039 -886728.0314208671 2715269.2968654768 -11531096.705273502 4278427.356495279 -6816936.3067431385 13879320.298626782 -9311394.2369269 7871905.965592482 -18053774.872454852 9803410.206651168 7922948.318800096 -7784321.830499151 3001286.161829055 11687520.927526688 7081201.358791068 7528512.23122016 -9742381.538280576 -2409705.5395165086 -11155186.500207288 3124007.1798295607 -11092458.98326371 421467.7549607934 12088154.164553188 6771352.687533984 -8878837.852663703 7324447.627103592 -2974134.125240775 -5631448.409771661 -5088192.885927424 10709638.742338717
13042809.02968248 1218857.3240782055 -1818491.4175837247 -10243570.055992274 1446814.0203579455 8094813.204269688 6446049.722229717 -7894862.185032144 5026156.129139668 -16576328.676940951 -8989026.283836292 -2935581.008163482 -4059200.8460346228 -1420577.1480790842 643795.3368489792 9693930.03299633 -7122785.074924788 381818.041289207 -2140734.935862316 -5393105.830359821 27187074.20615173 -4391175.832498373 1361129.3645454806 2199550.1775410906 -4423418.06689572 -5777042.189951647 -9350923.95162099 -14020882.29701554 1589524.7494640378 -708831.9414951634 8306568.9170462 -9971418.478220731 2552444.430113464 -5223524.9012523955 -5682810.8685440505 1869433.7321667278 5737747.138305462 -8210324.606749409 3695658.098852214 -5482777.745783832 3119984.5165048703 -3442034.8452679575 4594050.538541376 1785464.4014389035 -11809833.131221114 1631918.7413411438 -2321104.4627735806 3815900.241988308 11159248.518231042 -2662228.1642226647 -12018191.199274637 -6521915.1315514045 3664428.0887276414 4660393.205974068 -2301980.5042391596 -1919827.3577828088 657284.8128867729 5793036.634783037 -1871527.3944245907 3644000.556889297 -4168327.492498647 2660910.163531906 5473465.189239775 -5254255.512641994 -2191852.6206966066 -1556015.9066473711 547687.8269596226 1446431.1851211453 13537213.411004115 -3616248.2405720055 5213419.483184475 1208893.7954429758 -2535351.0047203526 -803937.4815498367 20672984.592032798 -3025965.490495488 -10907455.557438562 -8097654.673723913 -4232764.784377517 3204016.9524249546 12440159.855439385 -1972648.901947097 -9946680.178719746 3069729.488866157 7754261.597974556 306539.05997178 -1505072.0906275676 -11309583.584747484 7466351.811001997 -4441368.861422793
-5076779.527596809 4287749.255218972 10087797.343129499 -3688459.993867693 4741730.476137968 -2098570.3645965033 -7338401.504071557 8032007.906290393 -10999669.685161524 -3420635.4812658494 7272992.6771784555 -7302087.196578027 -5541509.304807145 -8700381.454745365 340554.1014942084 -10627804.645003213 -1593387.3393577824 6656005.108693825 -4183409.4467985844 4874894.35037684 -4391175.832498373 28393986.30215824 -6384884.874234667 4432898.427917063 -56842.60495477004 -9621031.36596408 5321722.826317901 5052023.39765722 -3698173.573102528 13611406.356634615 -6449606.36882645 4355999.368578391 2071789.9808967034 3075884.2566841226 -2114224.026234894 -1931877.2696873015 -2747589.7909826185 5083763.052878371 -8691009.609132472 6013477.786028054 -5209079.457575175 9337174.495745389 -3738504.898662461 983800.3828347599 962165.1470851294 -13180520.356923597 -2808540.915087132 -14859927.535696771 -10033398.841141773 10821039.766216509 1084772.420552527 81081.21113050853 7022104.559640503 1637338.1971046801 -9615098.520909045 4755918.247899956 11220334.669773817 -10454681.940530637 5856325.3536018515 -8116461.651329045 -1300314.0972098887 -2746086.2523476146 6185971.272571115 2738841.7846351545 -2322489.7253990024 14965105.072774645 1063856.101615635 -7155000.343316924 -2463563.1915136036 5251881.587006095 1095585.0998879713 5020669.398919129 16942103.749224734 -8269139.843306343 -7289128.698994104 -3299518.5696935332 8746243.071326133 5727524.493058446 -3980724.314624216 7985495.179673271 -9852136.114078622 2837405.7134769014 1141932.3908517791 2879602.491333951 -4953286.955241878 2476483.619998565 -2598139.8504733643 4817328.863541534 -1124521.4728846317 9738453.205894725
-3899146.7304133303 -6036999.399071733 5073726.392330962 -9495740.36632714 2707159.1824311335 9412394.234730504 12027204.745932475 7869378.840762842 -4251293.289177892 13109729.637847263 -13617861.288382754 3864188.546226031 -2686600.7308161356 6405504.070518848 5426333.250517089 14619600.222586177 -15531738.429097781 -8869593.568277827 -4320286.706167298 145543.62379593335 1361129.3645454806 -6384884.874234667 38497711.412981726 -12540662.554403141 1490329.591868835 -12841336.230396355 -2174610.424786749 -7839034.73424562 -333543.7095162263 -7959165.761585708 4299952.997249725 -15774954.389274405 -7619581.663386933 -2167453.118816725 -783371.9041715318 13681336.799820999 19457357.930690452 -4890993.523837623 -3681954.958689155 2038117.6472009395 -5597868.958768611 -27019556.10286361 76069.14031422295 -2221355.717497019 -9623726.633370109 7263737.447620866 10192349.37139614 79414.70291838824 10768446.315840125 5048219.780878551 18780877.082585238 -8658626.394138418 647359.5967899169 1389151.9784204068 -6011560.59819056 -5070957.903950659 10648053.24388365 -11389638.795363164 -3373391.4331196398 2837989.2610149495 -11361392.839541638 -9179985.580765324 8609132.137709906 -9868257.282517033 5677944.089193716 13656922.417961933 -6428914.124341543 6471872.370300602 4915291.786721155 -1547393.2622111344 9174844.68091885 -336092.03387168446 -7640711.113871831 2598205.617819141 1325640.4021135469 -11189815.838379366 -5520359.244955715 -15952975.431674447 13476277.20022232 329060.3960658109 4709066.991738955 -8534478.831264121 7249016.611677203 -2107799.1191521827 -12076936.540651767 -1792955.6489923515 -7069131.288205004 2948331.9865258206 -5038667.636392755 3016443.131826926
