33507557.92689449 -342634.8350563743 993514.926150766 1744370.2462041404 -181575.12220370187 -132356.06533045854 1216412.6778844378 -288731.46256691014 -2966225.140539049 -1284928.8666937274 239759.38479531804 -404722.62731803686 398565.6686553012 2383977.59876371 -797831.1833141943 648025.1269164956 1768079.9597132124 -2488991.7889820193 -187679.48446638213 1980206.5275645363 36385.75228504162 2166919.5985319354 1166479.9314376214 3045130.1364431116 -260790.83841389738 -1532675.3391460953 -168316.17890385183 -415100.57570098253 -1491345.9635924941 -98510.58896516825 -2896730.616038427 -2400538.4876263128 1013756.9738988221 1509472.9399437413 -484144.9437584895 -2438489.5567562585 -1966964.5993027873 -714876.5239631652 494077.7222300037 -1976426.758108686 -708621.3328605889 1306016.0765280349 -635754.4639630963 -239684.64142755888 -645452.8219126721 474973.7731977729 700898.7881323785 597033.6000258542 131342.78743032453 1336777.2823772023 -27962.859318764826 -710403.8925712549 143573.96517368418 430599.16551275016 -1978913.2761932842 16302.440440237744 -1328739.9348404703 -1406389.510053384 -687399.5726182989 -3415927.734165506 -1149233.0193773014 1373120.600374852 522800.687151292 -2451094.832395143 -2091415.1411523342 765422.3818761869 14884.931621785432 -1190239.655846141 593234.8207340607 182518.76222571105 -920437.4320107269 1184856.6551521646 -1536270.4496186404 -1098779.958486858 -400032.9413260082 -1462378.5584695148 -1335648.095751975 731657.9081406932 1771678.639096105 3268018.9396162047 -553356.2091159703 60770.66784075696 393485.3902938262 2195694.6579873795 -1826111.5904782396 -1033140.746749233 -1666551.117474568 -123966.81404673359 -2128932.0213727457
-342634.8350563743 34195637.618730076 -1559958.5007521708 419008.54871499236 -581345.7428684471 -2327834.1187879546 -274769.780207774 -273704.48750400625 849819.9552752997 -1705180.0676691716 983681.533884738 1826594.2070231247 -1252504.1847287554 1706874.907719977 -478381.722721465 2672448.702574516 -939820.0155535258 1831389.7857866657 -425214.5060592783 -859905.0551650706 -614253.5715661402 -1116051.7335210734 -814282.8269972572 -1000195.6585488472 -1661549.5960281722 2531052.0196620133 -1663589.2514892404 -1885748.779202063 2342731.197310298 -1941266.4393885098 -2102432.2402518713 425356.86005490535 2237610.110207661 696085.5936568049 104871.17662706836 -1431482.4694177478 -1091297.4868030536 2044745.6464310864 -102384.33757522068 -1939746.1437159583 947692.4026192005 -131642.0171296888 162121.1840686234 -45339.58029683606 -2600167.610755486 874905.3391522083 -798549.2322200452 -2847526.0188330896 1176573.247670104 -2908372.023862684 -861723.8194838498 29488.01956322566 -44890.20904639795 -2201341.4697188204 -10655.98856175756 -367027.09494036325 -377999.8150361752 397935.7812169328 -3189795.2082560407 -4004864.9307733118 2720570.597157065 -895467.0447153931 -165376.93329366748 -368967.8373754625 863260.6532332482 505058.23169175396 2342876.5106403357 -972263.4388727304 2064714.1890769002 1231328.51214968 -879202.42262988 -430119.0137116797 1720157.2926615942 770625.1288185064 -2002530.8825671638 -1124551.2182997896 -2766449.7242495264 1992300.7909547982 267445.3322990156 -595656.8754960009 1509381.9638268305 233627.7080843278 84313.3856772369 2677539.9440839076 140426.72508674837 1232505.1225915249 -4459999.841817594 -200821.9002636592 618469.8353536497
993514.926150766 -1559958.5007521708 33680199.35349224 2036770.4653629325 -412149.9917484111 1116825.2646405227 -2480164.4945416264 -1149635.5399951357 3665921.59949467 -251381.4248288686 1833910.5968237447 880400.5579681864 1704771.8271479013 1951117.088569606 -831541.908488893 -671007.3883565376 -1881544.9033605827 -1651197.884472872 -2214305.7097461815 26766.245338280958 2780143.8331625285 -703421.9332606895 -68661.42904089674 -3033668.137698142 1877491.159214867 -1419979.570588035 -1597895.4541990226 899255.7520627489 -636901.3788902937 -553779.1316980843 695920.8422896765 -445659.9878998841 -550957.1490751348 843913.7280133023 -3417735.734804997 1765649.7287872317 -303986.47577365034 74733.11587761932 15769.468563410297 -1331821.1019698093 -1262035.8762409077 -1141606.9345134743 16340.820348901483 -4582434.809772206 -1560526.6647127953 2698579.3417272083 451297.6769825789 -8841.70941702757 -776894.4433857272 -1042676.9308858003 -1584225.168771404 82483.33198659994 821496.5640328414 1515034.1339860484 -1090898.639670071 -2245447.790223239 -1442133.4574105253 -559229.28188056 -652117.8232148582 -631441.9106258334 -1537552.5843509503 -3279543.44353725 -1115572.8147386305 -1500374.933367465 163208.3380643379 -272758.71081279527 1558851.1394348328 -156229.99625801653 -1004229.8717044663 -359469.5942524144 -1197538.3517265024 -1043477.0447548535 314132.12807830906 1123333.1551609251 940317.4652071838 -1651209.2225170394 -357432.60039592825 -2771695.1253020447 -1886953.7105977538 -930480.4317500375 -556599.1147335767 -654611.5535305551 1237772.2762539217 -260281.37648386264 -934717.1130563808 -859684.554982029 -1924541.259405875 -1158311.9464037507 -1280274.7846991206
1744370.2462041404 419008.54871499236 2036770.4653629325 35504986.713530384 387080.72271742596 394672.7348533494 1988963.6424228402 245489.19429991054 -1038878.8287124892 2127156.6675332393 -743865.1603616924 2520487.612222847 1328301.9320869634 -1745478.5748174705 -2979000.306835957 1831637.4701567187 -1331835.3463541802 72922.15258966347 -40263.98672276554 90606.47522662829 -2119874.0789430616 28909.592702794343 110134.77402330012 295864.085284164 -416799.0030059452 301653.60519637325 1096672.037378362 2318476.3226634944 -878586.0720635952 -382794.19616461033 1124060.2045182786 -1008132.7459688446 1333467.5662055 213327.58102948032 76851.6995476058 392244.6761530127 394161.46414013626 -1837325.0862133943 -3085944.9071925525 2239740.3360109613 1990968.06606485 -750708.1131036723 -138063.15353898602 371279.80390044214 225739.99309840723 -1875174.9137285596 218075.7501049281 -1674271.1176669616 -37731.00632794936 -181738.938790673 533816.0214448486 143626.71853956603 -1510186.8163478395 2016782.3013046754 -668621.3121260311 -572204.0515712023 -375261.93530888617 -1792757.941971838 419532.8750744668 -2044187.0610384662 -368826.0797128246 -3366740.57604033 306834.46745838097 1192817.1378367986 -992976.6513542227 -2525151.8798612915 1244388.6516149999 3337769.5168957375 36009.64034500117 -200573.4969175843 3686912.555028683 -992704.7794856736 371597.7947410447 -1545431.5562064182 720797.4479810188 -1519144.846539079 -123452.6879561973 -510184.3739954647 -582076.3647407418 522707.19231847127 1514605.5378296922 -1003933.4192509098 2584787.9549407177 -178929.36280307977 -995050.4939807403 -1881491.3034961836 -990170.7829528847 2555371.4834945803 1354644.9231356815
-181575.12220370187 -581345.7428684471 -412149.9917484111 387080.72271742596 34444645.26931057 1895493.073733098 453775.05176252936 315396.0645779934 -292500.24950434366 -758617.6236252732 1676976.5341501448 -1233642.009437099 1233979.9839556266 -1042106.9459772224 2789094.590628576 -1793536.5542798925 -359262.10842662863 1033867.8546638013 525181.8729230126 677214.7604940447 -1250177.6869337952 202036.40709613013 2553284.5904356367 -2251934.21662195 123791.90983829656 -2585239.623696106 -1417516.185752401 -938256.613253103 1740734.9159055077 1470530.9613843944 1179700.2081390908 -2181420.6204700842 2561960.8640545905 907039.1485061239 16701.26821207708 -464618.41530925746 1608502.2538356148 1208831.8375812194 -955513.7801529996 103383.21537969945 1410986.0358479316 -41958.42736157703 2142007.0746381097 91157.81243627254 -1125181.052188462 -1322827.6807633876 -1972340.05764806 -1835151.7412768546 -19399.0687491158 694331.354588786 -980945.5083533196 -1170501.6398944072 -88726.53826892716 -587293.4507491398 -161523.75268791942 534190.1758392046 -243578.3483752729 2059463.5883179044 -1961328.8584111861 -2271534.1887564384 2552756.1474174717 1966807.588196235 -458396.9364198678 715810.8680137089 1671438.78947206 8457.213373000852 62133.66600373536 -962663.1346617354 3124112.7455831617 13868.882128078621 3314664.7403671755 -492773.52784719825 -2168103.54284806 -403232.7923259528 -1938723.0250562958 -2785142.4648794737 -270034.92778075335 56405.557244675976 -807787.8829159604 1291120.4280106667 493099.8899018086 -2444731.175015207 1955082.2965882698 501645.598659202 1173811.0313406507 706482.7962707097 513448.9145356473 281041.84068583976 608397.2938222223
-132356.06533045854 -2327834.1187879546 1116825.2646405227 394672.7348533494 1895493.073733098 34900919.56412054 1919554.2868273035 663911.9182898336 986944.882338272 -2552140.095008566 -1029639.2075439418 811596.1271883172 148306.72030747324 3352285.6020868965 413974.5521757857 614258.7602292511 645375.9111921951 232390.85681272548 2611619.9902667697 -710238.4818892786 788045.8391930711 -365136.71010602085 660089.1485186128 1151712.0616146259 -2523622.939532483 904353.8966067131 -921518.1342981951 -22104.687057697356 2272059.951779023 1515936.841941746 860192.3641228781 3182069.2063600305 -2433351.856797964 2467117.5021394775 -745755.2157619565 1255151.8294121926 2459110.1701814407 1330436.8073615094 715849.9709410361 -1003112.8651508054 -150966.93564160468 -860471.1803698706 -2480152.7516018124 1493510.9840312698 1814827.3034814557 -897611.8687456647 -1353780.7333263224 -343516.1775296409 1665661.864669673 -817205.9842628313 -232390.19825226252 -1383277.108058953 -1817895.5742619415 -1178624.7489809126 -1490011.0011721782 985665.0777110427 -3142625.8030063845 -158583.51263022583 617891.3069667227 -189358.0490465665 1910186.5892735396 -469867.4884568057 491743.6269957919 401348.3289310989 502410.86400302144 -2165902.58377424 -26213.128657424983 -154609.3997725065 -1861665.0567392886 259574.1439511787 704714.3287161422 672917.8762617572 1739387.188735636 -2737180.607373477 -1476257.7570536623 -1232993.5507669905 -1853587.9268628843 88625.7589824803 -785.6134468165912 1045847.8203412793 2499075.63750088 -662160.0072096454 -2664151.9989335313 -1617197.7887182261 233265.11692926724 -2108297.9107926865 889474.6759478207 -879550.6029675636 -1130021.8989305515
1216412.6778844378 -274769.780207774 -2480164.4945416264 1988963.6424228402 453775.05176252936 1919554.2868273035 33809354.458329834 1166102.038008682 -847514.4493551906 2957490.3515611105 -3859170.301655672 1515983.4327763203 1225011.5466146097 3668824.0144040207 -346035.3243292332 -247855.67022451034 481157.5591834922 722355.147592689 -307098.78172914794 3366639.6524117445 -1481208.4911382569 -2905520.3697911613 874386.9228505743 928094.9677213602 -1408981.3620591275 703741.8332014059 -665312.1115189135 570205.5384408127 295501.50108545186 -561147.4927175366 190950.3414056907 892449.5570166743 -781884.1133985264 1698530.3403492104 1937137.5885222242 -3853955.0518873916 295459.1382862978 587017.563478103 -1406131.945936495 2063559.789695583 -1006039.1130231362 -726593.8488702085 -594612.5130846635 2013098.8933427625 1945107.3936181099 -316608.8266323205 -3019594.21480048 2232824.6016941615 552003.6569796621 -947391.5423977998 -1107155.2194173064 117092.6395685854 -2049691.1212830306 -419616.3304630334 3075462.476840214 -1118046.1749889245 -1183835.2190074509 703434.1800533946 -2367734.574142086 988324.8086485674 -2185545.7124005174 -1429072.7856290245 -523552.48799497983 2892839.0102940076 -1298695.6759960395 -225755.08334015132 -1893860.3317881322 2085235.0011172858 615120.2642762372 1458435.5934734612 1845966.5787271357 -1179622.451360185 1971072.3968562772 881589.0356128324 204193.18014454635 -798250.5458451185 962665.0010071557 -455267.3638871173 -1035078.1029693044 -1822934.780613671 2176134.2685013516 3483974.8809917583 -1986023.0354401614 2546201.113031712 4828017.728049891 61353.998616436606 -2008629.2674573613 1871058.6282843517 1015870.9807246564
-288731.46256691014 -273704.48750400625 -1149635.5399951357 245489.19429991054 315396.0645779934 663911.9182898336 1166102.038008682 32659569.11304382 1047350.328049555 582353.5488178469 -2430262.2675641505 -1195756.2045058492 -121207.67570872424 1443537.601001573 260670.60691745396 -2156537.44024924 -756156.8393613964 -1485556.6949777254 -1378293.1218604853 1227108.6299928941 514242.5606700636 -489077.0703502825 61317.51858494971 1021371.0653020378 -681310.0659739493 -3427167.958134714 854416.2816307468 -2802337.5150075834 2006713.1927950776 2349889.498952284 -534237.1491740937 1254015.4932562467 2785589.8187029078 -2056911.5838939345 1953343.7005610238 988045.835125781 -2336290.003230357 95458.10096697441 546406.0394595326 -1818373.0089071242 629496.604862311 -101038.21310445287 -737019.0149632738 1953929.7353362688 336895.9323831591 544909.5512304537 212209.08547967143 -2975411.117805464 636375.2799299393 -4465574.495724886 -959155.2901221283 4384232.714514048 1586269.0462422462 -943310.1331795745 -1023544.3566185861 -215024.21573000815 -66143.01476699594 -429669.4985642084 -1569681.3689315608 286086.2051199899 -1192744.95427291 -930246.9878785915 -234690.62290052208 2095159.087621022 1032460.951589023 -1035886.8262295623 -346743.63670537045 -1320353.5125999807 162294.89931163567 -2190035.5781964557 2747564.0686656996 777947.1037903675 1877650.531329745 1845650.431780392 1911311.3704917848 -915583.0241618921 -1799860.2609147255 -232527.59247633163 635887.8538102927 -1659198.3641667597 33571.497107245654 220819.11846186864 1581369.6322926702 -1060279.531306029 1881955.2724214355 1260359.965951757 -2229308.182327351 -1680334.6696597787 1356640.5217261342
-2966225.140539049 849819.9552752997 3665921.59949467 -1038878.8287124892 -292500.24950434366 986944.882338272 -847514.4493551906 1047350.328049555 32501054.83474197 -579809.8323815566 -1717751.472107168 -895788.6575606621 147503.0517136034 -1091909.7000327634 -164796.83043323306 -835394.5487771725 -109594.78772513151 -1665211.048913551 2094252.244875442 -223924.16854623202 2238129.531701941 405350.1310744799 -1460948.5330625067 68804.35202065964 878201.8320467076 1533415.2228511577 512037.6426034481 10538.934765365986 1130161.2853681275 -1098401.935167011 571803.4682978786 1020151.0743993694 469650.6871151137 -931063.5915064556 -1663674.0167959046 533753.9403941549 -103001.84409036259 1248121.6836200885 -536811.6740122617 -811811.7349052733 39376.189012510615 -647266.4547133415 -709217.4986288944 -1617389.2317132163 292166.15953708976 2970.6330247643814 -1117761.2648769668 -619641.2839951472 -1241408.1735866638 -1762642.4872042728 -665601.2427706901 -766353.2754306933 1726497.4283635863 805366.3102570635 -226708.3782758854 2918219.9536405536 -268058.1658934737 -1463714.917515475 345285.350978972 1772620.8329406704 140601.69372142435 -1839636.821827162 -1880289.4473153139 186417.01712662991 479726.83648226206 846725.6727351403 -529498.5374426158 890233.7587257187 -1746156.070183854 1068706.3728064657 1828724.9006044862 2205360.4331494416 -1583286.8239940112 -4148501.999805508 -754974.9631831694 -776905.2986186348 -1137308.7771314417 1450324.2213471974 -1517673.0576040621 640294.9887646803 -122806.22885010764 561463.8203748445 -1009069.6848892904 -934467.4433921627 -1025886.9859180814 905581.2702624482 684654.1450676811 36656.774421717906 1653363.976267203
-1284928.8666937274 -1705180.0676691716 -251381.4248288686 2127156.6675332393 -758617.6236252732 -2552140.095008566 2957490.3515611105 582353.5488178469 -579809.8323815566 31776890.28970879 1281748.6493054493 -268679.2728782715 -19632.19169667581 -546714.9715068263 -1683092.9388050633 548037.1283825864 388044.4540221454 -2096876.793471314 968043.0775006121 641043.8286383973 -922985.7435985733 410636.78251377237 -635274.1320218269 -778919.7137762962 -549280.4973451733 -156959.75626236282 -705430.4652312242 2180369.0193020003 3424807.331870709 1781455.6359709783 2003449.6515865552 -735599.7652815318 39386.811762341546 -2079376.6552907561 1098385.276639559 -184148.07740832597 1953346.6047973565 -1312777.6975103768 -969336.8704343702 -604937.6821523259 933618.6022378643 1219241.6404465074 2461815.0563362828 1275131.2527424288 659800.2331444817 155131.6846562537 -316174.0430106441 2048976.0923720843 875760.2092651698 -423960.673959278 -1656298.9928453101 1746294.5725626675 84467.29393968993 -350558.3030598546 -588650.4254623802 -1879481.9896281075 766097.5297048372 -457406.82181715034 324597.2591011649 372350.4098760087 1051848.0302704612 847827.1838491234 -241847.13351034163 1659363.428947851 -49809.685470921024 1649429.4514336132 529980.8513404999 744654.5365807855 -395060.0874787183 -327708.89774820884 1181210.2912505434 -622368.6811852687 1407480.2005816107 143684.3054166547 -138160.57078081736 1570478.9427142914 805551.6590952136 2044718.6903000143 620276.6615187688 -232930.60876759395 -1149049.7250979994 2880129.0040214886 570174.6249476017 -1175401.1867778234 -1111877.6527981376 257349.15402406824 -1312518.1739159485 -671714.8189238112 824465.101973331
239759.38479531804 983681.533884738 1833910.5968237447 -743865.1603616924 1676976.5341501448 -1029639.2075439418 -3859170.301655672 -2430262.2675641505 -1717751.472107168 1281748.6493054493 31833721.279804055 -299167.6837136008 367365.8895340521 -297060.19617401843 689422.3987119441 -578254.857994127 -3468352.4427868556 792514.9424765434 -2924835.229525252 1121048.5868608705 1752328.9280101154 990771.9601617405 2373416.057205166 -379907.9316254253 227324.10009337182 -589194.4628589106 -1170569.7230397484 492967.57726387656 -2043073.1203775897 3139742.3752933117 -1119770.7317797774 -2116869.212597514 -1446429.8770350267 -474144.68055914674 17889.950540098114 -768980.4685278975 1496001.9935077613 -1550490.6010877877 480393.3079492804 402762.061785401 486177.53967079404 267244.03242302133 1596916.443653676 502315.3749270509 -1329639.4012203016 -754041.1557420879 -3353413.930267745 570267.504131104 -361150.15290527936 1211759.395692925 386012.46207233676 449074.0757726409 661878.1811781898 2935860.6293414123 -965175.8572560347 1331430.546014596 -391225.49367940176 557924.8884365277 2477428.2969274744 -2704636.8216116466 172596.65734400184 1854897.0913760695 -219502.429799951 -358984.33392405 -1297442.6714009386 327617.61321291624 718643.801618609 1284078.963238962 1929354.6282711998 432197.84320767876 265632.903793615 -214869.62718973745 -1717568.0445871719 -3374830.2774110837 -103323.28489480123 45132.6184733806 417142.8659067147 -159912.182180206 -222554.61415003202 145794.97245570485 583318.7177318875 -850949.449676028 -91899.79091177332 524433.4790105376 -421248.3184580754 523997.08601425844 -176081.7446988697 1279594.159106075 -576011.2735659077
-404722.62731803686 1826594.2070231247 880400.5579681864 2520487.612222847 -1233642.009437099 811596.1271883172 1515983.4327763203 -1195756.2045058492 -895788.6575606621 -268679.2728782715 -299167.6837136008 33029699.48719473 -931613.0829093391 -1862395.3518312236 2309481.6282739565 612034.1756334304 -2672668.866935923 -738700.0628437964 -473621.8516451991 -1383044.0061190305 936450.5915481122 1021734.2834580161 -2434316.6953921025 -353768.44703067874 1490889.7331113468 335087.86313414626 1483758.5149454535 -2614557.2303635916 505098.7930266937 -197360.00545374464 746553.7800104574 845316.4142642459 -1099579.3075046032 3513062.855498087 -908424.2735688849 421414.6620071206 1016107.2899977325 639759.4327396943 4114576.096019342 -2632610.3281436274 1448609.1116315748 660807.3510648585 -261288.74310523132 4111516.5219843015 495661.75333328696 423221.11265648797 -3926673.337451626 915249.8060465847 607679.678422935 -1035359.1757935032 -1902299.4029433576 -630431.4547186848 277968.88148314884 -496267.94710942643 -735350.9811170642 -1019369.2431750039 3133548.1174542396 -2125220.798116153 616378.1768330185 994860.9142442961 2576520.883193722 -576880.6818033664 -1084499.1496315508 3782338.332055436 -966070.0146665006 -898056.2540769028 686786.8739175033 124278.56807133536 -1739198.3731010593 2112453.795738709 1199615.266621721 -1243321.6617140141 -586226.6202182395 861431.7702762396 -3182954.8384590144 1185711.086569678 2255770.677851902 1988648.3977267 -180242.20136652532 1860343.9401787645 915778.1209671365 344206.29695398116 875422.9502720505 729768.2836791682 507995.3993171486 266015.81410440704 -2571876.8769997004 212229.77818722217 -3489649.522999042
398565.6686553012 -1252504.1847287554 1704771.8271479013 1328301.9320869634 1233979.9839556266 148306.72030747324 1225011.5466146097 -121207.67570872424 147503.0517136034 -19632.19169667581 367365.8895340521 -931613.0829093391 34486301.37486415 -3127208.881510029 -935692.1911835433 3029855.819565009 -787590.6235129031 2501233.935092271 -1284624.0790859985 -262456.63742655184 -924093.7282947281 -1717378.8732128062 360035.4996849233 1250066.1575308875 -280269.325796222 342728.34702658403 -317613.8652680501 971073.2946424052 -328212.37343719986 1206698.6165333742 1440869.4868992902 -422225.9967903154 -2092904.585237055 -426404.4327342576 3313910.716719488 -1183158.886418415 -1057709.6745039106 -2479810.755214136 -216736.68896131113 -756238.6454817748 -1226736.430542585 -599616.4247002071 -825999.2976663904 -713050.9346284383 1227641.9669958588 -3168711.6250231327 535190.6385297623 262132.4588816063 1452113.5659668548 -665749.4684588369 1667820.0161185933 1462507.9758647862 -2073992.8689127045 -263382.46711508743 1292364.0224645045 2776518.2745307614 -1346659.4498521206 -1285805.8881603507 2588727.623421965 -1181635.1679282377 879544.8553911543 105206.5605982263 2836899.8109482 -613692.3477597017 -4726288.430954084 -854893.5406023862 1320442.5964801589 1574041.6884957259 -1590255.6301855335 -2401591.232772387 -850814.2557241392 -1150164.8225670536 837074.4190157657 -1167846.865203198 803626.5373904896 -1282297.7615117622 997683.0072906341 -1778944.9880545908 -917772.8187211087 86646.0452050526 2815459.0604225015 -654100.549102213 -389637.9439387294 -656940.4291996656 -411112.2461947649 816874.8154263025 -1753907.1247080564 -685683.2199123801 1496567.6492803404
2383977.59876371 1706874.907719977 1951117.088569606 -1745478.5748174705 -1042106.9459772224 3352285.6020868965 3668824.0144040207 1443537.601001573 -1091909.7000327634 -546714.9715068263 -297060.19617401843 -1862395.3518312236 -3127208.881510029 31170290.345623817 -1071936.0568427609 -1014752.7145879705 423533.38887134695 908283.5023890496 1423926.9787041098 357400.6048126334 315509.4694546758 -2612066.8565690634 3299156.6192728644 773355.9758226998 -63117.30615201211 1548183.3733423506 -1249407.8975561496 2384924.553216351 -2293374.522865453 1277311.01349692 -8779.652827188787 315648.69491778954 1176015.2847732592 515344.992401955 1583461.9347529146 191336.92116397386 -816807.8693305766 369257.3527184998 -358256.770422593 616984.8108488405 -1432625.6503324779 -446852.1180561163 1018527.1050693472 59914.1608570958 -1170283.7257059948 725572.6930553243 211156.8834269215 -26064.0206598699 -872308.8131824484 996662.5906962465 -2362041.883317847 1724047.237575452 2235431.093980049 -810488.0528235203 -328077.20268056606 -279945.0730171416 -2862569.6905060583 -1605440.9254242745 -472588.1003879129 -522005.2157946604 -1285844.785425573 -1102963.455707375 -218657.60581521876 -457799.9442950226 -1461961.987699781 841256.0777143983 1944588.5629527196 -212817.80432467078 1989135.9480194447 -548251.5601592138 865965.7515699061 3495495.8717585607 -928939.1705954917 -2031340.7234813517 -1164261.4294586633 -974758.8161945868 212504.67377858036 2833695.9151389236 -2093674.8201968016 -555692.3369326753 -321672.911035111 -350598.26713880245 -842624.6618864534 925284.0259175681 1412956.2418629047 -577212.0977706538 399232.1193139535 897660.4156336064 436841.55365771346
-797831.1833141943 -478381.722721465 -831541.908488893 -2979000.306835957 2789094.590628576 413974.5521757857 -346035.3243292332 260670.60691745396 -164796.83043323306 -1683092.9388050633 689422.3987119441 2309481.6282739565 -935692.1911835433 -1071936.0568427609 34935146.16605679 -2036442.0003511552 -643962.4137543561 2685490.544794631 -626840.4396332238 -1344039.234146957 3762206.8758751214 466293.4713210322 -3519544.213496642 -1755235.2982090523 178551.7445501658 -3263364.022689805 193713.68166053406 1645498.9541312393 -513559.86871159374 492920.8361810874 -1289550.9204152713 478334.88549331605 -1008614.3610489572 -329424.93660323165 847353.6927800571 1501807.150580519 1109587.685734573 -41463.13663477539 2221043.586413075 2275918.4656101954 853288.8212098919 -1185355.7317901303 687585.4340419661 -3534804.0173952044 27606.04292503907 -93557.93531167113 -317910.27314960357 -2042346.591348805 1542930.2514209824 801397.5802881467 -215854.0358462484 -1076172.202737348 -1455639.7290118386 2025098.127709361 -1149512.15014528 -982250.9558014651 46250.78054307463 1768479.19927019 1213881.2892758367 -2604087.0825768337 1045221.5709345166 948855.2636194323 -2601967.3214422003 1412847.352732197 -490062.201198851 765776.9112424663 -900524.1376420927 1176903.9489196427 1873627.3931883113 528414.8869832718 727916.5124692841 -937585.7036652402 1687721.288770848 -1742255.6397025438 -1099969.3284092154 -959767.4531897863 -1107228.699494224 349227.2467336666 1861018.211296126 -676635.0567952687 176806.59489698193 -301309.24614967 -619611.0058874498 -196134.05262864564 2331727.324602002 1759092.7494504906 439100.5544059378 -2629619.084434224 -1432738.1930743186
648025.1269164956 2672448.702574516 -671007.3883565376 1831637.4701567187 -1793536.5542798925 614258.7602292511 -247855.67022451034 -2156537.44024924 -835394.5487771725 548037.1283825864 -578254.857994127 612034.1756334304 3029855.819565009 -1014752.7145879705 -2036442.0003511552 34365142.51599435 -437302.77701455547 2603274.4940789426 -2028717.9589443987 -336586.4530960605 300517.33420067385 -505276.7841621419 -1451873.1730721893 -208727.06733798256 -1864784.385062674 -1156478.074110287 -1287894.0035626807 -485407.032556319 1587767.1508637164 667889.8236930517 -1110198.1778199943 1008457.4401331366 -1506838.526724775 1362260.4152889927 1865285.8888376832 -805827.540415275 2399103.701688714 -1526859.665507795 -713024.9545082328 -407787.5726380615 676978.5626499503 -2994974.1831272356 1206906.6508313308 -1132381.5607313267 -1901459.0189072187 -1900467.6350018147 1287556.142226005 853580.3704897359 -1157419.896365689 2318147.210773769 -3004697.150068242 1725485.5106045816 -545331.496237988 -561647.009455372 -2591071.225776713 555302.8144995819 -1675225.7677589778 362467.58600452665 -2870085.8345755143 5182.312132827595 700519.6238480951 -495372.2949299517 57592.9733030182 28446.918386791283 1916885.6731892875 850374.2842000355 -219951.92696663868 1807494.914878025 -320761.4571059171 657104.428313611 -449167.5464478093 -2934492.789084618 1115199.0598097509 1158765.579122515 839900.0915598435 528610.1565500668 -2193763.3472780823 1041175.1750164651 424227.6620804995 1514986.0558371944 -1777106.2205157331 -2057387.9887851342 1172558.3140282342 1047115.3127949185 -1938898.4203515495 -965749.2913020898 -67785.63566893194 -691696.6305781117 -504038.00574282586
1768079.9597132124 -939820.0155535258 -1881544.9033605827 -1331835.3463541802 -359262.10842662863 645375.9111921951 481157.5591834922 -756156.8393613964 -109594.78772513151 388044.4540221454 -3468352.4427868556 -2672668.866935923 -787590.6235129031 423533.38887134695 -643962.4137543561 -437302.77701455547 35224100.21046116 1254734.3663935605 -929737.0270635763 83557.08257723221 -3289595.901533786 247182.9960574135 -4407626.003435565 2445876.0043260343 -2693707.775090716 957374.6763962384 508552.340352486 -1476053.2684594076 234288.0893584012 209296.40513070498 696510.3367391984 941795.0662494187 -358984.8506091104 -1056661.280046278 2066421.903232264 657381.0300676476 -3907963.2582713496 644983.9046245121 -1559515.7095982842 -166559.07869034313 -787018.1587960118 1000337.6817019895 -1830452.058833112 2218454.672013986 48169.014450329676 770759.3222132669 -1248135.1161655656 -892053.173572597 1950449.2482470472 -795253.6273440119 -952378.7639384689 774564.9105880067 915450.7963745506 -99962.89939384561 -797988.4595204061 989784.2516753621 1227208.8065901194 2948577.8363777604 1810723.7076619575 -707613.1784241485 -2428093.256071358 2774610.2757846797 -1135481.2639064183 -1581747.0960164163 2941142.497252544 -632085.9172337713 -1269280.4221147224 -1933233.6119142012 -844896.6997934947 1481959.924699332 -427027.5249395146 726374.2726550971 -92574.45127042668 1968064.0258589108 -5652281.556222259 -3239192.356170994 -184841.17122635763 -2179886.7737318133 1658442.1048972749 -261007.91231855127 -1168647.139928203 2013437.501102993 472780.20164585445 870852.6585046604 -3887366.198016201 -1863503.444591712 3555633.818575642 1371903.331875022 3994349.2164705675
-2488991.7889820193 1831389.7857866657 -1651197.884472872 72922.15258966347 1033867.8546638013 232390.85681272548 722355.147592689 -1485556.6949777254 -1665211.048913551 -2096876.793471314 792514.9424765434 -738700.0628437964 2501233.935092271 908283.5023890496 2685490.544794631 2603274.4940789426 1254734.3663935605 35365895.53245513 -922302.1957495689 -534038.2415320798 146768.0570122553 -1253240.1015860757 -414528.014130517 -380310.8252463616 -3265783.1636387464 -378500.5370902883 -1196744.5998859643 831440.184014775 3164109.7821962982 3800.2819772982652 -265730.45121088054 1931316.1817621684 1248604.3810501008 -967584.8318286492 3597274.669804401 2332602.346558458 -2754842.9464125894 1463962.3641101946 904514.248534575 1323143.0318649095 1827684.3872085302 1368604.5951207262 -1730600.7594889328 -2086651.6476122024 -1252343.15081702 1039725.5784243157 -151956.6696723216 -5410744.186769875 -191194.42774632046 64466.58037082849 3309731.0758397155 997495.7709688885 -1927641.4959553315 -1148595.638487914 -249577.88812168303 1391477.3293143872 -561092.01335927 2731897.4792953013 1190096.5901737341 429089.3764496488 809783.0981561315 -1597221.0887133484 1069491.5987700692 -689819.7382976485 1033556.3210082342 2256671.1391805536 47322.42602799488 1019928.0495621811 -1101229.9563023914 365744.61474359373 90970.23969345597 781365.9632140134 -402372.8732156797 280108.15041726065 998884.8197884852 -1104125.478422863 -1215947.1579351062 -99849.8155389884 -1819444.786476731 2720036.4446695745 -1820511.487672234 -1218334.4619014992 -3210495.999429512 694638.1755002327 -741244.3729753115 288136.0621934131 -544298.4761478628 150309.76925099042 1004052.0046831439
-187679.48446638213 -425214.5060592783 -2214305.7097461815 -40263.98672276554 525181.8729230126 2611619.9902667697 -307098.78172914794 -1378293.1218604853 2094252.244875442 968043.0775006121 -2924835.229525252 -473621.8516451991 -1284624.0790859985 1423926.9787041098 -626840.4396332238 -2028717.9589443987 -929737.0270635763 -922302.1957495689 31271841.369816072 -2321895.4206213397 -787194.0238071653 180951.31652360925 892387.3360824357 1836684.3681154847 -1599492.6937946933 -359725.7803680372 418666.6233949286 2430668.274520563 -729378.1583957965 -2148928.067776722 -1185466.9523369197 1884504.2281139006 2251224.6886935937 1460927.2500926177 -1856916.2873224528 -644974.1362383232 -235840.99440253386 532493.624336655 465618.83759297273 903099.6312781156 -1213628.6332497704 1025361.9817140296 -1005267.4133100215 -725451.5362590264 185281.02969058472 2107561.331969631 -1774132.7987676756 156043.7311311024 1432692.2479655875 -1672969.1620913742 503659.52777664 -3618790.833246201 2285403.8102684948 -955210.7455461393 1520391.3953751954 1186214.8908156452 -1538733.902148872 262207.4366345118 951688.6945461779 -499963.8336286308 430104.9471765644 734250.2632843687 -1139221.609507976 -2129247.8720142343 -40309.508313222155 615512.6954066899 -716792.7099695085 2454705.1153648435 563469.1962483024 -2125027.9064222877 2109251.527165788 660255.2066405172 -22344.951549776342 -185766.31717921505 -32214.25404009383 233386.41541214802 -2162853.366981175 833423.8930027819 -1438694.1229134474 -2278017.860014684 -3524920.662188721 835208.6617428336 -3837386.619894883 -1037488.5193261259 -413327.34139735386 -1418886.743179795 1657852.457469264 1659862.8661411828 -5103.553386939797
1980206.5275645363 -859905.0551650706 26766.245338280958 90606.47522662829 677214.7604940447 -710238.4818892786 3366639.6524117445 1227108.6299928941 -223924.16854623202 641043.8286383973 1121048.5868608705 -1383044.0061190305 -262456.63742655184 357400.6048126334 -1344039.234146957 -336586.4530960605 83557.08257723221 -534038.2415320798 -2321895.4206213397 33818250.807231985 -331513.61980737053 520605.75689713226 -589823.3594984706 -1880693.972225179 1318973.9396217356 -570250.3653853011 -1692695.3379892742 -1192316.5996738286 -187845.8237761065 1287194.520416694 -590757.7539645914 352522.12644657225 2137288.5045771454 977773.4705177323 1762972.6225774381 163468.90823713123 -3968601.5552589833 1034170.5198892687 -1621775.5670403286 1618574.5704949363 570827.9027138595 30398.470441789053 152273.0678586907 -1095487.9651839964 1717436.6362836896 -1204903.4363246765 -48132.512800026656 -596504.8233267971 -722158.3766706826 -459367.25506156863 -1335525.9043982239 791999.7321836716 287575.2236613134 251565.72098222046 1719142.898280726 1043896.3207503426 992201.2599039866 3923058.2343400605 223080.45976024427 -4128263.487030312 -510212.4393481896 882946.3850883675 666686.2526085285 214271.78579767857 -377249.24521730863 -307803.85440320574 2448124.9249552474 -234989.10941665492 -431621.95737908344 3324.0682478200647 2899224.1508507193 1311202.722899042 -736384.8952575243 -1854666.6877008292 -1506842.2901592292 1118757.808809958 -133497.7736609693 2053168.8738069336 -3509561.180672031 -357776.3248103931 1633195.0537904426 -2130567.498022078 1532471.148877679 1584066.2196236374 1804271.1840708118 -294778.2217638777 -821249.9643565095 -2535789.129555975 996033.5685756715
36385.75228504162 -614253.5715661402 2780143.8331625285 -2119874.0789430616 -1250177.6869337952 788045.8391930711 -1481208.4911382569 514242.5606700636 2238129.531701941 -922985.7435985733 1752328.9280101154 936450.5915481122 -924093.7282947281 315509.4694546758 3762206.8758751214 300517.33420067385 -3289595.901533786 146768.0570122553 -787194.0238071653 -331513.61980737053 34588448.21600483 -357134.71485240053 -2203383.191657605 660870.7073873357 -1937437.9518590244 -2257421.616646259 -2259365.630844379 -2419525.456012145 450436.3120285388 -1136131.7915631102 -3108873.8842822565 1393718.1080642766 -747065.2554817747 -1911957.239567116 2397048.7757514985 3566380.796661283 -1194611.4660511455 969460.1530421078 2138923.223841731 256593.56874439056 568254.7187072416 -1618424.2746939552 -361561.0287779018 -1521690.0423546697 -1151635.7899275718 -833773.7321173542 -749649.6137491433 -712700.3540458041 731642.2582250972 -1295304.60416846 -36237.943645241234 254090.87138110984 165249.71632854696 -253791.87119885918 427265.02862716146 966691.3219280818 391325.83990682545 -3003229.40028087 -1469763.943205167 -655416.4771780439 1388038.1319063362 -713428.7985322501 178608.9561980256 265002.97619176144 -292649.99773409165 4576475.496927078 -2060528.46539825 649637.5283351433 1014982.3546497993 1656068.605530055 -1717805.7574822197 1872241.7926608673 804302.4895178248 -4032569.4558589966 -2405121.5570814735 352863.145604387 -1707610.0603104846 2168040.0438369103 1778495.3694187202 -1091713.0542367953 1371196.5650063513 1745680.956148042 823455.5164686717 -1464922.2704847106 -1485318.9131363826 -813266.7609223885 -1368983.3503184281 -3187720.396046352 -877776.4503331843
2166919.5985319354 -1116051.7335210734 -703421.9332606895 28909.592702794343 202036.40709613013 -365136.71010602085 -2905520.3697911613 -489077.0703502825 405350.1310744799 410636.78251377237 990771.9601617405 1021734.2834580161 -1717378.8732128062 -2612066.8565690634 466293.4713210322 -505276.7841621419 247182.9960574135 -1253240.1015860757 180951.31652360925 520605.75689713226 -357134.71485240053 34770213.51954815 830284.5627924057 1759887.8551771836 221953.25307468706 -1606649.0194003014 -46477.87944706143 732433.970563041 1546977.287349598 -63581.51270246625 159669.76967336045 332114.8931852389 -1298932.1135955509 308642.9975841075 -1943260.8319719103 -1377234.6956429456 -2726778.614526028 2639798.9625658873 2610340.963500245 -3455735.2050132216 -42051.78288007641 2662597.5587719595 -833208.9872244925 -1068731.0874959093 -1111325.4029998407 -137499.85045630066 1868273.7168363326 857398.7111727776 -1059756.9968586874 714151.7152853196 520521.2945946664 -774305.226567271 -2070582.1523265997 3097839.820177529 -2345451.073088934 -646762.1256760571 1594018.230049424 -505814.74473397475 1984022.4538804472 167709.98203851792 1324477.7916443718 1328931.9233600697 -459811.3026200164 -1185082.3271759253 -2351373.8228542684 67022.42611731082 -1711694.737069058 -1392946.9838086881 -1132292.9099819714 2193451.1901832307 2479103.2306580353 2389440.0368405855 -686721.269058704 4377572.51018147 53599.4239024 -1693577.1927306417 1648053.465397062 2489882.5388314463 -1540069.0295730988 -453153.9140553438 -1247473.3239534616 -1687075.3724436364 -1890173.0643772595 -848956.0550148803 946360.0714040137 -616024.9761303209 2128741.8754397444 2263619.0528089977 951713.7272412507
1166479.9314376214 -814282.8269972572 -68661.42904089674 110134.77402330012 2553284.5904356367 660089.1485186128 874386.9228505743 61317.51858494971 -1460948.5330625067 -635274.1320218269 2373416.057205166 -2434316.6953921025 360035.4996849233 3299156.6192728644 -3519544.213496642 -1451873.1730721893 -4407626.003435565 -414528.014130517 892387.3360824357 -589823.3594984706 -2203383.191657605 830284.5627924057 35177248.94729788 -2236028.4206918306 -2166914.501559603 3961652.171332266 945522.8667588403 1807028.755784196 2161635.4183825734 880150.468417361 287383.87573381886 -2804769.586368895 -319082.0877630906 1241815.7173694356 -1197590.1623933236 -2666561.5610208623 -106823.47769177773 1312563.1502491294 2397.57506575046 1569627.5469348629 -694388.37912916 -1331581.8041128553 871944.8194541546 -1252802.3810534223 -671239.3092000459 -3456679.731118008 1622907.57252631 -897464.7786415905 -1193938.6846601483 1477264.8033250703 666754.7459587156 2790470.352374421 2095535.6466317312 290934.1914043499 1739584.166670197 -916352.7607274306 1225840.2300979926 3135914.3519360223 942070.4354380199 -3155922.8383104606 -1042164.1731204062 707798.4864841155 2371159.432707357 -3089202.7386289593 -305033.087046213 1025489.5607713027 -507316.0831167671 -676233.6417947591 -111730.58370833278 -2185236.3825857444 497964.1408270989 142017.45139416505 -1488670.8441934579 1284847.5737216836 38884.221437644585 -1751697.8662749208 -1519681.1028160115 416619.00857980887 -2700296.991120762 -267869.40523503686 2333176.038963012 -1224865.9343017123 2558760.6434620377 522569.15873142343 1392262.0271469136 1662931.8879930014 1985919.013990398 358830.26181661326 -951562.7633590475
