30861259.660377078 1725070.8442942156 -4624158.24393532 -548577.2131494352 550724.4863452606 662433.6619353975 -355138.7197423658 -928234.8107924109 1310754.985134901 -1421829.7420296804 4035782.586976973 2581371.8077661265 -2430397.562049817 1106815.406565681 2504303.982489776 1273219.2690089412 -864811.944465584 2072932.962123656 -249012.91309637803 491970.33339849376 1347160.1499726025 581754.4790560743 -1100211.1967456175 1217459.9286287823 -1697010.4198362823 -461612.13230761996 75939.64844146624 -1457701.7730447382 1224325.0076462794 792980.9893902622 780025.6338659665 834957.7260614503 -1741112.0819102738 -3269283.453633107 -407047.19096733496 2399962.8366587646 -1062240.5330888294 -358552.54325656063 -569341.8225860893 1578948.6748041415 -1414753.158785061 -770519.0725724999 -828288.1786253551 -2169987.412290003 717384.829554724 580679.2977915567 2130267.2414776045
1725070.8442942156 32480823.288794894 1819087.966157115 2205046.024086432 -423217.6804708858 -1551811.8885313952 -2742918.087994124 -2793479.2420755085 -160729.19868545065 -1265012.1347855125 1931611.6477822743 -2402593.161881158 -287744.39645913464 -1815445.8820278754 1161268.5492136863 700028.9928502819 2521590.362054798 -1823077.2988307572 -1089042.7939645608 -692451.81515467 -1175306.9206824019 -701664.5973115718 -70600.16098894404 -2883287.494893774 1846540.646680552 -2313956.8539664666 595916.3445521498 -401987.0055722726 2456392.066723428 -1523751.291397393 -1388229.8475404158 -2095728.113214843 -1113380.6534933306 1357124.655134669 -74945.07923799944 -1402002.0271306129 -3440641.031372155 -112278.29132419263 -192110.209136874 1880139.0735948756 -884188.2734177186 349896.5133866437 -539867.9423786681 812003.7547964583 2290187.49821507 -1973689.7980208995 -1727142.9321453425
-4624158.24393532 1819087.966157115 32931988.848575912 -813282.7611791509 -2200083.855004492 135877.29169610786 -1028794.3625714132 -1872220.2665890718 -989482.9311229825 233276.12917140892 -2283743.7501589707 -553781.8294074116 2720428.7794401012 820394.8395125972 476160.23257720564 -2280983.109874198 1761640.669460352 -2456761.190874775 -634742.2060327065 383154.5803665323 205993.17170798985 -1753220.6085735778 -665473.3444832705 -1578812.7155713257 -532119.3780558173 1308882.962204796 -842033.1594048983 3458185.0096525284 319651.3790050709 -719204.8827308834 669515.4486643753 524497.4273301009 419191.3718424211 -493100.85843473516 646343.8723574484 -1920749.6474752626 -130502.8112984029 53894.44040048884 -156016.08019705498 1418552.4802630022 -2695107.3061435632 -1193789.5663025756 539190.3525596013 2441289.5811909814 -663759.4563493748 -1267509.5287282707 -256864.8198835718
-548577.2131494352 2205046.024086432 -813282.7611791509 31582951.746649753 1557754.790893515 1173913.237005055 3233038.081966504 -1358989.008429312 3635610.0018699626 637875.2191870349 1813213.7620279703 127765.26460363339 -176461.38316487605 3764272.6197037995 -2127488.8988732044 -1680695.7755775491 1978823.9256908468 1104417.4565583256 -2140700.9054252417 -639922.2319254184 -33861.51166510074 887464.0974836731 -670859.9666763769 1745138.2644185522 -936360.9078083333 -1015265.4282313876 94200.46691831539 -1015454.3780934928 -1007100.0825639338 839241.3937091971 1362352.3259962928 -1884100.726700405 -477578.3455347436 863259.8961406708 340619.5077116395 1113976.0660341557 -892366.1339556016 -1345505.9610408067 -836115.5678357398 -1713384.103954171 1580997.0842858332 -284998.4666964949 -228864.48784977366 157543.6216369389 843991.9898349085 451444.5087066584 -1926214.4159180438
550724.4863452606 -423217.6804708858 -2200083.855004492 1557754.790893515 33000592.562205795 -1193928.8535434345 158781.89661315878 -362102.350255071 -1219920.1929919135 1735130.1863068673 126620.77557380842 807128.85030987 -1519730.8348476416 -939068.3050334968 -1375660.2766435996 -1691978.689631825 -3025620.284586872 258669.02550093102 143777.77310871598 317667.95538758877 1957316.661138056 4036681.6277605984 -1785431.568147327 1378759.7666037166 1156536.4151976597 1211224.7435899826 -2413784.09239942 -439738.6925720889 -339192.49186677067 -851137.0348189734 493914.551608495 857739.7561125499 -400160.21120065567 313250.35296791233 -655076.1334878709 -1541388.8318303004 2331164.096546614 -273756.0856770215 -1500517.6527587217 720252.793729968 3142479.075083852 1419700.945023075 -1117161.5692115081 2433815.594593464 -2097292.8657416734 -35575.94970588819 1396745.3880689042
662433.6619353975 -1551811.8885313952 135877.29169610786 1173913.237005055 -1193928.8535434345 33808193.64009678 298342.2238256888 -1059894.6446710664 60965.34548484432 -171200.64881299337 -2669802.7285912484 -849607.4691630639 2231061.1859164825 1102679.8449465958 -359678.3293956354 -2797105.59241732 174699.18595385287 885873.365333862 -832103.2050704836 -1545945.5081595324 255533.79963905906 603969.9754716257 -2072711.8045620301 2616182.9960131794 -1103966.234976795 -317365.9746622886 1516724.7035897363 1758510.0809905007 -508188.4022797074 -87489.90090994605 136656.01511772 3522410.4189947792 1529858.803691605 -103493.35815187084 -725346.9933401637 -500211.6911625128 23443.892837121162 -105200.7003491089 -3157594.011236821 749322.4309014607 -2324327.1422545207 -2068281.8259381508 3476796.7169488254 -831281.3905314078 -8014.168413557998 178844.63410353984 342573.88795635075
-355138.7197423658 -2742918.087994124 -1028794.3625714132 3233038.081966504 158781.89661315878 298342.2238256888 35024750.21418497 -750421.4387249822 285593.3240535549 -816450.0329489438 797544.6589652289 -987626.2197129109 -2206525.333677397 -1595812.326941194 -68029.51971446193 -2045941.564166746 1261111.7353094928 -2376034.062108282 854464.4041584573 -494857.2005724224 268498.092261474 -1776124.347762506 -1808828.6078415273 1361974.619220684 -404451.1408413504 811842.4822662456 1666845.0145451776 -1708970.8574415438 -1003674.08806521 1061459.6730281832 135259.45176328678 595735.009234694 2480222.22205033 -708353.0025460527 324392.94370682264 -2238066.8794371276 -3856077.1591906324 376519.1677625729 -639319.5126553528 -1721632.8381260717 585875.4368842051 -1973261.4284906564 -85653.29155122818 -1693641.6345605173 3561089.1345187603 1279897.7165979536 168221.55494243873
-928234.8107924109 -2793479.2420755085 -1872220.2665890718 -1358989.008429312 -362102.350255071 -1059894.6446710664 -750421.4387249822 35825878.6339534 -2273028.2358300732 1057554.1949878896 338465.2587276312 1088824.121049907 -161357.75445177132 -1396823.0339692396 -60582.82843954274 949252.7447972596 373561.4609223527 -826040.4679800962 -663419.8881271498 1586874.0482149287 -3044781.860452605 -351438.9406441236 -1713351.9048583366 2854606.23820887 -565652.9140953354 -3342487.0072867344 145056.3959040547 -1308510.0536395777 -598377.5791523997 -62089.20063904837 1482271.6199946757 258828.05857634466 1785653.3176919494 1120794.7669126973 2103480.6965401755 2619181.9235118455 -2360992.667525148 249046.60566188046 -1494690.5267527346 -788844.468661045 733908.4682901109 1317177.1035000996 -853151.652928793 -1107148.3038445497 -602869.3010210232 533864.0123894652 946699.6726726908
1310754.985134901 -160729.19868545065 -989482.9311229825 3635610.0018699626 -1219920.1929919135 60965.34548484432 285593.3240535549 -2273028.2358300732 33204592.1000856 2041661.960150152 -52048.91736393408 -199556.388049386 -1187220.9546676774 629179.0611918302 -2029281.7998673525 1485409.560646265 -180928.8301952646 -249499.5597427247 2051202.2561617799 -2793148.4054399026 1119368.4599600092 1209890.2879979047 1963887.1304710617 -210969.41422538983 -877926.7244896705 3223954.974283212 -2064531.5406792539 -1666908.4315481987 -482674.4748651766 -943122.8806096892 1664884.7291070477 -1699403.417292798 2441725.3972303006 1596866.7884055758 -88827.63781654664 34152.70420019263 1093404.6416836919 -1319156.8801383206 736643.2122364021 -1132020.0083377466 796925.2075049325 -274144.3939536899 1763734.2097883942 -306415.773488314 -603632.2035757338 -446828.70067333215 438619.66593840724
-1421829.7420296804 -1265012.1347855125 233276.12917140892 637875.2191870349 1735130.1863068673 -171200.64881299337 -816450.0329489438 1057554.1949878896 2041661.960150152 34883041.094225176 -292953.0573556106 1751029.3141903451 514064.1514030715 660645.7334216505 179419.57043402965 395805.33042353066 1123494.6065266745 -1059899.4316369658 -1597204.4562648924 -837860.51737307 -556175.3393942183 -342578.9350277389 -2531158.6927841785 -848736.7167173709 -577282.9594379732 993212.8323545485 490258.80119296606 1336164.2677885073 -3465357.6644479414 431729.64862196345 1112949.4138114813 658091.530928325 504869.79473849706 1435992.191923473 2153783.6761804163 574413.4716548566 927964.7961439019 -655172.8469574704 -2983905.0574047146 1612977.193732438 -1077956.6203969282 -3354261.391053448 1646934.6191645346 -854864.5387879473 -113110.21315591126 2225795.0790084708 -679537.0091435325
4035782.586976973 1931611.6477822743 -2283743.7501589707 1813213.7620279703 126620.77557380842 -2669802.7285912484 797544.6589652289 338465.2587276312 -52048.91736393408 -292953.0573556106 34761920.421933986 -851432.644284162 1382806.6729799504 -449174.26610286895 -788268.8066771446 235402.68424629595 -2387965.8914465536 -3619794.5987521354 817227.8263387098 -351022.3020200563 631683.6451486297 -1373060.1841842036 397050.3296296692 995579.0763509122 -3394988.270031071 -230987.98345557903 1335833.3818189858 1209765.531081821 402012.87378784694 -629365.4045744573 1639013.4447155637 625069.4489092543 294850.3092478215 -1111693.7541519664 -466582.16835824837 2215844.718147892 -1328995.3100696749 1654597.9555652835 -529087.138391787 1726997.0622728788 -239799.29828659646 159585.97389946127 -545870.2000017269 -1744703.928060094 -976966.7066461631 2065334.1128409612 1262555.0768257303
2581371.8077661265 -2402593.161881158 -553781.8294074116 127765.26460363339 807128.85030987 -849607.4691630639 -987626.2197129109 1088824.121049907 -199556.388049386 1751029.3141903451 -851432.644284162 31661691.918249425 305017.39115804015 1535906.8136041444 425788.0514106711 85113.89347472557 -548851.5029314952 504089.01418268797 -1958815.0245786754 -899388.4887976461 2335143.0658913665 -180527.49218889765 -3974575.787823633 1687056.6063157653 2723581.721651648 -966897.3245566932 1101903.4111759628 452825.37566221954 1453623.6673182703 1387943.1956011117 574347.6479164565 869204.1285375842 127465.18893463007 -377256.3811243668 840908.3210092812 -183021.3431478764 439113.51986425905 -300586.1994146329 -1668483.374138224 -1894011.1709585115 -753641.9671807493 -1016075.5150123229 282866.6404756258 -532750.7671353205 513826.0999687237 1412893.8360066973 -715226.858341481
-2430397.562049817 -287744.39645913464 2720428.7794401012 -176461.38316487605 -1519730.8348476416 2231061.1859164825 -2206525.333677397 -161357.75445177132 -1187220.9546676774 514064.1514030715 1382806.6729799504 305017.39115804015 35448260.47210875 1189326.9540352253 857654.9141727244 -664163.9240085512 -755144.77494291 1799908.8766437876 246149.0269842458 1472659.915487373 -1198951.5266195885 1961180.2070858749 1140034.7131532507 561768.7192119993 -3368566.2835709276 940757.7705469442 501655.0234790999 1965421.4695785493 3155816.9659552476 -3543391.011494856 -596954.8663942976 -145647.59997895337 -665958.2664196673 2855230.9570362237 -754379.8655852949 366685.3866471962 1586976.394212971 33888.500554602775 849325.6684600894 856914.4613389777 -1500920.744535062 -839842.4106724366 -1400104.6043725936 220636.20395693934 -1093644.78800007 -3013354.045006489 785321.1538818438
1106815.406565681 -1815445.8820278754 820394.8395125972 3764272.6197037995 -939068.3050334968 1102679.8449465958 -1595812.326941194 -1396823.0339692396 629179.0611918302 660645.7334216505 -449174.26610286895 1535906.8136041444 1189326.9540352253 33195440.54209598 -340571.2890482951 -1195353.2567961898 1516404.9619972128 3041434.8098678016 -2776638.9367803116 1812585.1988495793 -1717665.4738468966 1081550.1099062373 1733991.1641724699 -378411.67267471756 4602412.546032908 1784214.1857803592 -1330045.5589888107 577983.5420051266 -2787376.0252825064 1658114.037767008 1804997.6261755715 -425303.47711765626 2435157.171898896 222177.15078035917 -1700090.1167628944 -1888753.9520549618 -619049.1749301244 576061.829435967 -200545.05515998453 -707558.6647325063 1128884.872262738 2493992.8209036943 784965.0471928042 -1657792.860691505 -109942.99149242563 1002863.6838103761 718623.4247297315
2504303.982489776 1161268.5492136863 476160.23257720564 -2127488.8988732044 -1375660.2766435996 -359678.3293956354 -68029.51971446193 -60582.82843954274 -2029281.7998673525 179419.57043402965 -788268.8066771446 425788.0514106711 857654.9141727244 -340571.2890482951 31945667.55150901 -1916531.6122068784 275088.0183032147 107203.13963130051 2873867.843968926 2476333.484809216 -193737.4019452547 1965745.0938131125 1516268.0819837628 -1734134.8875192725 -71647.99790236207 756942.4457581522 3019727.0328997276 -201783.4584522559 621817.3011067031 -373644.3926525057 -1542299.8069725556 -1410219.3974282912 -850604.8697206951 205709.53492174833 1446792.3738148545 -10591.681281476753 553113.941446548 -929237.6553500445 -758557.4225670673 -1621541.3256129543 -2780399.683690977 -404646.43943975185 460582.62681892415 42297.831894827345 1856770.9602489844 1481204.9442379097 2025130.5988632857
1273219.2690089412 700028.9928502819 -2280983.109874198 -1680695.7755775491 -1691978.689631825 -2797105.59241732 -2045941.564166746 949252.7447972596 1485409.560646265 395805.33042353066 235402.68424629595 85113.89347472557 -664163.9240085512 -1195353.2567961898 -1916531.6122068784 31690334.818911288 175521.3054283641 532470.5705947176 -2436774.341906762 1314145.560427256 1952621.271358187 -221373.4864338349 2565009.4246886056 -531137.9587910477 -1074602.337240018 -1677752.1750151853 -194792.86406883408 160978.8691964118 -1531088.212688717 1629994.9000694435 -2022536.6891917677 -2028976.34029227 3610695.682559835 -1821025.179287591 -1054596.2536236881 -41132.67197533925 -1548190.2205995605 4664453.279164398 -706657.9816571571 -2036869.888684789 439834.7742734838 1862752.3598855557 1667604.4384030653 -575309.7348317539 -1393961.444329932 -1564862.428441733 -1527790.424519229
-864811.944465584 2521590.362054798 1761640.669460352 1978823.9256908468 -3025620.284586872 174699.18595385287 1261111.7353094928 373561.4609223527 -180928.8301952646 1123494.6065266745 -2387965.8914465536 -548851.5029314952 -755144.77494291 1516404.9619972128 275088.0183032147 175521.3054283641 34163644.02712471 122449.8563663366 -1324997.3594347755 355379.1294178112 -1247272.6754420877 -2796417.091115575 1555667.8636178777 -3702279.709573614 2123688.355858278 1569111.807699878 1208138.6416653881 -1993715.4779454207 -215850.19536453532 1322927.3517038634 4145170.929185181 -565178.2676805148 1188541.03731526 813498.6125545 -1323810.2302932004 -1689674.1158582608 -1732249.2040969261 -1251880.479348914 815239.0770294791 -1421380.5153350753 -1325610.1404698754 -228502.20830517673 1310103.349197164 -1877687.5749857754 1264739.2018516604 786959.7191448493 2993776.2083399543
2072932.962123656 -1823077.2988307572 -2456761.190874775 1104417.4565583256 258669.02550093102 885873.365333862 -2376034.062108282 -826040.4679800962 -249499.5597427247 -1059899.4316369658 -3619794.5987521354 504089.01418268797 1799908.8766437876 3041434.8098678016 107203.13963130051 532470.5705947176 122449.8563663366 31001039.336051587 2722033.706099543 1395721.131705942 1586949.3972590652 2135790.090159426 57719.67655031695 -2090798.955144179 -1308035.636281503 -210137.27663143005 -539565.8855047792 682430.308856065 1155501.7059707628 -1579193.8402140005 448917.8357088821 -318504.70668242784 1265378.409963501 -1193791.1552947764 -454254.6733247753 -178966.2226236339 277238.62324431486 1873257.887449699 -581883.3650060869 833452.5136454994 -351912.331947715 177537.54187152526 1404392.1925030705 46624.266265721104 935685.0721617918 -2125419.2850286304 -1198444.6443567318
-249012.91309637803 -1089042.7939645608 -634742.2060327065 -2140700.9054252417 143777.77310871598 -832103.2050704836 854464.4041584573 -663419.8881271498 2051202.2561617799 -1597204.4562648924 817227.8263387098 -1958815.0245786754 246149.0269842458 -2776638.9367803116 2873867.843968926 -2436774.341906762 -1324997.3594347755 2722033.706099543 33701292.323658146 2736393.596783213 -1124714.2712039694 -152204.0292494159 1405298.8379924658 640910.2174493253 -852179.0076502048 2432731.4203132004 -1284739.138333909 164772.31256504398 -557549.56666968 445016.4631045844 -1313363.782285425 1059604.0711129075 670752.7109336593 -1427877.7056772276 -3870672.058017463 -165957.8310142844 -1280741.8754671188 544104.6982925116 182486.0822482808 1390269.0526900084 40460.9926785239 -412361.5992279796 -1302031.497134762 -577886.6980535451 -3695076.63892557 -933477.4472081241 -1492933.4059517574
491970.33339849376 -692451.81515467 383154.5803665323 -639922.2319254184 317667.95538758877 -1545945.5081595324 -494857.2005724224 1586874.0482149287 -2793148.4054399026 -837860.51737307 -351022.3020200563 -899388.4887976461 1472659.915487373 1812585.1988495793 2476333.484809216 1314145.560427256 355379.1294178112 1395721.131705942 2736393.596783213 32973699.657992665 -1409826.487317595 635386.8691889518 1896935.4523245897 115830.3389392978 1915224.5189462446 1195685.1971518814 1618194.4442105326 -980219.0233791206 -1187692.7836114145 2611356.4958359725 1910657.6395429913 1679825.9744722499 1033879.8659717637 3436570.6262059966 -1091221.766627261 1546462.2387419222 -2463015.1531824335 -2214864.91209363 -408203.1367105112 -825431.0145843985 1838561.3258850952 -354325.0476140581 525629.1525678891 -1339691.4323970396 1578160.1626222462 -606397.3589271287 -1612971.4449805438
1347160.1499726025 -1175306.9206824019 205993.17170798985 -33861.51166510074 1957316.661138056 255533.79963905906 268498.092261474 -3044781.860452605 1119368.4599600092 -556175.3393942183 631683.6451486297 2335143.0658913665 -1198951.5266195885 -1717665.4738468966 -193737.4019452547 1952621.271358187 -1247272.6754420877 1586949.3972590652 -1124714.2712039694 -1409826.487317595 30563420.160073806 1624688.0581423992 -754425.648795877 872592.7884880197 -362821.2873246348 25839.439952402987 2253689.7594332267 -1369657.3701875762 1738937.097047935 -484501.0397576691 1999497.2470948787 -201976.20089253935 1263121.8284358284 -950954.5806210093 776041.9201169336 -2629771.7533166436 -35022.57513951586 1000968.1586722487 -269372.5993425524 -814918.6705605553 1592365.150498096 262963.7732200571 -329716.02542872267 506622.7720120126 838381.839889797 -439885.29926374834 58021.183593408714
581754.4790560743 -701664.5973115718 -1753220.6085735778 887464.0974836731 4036681.6277605984 603969.9754716257 -1776124.347762506 -351438.9406441236 1209890.2879979047 -342578.9350277389 -1373060.1841842036 -180527.49218889765 1961180.2070858749 1081550.1099062373 1965745.0938131125 -221373.4864338349 -2796417.091115575 2135790.090159426 -152204.0292494159 635386.8691889518 1624688.0581423992 32418440.028650552 -1278550.0842414473 1569797.9601323002 643487.2650443552 -724474.8618295066 1368340.030468041 400677.2257400522 -144047.46910596287 -1882929.5924160907 -1212107.6860201792 -2039149.1821156146 381306.7575320123 2540092.328487766 -1813876.1971971027 142188.84101985546 2967417.1515788324 587263.8072686746 -1043657.113812111 1489849.030364476 -2578911.108937437 3369139.0402018777 -1034803.2139168236 -1100806.0834933587 -15198.624027260654 166252.26784499813 -1195393.4707910107
-1100211.1967456175 -70600.16098894404 -665473.3444832705 -670859.9666763769 -1785431.568147327 -2072711.8045620301 -1808828.6078415273 -1713351.9048583366 1963887.1304710617 -2531158.6927841785 397050.3296296692 -3974575.787823633 1140034.7131532507 1733991.1641724699 1516268.0819837628 2565009.4246886056 1555667.8636178777 57719.67655031695 1405298.8379924658 1896935.4523245897 -754425.648795877 -1278550.0842414473 32984638.575542673 -3175011.7813360402 300042.30416947184 1442726.3293921659 -543483.8735789631 -2175592.04994896 -1454241.2802588316 -820842.6464334324 -518068.9669980038 -249538.99595819935 1134011.423575244 1778068.3873716688 -1496449.715279626 -361851.0341516372 126389.14662081706 -1932155.520692535 1427158.48419788 575526.7137749193 -2268317.475175694 -708546.4242523428 603695.3571851194 -1727616.659806118 -1069630.8402413484 -676832.5009160856 -1897501.8559188903
1217459.9286287823 -2883287.494893774 -1578812.7155713257 1745138.2644185522 1378759.7666037166 2616182.9960131794 1361974.619220684 2854606.23820887 -210969.41422538983 -848736.7167173709 995579.0763509122 1687056.6063157653 561768.7192119993 -378411.67267471756 -1734134.8875192725 -531137.9587910477 -3702279.709573614 -2090798.955144179 640910.2174493253 115830.3389392978 872592.7884880197 1569797.9601323002 -3175011.7813360402 33434853.650966484 -128757.29428842607 -1721488.8066108124 -995869.901002394 -879360.5434737261 1316560.1625616255 755705.9297153007 -2435427.422265002 -1767291.6075831135 433703.75378133927 -895342.8959737197 -1621168.6252586984 -144678.3451035577 45219.403862708794 2009992.7352342336 -1897076.243184824 381473.4050001825 -1411545.0471179697 -694336.915583735 1996409.6087638005 386616.3231957098 453079.42487822747 -500991.7912704424 1696365.4772680649
-1697010.4198362823 1846540.646680552 -532119.3780558173 -936360.9078083333 1156536.4151976597 -1103966.234976795 -404451.1408413504 -565652.9140953354 -877926.7244896705 -577282.9594379732 -3394988.270031071 2723581.721651648 -3368566.2835709276 4602412.546032908 -71647.99790236207 -1074602.337240018 2123688.355858278 -1308035.636281503 -852179.0076502048 1915224.5189462446 -362821.2873246348 643487.2650443552 300042.30416947184 -128757.29428842607 35440546.90282077 -1042159.7943205169 -252028.65091615522 1296429.8268163274 -728485.8805557828 2734852.0936416485 2826104.380056398 1693165.7323085796 776394.3726185919 -535542.1834191506 -1113553.1206323975 -62199.701755122405 -1846197.3519621594 489368.1271030455 -1530669.145082158 1064312.8603367999 -1522588.7424040013 3946485.7553749178 -2620241.0648095687 1427228.195455519 -3416402.8890708955 -834493.6261299575 1783283.0440330715
-461612.13230761996 -2313956.8539664666 1308882.962204796 -1015265.4282313876 1211224.7435899826 -317365.9746622886 811842.4822662456 -3342487.0072867344 3223954.974283212 993212.8323545485 -230987.98345557903 -966897.3245566932 940757.7705469442 1784214.1857803592 756942.4457581522 -1677752.1750151853 1569111.807699878 -210137.27663143005 2432731.4203132004 1195685.1971518814 25839.439952402987 -724474.8618295066 1442726.3293921659 -1721488.8066108124 -1042159.7943205169 33619492.945088774 1848476.9437336875 265253.3106778245 -4001875.140182232 -215355.480223353 1197040.9205874451 -1010636.6909857306 1090730.498124773 -1086212.071074386 731495.8344681254 -110985.07132146531 216548.48357039937 -1128048.2874907479 4204672.61004114 -734666.4420617353 -148891.2017043199 -966180.1249596372 -57242.434125229694 1191010.4036099692 1597542.8798515873 516877.8643815329 1619962.0301562622
75939.64844146624 595916.3445521498 -842033.1594048983 94200.46691831539 -2413784.09239942 1516724.7035897363 1666845.0145451776 145056.3959040547 -2064531.5406792539 490258.80119296606 1335833.3818189858 1101903.4111759628 501655.0234790999 -1330045.5589888107 3019727.0328997276 -194792.86406883408 1208138.6416653881 -539565.8855047792 -1284739.138333909 1618194.4442105326 2253689.7594332267 1368340.030468041 -543483.8735789631 -995869.901002394 -252028.65091615522 1848476.9437336875 31156756.63361747 -1134203.703487296 -1126061.7327489015 -1854159.037969106 -47848.485300944434 1269069.6170476105 3629172.430539767 1262379.3185322385 3759598.1098610302 -657655.7131498106 -143430.54325617227 -881850.8644240666 500654.9638303306 -749750.8610918792 -736883.8598763786 383090.24893837946 -1268596.7523651987 -273279.2199203973 2423056.829650981 2052804.5274483939 -565954.3644005966
-1457701.7730447382 -401987.0055722726 3458185.0096525284 -1015454.3780934928 -439738.6925720889 1758510.0809905007 -1708970.8574415438 -1308510.0536395777 -1666908.4315481987 1336164.2677885073 1209765.531081821 452825.37566221954 1965421.4695785493 577983.5420051266 -201783.4584522559 160978.8691964118 -1993715.4779454207 682430.308856065 164772.31256504398 -980219.0233791206 -1369657.3701875762 400677.2257400522 -2175592.04994896 -879360.5434737261 1296429.8268163274 265253.3106778245 -1134203.703487296 32822519.44078007 -236241.16371998144 1195127.8048213287 133736.4956645907 1133331.2632886802 -1964695.0437330732 -1944127.5009054746 802459.2249402638 -699950.1487936603 -767182.0531740364 1741911.1611788862 451796.4984209562 634172.0831336597 -320886.3019868227 -2980044.1184752844 1293623.5072754924 -43119.19846267394 -2118358.9401622294 451812.4615512166 -534829.4602098627
1224325.0076462794 2456392.066723428 319651.3790050709 -1007100.0825639338 -339192.49186677067 -508188.4022797074 -1003674.08806521 -598377.5791523997 -482674.4748651766 -3465357.6644479414 402012.87378784694 1453623.6673182703 3155816.9659552476 -2787376.0252825064 621817.3011067031 -1531088.212688717 -215850.19536453532 1155501.7059707628 -557549.56666968 -1187692.7836114145 1738937.097047935 -144047.46910596287 -1454241.2802588316 1316560.1625616255 -728485.8805557828 -4001875.140182232 -1126061.7327489015 -236241.16371998144 32784761.20091725 1051690.2159151093 933478.4441244814 -1724604.3533277425 2416687.8149001217 1033719.7228965259 -333403.4403136297 52772.98782518091 1400054.7986602667 9183.707839059456 1264807.2042023647 -1010201.9020016261 -1666346.9658211851 -112774.51433492867 1533674.620317475 1501531.1425013375 1287123.1434585985 -1523363.7348988256 -304560.9450192954
792980.9893902622 -1523751.291397393 -719204.8827308834 839241.3937091971 -851137.0348189734 -87489.90090994605 1061459.6730281832 -62089.20063904837 -943122.8806096892 431729.64862196345 -629365.4045744573 1387943.1956011117 -3543391.011494856 1658114.037767008 -373644.3926525057 1629994.9000694435 1322927.3517038634 -1579193.8402140005 445016.4631045844 2611356.4958359725 -484501.0397576691 -1882929.5924160907 -820842.6464334324 755705.9297153007 2734852.0936416485 -215355.480223353 -1854159.037969106 1195127.8048213287 1051690.2159151093 32389376.67534423 1922455.8122766865 1717055.066154784 257019.3737815551 -1726239.6070924746 -1237654.993592073 1325622.6676402758 -827215.8836197172 2755891.9006691445 4068191.2327268394 -4271151.681419891 1219962.0215757005 -2797380.6869889284 1194073.4956021404 -2274596.754784916 -1644559.7496544865 -1536222.4447207164 -1256838.0954469552
780025.6338659665 -1388229.8475404158 669515.4486643753 1362352.3259962928 493914.551608495 136656.01511772 135259.45176328678 1482271.6199946757 1664884.7291070477 1112949.4138114813 1639013.4447155637 574347.6479164565 -596954.8663942976 1804997.6261755715 -1542299.8069725556 -2022536.6891917677 4145170.929185181 448917.8357088821 -1313363.782285425 1910657.6395429913 1999497.2470948787 -1212107.6860201792 -518068.9669980038 -2435427.422265002 2826104.380056398 1197040.9205874451 -47848.485300944434 133736.4956645907 933478.4441244814 1922455.8122766865 32640081.469437107 4553921.601059075 1811685.099053528 2209120.954949651 157902.08744911148 -3571946.6925689904 1925599.8898322368 631915.9370853266 83791.21033947816 578806.1049133183 415848.58879581984 166391.02329531117 -994920.3252696686 3283573.6874608938 2094806.0288865138 1011860.6617502642 1693277.844023287
834957.7260614503 -2095728.113214843 524497.4273301009 -1884100.726700405 857739.7561125499 3522410.4189947792 595735.009234694 258828.05857634466 -1699403.417292798 658091.530928325 625069.4489092543 869204.1285375842 -145647.59997895337 -425303.47711765626 -1410219.3974282912 -2028976.34029227 -565178.2676805148 -318504.70668242784 1059604.0711129075 1679825.9744722499 -201976.20089253935 -2039149.1821156146 -249538.99595819935 -1767291.6075831135 1693165.7323085796 -1010636.6909857306 1269069.6170476105 1133331.2632886802 -1724604.3533277425 1717055.066154784 4553921.601059075 34818678.06269424 1632047.6649679227 402450.20457029203 282235.3300490398 2818698.5473383744 -610713.6333279888 500028.9579772172 1941236.355685182 1417173.9823659922 -645465.7963053434 -1627597.814737443 774894.0673139011 306165.1356277608 -235578.28187013057 -951562.4015466942 -3990198.618683656
-1741112.0819102738 -1113380.6534933306 419191.3718424211 -477578.3455347436 -400160.21120065567 1529858.803691605 2480222.22205033 1785653.3176919494 2441725.3972303006 504869.79473849706 294850.3092478215 127465.18893463007 -665958.2664196673 2435157.171898896 -850604.8697206951 3610695.682559835 1188541.03731526 1265378.409963501 670752.7109336593 1033879.8659717637 1263121.8284358284 381306.7575320123 1134011.423575244 433703.75378133927 776394.3726185919 1090730.498124773 3629172.430539767 -1964695.0437330732 2416687.8149001217 257019.3737815551 1811685.099053528 1632047.6649679227 33421474.05710601 2576874.5641846075 -1585418.3788798286 -1655823.445343452 33580.57567222649 717625.0181893243 -361887.5820356337 1455978.535593883 -254678.51522690943 2266429.354836195 271869.82052689604 -179433.7295738467 643989.8364360844 -1891747.364414624 136108.81801988353
-3269283.453633107 1357124.655134669 -493100.85843473516 863259.8961406708 313250.35296791233 -103493.35815187084 -708353.0025460527 1120794.7669126973 1596866.7884055758 1435992.191923473 -1111693.7541519664 -377256.3811243668 2855230.9570362237 222177.15078035917 205709.53492174833 -1821025.179287591 813498.6125545 -1193791.1552947764 -1427877.7056772276 3436570.6262059966 -950954.5806210093 2540092.328487766 1778068.3873716688 -895342.8959737197 -535542.1834191506 -1086212.071074386 1262379.3185322385 -1944127.5009054746 1033719.7228965259 -1726239.6070924746 2209120.954949651 402450.20457029203 2576874.5641846075 30585397.609421838 601154.5825479394 -3232904.104001343 1909329.3551892322 -2645882.6751101995 -358466.38811067265 566331.9826292612 -497936.75050674437 -277025.79295380344 -2439273.456009213 -567780.2826751302 1702519.122039556 -3489675.0551797412 154080.85720721938
-407047.19096733496 -74945.07923799944 646343.8723574484 340619.5077116395 -655076.1334878709 -725346.9933401637 324392.94370682264 2103480.6965401755 -88827.63781654664 2153783.6761804163 -466582.16835824837 840908.3210092812 -754379.8655852949 -1700090.1167628944 1446792.3738148545 -1054596.2536236881 -1323810.2302932004 -454254.6733247753 -3870672.058017463 -1091221.766627261 776041.9201169336 -1813876.1971971027 -1496449.715279626 -1621168.6252586984 -1113553.1206323975 731495.8344681254 3759598.1098610302 802459.2249402638 -333403.4403136297 -1237654.993592073 157902.08744911148 282235.3300490398 -1585418.3788798286 601154.5825479394 35498748.57070629 2610836.9685187615 -1290113.848071019 -1844771.8319955668 -245727.31311161205 -820345.1406588414 3112012.129417139 -2006271.4800087602 -367064.29552323814 3638029.18679177 -174348.2853837672 -504455.58296998474 -784855.1305183292
2399962.8366587646 -1402002.0271306129 -1920749.6474752626 1113976.0660341557 -1541388.8318303004 -500211.6911625128 -2238066.8794371276 2619181.9235118455 34152.70420019263 574413.4716548566 2215844.718147892 -183021.3431478764 366685.3866471962 -1888753.9520549618 -10591.681281476753 -41132.67197533925 -1689674.1158582608 -178966.2226236339 -165957.8310142844 1546462.2387419222 -2629771.7533166436 142188.84101985546 -361851.0341516372 -144678.3451035577 -62199.701755122405 -110985.07132146531 -657655.7131498106 -699950.1487936603 52772.98782518091 1325622.6676402758 -3571946.6925689904 2818698.5473383744 -1655823.445343452 -3232904.104001343 2610836.9685187615 32634816.119984496 640508.3483044258 1019728.3693557789 1486097.7038435992 1355510.9466946397 1162795.6873158205 -717519.281678757 881601.3150141435 521656.0711560628 -1267522.797120429 -1278077.692516229 -3102713.7717849766
-1062240.5330888294 -3440641.031372155 -130502.8112984029 -892366.1339556016 2331164.096546614 23443.892837121162 -3856077.1591906324 -2360992.667525148 1093404.6416836919 927964.7961439019 -1328995.3100696749 439113.51986425905 1586976.394212971 -619049.1749301244 553113.941446548 -1548190.2205995605 -1732249.2040969261 277238.62324431486 -1280741.8754671188 -2463015.1531824335 -35022.57513951586 2967417.1515788324 126389.14662081706 45219.403862708794 -1846197.3519621594 216548.48357039937 -143430.54325617227 -767182.0531740364 1400054.7986602667 -827215.8836197172 1925599.8898322368 -610713.6333279888 33580.57567222649 1909329.3551892322 -1290113.848071019 640508.3483044258 33242062.721693367 -167139.4423458645 207480.00339649428 -1038954.6429610229 1917426.5747507047 1975448.9963064264 -535017.9349947966 2525134.5010151044 661529.9978849231 -1639566.9744407495 371233.05931294267
-358552.54325656063 -112278.29132419263 53894.44040048884 -1345505.9610408067 -273756.0856770215 -105200.7003491089 376519.1677625729 249046.60566188046 -1319156.8801383206 -655172.8469574704 1654597.9555652835 -300586.1994146329 33888.500554602775 576061.829435967 -929237.6553500445 4664453.279164398 -1251880.479348914 1873257.887449699 544104.6982925116 -2214864.91209363 1000968.1586722487 587263.8072686746 -1932155.520692535 2009992.7352342336 489368.1271030455 -1128048.2874907479 -881850.8644240666 1741911.1611788862 9183.707839059456 2755891.9006691445 631915.9370853266 500028.9579772172 717625.0181893243 -2645882.6751101995 -1844771.8319955668 1019728.3693557789 -167139.4423458645 34330752.50441632 1563268.4080278974 42085.032770625105 350128.4493390776 246618.07013049859 185179.70682425084 504649.317773499 382055.1015355366 1179198.8384809266 -2625830.675016973
-569341.8225860893 -192110.209136874 -156016.08019705498 -836115.5678357398 -1500517.6527587217 -3157594.011236821 -639319.5126553528 -1494690.5267527346 736643.2122364021 -2983905.0574047146 -529087.138391787 -1668483.374138224 849325.6684600894 -200545.05515998453 -758557.4225670673 -706657.9816571571 815239.0770294791 -581883.3650060869 182486.0822482808 -408203.1367105112 -269372.5993425524 -1043657.113812111 1427158.48419788 -1897076.243184824 -1530669.145082158 4204672.61004114 500654.9638303306 451796.4984209562 1264807.2042023647 4068191.2327268394 83791.21033947816 1941236.355685182 -361887.5820356337 -358466.38811067265 -245727.31311161205 1486097.7038435992 207480.00339649428 1563268.4080278974 32189727.155731987 -1496086.4858461441 -895325.2939361593 69379.9173310221 -166519.5230457459 2933101.75815725 2065473.5144776572 188277.01214642543 -69785.85152801343
1578948.6748041415 1880139.0735948756 1418552.4802630022 -1713384.103954171 720252.793729968 749322.4309014607 -1721632.8381260717 -788844.468661045 -1132020.0083377466 1612977.193732438 1726997.0622728788 -1894011.1709585115 856914.4613389777 -707558.6647325063 -1621541.3256129543 -2036869.888684789 -1421380.5153350753 833452.5136454994 1390269.0526900084 -825431.0145843985 -814918.6705605553 1489849.030364476 575526.7137749193 381473.4050001825 1064312.8603367999 -734666.4420617353 -749750.8610918792 634172.0831336597 -1010201.9020016261 -4271151.681419891 578806.1049133183 1417173.9823659922 1455978.535593883 566331.9826292612 -820345.1406588414 1355510.9466946397 -1038954.6429610229 42085.032770625105 -1496086.4858461441 34299323.3308825 -832149.1214591727 -74486.95359391555 -3155817.101434884 1901357.6342484744 -4385483.002700589 1271387.030239945 -340736.25890163
-1414753.158785061 -884188.2734177186 -2695107.3061435632 1580997.0842858332 3142479.075083852 -2324327.1422545207 585875.4368842051 733908.4682901109 796925.2075049325 -1077956.6203969282 -239799.29828659646 -753641.9671807493 -1500920.744535062 1128884.872262738 -2780399.683690977 439834.7742734838 -1325610.1404698754 -351912.331947715 40460.9926785239 1838561.3258850952 1592365.150498096 -2578911.108937437 -2268317.475175694 -1411545.0471179697 -1522588.7424040013 -148891.2017043199 -736883.8598763786 -320886.3019868227 -1666346.9658211851 1219962.0215757005 415848.58879581984 -645465.7963053434 -254678.51522690943 -497936.75050674437 3112012.129417139 1162795.6873158205 1917426.5747507047 350128.4493390776 -895325.2939361593 -832149.1214591727 34019734.23298206 3551952.262337968 1819260.679232596 1356903.6553980531 -71753.81836189044 -880755.1058039118 -1292582.1398044422
-770519.0725724999 349896.5133866437 -1193789.5663025756 -284998.4666964949 1419700.945023075 -2068281.8259381508 -1973261.4284906564 1317177.1035000996 -274144.3939536899 -3354261.391053448 159585.97389946127 -1016075.5150123229 -839842.4106724366 2493992.8209036943 -404646.43943975185 1862752.3598855557 -228502.20830517673 177537.54187152526 -412361.5992279796 -354325.0476140581 262963.7732200571 3369139.0402018777 -708546.4242523428 -694336.915583735 3946485.7553749178 -966180.1249596372 383090.24893837946 -2980044.1184752844 -112774.51433492867 -2797380.6869889284 166391.02329531117 -1627597.814737443 2266429.354836195 -277025.79295380344 -2006271.4800087602 -717519.281678757 1975448.9963064264 246618.07013049859 69379.9173310221 -74486.95359391555 3551952.262337968 35170013.37502768 -2284411.648146138 -748016.55877665 751982.8394737357 -1404497.3438840166 1646854.3262345826
-828288.1786253551 -539867.9423786681 539190.3525596013 -228864.48784977366 -1117161.5692115081 3476796.7169488254 -85653.29155122818 -853151.652928793 1763734.2097883942 1646934.6191645346 -545870.2000017269 282866.6404756258 -1400104.6043725936 784965.0471928042 460582.62681892415 1667604.4384030653 1310103.349197164 1404392.1925030705 -1302031.497134762 525629.1525678891 -329716.02542872267 -1034803.2139168236 603695.3571851194 1996409.6087638005 -2620241.0648095687 -57242.434125229694 -1268596.7523651987 1293623.5072754924 1533674.620317475 1194073.4956021404 -994920.3252696686 774894.0673139011 271869.82052689604 -2439273.456009213 -367064.29552323814 881601.3150141435 -535017.9349947966 185179.70682425084 -166519.5230457459 -3155817.101434884 1819260.679232596 -2284411.648146138 33171014.22225812 2356839.8790826523 -408704.09749865485 -802091.0629210268 -154541.67748142744
-2169987.412290003 812003.7547964583 2441289.5811909814 157543.6216369389 2433815.594593464 -831281.3905314078 -1693641.6345605173 -1107148.3038445497 -306415.773488314 -854864.5387879473 -1744703.928060094 -532750.7671353205 220636.20395693934 -1657792.860691505 42297.831894827345 -575309.7348317539 -1877687.5749857754 46624.266265721104 -577886.6980535451 -1339691.4323970396 506622.7720120126 -1100806.0834933587 -1727616.659806118 386616.3231957098 1427228.195455519 1191010.4036099692 -273279.2199203973 -43119.19846267394 1501531.1425013375 -2274596.754784916 3283573.6874608938 306165.1356277608 -179433.7295738467 -567780.2826751302 3638029.18679177 521656.0711560628 2525134.5010151044 504649.317773499 2933101.75815725 1901357.6342484744 1356903.6553980531 -748016.55877665 2356839.8790826523 33925806.613309756 -2345720.9846546836 -264377.3233874282 1329187.1330330172
717384.829554724 2290187.49821507 -663759.4563493748 843991.9898349085 -2097292.8657416734 -8014.168413557998 3561089.1345187603 -602869.3010210232 -603632.2035757338 -113110.21315591126 -976966.7066461631 513826.0999687237 -1093644.78800007 -109942.99149242563 1856770.9602489844 -1393961.444329932 1264739.2018516604 935685.0721617918 -3695076.63892557 1578160.1626222462 838381.839889797 -15198.624027260654 -1069630.8402413484 453079.42487822747 -3416402.8890708955 1597542.8798515873 2423056.829650981 -2118358.9401622294 1287123.1434585985 -1644559.7496544865 2094806.0288865138 -235578.28187013057 643989.8364360844 1702519.122039556 -174348.2853837672 -1267522.797120429 661529.9978849231 382055.1015355366 2065473.5144776572 -4385483.002700589 -71753.81836189044 751982.8394737357 -408704.09749865485 -2345720.9846546836 33829721.381927095 114830.07614665882 -3407880.892163948
