34711401.108049594 -11147.110784240866 1009582.8513659169 -3405510.813766614 -1148842.1848592209 -1785822.7628562946 -1740969.8986710634 -1213792.2413269312 -506403.9516262146 -2428899.7810340207 -1176102.524528764 248856.36951400744 1597130.567093301 4403357.9542050855 45094.76374308684 -3510862.3007862754 -2809665.9151242063 -2322306.9597666957 -3086523.0793878483 98717.83200848273 -1752788.7586481357 -1096979.890687995 1559257.3528425312 2342663.0828562775 1888944.7701476342 -2850094.9249948803 -1298252.0463037288 -1692219.0745340658 -309457.0789352474 920657.1542411722 108483.45402630752 -730692.4351648825 -378148.34257683327 187145.39556202237 4020165.929435371 -202215.17667908611 624657.1783166218 -1613920.5549341014
-11147.110784240866 31664364.850167897 -3190845.229106333 -1692752.9414554331 -278493.6964026139 2193252.1737583773 -176491.27896665502 1813247.0164119499 -842175.4251672634 -349923.8733890882 475148.5497686064 -370785.49784809933 -1372150.3195913893 120195.96667749945 -556015.7160535683 871841.0613825714 -692292.9732840165 -861642.5449334342 -559631.5433974627 -1503003.5216797465 2020925.0685639288 1462553.7424011405 -359393.6291113774 -1803288.752655766 -280854.2033893004 389103.8714609073 -1153699.5245403994 -1530236.4890185723 94264.16178964512 -1966713.1959927732 -1643739.9493651537 -458951.9035951133 -539716.3899722263 1088523.1490485575 82349.81038235944 1390429.3152754584 -612138.532588538 -1347187.713610805
1009582.8513659169 -3190845.229106333 32299862.616172444 1704048.5609108177 886798.7904779873 3145513.924530443 2242204.111707921 -914995.4910067382 60123.39501414274 477410.31728408975 895335.1903633914 604198.8621474995 -381922.4196095675 -4334550.9470400885 -615200.4184077287 2468612.6567288535 1350469.57400121 2326014.3525185413 -1320037.06810255 -849777.1144663696 -2311462.4124593246 -44971.027921939705 -3169391.4925438897 1236598.3782556537 -415501.028863277 888083.4016135519 -24995.918588593795 -2055594.123803813 1118158.8081680455 -1484575.8536459997 1279335.9449269304 2919351.827082036 -1806228.4110649389 -2831221.736668163 1268518.9602787688 -1559707.2454931815 705036.6389154943 -251427.9696916027
-3405510.813766614 -1692752.9414554331 1704048.5609108177 34257551.64455843 -1355003.3799531115 -1449912.9112868116 1071813.9456018212 -1722509.1317270023 -404362.7240228567 2313670.561087538 3581665.869210615 499559.72105892876 -1788344.87612125 -3657266.2513066605 -770181.6907614733 839225.5627708593 1286616.2394058695 2859427.3130854564 1898486.7134837313 728066.9040777368 -905945.1317019592 1209869.7164839797 -202217.30962573868 -2896297.699051163 -953165.6923417941 -2370848.4463210828 793435.7274556016 -367596.51670258114 312335.0990414363 -1216518.7035558312 1408534.3331773907 1253531.2019029122 -3097253.6865156563 -3793871.865911391 484635.6386543459 471472.0171029081 2377224.373852751 -466101.35119776777
-1148842.1848592209 -278493.6964026139 886798.7904779873 -1355003.3799531115 31907038.789726123 -62329.412480655126 291020.1825026431 -847784.002426358 215375.40077568847 3252515.5759874475 1744149.3534583265 1958905.078524999 -1274850.4334238307 -13823.399914625516 -281535.3891701233 3262840.1867450406 -108806.17157300063 1948784.370554802 249368.85668533607 542185.4317988043 -2172315.2977646408 1063600.6508277587 -491857.8744998438 -1164368.2023591863 -728158.5670234937 2842361.0743869115 -2534599.881868133 2254463.8682699744 524750.6207680708 -2680267.823758761 3086580.0052568917 983268.069659409 -1843839.1057154452 1233943.068317155 -3090736.9265410486 -2461481.261302476 -885217.118773652 -1122535.7243383175
-1785822.7628562946 2193252.1737583773 3145513.924530443 -1449912.9112868116 -62329.412480655126 34933034.98487865 -1594874.659578334 -790374.9638847631 1334000.8411589693 -6266.007323707145 755823.8453058427 710834.8232368462 1835331.7169782023 3676706.2618320268 -1001621.8422911167 -2115515.9868449112 2154342.2151592756 27434.8689560525 2146485.38952119 1369051.428847388 2479813.4925176566 685455.4358348725 718706.5450146794 -582870.2407222504 1057172.3527210667 -342084.87536464806 -834827.1521788513 703884.6420705176 2990890.2062794995 943210.7856872141 -671728.3189034484 1979515.3251918047 -1688719.4099412214 -2953987.255097334 -198483.89897411203 -999046.5335289338 599722.4603380959 -1326946.65607967
-1740969.8986710634 -176491.27896665502 2242204.111707921 1071813.9456018212 291020.1825026431 -1594874.659578334 32068782.877677247 3722904.363600278 -1015149.4593522591 797546.3335703075 901455.6753226405 1183389.8454216234 -71897.57281563732 -921460.5966931605 620466.8908819294 -757753.9838003693 2436828.4331150907 -525158.8694578644 -1902448.5596206577 2209686.9968500845 1019102.1094420699 3571037.9525464987 1914797.2523754502 -2239394.063542565 128101.81338566924 1752817.5208175501 -834298.990734574 351483.5978221598 -53032.96503689805 -356244.6409099473 692571.8662203817 1168327.3344419233 -1698906.7422484024 -59529.63529407477 -1446042.6994529376 -2175726.504898684 2177169.025472766 1072768.2597878585
-1213792.2413269312 1813247.0164119499 -914995.4910067382 -1722509.1317270023 -847784.002426358 -790374.9638847631 3722904.363600278 33519489.616563454 2909877.0056386758 -337221.864225651 -86378.13675534668 -2367332.4851313126 -1487425.5455454537 -2598023.315968564 -1631031.0868382123 828305.284245743 -1188680.9927953645 -2658351.608173035 1131722.996686816 1056890.8451838805 -1168295.350635823 2394750.484203777 512582.022787757 -933406.4235576715 3066551.2966228323 729775.2009096001 -2226076.148333402 24711.52637237541 -97654.26381546266 -1252004.8040750748 -1856149.8870011317 500019.1906004643 253920.28596738886 303279.5694013054 494787.36672371527 976940.9113968647 3486328.6608307217 -301108.609109261
-506403.9516262146 -842175.4251672634 60123.39501414274 -404362.7240228567 215375.40077568847 1334000.8411589693 -1015149.4593522591 2909877.0056386758 31629563.133016437 -1478580.5751142849 -2390924.681328465 2410745.4203484086 2222385.811389972 -1995685.82769694 -237325.27540106265 -836960.6063568972 589202.3527365974 12438.381101646633 -2353142.8844715944 384260.4308855441 -149255.80329233676 3603218.6237410544 -1295551.6134038612 2664645.877220675 -1717165.6684205246 -2020587.438365399 -1923375.3639443782 576102.1646937693 1192966.2173359569 1454527.9209162183 -1833685.2302365953 495667.3586437524 -513604.71904324397 70508.66329778597 -37228.92639453147 -2747779.312742395 1575590.7096194206 -279269.88664000295
-2428899.7810340207 -349923.8733890882 477410.31728408975 2313670.561087538 3252515.5759874475 -6266.007323707145 797546.3335703075 -337221.864225651 -1478580.5751142849 33629699.16885431 86739.46906336454 155527.73612849324 984429.2859264556 -1126448.9253034112 -1882834.3812061083 116471.0906460968 1429172.9264979982 1568101.880628249 948386.3363219748 26313.11856293446 -1241569.2343157448 2290692.1393101797 4069412.66011143 -916789.6610180028 538589.3583810612 -2413143.791168284 499664.15512725635 -240373.26867863227 203117.30261508818 -1053754.1559876332 2987587.351879705 -1913.7967643912532 377868.2363377642 -652568.2539825903 958123.7899938625 1602179.1582598363 -1817643.5298740026 1141259.057501442
-1176102.524528764 475148.5497686064 895335.1903633914 3581665.869210615 1744149.3534583265 755823.8453058427 901455.6753226405 -86378.13675534668 -2390924.681328465 86739.46906336454 31184158.37144086 -907514.2575434609 -343382.07963035395 2897164.1517255763 -2856637.9779318366 275250.4554215389 1200329.6226424312 2112120.283296268 1624599.992259902 -717073.9426805931 -1916749.1889012982 2742814.3173089367 -766054.8758086044 489882.8147277119 1092620.9134194716 1795907.5105220422 1004979.1280639437 -2287389.317968354 754709.1555955748 -1428057.4506008127 -1113447.796836837 547613.0887586895 -2734817.729720055 -1126145.4007905356 -2383658.966750912 1631772.6757070215 870847.3718433942 -1135127.0151615336
248856.36951400744 -370785.49784809933 604198.8621474995 499559.72105892876 1958905.078524999 710834.8232368462 1183389.8454216234 -2367332.4851313126 2410745.4203484086 155527.73612849324 -907514.2575434609 32688966.379538935 -167628.2012136382 1400278.4553874824 -2190590.5424313815 2676316.4250281346 612968.043051134 1689182.659487708 -1248779.79581342 -1024862.461831358 -1575658.1757278151 3047805.1313675605 1163046.714774271 -9506.680575786097 -358912.66132980864 884362.2520452414 -2027576.327180418 301185.3435043443 1950611.4102690876 -22938.44834235534 961329.9888485415 812494.4215137241 -379922.30674609245 1615091.448241247 489515.57840848126 -4252462.665537238 -263743.9141042324 -2269619.015813817
1597130.567093301 -1372150.3195913893 -381922.4196095675 -1788344.87612125 -1274850.4334238307 1835331.7169782023 -71897.57281563732 -1487425.5455454537 2222385.811389972 984429.2859264556 -343382.07963035395 -167628.2012136382 31267442.71885342 -56664.50749723086 -145941.07114570736 -987360.6267604051 -108953.16568479534 -3541192.122947515 1134181.0167577032 761601.3376901511 38012.26351094686 -790827.8936034049 -4417447.346835037 149549.88230509442 92747.32040227117 2468766.700336926 1649852.189274351 638743.180302036 1655088.8032589327 2069978.9994709482 -2147784.122619579 879625.1748410887 1151377.0462094308 -1432875.1829308814 -957800.6414208101 -3726059.283886162 -1565732.3352749257 -778968.8917742777
4403357.9542050855 120195.96667749945 -4334550.9470400885 -3657266.2513066605 -13823.399914625516 3676706.2618320268 -921460.5966931605 -2598023.315968564 -1995685.82769694 -1126448.9253034112 2897164.1517255763 1400278.4553874824 -56664.50749723086 35199690.31150841 2191345.9147563856 2287980.281993596 1549546.503036144 1590198.247319371 356087.23235628207 1615888.6286322356 -2176130.537753365 -2327837.6050062883 3067817.47331219 -947807.9551406124 872999.9673754759 4520524.173012342 -756734.7602220456 353901.1739917148 -250764.4292991646 -717631.0475553406 -870750.6527636525 -288865.99414545635 3664958.5884899027 2908098.895120328 528420.4365948273 -362218.83210688207 -2725487.4207477216 2178812.380964233
45094.76374308684 -556015.7160535683 -615200.4184077287 -770181.6907614733 -281535.3891701233 -1001621.8422911167 620466.8908819294 -1631031.0868382123 -237325.27540106265 -1882834.3812061083 -2856637.9779318366 -2190590.5424313815 -145941.07114570736 2191345.9147563856 30345866.489330694 338299.05242740555 1014704.5698544465 -33710.14614489201 310917.55182839907 1200165.728608675 3141445.695442788 -397301.63323392987 1807444.2209749555 863862.5788699404 248485.36423520895 2278771.9597585327 -1302569.046243757 945758.0499043053 -1888410.400882653 -1328457.3668512306 -1072721.9422220504 -238333.3608883063 -579351.0777267503 -1191248.6739709768 1411874.3512820676 -1188872.908478842 -878213.4407598458 2036367.8230517518
-3510862.3007862754 871841.0613825714 2468612.6567288535 839225.5627708593 3262840.1867450406 -2115515.9868449112 -757753.9838003693 828305.284245743 -836960.6063568972 116471.0906460968 275250.4554215389 2676316.4250281346 -987360.6267604051 2287980.281993596 338299.05242740555 32813426.253432002 2110920.911288877 1180681.346453626 -908507.1253749342 -2974784.370298085 -1542006.7548532702 -79834.23711756083 -1862827.9141411905 -636206.0970583272 1981909.9544862125 4685675.370310055 656886.8290833962 442337.9304642195 1263897.5011301776 -3089620.1967479377 2453440.764210667 -31375.733121533292 1855140.3954828153 -1839124.8218633784 -3170445.294009697 813879.0175126091 -661094.1180216422 -1050892.2871022844
-2809665.9151242063 -692292.9732840165 1350469.57400121 1286616.2394058695 -108806.17157300063 2154342.2151592756 2436828.4331150907 -1188680.9927953645 589202.3527365974 1429172.9264979982 1200329.6226424312 612968.043051134 -108953.16568479534 1549546.503036144 1014704.5698544465 2110920.911288877 34727150.29399473 257325.33967701954 -330397.6349751015 -537284.7758783344 4388195.243899429 -1539602.875443782 1119866.014767244 -784956.7131738875 323280.5929643088 1542166.439629129 -2117211.2049768576 367331.2558576188 361049.88454127015 658569.738755237 -750610.4057244526 -1415171.1008709357 -2463974.0173232853 -3461100.0581217846 -2846152.5428021057 -1584327.3764284174 -238812.69383795647 659498.588039277
-2322306.9597666957 -861642.5449334342 2326014.3525185413 2859427.3130854564 1948784.370554802 27434.8689560525 -525158.8694578644 -2658351.608173035 12438.381101646633 1568101.880628249 2112120.283296268 1689182.659487708 -3541192.122947515 1590198.247319371 -33710.14614489201 1180681.346453626 257325.33967701954 32827835.403557476 2243025.545478447 -1457986.824826203 -1135888.6517837087 -648494.9078373638 2049636.5712434805 2789987.1732998076 527309.762379582 -3521161.286494806 84431.98123323971 541661.9584493316 1067112.4001601383 -232349.04587680937 998332.2450520596 -3444209.992990426 472969.72350831766 -583019.8464986004 -480273.8033487991 617220.4728859583 -1778700.1256977273 -388452.5380289239
-3086523.0793878483 -559631.5433974627 -1320037.06810255 1898486.7134837313 249368.85668533607 2146485.38952119 -1902448.5596206577 1131722.996686816 -2353142.8844715944 948386.3363219748 1624599.992259902 -1248779.79581342 1134181.0167577032 356087.23235628207 310917.55182839907 -908507.1253749342 -330397.6349751015 2243025.545478447 33619896.26206437 1676080.1868967412 1987.0936735482953 143819.13064747787 190499.27432355727 -779494.6208179638 -3218812.5192726236 -1244820.4442457529 -85557.63069539168 -1103682.1336935975 1202600.5261475337 -1945123.1198427544 1112861.8234826452 -1167621.1455927312 977711.99219152 -2589505.734511408 -2750278.5781087633 1883663.2314682724 -2399793.997474883 -169752.56033939
98717.83200848273 -1503003.5216797465 -849777.1144663696 728066.9040777368 542185.4317988043 1369051.428847388 2209686.9968500845 1056890.8451838805 384260.4308855441 26313.11856293446 -717073.9426805931 -1024862.461831358 761601.3376901511 1615888.6286322356 1200165.728608675 -2974784.370298085 -537284.7758783344 -1457986.824826203 1676080.1868967412 31644312.636174645 2648565.9390040953 -557395.3746835317 1220585.054030181 264559.3194024168 -1914091.3593269915 -675144.7549268109 -254044.04130014582 -253304.2777962835 2181543.0423394735 -143131.18953190386 -1399411.8197266827 1867663.2059241596 -3701673.7652985207 3750.743899843272 -126646.08683586876 30935.76623138575 -413977.4900474503 3008773.2001497177
-1752788.7586481357 2020925.0685639288 -2311462.4124593246 -905945.1317019592 -2172315.2977646408 2479813.4925176566 1019102.1094420699 -1168295.350635823 -149255.80329233676 -1241569.2343157448 -1916749.1889012982 -1575658.1757278151 38012.26351094686 -2176130.537753365 3141445.695442788 -1542006.7548532702 4388195.243899429 -1135888.6517837087 1987.0936735482953 2648565.9390040953 31464150.07480351 -1149357.7288487442 1225004.799366672 -2046538.3644716188 562031.6607683799 1603251.0368162873 -1796817.037790869 -1604301.3404633843 1857969.223206846 2916027.903692863 -2106742.8874929175 1975474.6440917847 -807037.3177200807 -1830964.9413432276 1682928.171773846 -456621.4479798922 833658.6606927991 4354312.468817379
-1096979.890687995 1462553.7424011405 -44971.027921939705 1209869.7164839797 1063600.6508277587 685455.4358348725 3571037.9525464987 2394750.484203777 3603218.6237410544 2290692.1393101797 2742814.3173089367 3047805.1313675605 -790827.8936034049 -2327837.6050062883 -397301.63323392987 -79834.23711756083 -1539602.875443782 -648494.9078373638 143819.13064747787 -557395.3746835317 -1149357.7288487442 34559168.165501274 -917816.1126967119 1595939.2350012644 1223968.3497026258 -204075.13067447307 -1616140.0818339782 1148790.208749319 1317786.5158849875 2459176.7983387606 2044352.2624170205 -570274.3265807014 -206764.4321214789 -148300.18620125655 4027891.397612342 -20204.373951731246 2972373.1225578324 -1694928.3406605937
1559257.3528425312 -359393.6291113774 -3169391.4925438897 -202217.30962573868 -491857.8744998438 718706.5450146794 1914797.2523754502 512582.022787757 -1295551.6134038612 4069412.66011143 -766054.8758086044 1163046.714774271 -4417447.346835037 3067817.47331219 1807444.2209749555 -1862827.9141411905 1119866.014767244 2049636.5712434805 190499.27432355727 1220585.054030181 1225004.799366672 -917816.1126967119 35339464.02156554 -598161.5443040403 -2336108.3185671526 -2228281.237788599 1078588.9887369382 1467857.492688883 826449.5835585414 -3099107.3820126397 1445280.0326695533 558438.308654802 -946369.6711529022 -942654.5686288574 688069.2628822278 3088527.3225741955 -98168.87742553756 2580281.307768317
2342663.0828562775 -1803288.752655766 1236598.3782556537 -2896297.699051163 -1164368.2023591863 -582870.2407222504 -2239394.063542565 -933406.4235576715 2664645.877220675 -916789.6610180028 489882.8147277119 -9506.680575786097 149549.88230509442 -947807.9551406124 863862.5788699404 -636206.0970583272 -784956.7131738875 2789987.1732998076 -779494.6208179638 264559.3194024168 -2046538.3644716188 1595939.2350012644 -598161.5443040403 33520600.046114605 406044.7808511954 384006.44452788215 -727559.3276054368 -1103894.274747207 354328.8993628747 160886.59355369583 -429638.3986280964 1802369.1575194914 -2369283.0011965623 -892166.5765734254 -964469.4688540798 -1264011.3276440722 -1360486.067918665 798531.2427302285
1888944.7701476342 -280854.2033893004 -415501.028863277 -953165.6923417941 -728158.5670234937 1057172.3527210667 128101.81338566924 3066551.2966228323 -1717165.6684205246 538589.3583810612 1092620.9134194716 -358912.66132980864 92747.32040227117 872999.9673754759 248485.36423520895 1981909.9544862125 323280.5929643088 527309.762379582 -3218812.5192726236 -1914091.3593269915 562031.6607683799 1223968.3497026258 -2336108.3185671526 406044.7808511954 32769824.209490128 1636562.4218013044 72218.64905995858 -1030793.7574329735 534548.6541047922 245638.9013177155 617029.791818156 108250.53573019017 -1935286.4300735462 1679147.6764564035 499433.3857469591 387087.4859023119 -614367.0883275387 -1241273.3921708723
-2850094.9249948803 389103.8714609073 888083.4016135519 -2370848.4463210828 2842361.0743869115 -342084.87536464806 1752817.5208175501 729775.2009096001 -2020587.438365399 -2413143.791168284 1795907.5105220422 884362.2520452414 2468766.700336926 4520524.173012342 2278771.9597585327 4685675.370310055 1542166.439629129 -3521161.286494806 -1244820.4442457529 -675144.7549268109 1603251.0368162873 -204075.13067447307 -2228281.237788599 384006.44452788215 1636562.4218013044 33658138.744164355 -1486273.269021423 -1428449.3376249317 3451660.057135451 -95420.0094026687 1340770.0345722365 976436.5212295448 2530249.82169245 -1858350.16978323 1060302.4785434569 -810782.4572645397 143795.19402508604 600559.7129376715
-1298252.0463037288 -1153699.5245403994 -24995.918588593795 793435.7274556016 -2534599.881868133 -834827.1521788513 -834298.990734574 -2226076.148333402 -1923375.3639443782 499664.15512725635 1004979.1280639437 -2027576.327180418 1649852.189274351 -756734.7602220456 -1302569.046243757 656886.8290833962 -2117211.2049768576 84431.98123323971 -85557.63069539168 -254044.04130014582 -1796817.037790869 -1616140.0818339782 1078588.9887369382 -727559.3276054368 72218.64905995858 -1486273.269021423 34357806.64103691 -3354208.3973990246 2018829.7394881279 -827577.2943142632 996705.4378393024 -424190.2305754359 -829535.9463652686 -163074.27147654534 -688672.1146510202 2413394.3665583315 -2193124.6028530644 258016.56145239522
-1692219.0745340658 -1530236.4890185723 -2055594.123803813 -367596.51670258114 2254463.8682699744 703884.6420705176 351483.5978221598 24711.52637237541 576102.1646937693 -240373.26867863227 -2287389.317968354 301185.3435043443 638743.180302036 353901.1739917148 945758.0499043053 442337.9304642195 367331.2558576188 541661.9584493316 -1103682.1336935975 -253304.2777962835 -1604301.3404633843 1148790.208749319 1467857.492688883 -1103894.274747207 -1030793.7574329735 -1428449.3376249317 -3354208.3973990246 31505460.552578244 -1143591.3454301432 435930.3671595282 239385.01838832934 1009044.6871623119 2350415.9300100342 -2522388.8076100764 1099258.77706167 -2446193.2380022057 -111172.33800493006 2550001.1323045674
-309457.0789352474 94264.16178964512 1118158.8081680455 312335.0990414363 524750.6207680708 2990890.2062794995 -53032.96503689805 -97654.26381546266 1192966.2173359569 203117.30261508818 754709.1555955748 1950611.4102690876 1655088.8032589327 -250764.4292991646 -1888410.400882653 1263897.5011301776 361049.88454127015 1067112.4001601383 1202600.5261475337 2181543.0423394735 1857969.223206846 1317786.5158849875 826449.5835585414 354328.8993628747 534548.6541047922 3451660.057135451 2018829.7394881279 -1143591.3454301432 30716922.59849014 -307859.70093216904 458779.38769511424 -251628.95612055305 154210.50261263995 -1326130.8377379098 73651.95538282944 281052.625735308 175833.10791134325 -2035815.687869762
920657.1542411722 -1966713.1959927732 -1484575.8536459997 -1216518.7035558312 -2680267.823758761 943210.7856872141 -356244.6409099473 -1252004.8040750748 1454527.9209162183 -1053754.1559876332 -1428057.4506008127 -22938.44834235534 2069978.9994709482 -717631.0475553406 -1328457.3668512306 -3089620.1967479377 658569.738755237 -232349.04587680937 -1945123.1198427544 -143131.18953190386 2916027.903692863 2459176.7983387606 -3099107.3820126397 160886.59355369583 245638.9013177155 -95420.0094026687 -827577.2943142632 435930.3671595282 -307859.70093216904 33191366.1219402 -1118068.8742557766 675639.8856196663 2417266.0067791143 299762.87513228145 -161758.9499771172 -1384205.515026794 1242838.2726821725 -1394066.231244745
108483.45402630752 -1643739.9493651537 1279335.9449269304 1408534.3331773907 3086580.0052568917 -671728.3189034484 692571.8662203817 -1856149.8870011317 -1833685.2302365953 2987587.351879705 -1113447.796836837 961329.9888485415 -2147784.122619579 -870750.6527636525 -1072721.9422220504 2453440.764210667 -750610.4057244526 998332.2450520596 1112861.8234826452 -1399411.8197266827 -2106742.8874929175 2044352.2624170205 1445280.0326695533 -429638.3986280964 617029.791818156 1340770.0345722365 996705.4378393024 239385.01838832934 458779.38769511424 -1118068.8742557766 34281866.368202195 4000429.8320796555 2519760.8069672785 -115884.45120287986 -1371889.0297431613 379141.81458778214 -1465467.466213393 -3474185.7685773973
-730692.4351648825 -458951.9035951133 2919351.827082036 1253531.2019029122 983268.069659409 1979515.3251918047 1168327.3344419233 500019.1906004643 495667.3586437524 -1913.7967643912532 547613.0887586895 812494.4215137241 879625.1748410887 -288865.99414545635 -238333.3608883063 -31375.733121533292 -1415171.1008709357 -3444209.992990426 -1167621.1455927312 1867663.2059241596 1975474.6440917847 -570274.3265807014 558438.308654802 1802369.1575194914 108250.53573019017 976436.5212295448 -424190.2305754359 1009044.6871623119 -251628.95612055305 675639.8856196663 4000429.8320796555 34054367.63800039 1640311.3927552002 -4758738.746305821 417051.64702614 -3227298.8041261607 1520421.8114928612 3916859.3139213477
-378148.34257683327 -539716.3899722263 -1806228.4110649389 -3097253.6865156563 -1843839.1057154452 -1688719.4099412214 -1698906.7422484024 253920.28596738886 -513604.71904324397 377868.2363377642 -2734817.729720055 -379922.30674609245 1151377.0462094308 3664958.5884899027 -579351.0777267503 1855140.3954828153 -2463974.0173232853 472969.72350831766 977711.99219152 -3701673.7652985207 -807037.3177200807 -206764.4321214789 -946369.6711529022 -2369283.0011965623 -1935286.4300735462 2530249.82169245 -829535.9463652686 2350415.9300100342 154210.50261263995 2417266.0067791143 2519760.8069672785 1640311.3927552002 35059685.17920017 2929618.407453476 670697.2716869394 -1560837.912571262 -703200.9292451342 -1692972.1623934386
187145.39556202237 1088523.1490485575 -2831221.736668163 -3793871.865911391 1233943.068317155 -2953987.255097334 -59529.63529407477 303279.5694013054 70508.66329778597 -652568.2539825903 -1126145.4007905356 1615091.448241247 -1432875.1829308814 2908098.895120328 -1191248.6739709768 -1839124.8218633784 -3461100.0581217846 -583019.8464986004 -2589505.734511408 3750.743899843272 -1830964.9413432276 -148300.18620125655 -942654.5686288574 -892166.5765734254 1679147.6764564035 -1858350.16978323 -163074.27147654534 -2522388.8076100764 -1326130.8377379098 299762.87513228145 -115884.45120287986 -4758738.746305821 2929618.407453476 33377147.7946267 -1087968.0089779 -984524.3980779585 473800.86249553825 -702169.6963492761
4020165.929435371 82349.81038235944 1268518.9602787688 484635.6386543459 -3090736.9265410486 -198483.89897411203 -1446042.6994529376 494787.36672371527 -37228.92639453147 958123.7899938625 -2383658.966750912 489515.57840848126 -957800.6414208101 528420.4365948273 1411874.3512820676 -3170445.294009697 -2846152.5428021057 -480273.8033487991 -2750278.5781087633 -126646.08683586876 1682928.171773846 4027891.397612342 688069.2628822278 -964469.4688540798 499433.3857469591 1060302.4785434569 -688672.1146510202 1099258.77706167 73651.95538282944 -161758.9499771172 -1371889.0297431613 417051.64702614 670697.2716869394 -1087968.0089779 34650019.3873746 -402790.3366968535 -2584355.3536590296 954571.1180330255
-202215.17667908611 1390429.3152754584 -1559707.2454931815 471472.0171029081 -2461481.261302476 -999046.5335289338 -2175726.504898684 976940.9113968647 -2747779.312742395 1602179.1582598363 1631772.6757070215 -4252462.665537238 -3726059.283886162 -362218.83210688207 -1188872.908478842 813879.0175126091 -1584327.3764284174 617220.4728859583 1883663.2314682724 30935.76623138575 -456621.4479798922 -20204.373951731246 3088527.3225741955 -1264011.3276440722 387087.4859023119 -810782.4572645397 2413394.3665583315 -2446193.2380022057 281052.625735308 -1384205.515026794 379141.81458778214 -3227298.8041261607 -1560837.912571262 -984524.3980779585 -402790.3366968535 34592202.265267916 -383603.34546458174 -156911.84102164654
624657.1783166218 -612138.532588538 705036.6389154943 2377224.373852751 -885217.118773652 599722.4603380959 2177169.025472766 3486328.6608307217 1575590.7096194206 -1817643.5298740026 870847.3718433942 -263743.9141042324 -1565732.3352749257 -2725487.4207477216 -878213.4407598458 -661094.1180216422 -238812.69383795647 -1778700.1256977273 -2399793.997474883 -413977.4900474503 833658.6606927991 2972373.1225578324 -98168.87742553756 -1360486.067918665 -614367.0883275387 143795.19402508604 -2193124.6028530644 -111172.33800493006 175833.10791134325 1242838.2726821725 -1465467.466213393 1520421.8114928612 -703200.9292451342 473800.86249553825 -2584355.3536590296 -383603.34546458174 36038892.14748876 209030.6739778115
-1613920.5549341014 -1347187.713610805 -251427.9696916027 -466101.35119776777 -1122535.7243383175 -1326946.65607967 1072768.2597878585 -301108.609109261 -279269.88664000295 1141259.057501442 -1135127.0151615336 -2269619.015813817 -778968.8917742777 2178812.380964233 2036367.8230517518 -1050892.2871022844 659498.588039277 -388452.5380289239 -169752.56033939 3008773.2001497177 4354312.468817379 -1694928.3406605937 2580281.307768317 798531.2427302285 -1241273.3921708723 600559.7129376715 258016.56145239522 2550001.1323045674 -2035815.687869762 -1394066.231244745 -3474185.7685773973 3916859.3139213477 -1692972.1623934386 -702169.6963492761 954571.1180330255 -156911.84102164654 209030.6739778115 33252253.122897252
